__source__,__tag__:__pack_id__,__time__,__topic__,activeInstances,activeInstancesPerFunction,coldStartLatencyMs,coldStartStartTimestamp,durationMs,functionName,hasFunctionError,hostname,instanceEvent,instanceID,invocationStartTimestamp,invocationType,invokeFunctionLatencyMs,invokeFunctionStartTimestamp,ipAddress,isColdStart,memoryMB,memoryUsageMB,operation,prepareCodeLatencyMs,prepareCodeStartTimestamp,qualifier,requestId,resourceMode,runtimeInitializationMs,runtimeInitializationStartTimestamp,scheduleLatencyMs,versionId
,8D8C440FC3E34DBB9F1F04BB26D5634E-4,1762586008,FCRequestMetrics:/n-matmul-128,14,14,3803.07,1762585989266,15385.00,n-matmul-128,false,524d7b1ff122,ColdStart,c-690eed85-0cf1abd9-5f56757a5335,1762585993073,Sync,23020.86,1762585985438,21.0.3.9,true,128,24.77,InvokeFunction,42.32,1762585989266,LATEST,1-690eed85-0c49fa-8d40f102537e,OnDemand,3760.59,1762585989308,3827.46,
,91991638294952C1215BFC323DBD0655-3,1762586008,FCRequestMetrics:/n-matmul-128,0,0,1692.81,1762585987321,19390.16,n-matmul-128,false,5abe5fd26a6c,ColdStart,c-690eed83-0cf1abd9-74cc7252fb9e,1762585989016,Sync,23058.73,1762585985370,21.0.3.8,true,128,78.47,InvokeFunction,42.62,1762585987321,LATEST,1-690eed83-0c0a43-0fd8dc1a72fc,OnDemand,1649.37,1762585987364,1951.04,
,7B54E33FC4EF59F9EB611D0DD33DB1AD-5,1762586008,FCRequestMetrics:/n-matmul-128,0,0,1701.94,1762585987321,19617.51,n-matmul-128,false,57decdb25f9e,ColdStart,c-690eed83-0cf1abd9-0a57e9e3d12f,1762585989026,Sync,23293.85,1762585985355,21.0.3.9,true,128,26.71,InvokeFunction,46.30,1762585987321,LATEST,1-690eed83-0c49fa-94cb4a29a6d9,OnDemand,1654.95,1762585987368,1965.19,
,8A7394BA0F304A206770530C84EA6636-4,1762586009,FCRequestMetrics:/n-matmul-128,2,2,2634.92,1762585987321,19180.65,n-matmul-128,false,279fa08dbc62,ColdStart,c-690eed83-0cf1abd9-0a463df434e5,1762585989958,Sync,24716.57,1762585984423,21.0.3.10,true,128,22.11,InvokeFunction,51.27,1762585987321,LATEST,1-690eed83-0c49fa-984c0cb07a46,OnDemand,2583.05,1762585987373,2897.95,
,A171915879D3F1B14205997D3FDFD4B3-4,1762586009,FCRequestMetrics:/n-matmul-128,4,4,3076.69,1762585987976,18711.25,n-matmul-128,false,eaf76bc529c5,ColdStart,c-690eed83-0cf1abd9-30e9bae7a4cf,1762585991054,Sync,24873.13,1762585984897,21.0.3.11,true,128,24.32,InvokeFunction,2.90,1762585987976,LATEST,1-690eed83-0c0a43-9785bbafb51b,OnDemand,3073.58,1762585987979,3079.20,
,4A03F83F646B3D7AC82B0CB38EE7F6F6-4,1762586009,FCRequestMetrics:/n-matmul-128,6,6,2167.56,1762585988969,18663.65,n-matmul-128,false,d4ea97bb496c,ColdStart,c-690eed84-0cf1abd9-bf53a1f50706,1762585991139,Sync,23007.42,1762585986797,21.0.3.9,true,128,31.35,InvokeFunction,17.98,1762585988969,LATEST,1-690eed84-0c0a43-9aa93a6ad269,OnDemand,2149.46,1762585988987,2171.59,
,92F96CFC59521BF63B429A4C99FA99CB-4,1762586009,FCRequestMetrics:/n-matmul-128,14,14,3864.80,1762585989265,16777.00,n-matmul-128,false,b73e8dfdb3e1,ColdStart,c-690eed85-0cf1abd9-c0e8aad62b67,1762585993133,Sync,24536.70,1762585985378,21.0.3.10,true,128,22.09,InvokeFunction,42.82,1762585989266,LATEST,1-690eed85-0c49fa-655ca9664dc9,OnDemand,3821.41,1762585989309,3887.14,
,4D0C87630DE75182644B9E4D5295586B-4,1762586009,FCRequestMetrics:/n-matmul-128,23,23,4747.47,1762585989265,15952.95,n-matmul-128,false,ce613473cf37,ColdStart,c-690eed85-0cf1abd9-2f0a1317ca81,1762585994021,Sync,25488.09,1762585984492,21.0.3.11,true,128,22.36,InvokeFunction,51.90,1762585989266,LATEST,1-690eed85-0c49fa-ae847db79db8,OnDemand,4694.62,1762585989318,4773.14,
,25B8386746C0843F68CE6F453C7A50B6-3,1762586010,FCRequestMetrics:/n-matmul-128,3,3,1001.23,1762585990019,19347.82,n-matmul-128,false,28749e3c833e,ColdStart,c-690eed86-0cf1abd9-5fc5a1c95081,1762585991023,Sync,21374.05,1762585988998,21.0.3.8,true,128,78.05,InvokeFunction,12.87,1762585990020,LATEST,1-690eed86-0c0a43-f7faa8a50e89,OnDemand,987.76,1762585990033,1020.76,
,E70120467209C5072F9BAC96939FF425-4,1762586010,FCRequestMetrics:/n-matmul-128,11,11,3743.44,1762585989266,17178.63,n-matmul-128,false,57a49bda52a7,ColdStart,c-690eed85-0cf1abd9-89090d6612f0,1762585993011,Sync,24697.04,1762585985494,21.0.3.8,true,128,78.11,InvokeFunction,46.89,1762585989266,LATEST,1-690eed85-0c0a43-d8cbe1bff0e0,OnDemand,3695.93,1762585989313,3771.85,
,41C8E8C026B88A3FDC7027A22DD65441-4,1762586010,FCRequestMetrics:/n-matmul-128,22,22,4277.56,1762585989265,16922.98,n-matmul-128,false,0e85519b1ae8,ColdStart,c-690eed85-0cf1abd9-a830e80c9d58,1762585993548,Sync,25515.63,1762585984960,21.0.3.12,true,128,22.51,InvokeFunction,45.08,1762585989266,LATEST,1-690eed85-0c0a43-10be095beb18,OnDemand,4231.43,1762585989311,4304.92,
,8AE5E5DD376D8B6BBC87B2F900A287DB-4,1762586010,FCRequestMetrics:/n-matmul-128,24,24,4407.17,1762585989912,15864.01,n-matmul-128,false,7a13a20b921a,ColdStart,c-690eed85-0cf1abd9-64d3ea47bde3,1762585994323,Sync,24688.49,1762585985499,21.0.3.13,true,128,24.32,InvokeFunction,4.35,1762585989912,LATEST,1-690eed85-0c49fa-36ceb245f49f,OnDemand,4402.66,1762585989916,4412.47,
,6FC75B3DB8851234D07B138AD96FC0A5-4,1762586010,FCRequestMetrics:/n-matmul-128,7,7,2229.49,1762585989005,19543.04,n-matmul-128,false,6b4a94db578b,ColdStart,c-690eed84-0cf1abd9-be1633f0d0dd,1762585991237,Sync,24032.02,1762585986759,21.0.3.8,true,128,69.51,InvokeFunction,1.80,1762585989005,LATEST,1-690eed84-0c0a43-2a2ea8a420c3,OnDemand,2227.60,1762585989006,2245.40,
,CACC3D6F9C6A2945DEADA5EDA3A09538-4,1762586010,FCRequestMetrics:/n-matmul-128,4,4,3122.86,1762585988006,19624.04,n-matmul-128,false,d4758414a170,ColdStart,c-690eed83-0cf1abd9-8480035f250f,1762585991134,Sync,25884.73,1762585984874,21.0.3.12,true,128,24.78,InvokeFunction,33.16,1762585988006,LATEST,1-690eed83-0c0a43-df7e2bdb973a,OnDemand,3089.58,1762585988040,3131.86,
,DAE6BAF353C38FA45B5DF9AF0F86D659-4,1762586011,FCRequestMetrics:/n-matmul-128,9,9,4170.27,1762585987983,19048.16,n-matmul-128,false,19a08086dcd9,ColdStart,c-690eed83-0cf1abd9-9b3fcb822613,1762585992158,Sync,27406.59,1762585983810,21.0.3.13,true,128,22.32,InvokeFunction,8.27,1762585987983,LATEST,1-690eed83-0c0a43-ed1f2c75a352,OnDemand,4161.75,1762585987991,4172.60,
,1FD15FF44979A6A17B0CFCEC15F6978B-4,1762586011,FCRequestMetrics:/n-matmul-128,10,10,3353.57,1762585988997,19003.10,n-matmul-128,false,8f75766f976d,ColdStart,c-690eed84-0cf1abd9-3527f81881d1,1762585992352,Sync,25721.45,1762585985635,21.0.3.10,true,128,26.35,InvokeFunction,7.50,1762585988997,LATEST,1-690eed84-0c0a43-045fa5d5b137,OnDemand,3346.01,1762585989004,3362.09,
,CEBE4DE47CD58B3FB8C58509A1292CE6-3,1762586011,FCRequestMetrics:/n-matmul-128,36,36,5473.67,1762585989966,16202.38,n-matmul-128,false,f06ea0952339,ColdStart,c-690eed85-0cf1abd9-158fa1fe0ffd,1762585995446,Sync,27160.57,1762585984490,21.0.3.14,true,128,22.56,InvokeFunction,2.26,1762585989967,LATEST,1-690eed85-0c49fa-bc5c6d905a22,OnDemand,5470.68,1762585989969,5476.23,
,A9D18AD4109C30D5E34A6CADD737B686-4,1762586011,FCRequestMetrics:/n-matmul-128,32,32,5377.98,1762585989902,16223.89,n-matmul-128,false,07c49809bd2c,ColdStart,c-690eed85-0cf1abd9-a441473e8758,1762585995282,Sync,26993.94,1762585984521,21.0.3.16,true,128,24.83,InvokeFunction,3.54,1762585989902,LATEST,1-690eed85-0c0a43-4d12c7eced08,OnDemand,5374.28,1762585989905,5380.70,
,BB4ED00B22F6D0F50600682ABF2615D9-4,1762586011,FCRequestMetrics:/n-matmul-128,36,36,5551.16,1762585989903,15514.21,n-matmul-128,false,b56edd595e8c,ColdStart,c-690eed85-0cf1abd9-7e6421936614,1762585995456,Sync,26658.84,1762585984348,21.0.3.15,true,128,21.72,InvokeFunction,5.56,1762585989903,LATEST,1-690eed85-0c49fa-6ec7a72c4e0f,OnDemand,5545.45,1762585989908,5554.68,
,7EE08DA56FC077A8FBD356D2C6053F3C-4,1762586012,FCRequestMetrics:/n-matmul-128,14,14,2442.30,1762585990617,19120.61,n-matmul-128,false,88bd901e69d9,ColdStart,c-690eed86-0cf1abd9-2ed67a1a0815,1762585993062,Sync,24011.35,1762585988172,21.0.3.11,true,128,24.28,InvokeFunction,9.34,1762585990617,LATEST,1-690eed86-0c49fa-8e81a1642171,OnDemand,2432.77,1762585990626,2445.02,
,5A317EA240DC46C4E15B8D2E97337C21-4,1762586012,FCRequestMetrics:/n-matmul-128,17,17,2532.67,1762585990616,19051.73,n-matmul-128,false,b656f39d8746,ColdStart,c-690eed86-0cf1abd9-84d2db55a180,1762585993151,Sync,24129.39,1762585988079,21.0.3.10,true,128,22.10,InvokeFunction,28.72,1762585990616,LATEST,1-690eed86-0c0a43-6c5828b08f7e,OnDemand,2503.79,1762585990645,2537.46,
,58100D8F3876904D781824C152698572-4,1762586012,FCRequestMetrics:/n-matmul-128,18,18,5266.09,1762585988003,18830.05,n-matmul-128,false,59ce8020a236,ColdStart,c-690eed84-0cf1abd9-0fe3463f746c,1762585993272,Sync,29375.72,1762585982733,21.0.3.23,true,128,22.27,InvokeFunction,32.32,1762585988003,LATEST,1-690eed84-0c49fa-46e008f7aed8,OnDemand,5233.67,1762585988035,5270.23,
,3DBC61790B9142DDBEDCD6134BB09E3F-4,1762586012,FCRequestMetrics:/n-matmul-128,18,18,4357.63,1762585988956,18956.42,n-matmul-128,false,a28f13fec6d7,ColdStart,c-690eed84-0cf1abd9-47616b0fcd20,1762585993318,Sync,27708.73,1762585984578,21.0.3.12,true,128,24.84,InvokeFunction,15.92,1762585988957,LATEST,1-690eed84-0c49fa-9a6159d6e307,OnDemand,4341.07,1762585988972,4377.93,
,00F741ED552D957855AA9DEA31925A77-4,1762586012,FCRequestMetrics:/n-matmul-128,35,35,5424.24,1762585989997,16865.99,n-matmul-128,false,478f63eb8cbf,ColdStart,c-690eed85-0cf1abd9-026f6407b0f7,1762585995425,Sync,27744.04,1762585984554,21.0.3.17,true,128,22.46,InvokeFunction,9.82,1762585989998,LATEST,1-690eed85-0c49fa-614a5e1a91f8,OnDemand,5414.31,1762585990007,5443.15,
,283F17FB9C9798583A913C144D41C342-4,1762586012,FCRequestMetrics:/n-matmul-128,8,8,1496.60,1762585990611,20234.88,n-matmul-128,false,4703378e3174,ColdStart,c-690eed86-0cf1abd9-4e796d80ba23,1762585992115,Sync,23243.41,1762585989107,21.0.3.9,true,128,22.29,InvokeFunction,2.08,1762585990611,LATEST,1-690eed86-0c49fa-b26876cc6772,OnDemand,1494.35,1762585990613,1503.77,
,4CE5B21E168E3B127D0FE1A088B9BCD9-4,1762586012,FCRequestMetrics:/n-matmul-128,11,11,4957.48,1762585988008,19314.40,n-matmul-128,false,6c05632c40b6,ColdStart,c-690eed84-0cf1abd9-2ca190cf5bc8,1762585992971,Sync,29243.43,1762585983046,21.0.3.19,true,128,21.79,InvokeFunction,37.52,1762585988008,LATEST,1-690eed84-0c49fa-e485f3fadf96,OnDemand,4919.87,1762585988046,4961.68,
,E94FAD7DFC0D7C430A1E1579F49C2CB6-4,1762586012,FCRequestMetrics:/n-matmul-128,20,20,2816.04,1762585990652,19511.38,n-matmul-128,false,357862df7f73,ColdStart,c-690eed86-0cf1abd9-f59485cce75a,1762585993471,Sync,25156.95,1762585987827,21.0.3.12,true,128,24.72,InvokeFunction,10.10,1762585990652,LATEST,1-690eed86-0c49fa-ad445370e110,OnDemand,2805.81,1762585990662,2824.66,
,C89BB40F9F2CADB4731EC7F783EB66CB-4,1762586013,FCRequestMetrics:/n-matmul-128,32,32,7308.92,1762585987986,18532.37,n-matmul-128,false,bdcfaeabdc01,ColdStart,c-690eed83-0cf1abd9-c120bfdd5d8b,1762585995297,Sync,33156.42,1762585980674,21.0.3.16,true,128,22.52,InvokeFunction,11.04,1762585987986,LATEST,1-690eed83-0c49fa-c1a122979a6e,OnDemand,7297.75,1762585987997,7311.44,
,80B2B247C9D9AF2A95FDD34F1640050C-4,1762586013,FCRequestMetrics:/n-matmul-128,31,31,6053.00,1762585988995,18914.80,n-matmul-128,false,ce4127663c28,ColdStart,c-690eed84-0cf1abd9-d4909224eec1,1762585995051,Sync,31052.54,1762585982924,21.0.3.13,true,128,24.05,InvokeFunction,28.20,1762585988995,LATEST,1-690eed84-0c49fa-04d47a83d281,OnDemand,6024.71,1762585989023,6071.61,
,54A8EF52FEEB808422ACE2DD57D8BC40-4,1762586013,FCRequestMetrics:/n-matmul-128,51,51,6868.22,1762585989998,16351.13,n-matmul-128,false,8ea75ea0c289,ColdStart,c-690eed85-0cf1abd9-e9c69a3d7dd0,1762585996870,Sync,30111.42,1762585983127,21.0.3.18,true,128,22.24,InvokeFunction,10.10,1762585989999,LATEST,1-690eed85-0c49fa-f06ea9db4532,OnDemand,6857.45,1762585990009,6871.40,
,53490AF45D0CAE7E1F17D51FAE4D1EBC-4,1762586013,FCRequestMetrics:/n-matmul-128,56,56,7305.57,1762585990004,15828.99,n-matmul-128,false,7a0078b53609,ColdStart,c-690eed85-0cf1abd9-fb724a08a16a,1762585997312,Sync,30466.62,1762585982675,21.0.3.20,true,128,22.38,InvokeFunction,14.98,1762585990004,LATEST,1-690eed85-0c0a43-e8d4069763a3,OnDemand,7290.50,1762585990019,7328.36,
,854208CFC0E05FFDDD72E5ADF6DFFFF4-4,1762586013,FCRequestMetrics:/n-matmul-128,58,58,7556.19,1762585989976,16083.53,n-matmul-128,false,6fbf459d1081,ColdStart,c-690eed85-0cf1abd9-ab34e7bc676a,1762585997535,Sync,31208.80,1762585982411,21.0.3.22,true,128,22.10,InvokeFunction,23.91,1762585989977,LATEST,1-690eed85-0c49fa-0b009afe74b8,OnDemand,7531.74,1762585990001,7565.54,
,E98F2BCF2DED1F74ED59CCC9A89D0D4B-4,1762586013,FCRequestMetrics:/n-matmul-128,69,69,7924.84,1762585990003,15664.97,n-matmul-128,false,8faa2a99de85,ColdStart,c-690eed86-0cf1abd9-d8df9633eb55,1762585997974,Sync,31598.27,1762585982052,21.0.3.21,true,128,22.38,InvokeFunction,10.98,1762585990003,LATEST,1-690eed85-0c49fa-5084bec8dc20,OnDemand,7913.76,1762585990014,7951.65,
,58CCD2DE8E2B0B4D1F6EB957F7930236-4,1762586013,FCRequestMetrics:/n-matmul-128,62,62,7816.79,1762585989996,15213.87,n-matmul-128,false,6736357c0448,ColdStart,c-690eed85-0cf1abd9-39066bb81db1,1762585997872,Sync,30951.51,1762585982147,21.0.3.25,true,128,22.02,InvokeFunction,16.78,1762585989996,LATEST,1-690eed85-0c0a43-6c8682dd6d8c,OnDemand,7799.89,1762585990013,7848.44,
,E3A10F33112D22B99CDFAE6B3DA5F427-4,1762586013,FCRequestMetrics:/n-matmul-128,62,62,7799.13,1762585990000,15882.50,n-matmul-128,false,7c04ccbbdae4,ColdStart,c-690eed85-0cf1abd9-4dc3fba76450,1762585997883,Sync,31591.01,1762585982183,21.0.3.23,true,128,22.35,InvokeFunction,11.25,1762585990000,LATEST,1-690eed85-0c0a43-3d03fcf15785,OnDemand,7787.76,1762585990011,7816.73,
,CFF6118976523AD8F98948CDFB5A2CFF-3,1762586013,FCRequestMetrics:/n-matmul-128,64,64,7924.85,1762585989972,15860.52,n-matmul-128,false,0fc3660777ab,ColdStart,c-690eed85-0cf1abd9-4b579c30d7a8,1762585997950,Sync,31804.51,1762585982013,21.0.3.19,true,128,24.68,InvokeFunction,26.16,1762585989972,LATEST,1-690eed85-0c0a43-5e97a83f0a98,OnDemand,7898.57,1762585989998,7958.43,
,1E5A568CAB040985CEDDB2A885818A73-4,1762586013,FCRequestMetrics:/n-matmul-128,64,64,7904.38,1762585989973,15484.30,n-matmul-128,false,9b8c773cba2a,ColdStart,c-690eed85-0cf1abd9-1ba29434816d,1762585997920,Sync,31359.21,1762585982050,21.0.3.26,true,128,22.26,InvokeFunction,12.70,1762585989974,LATEST,1-690eed85-0c49fa-04bcad1b902d,OnDemand,7890.93,1762585989987,7923.87,
,609BB87232F313E7E1EE3C8255B3B0B3-4,1762586013,FCRequestMetrics:/n-matmul-128,64,64,7897.87,1762585989992,15481.46,n-matmul-128,false,3722a439771f,ColdStart,c-690eed85-0cf1abd9-2c911ea6008b,1762585997903,Sync,31308.79,1762585982082,21.0.3.24,true,128,22.27,InvokeFunction,8.72,1762585989992,LATEST,1-690eed85-0c49fa-f593102f50d2,OnDemand,7889.02,1762585990001,7909.60,
,849194F1147E7DC7497DCF82D54F9C08-3,1762586013,FCRequestMetrics:/n-matmul-128,11,11,4019.93,1762585988969,20060.98,n-matmul-128,false,f70324bffef3,ColdStart,c-690eed84-0cf1abd9-74ad9309d09c,1762585992992,Sync,28109.98,1762585984944,21.0.3.11,true,128,22.29,InvokeFunction,25.68,1762585988969,LATEST,1-690eed84-0c0a43-1cbb080d9432,OnDemand,3994.17,1762585988995,4025.41,
,B09D02D2736E63D8D189EBC1852D5FE0-5,1762586013,FCRequestMetrics:/n-matmul-128,20,20,2852.48,1762585990649,19871.06,n-matmul-128,false,d93ff50fc499,ColdStart,c-690eed86-0cf1abd9-16756c022540,1762585993504,Sync,25583.58,1762585987792,21.0.3.14,true,128,22.22,InvokeFunction,4.99,1762585990649,LATEST,1-690eed86-0c0a43-2148f7cb32c0,OnDemand,2847.34,1762585990654,2857.26,
,E83713E0537D2729383D69DFF4C2841B-4,1762586013,FCRequestMetrics:/n-matmul-128,24,24,3678.06,1762585990626,19175.53,n-matmul-128,false,1e9a879a9ce3,ColdStart,c-690eed86-0cf1abd9-bf3f65b56cbd,1762585994310,Sync,26572.09,1762585986938,21.0.3.15,true,128,22.29,InvokeFunction,16.78,1762585990626,LATEST,1-690eed86-0c49fa-282006bc4b10,OnDemand,3660.91,1762585990643,3688.17,
,FD3DA8D46D8EFE79129F6DB831E2D004-4,1762586013,FCRequestMetrics:/n-matmul-128,24,24,2650.66,1762585991601,19095.18,n-matmul-128,false,c5d7c67d012d,ColdStart,c-690eed87-0cf1abd9-168efb1ce039,1762585994254,Sync,24409.69,1762585988947,21.0.3.16,true,128,21.82,InvokeFunction,3.93,1762585991601,LATEST,1-690eed87-0c49fa-b08f56d3e648,OnDemand,2646.59,1762585991605,2654.34,
,B7D4D1DD2FC40780773A1A71845C5151-5,1762586013,FCRequestMetrics:/n-matmul-128,24,24,5318.06,1762585988988,19365.00,n-matmul-128,false,767418f36457,ColdStart,c-690eed84-0cf1abd9-5d4c970df804,1762585994314,Sync,30018.70,1762585983661,21.0.3.14,true,128,24.41,InvokeFunction,21.89,1762585988988,LATEST,1-690eed84-0c49fa-108607cea4ae,OnDemand,5296.06,1762585989010,5326.73,
,5C14CF48C5C22527111DB496942DC103-4,1762586013,FCRequestMetrics:/n-matmul-128,24,24,5293.68,1762585989001,19481.34,n-matmul-128,false,07dabc2bb605,ColdStart,c-690eed84-0cf1abd9-5a2627b82825,1762585994300,Sync,30103.75,1762585983683,21.0.3.15,true,128,24.34,InvokeFunction,33.08,1762585989001,LATEST,1-690eed84-0c49fa-ab47391fb0cf,OnDemand,5260.51,1762585989034,5318.14,
,04AD457B2A4E5603A91424FD74D7D0F7-4,1762586014,FCRequestMetrics:/n-matmul-128,36,36,7526.21,1762585987995,18487.48,n-matmul-128,false,c0065d925c86,ColdStart,c-690eed83-0cf1abd9-e451cdc04672,1762585995523,Sync,33550.90,1762585980463,21.0.3.14,true,128,24.03,InvokeFunction,16.45,1762585987995,LATEST,1-690eed83-0c49fa-e3c41367337d,OnDemand,7509.56,1762585988012,7532.51,
,4AAB0B06936D72C3AF0ED63C41634FCE-4,1762586014,FCRequestMetrics:/n-matmul-128,40,40,2488.73,1762585993557,18909.91,n-matmul-128,false,d7d879e92610,ColdStart,c-690eed89-0cf1abd9-cbae37f356f4,1762585996048,Sync,23907.98,1762585991066,21.0.3.17,true,128,22.30,InvokeFunction,2.59,1762585993557,LATEST,1-690eed89-0c0a43-9142cc385e98,OnDemand,2486.03,1762585993560,2491.08,
,C1412826A6236A7731C90A92F9B4B0CE-4,1762586014,FCRequestMetrics:/n-matmul-128,42,42,8181.53,1762585987988,18615.98,n-matmul-128,false,44ace84c5429,ColdStart,c-690eed83-0cf1abd9-ef3a29fe5f2e,1762585996172,Sync,34988.36,1762585979802,21.0.3.22,true,128,27.73,InvokeFunction,19.29,1762585987988,LATEST,1-690eed83-0c0a43-e8c2782e7c68,OnDemand,8162.11,1762585988007,8185.73,
,1715E5CEAB8367704C4CBAEA4FB2B3A5-4,1762586014,FCRequestMetrics:/n-matmul-128,42,42,8196.76,1762585987996,18693.24,n-matmul-128,false,d9e930eac608,ColdStart,c-690eed83-0cf1abd9-acea5d3aee77,1762585996195,Sync,35100.82,1762585979794,21.0.3.24,true,128,22.31,InvokeFunction,34.55,1762585987996,LATEST,1-690eed83-0c49fa-3d47c874c2d6,OnDemand,8162.11,1762585988031,8202.63,
,13CEFE53DDF944F177E0AA28B5E28265-4,1762586014,FCRequestMetrics:/n-matmul-128,46,46,8588.43,1762585988009,18189.47,n-matmul-128,false,feed6d3496d7,ColdStart,c-690eed84-0cf1abd9-08aca33fd588,1762585996599,Sync,35383.35,1762585979413,21.0.3.20,true,128,22.18,InvokeFunction,40.12,1762585988009,LATEST,1-690eed84-0c0a43-1864c315fa4e,OnDemand,8548.20,1762585988049,8595.34,
,ECE2A195B7556DEA0917BC84976EED68-4,1762586014,FCRequestMetrics:/n-matmul-128,72,72,8058.95,1762585989993,15986.80,n-matmul-128,false,f7238f4600dd,ColdStart,c-690eed85-0cf1abd9-5f1a2196a420,1762585998054,Sync,32126.90,1762585981916,21.0.3.27,true,128,22.45,InvokeFunction,8.41,1762585989994,LATEST,1-690eed85-0c0a43-cf9a4037ef3b,OnDemand,8050.42,1762585990002,8077.94,
,BC7D406DCB03E5F0740A7972675CF2F0-4,1762586014,FCRequestMetrics:/n-matmul-128,24,24,3620.09,1762585990628,20029.91,n-matmul-128,false,fec3919de42b,ColdStart,c-690eed86-0cf1abd9-a3cf507306a7,1762585994252,Sync,27278.16,1762585987005,21.0.3.13,true,128,22.30,InvokeFunction,8.65,1762585990628,LATEST,1-690eed86-0c0a43-a71be11e2a82,OnDemand,3611.33,1762585990636,3622.79,
,601984C4C767B3AE29155A0CBC717A02-3,1762586014,FCRequestMetrics:/n-matmul-128,30,30,5583.64,1762585989013,19394.29,n-matmul-128,false,18fcdff65652,ColdStart,c-690eed84-0cf1abd9-c1ce786e1019,1762585994602,Sync,30593.45,1762585983406,21.0.3.16,true,128,24.02,InvokeFunction,2.54,1762585989013,LATEST,1-690eed84-0c0a43-ac8d55ca6ea8,OnDemand,5580.99,1762585989016,5606.91,
,DC13127C12C05FE53A3C463F46560AE2-4,1762586014,FCRequestMetrics:/n-matmul-128,32,32,7337.62,1762585987982,18887.57,n-matmul-128,false,23c185050e4f,ColdStart,c-690eed83-0cf1abd9-42d2bc137d48,1762585995323,Sync,33572.87,1762585980639,21.0.3.15,true,128,22.27,InvokeFunction,2.15,1762585987982,LATEST,1-690eed83-0c49fa-5c3e26701c5d,OnDemand,7335.29,1762585987984,7342.60,
,F4DFF4453A1625B22DE49E6316B744E7-3,1762586015,FCRequestMetrics:/n-matmul-128,54,54,8135.58,1762585989007,18096.11,n-matmul-128,false,5ccd9a18e737,ColdStart,c-690eed84-0cf1abd9-b1659118d275,1762585997144,Sync,34387.65,1762585980854,21.0.3.19,true,128,22.00,InvokeFunction,14.64,1762585989007,LATEST,1-690eed84-0c0a43-3dc2da7310f7,OnDemand,8120.80,1762585989022,8152.71,
,7FCCE5A256910B58B56BBA3543AFB14E-4,1762586015,FCRequestMetrics:/n-matmul-128,54,54,8174.04,1762585989001,18013.20,n-matmul-128,false,c5e4309ab4db,ColdStart,c-690eed84-0cf1abd9-b684d4f05063,1762585997177,Sync,34401.18,1762585980803,21.0.3.17,true,128,22.31,InvokeFunction,17.00,1762585989001,LATEST,1-690eed84-0c49fa-d6282ff3f89a,OnDemand,8156.95,1762585989018,8197.51,
,D3A5ACAA170AA2F73392865F0C2D539D-4,1762586015,FCRequestMetrics:/n-matmul-128,57,57,8368.73,1762585989010,18397.01,n-matmul-128,false,6c683a9ba932,ColdStart,c-690eed84-0cf1abd9-d44cbd427b7e,1762585997381,Sync,35171.65,1762585980621,21.0.3.24,true,128,24.38,InvokeFunction,2.46,1762585989010,LATEST,1-690eed84-0c0a43-e37c3209391a,OnDemand,8366.18,1762585989013,8389.14,
,CD41B0AD1C8EC375FCF48EF027FC064B-4,1762586015,FCRequestMetrics:/n-matmul-128,74,74,1473.99,1762585997652,16536.51,n-matmul-128,false,83be9297cbaa,ColdStart,c-690eed8d-0cf1abd9-ab9c8f59b975,1762585999129,Sync,19492.52,1762585996175,21.0.3.8,true,128,78.63,InvokeFunction,49.80,1762585997652,LATEST,1-690eed8d-0c0a43-7350c7900b90,OnDemand,1424.10,1762585997702,1477.40,
,B2D9766D97B902C7A31498DC152CD74A-4,1762586015,FCRequestMetrics:/n-matmul-128,39,39,7604.01,1762585988128,19791.39,n-matmul-128,false,efd1785218e5,ColdStart,c-690eed84-0cf1abd9-6314f848c25e,1762585995734,Sync,35005.27,1762585980521,21.0.3.18,true,128,24.63,InvokeFunction,2.33,1762585988128,LATEST,1-690eed84-0c49fa-5eb823922882,OnDemand,7601.55,1762585988130,7607.00,
,EB162AD5CEDC859E0500DC7BBAC4AEA6-4,1762586015,FCRequestMetrics:/n-matmul-128,46,46,7685.62,1762585988924,18442.24,n-matmul-128,false,01cff2362e74,ColdStart,c-690eed84-0cf1abd9-71a3383f4ef8,1762585996611,Sync,33821.99,1762585981235,21.0.3.26,true,128,22.64,InvokeFunction,8.70,1762585988924,LATEST,1-690eed84-0c0a43-4ab8dd027ec2,OnDemand,7676.78,1762585988932,7688.28,
,4DF5713F052ED08D8FF3A9FDE56D7F83-4,1762586015,FCRequestMetrics:/n-matmul-128,46,46,8563.31,1762585987996,18977.62,n-matmul-128,false,be9fec8342f8,ColdStart,c-690eed83-0cf1abd9-b75a5db2845a,1762585996561,Sync,36126.93,1762585979425,21.0.3.21,true,128,24.45,InvokeFunction,26.73,1762585987996,LATEST,1-690eed83-0c0a43-1764d4c770ed,OnDemand,8536.48,1762585988023,8571.00,
,DB24A72FC77702D7D653E666A3F5E890-4,1762586015,FCRequestMetrics:/n-matmul-128,46,46,8636.17,1762585987989,18795.98,n-matmul-128,false,b1264e2772ef,ColdStart,c-690eed83-0cf1abd9-7df724ab21a7,1762585996627,Sync,36094.37,1762585979350,21.0.3.17,true,128,24.46,InvokeFunction,23.54,1762585987989,LATEST,1-690eed83-0c49fa-ae54df4f9ff1,OnDemand,8612.50,1762585988012,8638.67,
,4144839320AC12CCDB04B923E734740F-4,1762586015,FCRequestMetrics:/n-matmul-128,45,45,7848.82,1762585988622,18603.55,n-matmul-128,false,f2237be86146,ColdStart,c-690eed84-0cf1abd9-d791d9e182fe,1762585996475,Sync,34309.73,1762585980771,21.0.3.25,true,128,24.29,InvokeFunction,6.44,1762585988623,LATEST,1-690eed84-0c0a43-2cf6d6115483,OnDemand,7842.22,1762585988629,7851.49,
,0DE5178D46C5303D6977161F8DE7542A-4,1762586015,FCRequestMetrics:/n-matmul-128,42,42,7250.51,1762585988924,19111.68,n-matmul-128,false,38bd945bd6ee,ColdStart,c-690eed84-0cf1abd9-eaac368eb58c,1762585996177,Sync,33626.79,1762585981671,21.0.3.27,true,128,22.27,InvokeFunction,3.11,1762585988925,LATEST,1-690eed84-0c0a43-ffc77d16079f,OnDemand,7247.28,1762585988928,7252.98,
,946B81964C060862F0648B190BC052AB-4,1762586015,FCRequestMetrics:/n-matmul-128,40,40,2507.79,1762585993556,19836.86,n-matmul-128,false,34c40a6c9520,ColdStart,c-690eed89-0cf1abd9-1687528dc8c2,1762585996069,Sync,24861.63,1762585991045,21.0.3.18,true,128,22.59,InvokeFunction,14.59,1762585993556,LATEST,1-690eed89-0c49fa-eea3722c45af,OnDemand,2493.04,1762585993571,2511.13,
,530FE0259011E1488EC5E3B38AE725E0-4,1762586016,FCRequestMetrics:/n-matmul-128,72,72,9125.38,1762585988996,18479.27,n-matmul-128,false,84f6be032d7a,ColdStart,c-690eed84-0cf1abd9-3f0610e48d26,1762585998124,Sync,36742.74,1762585979862,21.0.3.22,true,128,22.36,InvokeFunction,38.23,1762585988996,LATEST,1-690eed84-0c0a43-974f87923176,OnDemand,9087.07,1762585989035,9134.32,
,268F3D3C46E38184A5EB5CF616A731E0-3,1762586016,FCRequestMetrics:/n-matmul-128,61,61,8708.60,1762585989022,18260.91,n-matmul-128,false,0833dc1a5c1e,ColdStart,c-690eed84-0cf1abd9-aec18b43eff0,1762585997733,Sync,35732.18,1762585980267,21.0.3.20,true,128,24.21,InvokeFunction,15.48,1762585989022,LATEST,1-690eed84-0c49fa-f563b3d39a65,OnDemand,8693.03,1762585989038,8754.64,
,582B2FD610CE36EC9001D437122DA7DE-4,1762586016,FCRequestMetrics:/n-matmul-128,64,64,8873.72,1762585989015,18181.41,n-matmul-128,false,6d8c2f880a16,ColdStart,c-690eed84-0cf1abd9-51ea92789350,1762585997892,Sync,35975.97,1762585980104,21.0.3.23,true,128,22.29,InvokeFunction,18.09,1762585989015,LATEST,1-690eed84-0c49fa-de8f8601f231,OnDemand,8855.48,1762585989034,8911.17,
,C6D042B3AA8F55B11A4AF85F00682BEA-4,1762586016,FCRequestMetrics:/n-matmul-128,64,64,8839.20,1762585989002,18718.91,n-matmul-128,false,7399f831961f,ColdStart,c-690eed84-0cf1abd9-757f054c6418,1762585997843,Sync,36434.02,1762585980138,21.0.3.26,true,128,22.20,InvokeFunction,20.68,1762585989003,LATEST,1-690eed84-0c49fa-ff58c993b814,OnDemand,8817.89,1762585989024,8864.08,
,3D503442E2C027292A5FED0054EF72C8-3,1762586016,FCRequestMetrics:/n-matmul-128,75,75,1504.97,1762585997640,17403.72,n-matmul-128,false,f832bf8f4093,ColdStart,c-690eed8d-0cf1abd9-03a276b4fee0,1762585999148,Sync,20420.65,1762585996132,21.0.3.8,true,128,78.45,InvokeFunction,66.83,1762585997640,LATEST,1-690eed8d-0c0a43-05ff86d930e2,OnDemand,1438.04,1762585997707,1507.91,
,AD2D061C819899739344C7154478FB9D-5,1762586016,FCRequestMetrics:/n-matmul-128,50,50,3075.36,1762585993569,19902.29,n-matmul-128,false,3e0e6ec3c35c,ColdStart,c-690eed89-0cf1abd9-2892cad8d6af,1762585996646,Sync,26070.26,1762585990481,21.0.3.19,true,128,22.17,InvokeFunction,11.65,1762585993569,LATEST,1-690eed89-0c0a43-c2f4b3ef6898,OnDemand,3063.55,1762585993581,3088.54,
,FE62E48614DA949DAF3789D4806A512D-4,1762586016,FCRequestMetrics:/n-matmul-128,52,52,3440.91,1762585993572,19843.74,n-matmul-128,false,4823d83c18dc,ColdStart,c-690eed89-0cf1abd9-5b9582f39990,1762585997015,Sync,26744.79,1762585990116,21.0.3.21,true,128,22.01,InvokeFunction,15.33,1762585993572,LATEST,1-690eed89-0c0a43-36e7928bbc21,OnDemand,3425.43,1762585993587,3455.76,
,B9CC31614084CD73FC6E2CD9504361BE-4,1762586016,FCRequestMetrics:/n-matmul-128,58,58,8590.05,1762585989022,18651.79,n-matmul-128,false,6211d0e2f318,ColdStart,c-690eed84-0cf1abd9-9c5b9e84230e,1762585997615,Sync,35881.46,1762585980386,21.0.3.18,true,128,22.73,InvokeFunction,19.28,1762585989023,LATEST,1-690eed84-0c49fa-065eaabdf7fc,OnDemand,8570.67,1762585989042,8636.27,
,DFB2C1B044EC33FF240D44307D6249FE-3,1762586016,FCRequestMetrics:/n-matmul-128,53,53,3549.86,1762585993570,19687.67,n-matmul-128,false,ecb9a7fba850,ColdStart,c-690eed89-0cf1abd9-8077c2c72a30,1762585997122,Sync,26807.13,1762585990007,21.0.3.20,true,128,22.34,InvokeFunction,17.07,1762585993570,LATEST,1-690eed89-0c49fa-b78bc7432950,OnDemand,3532.48,1762585993587,3563.03,
,198BD0BFC963C7EBC003068011CD263F-5,1762586016,FCRequestMetrics:/n-matmul-128,58,58,8577.41,1762585988994,18785.13,n-matmul-128,false,f2fc65392c05,ColdStart,c-690eed84-0cf1abd9-020573621d1e,1762585997574,Sync,35993.21,1762585980398,21.0.3.27,true,128,22.34,InvokeFunction,47.04,1762585988995,LATEST,1-690eed84-0c49fa-12197ede04d1,OnDemand,8530.26,1762585989042,8596.39,
,0D0B5399E6C73F2546BD22845DA04E21-4,1762586016,FCRequestMetrics:/n-matmul-128,69,69,8964.15,1762585988995,18979.30,n-matmul-128,false,47a596ce3adb,ColdStart,c-690eed84-0cf1abd9-1234c0f5f235,1762585997961,Sync,36916.94,1762585980027,21.0.3.21,true,128,22.46,InvokeFunction,48.44,1762585988996,LATEST,1-690eed84-0c0a43-3933aa33089b,OnDemand,8915.62,1762585989044,8968.71,
,6C640CB721ED8B0BF85E5FE5C8E7D61E-4,1762586017,FCRequestMetrics:/n-matmul-128,79,79,3512.18,1762585997645,16542.52,n-matmul-128,false,2f5080738346,ColdStart,c-690eed8d-0cf1abd9-670e404d2849,1762586001161,Sync,23581.51,1762585994127,21.0.3.9,true,128,24.22,InvokeFunction,30.91,1762585997647,LATEST,1-690eed8d-0c0a43-605982dd0442,OnDemand,3479.99,1762585997678,3517.91,
,7DD8F4E1BDDE2A8A13DEFA720B6E9373-4,1762586017,FCRequestMetrics:/n-matmul-128,79,79,3524.07,1762585997649,16182.56,n-matmul-128,false,be49f65ae0f9,ColdStart,c-690eed8d-0cf1abd9-053a84de8167,1762586001178,Sync,23239.54,1762585994122,21.0.3.10,true,128,24.74,InvokeFunction,31.13,1762585997650,LATEST,1-690eed8d-0c49fa-0aed741565bc,OnDemand,3492.71,1762585997681,3527.49,
,A8FF43E92F4D978DEA7FF72424BA415A-4,1762586017,FCRequestMetrics:/n-matmul-128,69,69,9016.63,1762585988996,19017.06,n-matmul-128,false,00a0b8d7795c,ColdStart,c-690eed84-0cf1abd9-d5f620461f53,1762585998014,Sync,37087.81,1762585979960,21.0.3.25,true,128,22.37,InvokeFunction,40.18,1762585988996,LATEST,1-690eed84-0c49fa-331ebfd522ca,OnDemand,8976.38,1762585989036,9035.89,
,F2FD34FA9CCCCC3E3DEB26A611CC4213-4,1762586018,FCRequestMetrics:/n-matmul-128,76,76,3361.70,1762585997639,17412.93,n-matmul-128,false,8c49417d6c9f,ColdStart,c-690eed8d-0cf1abd9-6bad1a022802,1762586001008,Sync,24164.27,1762585994273,21.0.3.10,true,128,24.12,InvokeFunction,60.64,1762585997639,LATEST,1-690eed8d-0c49fa-f3e97cf20e78,OnDemand,3300.96,1762585997700,3365.85,
,4EFFDB922E80D88EA45930E5C8CE9097-4,1762586018,FCRequestMetrics:/n-matmul-128,77,77,3493.44,1762585997638,16893.57,n-matmul-128,false,cedb22a6eba0,ColdStart,c-690eed8d-0cf1abd9-8518f5d4a430,1762586001139,Sync,23902.60,1762585994139,21.0.3.13,true,128,22.34,InvokeFunction,62.55,1762585997638,LATEST,1-690eed8d-0c49fa-83af99814f33,OnDemand,3430.81,1762585997700,3498.67,
,793EEF9B741682B7CE08F12987FEEDB3-3,1762586018,FCRequestMetrics:/n-matmul-128,77,77,3451.64,1762585997650,17489.36,n-matmul-128,false,752a8680e720,ColdStart,c-690eed8d-0cf1abd9-b4396f6c1b61,1762586001104,Sync,24398.92,1762585994196,21.0.3.12,true,128,22.28,InvokeFunction,35.78,1762585997650,LATEST,1-690eed8d-0c0a43-10e127f1dcfc,OnDemand,3415.74,1762585997686,3454.58,
,E9B4BB61A0BA18E9756EE7B0B19180D4-4,1762586018,FCRequestMetrics:/n-matmul-128,79,79,3487.35,1762585997653,16906.21,n-matmul-128,false,b1fafcece7b1,ColdStart,c-690eed8d-0cf1abd9-909a8a51e440,1762586001143,Sync,23894.80,1762585994162,21.0.3.11,true,128,26.57,InvokeFunction,41.25,1762585997653,LATEST,1-690eed8d-0c0a43-d0757cefeefd,OnDemand,3446.00,1762585997694,3490.75,
,CB6AE88BE08C9A42F2FD38BB7DE3D7AF-4,1762586018,FCRequestMetrics:/n-matmul-128,79,79,3534.09,1762585997633,16918.85,n-matmul-128,false,480cb1ce5e18,ColdStart,c-690eed8d-0cf1abd9-47404688a687,1762586001188,Sync,24038.67,1762585994076,21.0.3.9,true,128,22.57,InvokeFunction,39.09,1762585997633,LATEST,1-690eed8d-0c0a43-0a6696e566e2,OnDemand,3494.34,1762585997673,3557.01,
,6A8383338392512084A14C3EC7DB7CCC-4,1762586018,FCRequestMetrics:/n-matmul-128,84,84,3926.40,1762585997632,16994.79,n-matmul-128,false,d95f8edd3264,ColdStart,c-690eed8d-0cf1abd9-54a1d269f410,1762586001561,Sync,24915.20,1762585993696,21.0.3.15,true,128,22.30,InvokeFunction,24.11,1762585997633,LATEST,1-690eed8d-0c0a43-3924b3907907,OnDemand,3901.55,1762585997657,3936.72,
,101ABB01305ADAA1C15616E72BBCE7FA-3,1762586018,FCRequestMetrics:/n-matmul-128,93,93,4704.31,1762585997648,16540.49,n-matmul-128,false,985167d20b2a,ColdStart,c-690eed8d-0cf1abd9-0876abaa060f,1762586002354,Sync,25954.98,1762585992940,21.0.3.15,true,128,22.18,InvokeFunction,30.03,1762585997648,LATEST,1-690eed8d-0c49fa-e19a5c0c8aa8,OnDemand,4673.99,1762585997678,4707.26,
,5FA82E0D11A2F01A283861FD9A436B86-4,1762586019,FCRequestMetrics:/n-matmul-128,85,85,4050.15,1762585997611,18028.00,n-matmul-128,false,47b6a53f01e9,ColdStart,c-690eed8d-0cf1abd9-3ba5efb311dc,1762586001672,Sync,26147.44,1762585993555,21.0.3.23,true,128,22.11,InvokeFunction,34.62,1762585997612,LATEST,1-690eed8d-0c49fa-f53bc728ca60,OnDemand,4014.88,1762585997647,4055.97,
,54257F6C2DE5D00C16409D9C28372284-3,1762586019,FCRequestMetrics:/n-matmul-128,85,85,4031.75,1762585997632,17755.70,n-matmul-128,false,ebad9260b821,ColdStart,c-690eed8d-0cf1abd9-196fc3cfa131,1762586001667,Sync,25852.89,1762585993584,21.0.3.11,true,128,22.11,InvokeFunction,34.26,1762585997633,LATEST,1-690eed8d-0c49fa-13135a406914,OnDemand,3996.37,1762585997668,4048.63,
,DD2BC95C544ACAEDCAD224B59098EF74-4,1762586019,FCRequestMetrics:/n-matmul-128,89,89,4445.24,1762585997645,17711.73,n-matmul-128,false,845e91b6cf6b,ColdStart,c-690eed8d-0cf1abd9-2a8cc4f964bf,1762586002092,Sync,26627.07,1762585993179,21.0.3.20,true,128,24.38,InvokeFunction,30.81,1762585997646,LATEST,1-690eed8d-0c0a43-d477f96d2c24,OnDemand,4413.09,1762585997677,4466.22,
,3C976305C481D3458F52892B2010ED59-3,1762586019,FCRequestMetrics:/n-matmul-128,92,92,4673.61,1762585997649,17515.86,n-matmul-128,false,2413d1c7f8a6,ColdStart,c-690eed8d-0cf1abd9-366b26390b4b,1762586002324,Sync,26868.09,1762585992973,21.0.3.14,true,128,21.83,InvokeFunction,49.90,1762585997649,LATEST,1-690eed8d-0c0a43-f8142cb070fe,OnDemand,4623.41,1762585997699,4676.33,
,81EF45F19FD54F5A67E812650F7D4DE6-4,1762586019,FCRequestMetrics:/n-matmul-128,95,95,4962.29,1762585997652,17134.53,n-matmul-128,false,4c9cc9d70b19,ColdStart,c-690eed8d-0cf1abd9-586cb2c3c780,1762586002623,Sync,27082.10,1762585992687,21.0.3.13,true,128,24.62,InvokeFunction,54.03,1762585997652,LATEST,1-690eed8d-0c0a43-06c0d6d5232c,OnDemand,4908.16,1762585997706,4964.43,
,757982FB0EC94F0DBBC2760980FCB266-4,1762586019,FCRequestMetrics:/n-matmul-128,95,95,4984.73,1762585997645,16984.85,n-matmul-128,false,6448ba91ff26,ColdStart,c-690eed8d-0cf1abd9-28761e13241d,1762586002660,Sync,27016.15,1762585992640,21.0.3.18,true,128,24.44,InvokeFunction,31.57,1762585997647,LATEST,1-690eed8d-0c49fa-d0ff3c85eda4,OnDemand,4951.69,1762585997678,5005.04,
,F1380D3BB03512FD19661F5DE4097BAA-4,1762586019,FCRequestMetrics:/n-matmul-128,95,95,4897.16,1762585997650,16817.22,n-matmul-128,false,5c25a51ee6b0,ColdStart,c-690eed8d-0cf1abd9-90163845d713,1762586002551,Sync,26619.28,1762585992750,21.0.3.19,true,128,24.36,InvokeFunction,42.00,1762585997651,LATEST,1-690eed8d-0c49fa-e4e45a75b813,OnDemand,4855.04,1762585997693,4900.10,
,40091B2BA89130F46C3ED4AE484A882F-4,1762586020,FCRequestMetrics:/n-matmul-128,87,87,4284.33,1762585997614,18383.90,n-matmul-128,false,2764cfd363fa,ColdStart,c-690eed8d-0cf1abd9-243670775407,1762586001901,Sync,26978.89,1762585993324,21.0.3.24,true,128,32.39,InvokeFunction,85.02,1762585997614,LATEST,1-690eed8d-0c49fa-dcd17e52b5d6,OnDemand,4198.87,1762585997699,4289.41,
,76D617CB71485C23C9F7230DC75F302E-4,1762586020,FCRequestMetrics:/n-matmul-128,88,88,4344.50,1762585997617,18534.92,n-matmul-128,false,b7a64c32d5d5,ColdStart,c-690eed8d-0cf1abd9-7d7906dde49b,1762586001964,Sync,27233.70,1762585993266,21.0.3.25,true,128,22.26,InvokeFunction,119.44,1762585997617,LATEST,1-690eed8d-0c0a43-f953da085d41,OnDemand,4224.97,1762585997737,4351.07,
,92B3129F074210C7D1784E258F56EC8E-4,1762586020,FCRequestMetrics:/n-matmul-128,94,94,4881.35,1762585997645,17684.20,n-matmul-128,false,54fdf7469d4b,ColdStart,c-690eed8d-0cf1abd9-e3d670f7e404,1762586002529,Sync,27456.60,1762585992759,21.0.3.16,true,128,24.57,InvokeFunction,24.11,1762585997646,LATEST,1-690eed8d-0c49fa-00aec3d509b9,OnDemand,4856.08,1762585997670,4886.27,
,C3D70BE59EDDE2E3BAD7D26871BEFCC2-4,1762586020,FCRequestMetrics:/n-matmul-128,95,95,4924.44,1762585997653,18139.43,n-matmul-128,false,5c7d778afaae,ColdStart,c-690eed8d-0cf1abd9-f42778f29da4,1762586002587,Sync,28007.80,1762585992721,21.0.3.17,true,128,24.45,InvokeFunction,47.52,1762585997653,LATEST,1-690eed8d-0c49fa-0381a5ed3709,OnDemand,4876.68,1762585997700,4931.90,
,3641BD03B2EDD337A1E5E07D16D4DE1D-4,1762586020,FCRequestMetrics:/n-matmul-128,99,99,5604.28,1762585997637,16942.67,n-matmul-128,false,74c2be7ed7bc,ColdStart,c-690eed8d-0cf1abd9-611a2133a545,1762586003244,Sync,28181.93,1762585992028,21.0.3.12,true,128,22.25,InvokeFunction,48.10,1762585997637,LATEST,1-690eed8d-0c0a43-76620183d562,OnDemand,5556.04,1762585997685,5609.58,
,7C3C6C39706B9E9A5E45EA0795F361E3-4,1762586020,FCRequestMetrics:/n-matmul-128,99,99,5604.41,1762585997633,17608.81,n-matmul-128,false,daf840027305,ColdStart,c-690eed8d-0cf1abd9-998f2d849ede,1762586003241,Sync,28837.83,1762585992017,21.0.3.14,true,128,24.31,InvokeFunction,44.45,1762585997633,LATEST,1-690eed8d-0c49fa-53510d0c07e0,OnDemand,5559.57,1762585997677,5615.87,
,40D0187C79EB93AE6164DB021EB45BA3-4,1762586020,FCRequestMetrics:/n-matmul-128,101,101,6403.63,1762585997637,16654.95,n-matmul-128,false,c2355a18488a,ColdStart,c-690eed8d-0cf1abd9-4bc4ed912672,1762586004055,Sync,29500.93,1762585991228,21.0.3.19,true,128,22.46,InvokeFunction,74.81,1762585997637,LATEST,1-690eed8d-0c0a43-7d6f3c0ac8d2,OnDemand,6328.73,1762585997711,6408.98,
,E25E5AC81214735572C3101D35F1B078-4,1762586020,FCRequestMetrics:/n-matmul-128,104,104,7119.71,1762585997632,16026.47,n-matmul-128,false,23a95b7b22dd,ColdStart,c-690eed8d-0cf1abd9-05804b5e6825,1762586004754,Sync,30284.77,1762585990497,21.0.3.17,true,128,22.39,InvokeFunction,33.29,1762585997633,LATEST,1-690eed8d-0c0a43-14c373c8424e,OnDemand,7085.73,1762585997666,7135.66,
,BE75DB22015500E11A374D96AAD193DE-4,1762586020,FCRequestMetrics:/n-matmul-128,108,108,7399.47,1762585997640,15771.11,n-matmul-128,false,14ce103419c8,ColdStart,c-690eed8d-0cf1abd9-d2956975d9ee,1762586005042,Sync,30578.54,1762585990238,21.0.3.24,true,128,26.44,InvokeFunction,64.97,1762585997640,LATEST,1-690eed8d-0c49fa-162feda36aad,OnDemand,7334.39,1762585997705,7402.21,
,06C1AECF0F54657A09035580DC6D0DB0-3,1762586020,FCRequestMetrics:/n-matmul-128,105,105,7258.45,1762585997632,15941.17,n-matmul-128,false,d73180f2ad0e,ColdStart,c-690eed8d-0cf1abd9-22bbe3b454d8,1762586004892,Sync,30479.01,1762585990359,21.0.3.22,true,128,22.42,InvokeFunction,17.22,1762585997633,LATEST,1-690eed8d-0c0a43-3ec8001f6fae,OnDemand,7240.42,1762585997650,7273.30,
,C7EF96C9FA36BA4241E0BBE4133D0AE3-4,1762586020,FCRequestMetrics:/n-matmul-128,79,79,3604.13,1762585997604,18878.94,n-matmul-128,false,143002e59623,ColdStart,c-690eed8d-0cf1abd9-5277dcd6704a,1762586001210,Sync,26098.88,1762585993994,21.0.3.22,true,128,23.92,InvokeFunction,2.62,1762585997604,LATEST,1-690eed8d-0c49fa-087b5d160709,OnDemand,3601.37,1762585997606,3609.63,
,AA4F50678A1127D06BAF7C6E1EB093FA-5,1762586020,FCRequestMetrics:/n-matmul-128,90,90,4590.98,1762585997626,18724.52,n-matmul-128,false,280167d0cedf,ColdStart,c-690eed8d-0cf1abd9-a97014d5fff8,1762586002219,Sync,27943.37,1762585993014,21.0.3.27,true,128,22.88,InvokeFunction,102.47,1762585997626,LATEST,1-690eed8d-0c49fa-c6920ecec312,OnDemand,4488.42,1762585997729,4611.83,
,35684BB25099CBEDA839F3453B345BB7-4,1762586021,FCRequestMetrics:/n-matmul-128,102,102,6734.11,1762585997639,16630.49,n-matmul-128,false,4704e96ceb34,ColdStart,c-690eed8d-0cf1abd9-0b031bc7876b,1762586004374,Sync,30109.30,1762585990900,21.0.3.16,true,128,22.31,InvokeFunction,65.19,1762585997639,LATEST,1-690eed8d-0c0a43-e7e3d12782c6,OnDemand,6668.79,1762585997704,6738.73,
,8BD4AD9E3D09406FDF72A2C557E65602-4,1762586021,FCRequestMetrics:/n-matmul-128,105,105,7230.37,1762585997634,16786.38,n-matmul-128,false,b921ac706f30,ColdStart,c-690eed8d-0cf1abd9-a5d5bfafa5f0,1762586004869,Sync,31261.55,1762585990398,21.0.3.20,true,128,22.29,InvokeFunction,82.76,1762585997634,LATEST,1-690eed8d-0c49fa-08f4ba0ef3d6,OnDemand,7147.56,1762585997716,7235.97,
,F658B3CD8413B0D988AE185DF0BE18DD-4,1762586021,FCRequestMetrics:/n-matmul-128,110,110,7640.06,1762585997633,15867.27,n-matmul-128,false,959cca596465,ColdStart,c-690eed8d-0cf1abd9-0ed53fa70580,1762586005276,Sync,31173.56,1762585989971,21.0.3.23,true,128,22.26,InvokeFunction,24.13,1762585997634,LATEST,1-690eed8d-0c49fa-ef8c08c88f08,OnDemand,7614.90,1762585997658,7661.78,
,3DBA81FE1FDC810A3B598CDA1A88AB60-4,1762586021,FCRequestMetrics:/n-matmul-128,90,90,4561.57,1762585997617,18848.99,n-matmul-128,false,6b13c5a9a7ea,ColdStart,c-690eed8d-0cf1abd9-58271c35b033,1762586002180,Sync,27982.68,1762585993049,21.0.3.26,true,128,21.97,InvokeFunction,92.12,1762585997617,LATEST,1-690eed8d-0c0a43-80a7346780be,OnDemand,4469.34,1762585997709,4567.42,
,4E6EE341D6B7F4B5F00204E676B0421F-2,1762586022,FCRequestMetrics:/n-matmul-128,102,102,6739.23,1762585997636,17639.40,n-matmul-128,false,511d80c68358,ColdStart,c-690eed8d-0cf1abd9-efed7d33773f,1762586004377,Sync,31125.16,1762585990892,21.0.3.18,true,128,21.71,InvokeFunction,43.90,1762585997636,LATEST,1-690eed8d-0c0a43-fd633f63e2d4,OnDemand,6695.26,1762585997680,6744.40,
,72B0763C812343F54C4768A450A14952-4,1762586022,FCRequestMetrics:/n-matmul-128,105,105,7207.77,1762585997640,17370.54,n-matmul-128,false,cf26af28e3d5,ColdStart,c-690eed8d-0cf1abd9-53316fbc9c29,1762586004849,Sync,31793.05,1762585990427,21.0.3.21,true,128,22.27,InvokeFunction,64.68,1762585997640,LATEST,1-690eed8d-0c0a43-ac055b077aa2,OnDemand,7142.98,1762585997704,7212.18,
,46452AD4646881BB08C6B59B48AEDFBA-3,1762586022,FCRequestMetrics:/n-matmul-128,109,109,7593.58,1762585997638,17716.51,n-matmul-128,false,db5d7adaa422,ColdStart,c-690eed8d-0cf1abd9-7d73f845b0a5,1762586005234,Sync,32916.50,1762585990041,21.0.3.25,true,128,24.42,InvokeFunction,66.78,1762585997638,LATEST,1-690eed8d-0c0a43-297944c6e8dd,OnDemand,7526.66,1762585997705,7597.77,
,8D8C440FC3E34DBB9F1F04BB26D5634E-7,1762586024,FCRequestMetrics:/n-matmul-128,113,113,,,16273.74,n-matmul-128,false,524d7b1ff122,,c-690eed85-0cf1abd9-5f56757a5335,1762586008471,Sync,18589.46,1762586006156,21.0.3.9,false,128,29.63,InvokeFunction,,,LATEST,1-690eed96-0c49fa-04941a82511a,OnDemand,,,2314.56,
,BA5A16F182CE3ABF620021ACFE7D7011-3,1762586024,FCRequestMetrics:/n-matmul-128,117,117,2901.34,1762586006197,15308.78,n-matmul-128,false,bb393646e560,ColdStart,c-690eed96-0cf1abd9-3dded35d4062,1762586009100,Sync,21135.99,1762586003280,21.0.3.8,true,128,73.23,InvokeFunction,45.45,1762586006197,LATEST,1-690eed96-0c49fa-0046bb519da8,OnDemand,2855.15,1762586006243,2917.09,
,5631503C851C331FBCC55A7B595279F5-4,1762586024,FCRequestMetrics:/n-matmul-128,117,117,2861.10,1762586006197,15410.47,n-matmul-128,false,dd31d4d13109,ColdStart,c-690eed96-0cf1abd9-3b123f53c475,1762586009061,Sync,21153.74,1762586003319,21.0.3.12,true,128,27.72,InvokeFunction,19.26,1762586006197,LATEST,1-690eed96-0c49fa-b001678bf6d6,OnDemand,2841.32,1762586006217,2878.24,
,C6012E9AF904BFC7F82B587139A7052F-4,1762586024,FCRequestMetrics:/n-matmul-128,121,121,2993.93,1762586006228,15481.26,n-matmul-128,false,08ad0ef23948,ColdStart,c-690eed96-0cf1abd9-776d52a791a0,1762586009226,Sync,21516.24,1762586003224,21.0.3.9,true,128,22.30,InvokeFunction,25.76,1762586006228,LATEST,1-690eed96-0c49fa-31e7f41ccf07,OnDemand,2968.05,1762586006254,3004.00,
,3264C158E2D5E5DEFE085BA619A247E7-4,1762586025,FCRequestMetrics:/n-matmul-128,113,113,2662.02,1762586006166,16666.03,n-matmul-128,false,0f7eccb6ce30,ColdStart,c-690eed96-0cf1abd9-e222a82ad173,1762586008830,Sync,21995.50,1762586003502,21.0.3.4,true,128,22.18,InvokeFunction,3.61,1762586006166,LATEST,1-690eed96-0c0a43-b285c7f020d6,OnDemand,2658.27,1762586006170,2664.17,
,54FD7E1C16E33CD5A572B96CB27C6F6C-3,1762586025,FCRequestMetrics:/n-matmul-128,117,117,2867.97,1762586006168,16325.86,n-matmul-128,false,e563746bf006,ColdStart,c-690eed96-0cf1abd9-aba818b27a54,1762586009039,Sync,22089.20,1762586003297,21.0.3.26,true,128,22.51,InvokeFunction,10.00,1762586006168,LATEST,1-690eed96-0c49fa-10e86538e7b5,OnDemand,2857.87,1762586006178,2870.72,
,C7D2A82C4522CA8A251B518A5412EBB2-4,1762586025,FCRequestMetrics:/n-matmul-128,124,124,,,15528.10,n-matmul-128,false,4b354849f527,,c-690eed96-0cf1abd9-72da89fa2b61,1762586009946,Sync,15795.90,1762586009683,21.0.3.21,false,128,22.50,InvokeFunction,,,LATEST,1-690eed99-0c0a43-18291ad2db71,OnDemand,,,262.31,
,3E533AA8FAF2B84350E8C259DEC8E798-4,1762586025,FCRequestMetrics:/n-matmul-128,124,124,3703.65,1762586006229,15529.95,n-matmul-128,false,04c7bf8df02f,ColdStart,c-690eed96-0cf1abd9-474755af5c04,1762586009935,Sync,22961.53,1762586002507,21.0.3.10,true,128,22.45,InvokeFunction,28.12,1762586006229,LATEST,1-690eed96-0c0a43-ee69298e030c,OnDemand,3675.42,1762586006257,3721.58,
,FBD8C56E27722E3A762AD34A166289FF-3,1762586026,FCRequestMetrics:/n-matmul-128,111,111,1919.67,1762586006276,17891.52,n-matmul-128,false,b0aff5fb1ab1,ColdStart,c-690eed96-0cf1abd9-13352bc917ad,1762586008202,Sync,21765.60,1762586004336,21.0.3.8,true,128,80.07,InvokeFunction,27.55,1762586006277,LATEST,1-690eed96-0c49fa-1116e2932c17,OnDemand,1891.54,1762586006304,1940.18,
,92F96CFC59521BF63B429A4C99FA99CB-7,1762586026,FCRequestMetrics:/n-matmul-128,124,124,,,16703.47,n-matmul-128,false,b73e8dfdb3e1,,c-690eed85-0cf1abd9-c0e8aad62b67,1762586009918,Sync,20461.52,1762586006165,21.0.3.10,false,128,27.89,InvokeFunction,,,LATEST,1-690eed96-0c0a43-e94c5970c19e,OnDemand,,,3752.95,
,91991638294952C1215BFC323DBD0655-7,1762586026,FCRequestMetrics:/n-matmul-128,113,113,,,18128.49,n-matmul-128,false,5abe5fd26a6c,,c-690eed83-0cf1abd9-74cc7252fb9e,1762586008434,Sync,20412.70,1762586006158,21.0.3.8,false,128,78.56,InvokeFunction,,,LATEST,1-690eed96-0c49fa-dec48dd263ae,OnDemand,,,2275.81,
,4D0C87630DE75182644B9E4D5295586B-7,1762586026,FCRequestMetrics:/n-matmul-128,124,124,,,16783.88,n-matmul-128,false,ce613473cf37,,c-690eed85-0cf1abd9-2f0a1317ca81,1762586009984,Sync,20600.70,1762586006168,21.0.3.11,false,128,27.90,InvokeFunction,,,LATEST,1-690eed96-0c49fa-7f8fa27fe457,OnDemand,,,3815.84,
,8AE5E5DD376D8B6BBC87B2F900A287DB-7,1762586026,FCRequestMetrics:/n-matmul-128,127,127,,,16738.97,n-matmul-128,false,7a13a20b921a,,c-690eed85-0cf1abd9-64d3ea47bde3,1762586010194,Sync,20763.99,1762586006173,21.0.3.13,false,128,30.00,InvokeFunction,,,LATEST,1-690eed96-0c49fa-cbf29c1eaab5,OnDemand,,,4021.29,
,1643C472A4A9C9E7636975D61997BF49-3,1762586026,FCRequestMetrics:/n-matmul-128,121,121,2892.43,1762586006276,17614.72,n-matmul-128,false,587857d87fe7,ColdStart,c-690eed96-0cf1abd9-9d1eba3d67bf,1762586009170,Sync,23420.16,1762586003365,21.0.3.11,true,128,22.43,InvokeFunction,40.18,1762586006277,LATEST,1-690eed96-0c49fa-5bce8ec75ae7,OnDemand,2851.37,1762586006317,2910.60,
,2255CA33B5278BAE9F851AD47714358B-4,1762586026,FCRequestMetrics:/n-matmul-128,129,129,,,16285.22,n-matmul-128,false,54cc386b80a2,,c-690eed96-0cf1abd9-3739867da5d5,1762586010468,Sync,17247.50,1762586009507,21.0.3.23,false,128,26.26,InvokeFunction,,,LATEST,1-690eed99-0c0a43-0c410f52ed28,OnDemand,,,960.29,
,CEBE4DE47CD58B3FB8C58509A1292CE6-6,1762586026,FCRequestMetrics:/n-matmul-128,144,144,,,15169.00,n-matmul-128,false,f06ea0952339,,c-690eed85-0cf1abd9-158fa1fe0ffd,1762586011654,Sync,20629.67,1762586006196,21.0.3.14,false,128,28.04,InvokeFunction,,,LATEST,1-690eed96-0c0a43-6a8bd976d031,OnDemand,,,5457.55,
,3FA5063DFE5456024B083E53482C60F0-4,1762586026,FCRequestMetrics:/n-matmul-128,130,130,,,16035.05,n-matmul-128,false,3222ec60138b,,c-690eed96-0cf1abd9-dee09d3a553a,1762586010722,Sync,17054.68,1762586009704,21.0.3.22,false,128,22.32,InvokeFunction,,,LATEST,1-690eed99-0c49fa-d25d1301b241,OnDemand,,,1017.12,
,8BF05F1C242706C79550D7B32CA90C86-4,1762586026,FCRequestMetrics:/n-matmul-128,131,131,,,15434.67,n-matmul-128,false,54332440cef2,,c-690eed96-0cf1abd9-e216e2341a60,1762586010781,Sync,16413.39,1762586009817,21.0.3.24,false,128,24.23,InvokeFunction,,,LATEST,1-690eed99-0c0a43-632a588a828f,OnDemand,,,963.82,
,B3D0E276D29FCA59C6A2FD9A6053BFF8-4,1762586026,FCRequestMetrics:/n-matmul-128,138,138,,,15516.58,n-matmul-128,false,8f00d7dabb61,,c-690eed96-0cf1abd9-f9cad621699b,1762586011039,Sync,16752.63,1762586009810,21.0.3.26,false,128,24.39,InvokeFunction,,,LATEST,1-690eed99-0c0a43-4f496dbe3ed2,OnDemand,,,1227.91,
,890DC515470C0D64B7BCB1DEAC8D6597-4,1762586026,FCRequestMetrics:/n-matmul-128,138,138,,,15801.52,n-matmul-128,false,ed39d36f7908,,c-690eed96-0cf1abd9-0e620186c5f3,1762586011117,Sync,16971.85,1762586009947,21.0.3.25,false,128,24.43,InvokeFunction,,,LATEST,1-690eed99-0c49fa-089fc6bbd279,OnDemand,,,1169.28,
,41C8E8C026B88A3FDC7027A22DD65441-7,1762586027,FCRequestMetrics:/n-matmul-128,129,129,,,16509.34,n-matmul-128,false,0e85519b1ae8,,c-690eed85-0cf1abd9-a830e80c9d58,1762586010492,Sync,20832.40,1762586006189,21.0.3.12,false,128,27.82,InvokeFunction,,,LATEST,1-690eed96-0c0a43-845faa54530b,OnDemand,,,4302.20,
,2E495B2CAC791BF5DF5ED6AA835AFB7D-4,1762586027,FCRequestMetrics:/n-matmul-128,121,121,2869.98,1762586006313,17947.21,n-matmul-128,false,a1e594fd58b9,ColdStart,c-690eed96-0cf1abd9-438cb8917382,1762586009185,Sync,23706.68,1762586003429,21.0.3.9,true,128,24.32,InvokeFunction,32.95,1762586006313,LATEST,1-690eed96-0c0a43-1627ec649065,OnDemand,2836.94,1762586006346,2884.23,
,7B54E33FC4EF59F9EB611D0DD33DB1AD-9,1762586027,FCRequestMetrics:/n-matmul-128,113,113,,,18433.14,n-matmul-128,false,57decdb25f9e,,c-690eed83-0cf1abd9-0a57e9e3d12f,1762586008653,Sync,20929.89,1762586006158,21.0.3.9,false,128,26.91,InvokeFunction,,,LATEST,1-690eed96-0c0a43-75f22f25307e,OnDemand,,,2494.53,
,63DE596157EC5C3204595F887449B280-4,1762586027,FCRequestMetrics:/n-matmul-128,124,124,3722.15,1762586006291,17609.63,n-matmul-128,false,1ee48239c919,ColdStart,c-690eed96-0cf1abd9-7fba4a37caaa,1762586010017,Sync,25066.29,1762586002565,21.0.3.10,true,128,21.96,InvokeFunction,9.76,1762586006291,LATEST,1-690eed96-0c49fa-a1182b5e2bf2,OnDemand,3712.29,1762586006301,3725.91,
,8A7394BA0F304A206770530C84EA6636-9,1762586027,FCRequestMetrics:/n-matmul-128,121,121,,,18414.41,n-matmul-128,false,279fa08dbc62,,c-690eed83-0cf1abd9-0a463df434e5,1762586009151,Sync,21409.19,1762586006158,21.0.3.10,false,128,23.21,InvokeFunction,,,LATEST,1-690eed96-0c0a43-31b28c80765d,OnDemand,,,2992.27,
,A9D18AD4109C30D5E34A6CADD737B686-7,1762586027,FCRequestMetrics:/n-matmul-128,143,143,,,15720.61,n-matmul-128,false,07c49809bd2c,,c-690eed85-0cf1abd9-a441473e8758,1762586011518,Sync,21043.82,1762586006195,21.0.3.16,false,128,29.71,InvokeFunction,,,LATEST,1-690eed96-0c0a43-4593440a1e81,OnDemand,,,5322.24,
,BB4ED00B22F6D0F50600682ABF2615D9-8,1762586027,FCRequestMetrics:/n-matmul-128,132,132,,,16960.82,n-matmul-128,false,b56edd595e8c,,c-690eed85-0cf1abd9-7e6421936614,1762586011010,Sync,21788.75,1762586006184,21.0.3.15,false,128,27.41,InvokeFunction,,,LATEST,1-690eed96-0c0a43-40f900baec5f,OnDemand,,,4825.67,
,B0234B70AFAFEAEF517C2172ED2CFEB6-3,1762586027,FCRequestMetrics:/n-matmul-128,140,140,,,16239.67,n-matmul-128,false,9bfb01ae65a2,,c-690eed96-0cf1abd9-df0c068d62fa,1762586011228,Sync,18285.97,1762586009189,21.0.3.27,false,128,24.39,InvokeFunction,,,LATEST,1-690eed99-0c49fa-06bcc1b6e98e,OnDemand,,,2038.72,
,3433EFF5035DFC81D88241B3272689AA-4,1762586027,FCRequestMetrics:/n-matmul-128,132,132,4745.14,1762586006210,16421.58,n-matmul-128,false,c140f4eda296,ColdStart,c-690eed96-0cf1abd9-4c27d9d9f1af,1762586010957,Sync,25917.71,1762586001462,21.0.3.13,true,128,22.59,InvokeFunction,14.79,1762586006210,LATEST,1-690eed96-0c49fa-c74b8010c0cb,OnDemand,4730.21,1762586006225,4747.68,
,E70120467209C5072F9BAC96939FF425-8,1762586027,FCRequestMetrics:/n-matmul-128,127,127,,,17648.57,n-matmul-128,false,57a49bda52a7,,c-690eed85-0cf1abd9-89090d6612f0,1762586010195,Sync,21673.46,1762586006171,21.0.3.8,false,128,83.19,InvokeFunction,,,LATEST,1-690eed96-0c49fa-6b0ee4a25b50,OnDemand,,,4024.00,
,8A2A2BA029F638783B43D48CB01B0C65-3,1762586028,FCRequestMetrics:/n-matmul-128,114,114,2828.33,1762586006189,19150.73,n-matmul-128,false,9f79c2d0c5f2,ColdStart,c-690eed96-0cf1abd9-e99fca3da2c1,1762586009019,Sync,24814.38,1762586003357,21.0.3.9,true,128,45.70,InvokeFunction,16.40,1762586006189,LATEST,1-690eed96-0c0a43-6be8495eb7ed,OnDemand,2811.81,1762586006206,2831.96,
,10CB9614FCA0A556028B38DC7845A739-3,1762586028,FCRequestMetrics:/n-matmul-128,114,114,2728.95,1762586006266,19264.70,n-matmul-128,false,5a545ca9f709,ColdStart,c-690eed96-0cf1abd9-95270fc2164f,1762586009004,Sync,24741.37,1762586003533,21.0.3.9,true,128,25.95,InvokeFunction,18.64,1762586006266,LATEST,1-690eed96-0c49fa-2a2aa9ff955c,OnDemand,2709.98,1762586006285,2732.70,
,00F741ED552D957855AA9DEA31925A77-8,1762586028,FCRequestMetrics:/n-matmul-128,145,145,,,16075.64,n-matmul-128,false,478f63eb8cbf,,c-690eed85-0cf1abd9-026f6407b0f7,1762586012301,Sync,22170.23,1762586006214,21.0.3.17,false,128,27.48,InvokeFunction,,,LATEST,1-690eed96-0c0a43-143338731022,OnDemand,,,6087.56,
,2BD77D43468911AB831A8F7E54DB0C85-4,1762586028,FCRequestMetrics:/n-matmul-128,127,127,3851.73,1762586006315,18023.42,n-matmul-128,false,b7def3b75118,ColdStart,c-690eed96-0cf1abd9-52afc540c138,1762586010169,Sync,25749.70,1762586002450,21.0.3.12,true,128,23.90,InvokeFunction,12.90,1762586006315,LATEST,1-690eed96-0c0a43-fecc07f1bc19,OnDemand,3838.48,1762586006328,3865.09,
,A171915879D3F1B14205997D3FDFD4B3-8,1762586028,FCRequestMetrics:/n-matmul-128,124,124,,,18744.30,n-matmul-128,false,eaf76bc529c5,,c-690eed83-0cf1abd9-30e9bae7a4cf,1762586009773,Sync,22358.66,1762586006159,21.0.3.11,false,128,29.44,InvokeFunction,,,LATEST,1-690eed96-0c49fa-b5e3b525c3ca,OnDemand,,,3613.43,
,25B8386746C0843F68CE6F453C7A50B6-8,1762586028,FCRequestMetrics:/n-matmul-128,128,128,,,17800.28,n-matmul-128,false,28749e3c833e,,c-690eed86-0cf1abd9-5fc5a1c95081,1762586010384,Sync,22007.99,1762586006177,21.0.3.8,false,128,78.64,InvokeFunction,,,LATEST,1-690eed96-0c0a43-0789a878fc50,OnDemand,,,4206.18,
,4A03F83F646B3D7AC82B0CB38EE7F6F6-8,1762586028,FCRequestMetrics:/n-matmul-128,124,124,,,19059.03,n-matmul-128,false,d4ea97bb496c,,c-690eed84-0cf1abd9-bf53a1f50706,1762586009816,Sync,22714.48,1762586006165,21.0.3.9,false,128,31.22,InvokeFunction,,,LATEST,1-690eed96-0c49fa-c83c9bec8170,OnDemand,,,3650.17,
,53490AF45D0CAE7E1F17D51FAE4D1EBC-7,1762586028,FCRequestMetrics:/n-matmul-128,155,155,,,15529.26,n-matmul-128,false,7a0078b53609,,c-690eed85-0cf1abd9-fb724a08a16a,1762586013145,Sync,22458.53,1762586006231,21.0.3.20,false,128,28.08,InvokeFunction,,,LATEST,1-690eed96-0c49fa-04cb930b10d2,OnDemand,,,6913.69,
,58CCD2DE8E2B0B4D1F6EB957F7930236-7,1762586028,FCRequestMetrics:/n-matmul-128,153,153,,,15295.12,n-matmul-128,false,6736357c0448,,c-690eed85-0cf1abd9-39066bb81db1,1762586013103,Sync,22170.77,1762586006228,21.0.3.25,false,128,27.63,InvokeFunction,,,LATEST,1-690eed96-0c0a43-cf513f316c68,OnDemand,,,6874.68,
,E3A10F33112D22B99CDFAE6B3DA5F427-7,1762586028,FCRequestMetrics:/n-matmul-128,156,156,,,15043.24,n-matmul-128,false,7c04ccbbdae4,,c-690eed85-0cf1abd9-4dc3fba76450,1762586013778,Sync,22542.48,1762586006279,21.0.3.23,false,128,28.02,InvokeFunction,,,LATEST,1-690eed96-0c0a43-534fbdb552b4,OnDemand,,,7498.11,
,04F995287DA1DFFB1087C26FDCCA558E-4,1762586028,FCRequestMetrics:/n-matmul-128,145,145,6024.53,1762586006225,16625.14,n-matmul-128,false,ae45e8272254,ColdStart,c-690eed96-0cf1abd9-4f0e71ad03f2,1762586012252,Sync,28687.02,1762586000193,21.0.3.14,true,128,23.60,InvokeFunction,17.09,1762586006226,LATEST,1-690eed96-0c0a43-a583022ed260,OnDemand,6007.34,1762586006243,6032.67,
,1E5A568CAB040985CEDDB2A885818A73-7,1762586028,FCRequestMetrics:/n-matmul-128,156,156,,,14771.29,n-matmul-128,false,9b8c773cba2a,,c-690eed85-0cf1abd9-1ba29434816d,1762586013412,Sync,21939.42,1762586006246,21.0.3.26,false,128,27.95,InvokeFunction,,,LATEST,1-690eed96-0c49fa-426166c005a6,OnDemand,,,7166.32,
,13012196C53F5375DA6D7E0B0AED40BD-4,1762586028,FCRequestMetrics:/n-matmul-128,150,150,,,15992.61,n-matmul-128,false,ced19e0e4fae,,c-690eed96-0cf1abd9-26d3f0e782b3,1762586012504,Sync,17361.07,1762586011137,21.0.3.11,false,128,24.39,InvokeFunction,,,LATEST,1-690eed9b-0c0a43-9ac584891a81,OnDemand,,,1367.52,
,D143AE44C19E26F9220F758DFE51775E-4,1762586028,FCRequestMetrics:/n-matmul-128,150,150,6285.41,1762586006235,15630.22,n-matmul-128,false,7cc6d641bed2,ColdStart,c-690eed96-0cf1abd9-0cb5743955c5,1762586012524,Sync,28211.17,1762585999945,21.0.3.17,true,128,22.22,InvokeFunction,40.29,1762586006236,LATEST,1-690eed96-0c49fa-ddd541a55850,OnDemand,6244.55,1762586006276,6290.50,
,609BB87232F313E7E1EE3C8255B3B0B3-7,1762586028,FCRequestMetrics:/n-matmul-128,156,156,,,14814.76,n-matmul-128,false,3722a439771f,,c-690eed85-0cf1abd9-2c911ea6008b,1762586013394,Sync,21981.43,1762586006244,21.0.3.24,false,128,27.98,InvokeFunction,,,LATEST,1-690eed96-0c0a43-a45d311b74da,OnDemand,,,7149.89,
,ED8A5D906254A8A3D3B49041BA3A12A8-4,1762586028,FCRequestMetrics:/n-matmul-128,148,148,,,16207.44,n-matmul-128,false,c3153ac2927e,,c-690eed96-0cf1abd9-dd35abc0aac0,1762586012367,Sync,16257.84,1762586012329,21.0.3.16,false,128,22.75,InvokeFunction,,,LATEST,1-690eed9c-0c49fa-f467a93c707d,OnDemand,,,38.40,
,79733AC446DF412BC6F18C2B63B5677F-4,1762586028,FCRequestMetrics:/n-matmul-128,153,153,,,15445.12,n-matmul-128,false,b193e3418700,,c-690eed96-0cf1abd9-647659e129ba,1762586013079,Sync,16198.34,1762586012328,21.0.3.15,false,128,24.27,InvokeFunction,,,LATEST,1-690eed9c-0c49fa-3132de20c7f8,OnDemand,,,750.98,
,6103DB4D384590E61A6F2F19F6C5AA12-3,1762586028,FCRequestMetrics:/n-matmul-128,112,112,1996.34,1762586006266,19913.40,n-matmul-128,false,4bf26ccbfd63,ColdStart,c-690eed96-0cf1abd9-33d753346913,1762586008265,Sync,23932.83,1762586004249,21.0.3.8,true,128,77.14,InvokeFunction,16.51,1762586006266,LATEST,1-690eed96-0c0a43-8b3ab0dc4554,OnDemand,1979.71,1762586006283,2016.86,
,9E1E21E8F76F062BA9CB76E20C2B83A4-5,1762586028,FCRequestMetrics:/n-matmul-128,114,114,2817.18,1762586006199,19347.54,n-matmul-128,false,59ec307a1758,ColdStart,c-690eed96-0cf1abd9-aade4c0331ba,1762586009019,Sync,24992.37,1762586003380,21.0.3.8,true,128,56.94,InvokeFunction,50.23,1762586006199,LATEST,1-690eed96-0c0a43-806c71ef7d99,OnDemand,2766.89,1762586006249,2819.42,
,BA6BE48CA24D7511A087B82B6A3FBB19-4,1762586028,FCRequestMetrics:/n-matmul-128,117,117,2782.48,1762586006265,19778.34,n-matmul-128,false,ebc029f9743a,ColdStart,c-690eed96-0cf1abd9-266e64073192,1762586009050,Sync,25361.11,1762586003468,21.0.3.10,true,128,24.45,InvokeFunction,30.16,1762586006266,LATEST,1-690eed96-0c0a43-0d46c819e37c,OnDemand,2751.49,1762586006296,2797.68,
,6FC75B3DB8851234D07B138AD96FC0A5-8,1762586029,FCRequestMetrics:/n-matmul-128,131,131,,,18546.76,n-matmul-128,false,6b4a94db578b,,c-690eed84-0cf1abd9-be1633f0d0dd,1762586010795,Sync,23159.88,1762586006183,21.0.3.8,false,128,69.43,InvokeFunction,,,LATEST,1-690eed96-0c49fa-447141166c9a,OnDemand,,,4611.25,
,CACC3D6F9C6A2945DEADA5EDA3A09538-8,1762586029,FCRequestMetrics:/n-matmul-128,131,131,,,18920.86,n-matmul-128,false,d4758414a170,,c-690eed83-0cf1abd9-8480035f250f,1762586010763,Sync,23514.27,1762586006179,21.0.3.12,false,128,29.61,InvokeFunction,,,LATEST,1-690eed96-0c49fa-b975770a0b55,OnDemand,,,4583.09,
,869DF173F19FB37007A48145CD0630D0-3,1762586029,FCRequestMetrics:/n-matmul-128,143,143,5126.22,1762586006310,17720.53,n-matmul-128,false,f71765104eb6,ColdStart,c-690eed96-0cf1abd9-4b21baf34b2d,1762586011438,Sync,27989.81,1762586001179,21.0.3.13,true,128,22.30,InvokeFunction,25.31,1762586006310,LATEST,1-690eed96-0c0a43-8f549039ff4c,OnDemand,5100.79,1762586006335,5130.87,
,854208CFC0E05FFDDD72E5ADF6DFFFF4-6,1762586029,FCRequestMetrics:/n-matmul-128,156,156,,,16058.58,n-matmul-128,false,6fbf459d1081,,c-690eed85-0cf1abd9-ab34e7bc676a,1762586013623,Sync,23440.77,1762586006267,21.0.3.22,false,128,27.24,InvokeFunction,,,LATEST,1-690eed96-0c49fa-a5441577603e,OnDemand,,,7355.98,
,E98F2BCF2DED1F74ED59CCC9A89D0D4B-8,1762586029,FCRequestMetrics:/n-matmul-128,156,156,,,15694.81,n-matmul-128,false,8faa2a99de85,,c-690eed86-0cf1abd9-d8df9633eb55,1762586013653,Sync,23078.60,1762586006270,21.0.3.21,false,128,27.91,InvokeFunction,,,LATEST,1-690eed96-0c0a43-25afa66909a1,OnDemand,,,7382.93,
,40DA133401D2DE8F12DE87799711FD83-3,1762586029,FCRequestMetrics:/n-matmul-128,145,145,5973.32,1762586006286,17570.30,n-matmul-128,false,f97fe124d699,ColdStart,c-690eed96-0cf1abd9-bad3da0c0cfe,1762586012262,Sync,29527.80,1762586000307,21.0.3.15,true,128,22.52,InvokeFunction,43.63,1762586006286,LATEST,1-690eed96-0c49fa-f291b69f855f,OnDemand,5929.63,1762586006330,5979.08,
,CFF6118976523AD8F98948CDFB5A2CFF-7,1762586029,FCRequestMetrics:/n-matmul-128,156,156,,,16017.40,n-matmul-128,false,0fc3660777ab,,c-690eed85-0cf1abd9-4b579c30d7a8,1762586013821,Sync,23607.93,1762586006280,21.0.3.19,false,128,29.63,InvokeFunction,,,LATEST,1-690eed96-0c0a43-106902402528,OnDemand,,,7540.65,
,ECE2A195B7556DEA0917BC84976EED68-7,1762586029,FCRequestMetrics:/n-matmul-128,159,159,,,15358.58,n-matmul-128,false,f7238f4600dd,,c-690eed85-0cf1abd9-5f1a2196a420,1762586014046,Sync,23110.42,1762586006302,21.0.3.27,false,128,28.06,InvokeFunction,,,LATEST,1-690eed96-0c49fa-ec4a9225c9e4,OnDemand,,,7743.72,
,138C4DD02091A1A0F89BE9AFE1D56E0D-4,1762586029,FCRequestMetrics:/n-matmul-128,161,161,,,15260.43,n-matmul-128,false,e91af773f85a,,c-690eed96-0cf1abd9-3b29dfca5136,1762586014231,Sync,16471.56,1762586013024,21.0.3.18,false,128,24.45,InvokeFunction,,,LATEST,1-690eed9d-0c49fa-2b5ff661b1d7,OnDemand,,,1206.74,
,02505EBA98BB6AB8D9121B3F590D5A1C-4,1762586029,FCRequestMetrics:/n-matmul-128,168,168,,,15056.54,n-matmul-128,false,dc1a18d01eb5,,c-690eed96-0cf1abd9-15ddf20aa5f4,1762586014695,Sync,16356.76,1762586013399,21.0.3.23,false,128,22.48,InvokeFunction,,,LATEST,1-690eed9d-0c49fa-690b1614eb5c,OnDemand,,,1295.94,
,5DDEC1B94316434FE6602FC2B2B6A039-4,1762586030,FCRequestMetrics:/n-matmul-128,132,132,4782.66,1762586006192,19172.10,n-matmul-128,false,34de976e0650,ColdStart,c-690eed96-0cf1abd9-ee256dc17503,1762586010980,Sync,28746.46,1762586001406,21.0.3.11,true,128,23.78,InvokeFunction,40.81,1762586006192,LATEST,1-690eed96-0c0a43-a49194232993,OnDemand,4741.72,1762586006233,4785.97,
,8E2E03ED22CC6F2DFE55EB8B1A864060-3,1762586030,FCRequestMetrics:/n-matmul-128,132,132,,,19236.92,n-matmul-128,false,cff987abda6a,,c-690eed96-0cf1abd9-e42e31309781,1762586010980,Sync,19729.55,1762586010500,21.0.3.12,false,128,21.93,InvokeFunction,,,LATEST,1-690eed9a-0c0a43-15612d87714e,OnDemand,,,479.40,
,DC9E0E12CD6EBAC6FF4F0136C46C5547-3,1762586030,FCRequestMetrics:/n-matmul-128,132,132,4791.43,1762586006189,19049.84,n-matmul-128,false,7e6212d1a18e,ColdStart,c-690eed96-0cf1abd9-cdf69a3e83a5,1762586010982,Sync,28639.49,1762586001393,21.0.3.13,true,128,24.33,InvokeFunction,26.40,1762586006189,LATEST,1-690eed96-0c49fa-03ca3c31b757,OnDemand,4764.97,1762586006216,4795.93,
,9A69A015E836A893BB9F5FED7403265F-4,1762586030,FCRequestMetrics:/n-matmul-128,142,142,5159.06,1762586006265,19062.20,n-matmul-128,false,8be9fbcef600,ColdStart,c-690eed96-0cf1abd9-94394623246b,1762586011429,Sync,29404.62,1762586001091,21.0.3.12,true,128,22.76,InvokeFunction,42.94,1762586006267,LATEST,1-690eed96-0c0a43-359fce1f493d,OnDemand,5115.09,1762586006309,5174.39,
,DAE6BAF353C38FA45B5DF9AF0F86D659-7,1762586030,FCRequestMetrics:/n-matmul-128,140,140,,,19294.94,n-matmul-128,false,19a08086dcd9,,c-690eed83-0cf1abd9-9b3fcb822613,1762586011220,Sync,24334.53,1762586006185,21.0.3.13,false,128,27.88,InvokeFunction,,,LATEST,1-690eed96-0c0a43-7ff5e5808d6f,OnDemand,,,5034.50,
,1FD15FF44979A6A17B0CFCEC15F6978B-8,1762586030,FCRequestMetrics:/n-matmul-128,142,142,,,18737.97,n-matmul-128,false,8f75766f976d,,c-690eed84-0cf1abd9-3527f81881d1,1762586011363,Sync,23912.02,1762586006192,21.0.3.10,false,128,31.86,InvokeFunction,,,LATEST,1-690eed96-0c0a43-de4d24725a26,OnDemand,,,5171.40,
,32B0F1D581F5E39EC6054F7F479A9133-4,1762586030,FCRequestMetrics:/n-matmul-128,153,153,6790.23,1762586006286,17326.83,n-matmul-128,false,0671b6afd97c,ColdStart,c-690eed96-0cf1abd9-2fa702511747,1762586013078,Sync,30914.78,1762585999491,21.0.3.16,true,128,24.22,InvokeFunction,71.92,1762586006286,LATEST,1-690eed96-0c0a43-5bd83cf2bdb3,OnDemand,6718.23,1762586006358,6795.14,
,D146A4E091934A2DB3F52D2283250B9C-4,1762586030,FCRequestMetrics:/n-matmul-128,155,155,6884.42,1762586006276,17396.79,n-matmul-128,false,e11351b48c04,ColdStart,c-690eed96-0cf1abd9-c0d64c44585a,1762586013163,Sync,31184.28,1762585999376,21.0.3.14,true,128,22.34,InvokeFunction,17.84,1762586006277,LATEST,1-690eed96-0c0a43-5c033693f89b,OnDemand,6865.86,1762586006294,6899.90,
,7EE08DA56FC077A8FBD356D2C6053F3C-8,1762586030,FCRequestMetrics:/n-matmul-128,145,145,,,17897.78,n-matmul-128,false,88bd901e69d9,,c-690eed86-0cf1abd9-2ed67a1a0815,1762586012195,Sync,23895.58,1762586006201,21.0.3.11,false,128,24.70,InvokeFunction,,,LATEST,1-690eed96-0c49fa-8329dab8a5e2,OnDemand,,,5993.92,
,849194F1147E7DC7497DCF82D54F9C08-8,1762586030,FCRequestMetrics:/n-matmul-128,153,153,,,17796.44,n-matmul-128,false,f70324bffef3,,c-690eed84-0cf1abd9-74ad9309d09c,1762586013060,Sync,24640.21,1762586006217,21.0.3.11,false,128,22.64,InvokeFunction,,,LATEST,1-690eed96-0c0a43-3396e8d6d08c,OnDemand,,,6842.73,
,5A317EA240DC46C4E15B8D2E97337C21-8,1762586030,FCRequestMetrics:/n-matmul-128,145,145,,,18121.61,n-matmul-128,false,b656f39d8746,,c-690eed86-0cf1abd9-84d2db55a180,1762586012211,Sync,24128.07,1762586006206,21.0.3.10,false,128,27.11,InvokeFunction,,,LATEST,1-690eed96-0c0a43-5a672c4f8b13,OnDemand,,,6004.30,
,58100D8F3876904D781824C152698572-8,1762586030,FCRequestMetrics:/n-matmul-128,145,145,,,18156.66,n-matmul-128,false,59ce8020a236,,c-690eed84-0cf1abd9-0fe3463f746c,1762586012113,Sync,24069.12,1762586006201,21.0.3.23,false,128,22.46,InvokeFunction,,,LATEST,1-690eed96-0c49fa-9600ff5fa154,OnDemand,,,5911.70,
,D00197269011D75200F8878AB52887BF-3,1762586030,FCRequestMetrics:/n-matmul-128,161,161,,,16609.92,n-matmul-128,false,efbe8cba4f7c,,c-690eed96-0cf1abd9-cb967da6ce67,1762586014219,Sync,16972.07,1762586013859,21.0.3.19,false,128,28.29,InvokeFunction,,,LATEST,1-690eed9d-0c0a43-3b84143084a4,OnDemand,,,359.62,
,E94FAD7DFC0D7C430A1E1579F49C2CB6-8,1762586030,FCRequestMetrics:/n-matmul-128,153,153,,,17931.94,n-matmul-128,false,357862df7f73,,c-690eed86-0cf1abd9-f59485cce75a,1762586012988,Sync,24704.82,1762586006216,21.0.3.12,false,128,29.56,InvokeFunction,,,LATEST,1-690eed96-0c49fa-ff7be8193a73,OnDemand,,,6771.93,
,5CA892A8CA0A24989C4731381529FB34-4,1762586030,FCRequestMetrics:/n-matmul-128,167,167,,,16296.65,n-matmul-128,false,2e11fae8268d,,c-690eed96-0cf1abd9-77c3d2a5e2ce,1762586014512,Sync,17260.02,1762586013550,21.0.3.20,false,128,21.97,InvokeFunction,,,LATEST,1-690eed9d-0c49fa-d8c47da94975,OnDemand,,,961.47,
,CD41B0AD1C8EC375FCF48EF027FC064B-7,1762586030,FCRequestMetrics:/n-matmul-128,200,200,,,15158.59,n-matmul-128,false,83be9297cbaa,,c-690eed8d-0cf1abd9-ab9c8f59b975,1762586015672,Sync,24492.16,1762586006342,21.0.3.8,false,128,78.99,InvokeFunction,,,LATEST,1-690eed96-0c49fa-24f48e792f3d,OnDemand,,,9330.42,
,342C1F773CD379DB41F0F3ADE9815760-3,1762586030,FCRequestMetrics:/n-matmul-128,172,172,,,15276.56,n-matmul-128,false,54f5fbffcf0b,,c-690eed96-0cf1abd9-280bb0eca0e1,1762586014966,Sync,16964.25,1762586013279,21.0.3.19,false,128,24.30,InvokeFunction,,,LATEST,1-690eed9d-0c49fa-b2a70e41e6d3,OnDemand,,,1686.50,
,E3C9ED0B2534F08C4630863A71EE6115-4,1762586030,FCRequestMetrics:/n-matmul-128,172,172,,,15637.00,n-matmul-128,false,87674caf583b,,c-690eed96-0cf1abd9-ae05907d43ad,1762586015010,Sync,18844.05,1762586011811,21.0.3.21,false,128,22.48,InvokeFunction,,,LATEST,1-690eed9b-0c49fa-a4c92e8c1cf2,OnDemand,,,3198.25,
,D19DEB46D930B5FFB4880807275B0C84-4,1762586030,FCRequestMetrics:/n-matmul-128,172,172,,,15118.30,n-matmul-128,false,469834073b90,,c-690eed96-0cf1abd9-e8d8f0ec69a4,1762586014936,Sync,16918.71,1762586013140,21.0.3.24,false,128,22.45,InvokeFunction,,,LATEST,1-690eed9d-0c0a43-bec34fab313a,OnDemand,,,1796.52,
,20BCED26DA3E73A35A0E0ACEF26F4645-4,1762586030,FCRequestMetrics:/n-matmul-128,169,169,,,15761.16,n-matmul-128,false,70809c61057c,,c-690eed96-0cf1abd9-b0cce505415f,1762586014811,Sync,17477.45,1762586013098,21.0.3.25,false,128,22.38,InvokeFunction,,,LATEST,1-690eed9d-0c0a43-5b87ac9a5ba9,OnDemand,,,1713.60,
,B292BE044A2671902A084AE5890DA3F1-4,1762586030,FCRequestMetrics:/n-matmul-128,182,182,,,15888.89,n-matmul-128,false,e59368e395e4,,c-690eed96-0cf1abd9-d4bd420ec297,1762586015066,Sync,17529.03,1762586013431,21.0.3.26,false,128,22.71,InvokeFunction,,,LATEST,1-690eed9d-0c49fa-fcf1cede9a8a,OnDemand,,,1635.10,
,FA92B5D7385E5B2D4245077868CB9726-4,1762586030,FCRequestMetrics:/n-matmul-128,188,188,,,15563.82,n-matmul-128,false,30720f53fe9b,,c-690eed96-0cf1abd9-67b09a4d191e,1762586015219,Sync,17602.92,1762586013181,21.0.3.22,false,128,22.37,InvokeFunction,,,LATEST,1-690eed9d-0c0a43-e807902cf61c,OnDemand,,,2037.30,
,A0B4D1D12626D33FCDDA858055366E80-4,1762586030,FCRequestMetrics:/n-matmul-128,128,128,4150.43,1762586006190,19719.75,n-matmul-128,false,2f79d5d6e1f2,ColdStart,c-690eed96-0cf1abd9-aec373bfe9b2,1762586010344,Sync,28027.80,1762586002037,21.0.3.10,true,128,24.21,InvokeFunction,59.33,1762586006191,LATEST,1-690eed96-0c49fa-512012518135,OnDemand,4091.02,1762586006250,4153.45,
,54A8EF52FEEB808422ACE2DD57D8BC40-8,1762586030,FCRequestMetrics:/n-matmul-128,156,156,,,17112.89,n-matmul-128,false,8ea75ea0c289,,c-690eed85-0cf1abd9-e9c69a3d7dd0,1762586013242,Sync,24122.85,1762586006233,21.0.3.18,false,128,27.54,InvokeFunction,,,LATEST,1-690eed96-0c49fa-970da0db40c0,OnDemand,,,7008.84,
,FAAE9D66D514066559F6F43F02221FE3-3,1762586030,FCRequestMetrics:/n-matmul-128,132,132,4744.96,1762586006266,19278.98,n-matmul-128,false,c90c3b43cf3a,ColdStart,c-690eed96-0cf1abd9-dd88698fca86,1762586011013,Sync,28792.24,1762586001503,21.0.3.13,true,128,22.32,InvokeFunction,26.26,1762586006266,LATEST,1-690eed96-0c0a43-f8ba0ccec3c9,OnDemand,4718.64,1762586006293,4763.69,
,0DF1BE08810C22DB47CE10C7D12D3B18-3,1762586030,FCRequestMetrics:/n-matmul-128,132,132,4734.19,1762586006268,19596.76,n-matmul-128,false,054726ba05da,ColdStart,c-690eed96-0cf1abd9-6259af999d66,1762586011005,Sync,29073.57,1762586001531,21.0.3.11,true,128,24.44,InvokeFunction,29.38,1762586006268,LATEST,1-690eed96-0c0a43-20c110de99e0,OnDemand,4704.73,1762586006297,4736.20,
,B70395F3A021A5FF8871D46915C2FCC0-4,1762586030,FCRequestMetrics:/n-matmul-128,141,141,,,19438.81,n-matmul-128,false,88b44a48a990,,c-690eed96-0cf1abd9-7684f52346d2,1762586011290,Sync,20222.67,1762586010507,21.0.3.14,false,128,22.05,InvokeFunction,,,LATEST,1-690eed9a-0c0a43-f98c48a89534,OnDemand,,,782.91,
,283F17FB9C9798583A913C144D41C342-8,1762586031,FCRequestMetrics:/n-matmul-128,148,148,,,18723.80,n-matmul-128,false,4703378e3174,,c-690eed86-0cf1abd9-4e796d80ba23,1762586012355,Sync,24884.84,1762586006214,21.0.3.9,false,128,27.39,InvokeFunction,,,LATEST,1-690eed96-0c49fa-e996b848b4cc,OnDemand,,,6140.26,
,4CE5B21E168E3B127D0FE1A088B9BCD9-8,1762586031,FCRequestMetrics:/n-matmul-128,145,145,,,18793.91,n-matmul-128,false,6c05632c40b6,,c-690eed84-0cf1abd9-2ca190cf5bc8,1762586012293,Sync,24885.08,1762586006209,21.0.3.19,false,128,27.21,InvokeFunction,,,LATEST,1-690eed96-0c49fa-75672f07182c,OnDemand,,,6084.59,
,9CC6FEA79C9A08269F04E5D7AC586D4D-4,1762586031,FCRequestMetrics:/n-matmul-128,159,159,,,17496.59,n-matmul-128,false,1341e9c3300b,,c-690eed96-0cf1abd9-88caba2e9de4,1762586014039,Sync,17812.97,1762586013726,21.0.3.17,false,128,24.22,InvokeFunction,,,LATEST,1-690eed9d-0c49fa-fd0b65b72e97,OnDemand,,,312.29,
,8FC1EA84A8F746A3A0AA748C26C7B25A-4,1762586031,FCRequestMetrics:/n-matmul-128,158,158,,,17509.12,n-matmul-128,false,76321eba944f,,c-690eed96-0cf1abd9-5bffc956dbf7,1762586014020,Sync,17651.02,1762586013889,21.0.3.18,false,128,24.39,InvokeFunction,,,LATEST,1-690eed9d-0c49fa-8c6bdf09760f,OnDemand,,,131.02,
,3DBC61790B9142DDBEDCD6134BB09E3F-8,1762586031,FCRequestMetrics:/n-matmul-128,145,145,,,18984.77,n-matmul-128,false,a28f13fec6d7,,c-690eed84-0cf1abd9-47616b0fcd20,1762586012291,Sync,25068.92,1762586006207,21.0.3.12,false,128,29.59,InvokeFunction,,,LATEST,1-690eed96-0c49fa-f1b6ec8c3c35,OnDemand,,,6083.09,
,B09D02D2736E63D8D189EBC1852D5FE0-8,1762586031,FCRequestMetrics:/n-matmul-128,156,156,,,18115.42,n-matmul-128,false,d93ff50fc499,,c-690eed86-0cf1abd9-16756c022540,1762586013379,Sync,25264.67,1762586006243,21.0.3.14,false,128,27.38,InvokeFunction,,,LATEST,1-690eed96-0c49fa-85eac4b54849,OnDemand,,,7135.44,
,DAF408D088DC4798F248EA82E4D57A5E-4,1762586031,FCRequestMetrics:/n-matmul-128,166,166,,,17390.43,n-matmul-128,false,4f9279990613,,c-690eed96-0cf1abd9-ada75fe8f4a4,1762586014356,Sync,17737.49,1762586014016,21.0.3.20,false,128,22.38,InvokeFunction,,,LATEST,1-690eed9e-0c49fa-c284a879f94e,OnDemand,,,339.43,
,E83713E0537D2729383D69DFF4C2841B-8,1762586031,FCRequestMetrics:/n-matmul-128,156,156,,,17546.32,n-matmul-128,false,1e9a879a9ce3,,c-690eed86-0cf1abd9-bf3f65b56cbd,1762586013513,Sync,24843.35,1762586006248,21.0.3.15,false,128,22.71,InvokeFunction,,,LATEST,1-690eed96-0c49fa-45edb2333329,OnDemand,,,7264.86,
,FD3DA8D46D8EFE79129F6DB831E2D004-8,1762586031,FCRequestMetrics:/n-matmul-128,156,156,,,18617.43,n-matmul-128,false,c5d7c67d012d,,c-690eed87-0cf1abd9-168efb1ce039,1762586013360,Sync,25742.16,1762586006236,21.0.3.16,false,128,27.22,InvokeFunction,,,LATEST,1-690eed96-0c49fa-f5911bd62bb1,OnDemand,,,7123.60,
,2471E95300325BB840CC834AD5A3C6B6-4,1762586031,FCRequestMetrics:/n-matmul-128,182,182,,,16735.07,n-matmul-128,false,9df121cea42b,,c-690eed96-0cf1abd9-2911da29056d,1762586015094,Sync,18023.65,1762586013815,21.0.3.22,false,128,22.41,InvokeFunction,,,LATEST,1-690eed9d-0c0a43-48cdbe05abd3,OnDemand,,,1279.47,
,E473C3EB473436CCADF8096E8D0D2C42-4,1762586031,FCRequestMetrics:/n-matmul-128,188,188,,,16556.94,n-matmul-128,false,aa865b939cef,,c-690eed96-0cf1abd9-6da66350de26,1762586015217,Sync,17953.16,1762586013826,21.0.3.23,false,128,24.80,InvokeFunction,,,LATEST,1-690eed9d-0c0a43-faf68ae3adab,OnDemand,,,1390.61,
,C850E9452F734C9D301E12F034A57295-4,1762586031,FCRequestMetrics:/n-matmul-128,188,188,,,16480.43,n-matmul-128,false,81a96430e100,,c-690eed96-0cf1abd9-87344dd52402,1762586015182,Sync,18213.79,1762586013450,21.0.3.27,false,128,22.67,InvokeFunction,,,LATEST,1-690eed9d-0c49fa-72f4ad8b7985,OnDemand,,,1732.32,
,71B50CCCFCB17E1646B11A2BE0A08D93-4,1762586031,FCRequestMetrics:/n-matmul-128,144,144,5483.29,1762586006265,19813.15,n-matmul-128,false,58ac22b3424d,ColdStart,c-690eed96-0cf1abd9-7899d50458f3,1762586011751,Sync,30794.77,1762586000770,21.0.3.14,true,128,21.87,InvokeFunction,32.77,1762586006266,LATEST,1-690eed96-0c0a43-be8d7dd61344,OnDemand,5449.38,1762586006299,5495.37,
,E4146AB491CEBDE523F487E441201B73-4,1762586031,FCRequestMetrics:/n-matmul-128,145,145,,,19614.77,n-matmul-128,false,efdf38e6c6e7,,c-690eed96-0cf1abd9-523def426250,1762586012295,Sync,20660.88,1762586011257,21.0.3.15,false,128,23.96,InvokeFunction,,,LATEST,1-690eed9b-0c0a43-b3465a5712de,OnDemand,,,1037.86,
,64F0BBA7C58980066176C33658FB272D-3,1762586031,FCRequestMetrics:/n-matmul-128,148,148,,,19487.60,n-matmul-128,false,8f8cb0ae0fff,,c-690eed96-0cf1abd9-556eeff7996f,1762586012391,Sync,21884.67,1762586009995,21.0.3.16,false,128,22.62,InvokeFunction,,,LATEST,1-690eed99-0c49fa-7cebfbdea1e2,OnDemand,,,2396.15,
,BC7D406DCB03E5F0740A7972675CF2F0-8,1762586032,FCRequestMetrics:/n-matmul-128,164,164,,,17906.43,n-matmul-128,false,fec3919de42b,,c-690eed86-0cf1abd9-a3cf507306a7,1762586014287,Sync,25888.15,1762586006307,21.0.3.13,false,128,27.41,InvokeFunction,,,LATEST,1-690eed96-0c49fa-9e29d0c57cf7,OnDemand,,,7979.81,
,3D503442E2C027292A5FED0054EF72C8-6,1762586032,FCRequestMetrics:/n-matmul-128,200,200,,,15629.38,n-matmul-128,false,f832bf8f4093,,c-690eed8d-0cf1abd9-03a276b4fee0,1762586016556,Sync,25618.59,1762586006572,21.0.3.8,false,128,78.45,InvokeFunction,,,LATEST,1-690eed96-0c0a43-5d5b12e1935d,OnDemand,,,9983.20,
,C31476DF542E245E78D704DC5E57E050-4,1762586032,FCRequestMetrics:/n-matmul-128,172,172,,,17105.84,n-matmul-128,false,54727bc85c4b,,c-690eed96-0cf1abd9-8789b63ab3c5,1762586015012,Sync,18091.38,1762586014039,21.0.3.21,false,128,22.42,InvokeFunction,,,LATEST,1-690eed9e-0c0a43-d0394482dcd8,OnDemand,,,972.55,
,A8D6FAD4E028404BF2BEFFDF098DE909-4,1762586032,FCRequestMetrics:/n-matmul-128,188,188,,,17431.14,n-matmul-128,false,88656d0a707e,,c-690eed96-0cf1abd9-5f48bbab96ce,1762586015223,Sync,18033.50,1762586014631,21.0.3.26,false,128,24.22,InvokeFunction,,,LATEST,1-690eed9e-0c49fa-7d2b7460aed3,OnDemand,,,592.23,
,1B5038221905746079340D2F785F7324-4,1762586032,FCRequestMetrics:/n-matmul-128,182,182,,,17133.89,n-matmul-128,false,cba0726a55b5,,c-690eed96-0cf1abd9-0232b809e3a3,1762586015094,Sync,18178.28,1762586014051,21.0.3.24,false,128,24.39,InvokeFunction,,,LATEST,1-690eed9e-0c0a43-f602d1da3d9f,OnDemand,,,1042.98,
,601984C4C767B3AE29155A0CBC717A02-7,1762586032,FCRequestMetrics:/n-matmul-128,158,158,,,18481.51,n-matmul-128,false,18fcdff65652,,c-690eed84-0cf1abd9-c1ce786e1019,1762586014004,Sync,26186.13,1762586006300,21.0.3.16,false,128,29.67,InvokeFunction,,,LATEST,1-690eed96-0c0a43-c00e149c7dae,OnDemand,,,7703.87,
,B42D85ACE4F13663143AFEF57EE4377B-4,1762586032,FCRequestMetrics:/n-matmul-128,195,195,,,17071.77,n-matmul-128,false,e86ce6f40d00,,c-690eed96-0cf1abd9-007038c1bcd0,1762586015267,Sync,18653.72,1762586013688,21.0.3.25,false,128,22.42,InvokeFunction,,,LATEST,1-690eed9d-0c49fa-27663306fa1f,OnDemand,,,1578.66,
,C89BB40F9F2CADB4731EC7F783EB66CB-8,1762586032,FCRequestMetrics:/n-matmul-128,157,157,,,18615.67,n-matmul-128,false,bdcfaeabdc01,,c-690eed83-0cf1abd9-c120bfdd5d8b,1762586013852,Sync,26184.09,1762586006285,21.0.3.16,false,128,27.30,InvokeFunction,,,LATEST,1-690eed96-0c0a43-0ad1c40e1a2c,OnDemand,,,7567.16,
,E5B69284F91EC2DF605FC852F4441DE1-4,1762586032,FCRequestMetrics:/n-matmul-128,152,152,6322.81,1762586006267,19661.30,n-matmul-128,false,a79ff7c252e4,ColdStart,c-690eed96-0cf1abd9-ce2a7ce29ce5,1762586012592,Sync,32350.53,1762585999922,21.0.3.15,true,128,22.55,InvokeFunction,39.96,1762586006267,LATEST,1-690eed96-0c0a43-74cefd6e73be,OnDemand,6282.78,1762586006307,6344.54,
,F61B1071476942D4F7B55629DD659612-4,1762586032,FCRequestMetrics:/n-matmul-128,159,159,,,18831.68,n-matmul-128,false,b611341e3558,,c-690eed96-0cf1abd9-fa1cd72521fa,1762586014041,Sync,22379.13,1762586010498,21.0.3.17,false,128,23.95,InvokeFunction,,,LATEST,1-690eed9a-0c0a43-436da1c0cf1d,OnDemand,,,3542.46,
,35B7CF1288747C19178530C01B71BAC3-3,1762586033,FCRequestMetrics:/n-matmul-128,169,169,,,18808.82,n-matmul-128,false,cf2bb21028d5,,c-690eed96-0cf1abd9-ca59a9a46279,1762586014826,Sync,21393.43,1762586012247,21.0.3.23,false,128,23.91,InvokeFunction,,,LATEST,1-690eed9c-0c0a43-ab36cc868d2b,OnDemand,,,2578.60,
,B7D4D1DD2FC40780773A1A71845C5151-9,1762586033,FCRequestMetrics:/n-matmul-128,156,156,,,19771.53,n-matmul-128,false,767418f36457,,c-690eed84-0cf1abd9-5d4c970df804,1762586013689,Sync,27197.71,1762586006277,21.0.3.14,false,128,29.42,InvokeFunction,,,LATEST,1-690eed96-0c49fa-0159d6c16657,OnDemand,,,7411.59,
,5C14CF48C5C22527111DB496942DC103-8,1762586033,FCRequestMetrics:/n-matmul-128,156,156,,,19431.74,n-matmul-128,false,07dabc2bb605,,c-690eed84-0cf1abd9-5a2627b82825,1762586013790,Sync,26950.22,1762586006280,21.0.3.15,false,128,29.36,InvokeFunction,,,LATEST,1-690eed96-0c0a43-c60f83b1543f,OnDemand,,,7510.03,
,79631A2B4FF88091BEDF80B60D44FB91-4,1762586033,FCRequestMetrics:/n-matmul-128,182,182,,,18201.63,n-matmul-128,false,8b5be02ffcf8,,c-690eed96-0cf1abd9-d03696729fbb,1762586015044,Sync,19014.97,1762586014232,21.0.3.27,false,128,22.45,InvokeFunction,,,LATEST,1-690eed9e-0c0a43-e3f9bddd0a46,OnDemand,,,812.41,
,DC13127C12C05FE53A3C463F46560AE2-8,1762586033,FCRequestMetrics:/n-matmul-128,161,161,,,19480.46,n-matmul-128,false,23c185050e4f,,c-690eed83-0cf1abd9-42d2bc137d48,1762586014215,Sync,27391.36,1762586006306,21.0.3.15,false,128,27.73,InvokeFunction,,,LATEST,1-690eed96-0c49fa-df9577274a83,OnDemand,,,7909.20,
,04AD457B2A4E5603A91424FD74D7D0F7-9,1762586033,FCRequestMetrics:/n-matmul-128,158,158,,,19239.14,n-matmul-128,false,c0065d925c86,,c-690eed83-0cf1abd9-e451cdc04672,1762586014017,Sync,26958.13,1762586006299,21.0.3.14,false,128,29.61,InvokeFunction,,,LATEST,1-690eed96-0c0a43-6727272391f6,OnDemand,,,7718.06,
,80B2B247C9D9AF2A95FDD34F1640050C-8,1762586033,FCRequestMetrics:/n-matmul-128,158,158,,,19275.75,n-matmul-128,false,ce4127663c28,,c-690eed84-0cf1abd9-d4909224eec1,1762586013980,Sync,26961.71,1762586006295,21.0.3.13,false,128,29.47,InvokeFunction,,,LATEST,1-690eed96-0c0a43-8339ba5cb1dd,OnDemand,,,7684.35,
,EB162AD5CEDC859E0500DC7BBAC4AEA6-8,1762586033,FCRequestMetrics:/n-matmul-128,182,182,,,18633.13,n-matmul-128,false,01cff2362e74,,c-690eed84-0cf1abd9-71a3383f4ef8,1762586015060,Sync,27390.96,1762586006315,21.0.3.26,false,128,27.51,InvokeFunction,,,LATEST,1-690eed96-0c0a43-73250eda1244,OnDemand,,,8745.33,
,DB24A72FC77702D7D653E666A3F5E890-8,1762586033,FCRequestMetrics:/n-matmul-128,199,199,,,17689.00,n-matmul-128,false,b1264e2772ef,,c-690eed83-0cf1abd9-7df724ab21a7,1762586015468,Sync,26826.33,1762586006334,21.0.3.17,false,128,24.47,InvokeFunction,,,LATEST,1-690eed96-0c49fa-c733f9413e5d,OnDemand,,,9132.98,
,6C640CB721ED8B0BF85E5FE5C8E7D61E-6,1762586033,FCRequestMetrics:/n-matmul-128,200,200,,,16068.54,n-matmul-128,false,2f5080738346,,c-690eed8d-0cf1abd9-670e404d2849,1762586017712,Sync,16147.98,1762586017637,21.0.3.9,false,128,29.90,InvokeFunction,,,LATEST,1-690eeda1-0c49fa-183de4619ca5,OnDemand,,,74.99,
,C1412826A6236A7731C90A92F9B4B0CE-8,1762586033,FCRequestMetrics:/n-matmul-128,169,169,,,18568.38,n-matmul-128,false,44ace84c5429,,c-690eed83-0cf1abd9-ef3a29fe5f2e,1762586014793,Sync,27054.97,1762586006308,21.0.3.22,false,128,33.20,InvokeFunction,,,LATEST,1-690eed96-0c0a43-407e0574ecdf,OnDemand,,,8485.49,
,1715E5CEAB8367704C4CBAEA4FB2B3A5-8,1762586033,FCRequestMetrics:/n-matmul-128,171,171,,,18882.63,n-matmul-128,false,d9e930eac608,,c-690eed83-0cf1abd9-acea5d3aee77,1762586014899,Sync,27471.92,1762586006310,21.0.3.24,false,128,27.50,InvokeFunction,,,LATEST,1-690eed96-0c49fa-de04a4927389,OnDemand,,,8588.43,
,793EEF9B741682B7CE08F12987FEEDB3-6,1762586033,FCRequestMetrics:/n-matmul-128,200,200,,,14542.32,n-matmul-128,false,752a8680e720,,c-690eed8d-0cf1abd9-b4396f6c1b61,1762586018599,Sync,15491.99,1762586017650,21.0.3.12,false,128,22.52,InvokeFunction,,,LATEST,1-690eeda1-0c0a43-780f0ecf456a,OnDemand,,,948.68,
,E9B4BB61A0BA18E9756EE7B0B19180D4-7,1762586033,FCRequestMetrics:/n-matmul-128,200,200,,,15820.80,n-matmul-128,false,b1fafcece7b1,,c-690eed8d-0cf1abd9-909a8a51e440,1762586018060,Sync,16240.74,1762586017643,21.0.3.11,false,128,31.63,InvokeFunction,,,LATEST,1-690eeda1-0c0a43-856ce0fc251e,OnDemand,,,416.66,
,F4DFF4453A1625B22DE49E6316B744E7-8,1762586033,FCRequestMetrics:/n-matmul-128,195,195,,,18599.10,n-matmul-128,false,5ccd9a18e737,,c-690eed84-0cf1abd9-b1659118d275,1762586015245,Sync,27516.95,1762586006332,21.0.3.19,false,128,27.58,InvokeFunction,,,LATEST,1-690eed96-0c49fa-cebfd651de60,OnDemand,,,8912.76,
,7DD8F4E1BDDE2A8A13DEFA720B6E9373-7,1762586033,FCRequestMetrics:/n-matmul-128,196,196,,,16107.47,n-matmul-128,false,be49f65ae0f9,,c-690eed8d-0cf1abd9-053a84de8167,1762586017403,Sync,16118.59,1762586017401,21.0.3.10,false,128,29.68,InvokeFunction,,,LATEST,1-690eeda1-0c49fa-c92e7c974701,OnDemand,,,1.45,
,757982FB0EC94F0DBBC2760980FCB266-7,1762586033,FCRequestMetrics:/n-matmul-128,200,200,,,13850.90,n-matmul-128,false,6448ba91ff26,,c-690eed8d-0cf1abd9-28761e13241d,1762586019659,Sync,15845.82,1762586017669,21.0.3.18,false,128,24.84,InvokeFunction,,,LATEST,1-690eeda1-0c0a43-b86bfcf44e7b,OnDemand,,,1990.58,
,3D18AA0F2F2BEC29E06D342ABCC8325D-4,1762586033,FCRequestMetrics:/n-matmul-128,156,156,,,19443.96,n-matmul-128,false,98fe8105b4b7,,c-690eed96-0cf1abd9-769da4154e8d,1762586013764,Sync,19547.49,1762586013664,21.0.3.17,false,128,22.52,InvokeFunction,,,LATEST,1-690eed9d-0c0a43-a8a91de43acc,OnDemand,,,100.23,
,83CAB58307325447A4DEA26702BA5E90-3,1762586033,FCRequestMetrics:/n-matmul-128,157,157,,,19627.84,n-matmul-128,false,03045a14e1ff,,c-690eed96-0cf1abd9-278610150dd5,1762586013927,Sync,19841.14,1762586013717,21.0.3.16,false,128,21.98,InvokeFunction,,,LATEST,1-690eed9d-0c49fa-fce1fedfbb01,OnDemand,,,210.07,
,B521370D3A6E26470A494F1D2AAFFA3F-4,1762586033,FCRequestMetrics:/n-matmul-128,161,161,,,19340.94,n-matmul-128,false,602c844bf99d,,c-690eed96-0cf1abd9-1fcc961447a6,1762586014221,Sync,21633.58,1762586011929,21.0.3.22,false,128,24.28,InvokeFunction,,,LATEST,1-690eed9b-0c49fa-ad011a8684ea,OnDemand,,,2291.80,
,623C01CD3A5A8B2E0F24E293BCB1A9E6-4,1762586033,FCRequestMetrics:/n-matmul-128,164,164,,,19171.34,n-matmul-128,false,28d5a40b4b5c,,c-690eed96-0cf1abd9-9c58647ab8e4,1762586014298,Sync,22984.76,1762586010495,21.0.3.21,false,128,23.92,InvokeFunction,,,LATEST,1-690eed9a-0c0a43-6c32fb780e31,OnDemand,,,3803.22,
,7F22DE67CC56E5CE60C18065760DFDF7-4,1762586033,FCRequestMetrics:/n-matmul-128,164,164,,,19226.08,n-matmul-128,false,6aafb671ccf7,,c-690eed96-0cf1abd9-e828e73f8bb0,1762586014269,Sync,22126.30,1762586011399,21.0.3.20,false,128,22.41,InvokeFunction,,,LATEST,1-690eed9b-0c0a43-db19c4a5a86a,OnDemand,,,2870.03,
,945898D0AF47D153C60C831EFEA93697-4,1762586033,FCRequestMetrics:/n-matmul-128,172,172,8634.17,1762586006329,19003.73,n-matmul-128,false,175f45e7fcbd,ColdStart,c-690eed96-0cf1abd9-9f8f06b7bb4c,1762586014965,Sync,36279.09,1762585997691,21.0.3.22,true,128,22.19,InvokeFunction,18.88,1762586006329,LATEST,1-690eed96-0c0a43-a33a6c2738fe,OnDemand,8615.15,1762586006348,8637.44,
,E0E0F357761D0248261EE2F10BB55343-4,1762586033,FCRequestMetrics:/n-matmul-128,172,172,,,18885.77,n-matmul-128,false,44413e12b2a5,,c-690eed96-0cf1abd9-2eb0d31dc6a8,1762586014997,Sync,27573.43,1762586006312,21.0.3.23,false,128,22.15,InvokeFunction,,,LATEST,1-690eed96-0c0a43-51d0928f0d09,OnDemand,,,8685.34,
,EBC26A7000C29ACFC3147F56410DAFC8-4,1762586033,FCRequestMetrics:/n-matmul-128,172,172,,,18808.45,n-matmul-128,false,ec97bbe6dd57,,c-690eed96-0cf1abd9-da0cdb0222d5,1762586015030,Sync,22588.94,1762586011255,21.0.3.26,false,128,22.28,InvokeFunction,,,LATEST,1-690eed9b-0c49fa-afcfb559428e,OnDemand,,,3775.18,
,2F8E8E9909DF7E4E4F6C84108E3E6391-4,1762586033,FCRequestMetrics:/n-matmul-128,172,172,,,18962.57,n-matmul-128,false,cec312802329,,c-690eed96-0cf1abd9-acd053f7b558,1762586014955,Sync,22214.34,1762586011710,21.0.3.25,false,128,22.45,InvokeFunction,,,LATEST,1-690eed9b-0c49fa-382c3de4bdb7,OnDemand,,,3244.66,
,4145F5C147116C613F389F1FA1269B40-5,1762586033,FCRequestMetrics:/n-matmul-128,171,171,,,18986.76,n-matmul-128,false,a47c00754ae4,,c-690eed96-0cf1abd9-7ad5956d5a94,1762586014928,Sync,21762.12,1762586012153,21.0.3.18,false,128,22.58,InvokeFunction,,,LATEST,1-690eed9c-0c49fa-1e6740a436ed,OnDemand,,,2774.06,
,4DF5713F052ED08D8FF3A9FDE56D7F83-8,1762586034,FCRequestMetrics:/n-matmul-128,200,200,,,18920.31,n-matmul-128,false,be9fec8342f8,,c-690eed83-0cf1abd9-b75a5db2845a,1762586015555,Sync,28138.20,1762586006338,21.0.3.21,false,128,29.41,InvokeFunction,,,LATEST,1-690eed96-0c49fa-863411b517e8,OnDemand,,,9216.92,
,4144839320AC12CCDB04B923E734740F-8,1762586034,FCRequestMetrics:/n-matmul-128,182,182,,,19679.64,n-matmul-128,false,f2237be86146,,c-690eed84-0cf1abd9-d791d9e182fe,1762586015083,Sync,28461.68,1762586006315,21.0.3.25,false,128,29.78,InvokeFunction,,,LATEST,1-690eed96-0c0a43-410fa9c77ab1,OnDemand,,,8767.50,
,0DE5178D46C5303D6977161F8DE7542A-8,1762586034,FCRequestMetrics:/n-matmul-128,195,195,,,18849.32,n-matmul-128,false,38bd945bd6ee,,c-690eed84-0cf1abd9-eaac368eb58c,1762586015301,Sync,27821.95,1762586006334,21.0.3.27,false,128,27.34,InvokeFunction,,,LATEST,1-690eed96-0c0a43-1a8878fa4acc,OnDemand,,,8967.03,
,F2FD34FA9CCCCC3E3DEB26A611CC4213-7,1762586034,FCRequestMetrics:/n-matmul-128,200,200,,,16235.21,n-matmul-128,false,8c49417d6c9f,,c-690eed8d-0cf1abd9-6bad1a022802,1762586018441,Sync,17032.43,1762586017645,21.0.3.10,false,128,29.71,InvokeFunction,,,LATEST,1-690eeda1-0c49fa-7ed4d4696baf,OnDemand,,,796.14,
,946B81964C060862F0648B190BC052AB-8,1762586034,FCRequestMetrics:/n-matmul-128,200,200,,,18445.14,n-matmul-128,false,34c40a6c9520,,c-690eed89-0cf1abd9-1687528dc8c2,1762586015915,Sync,28019.20,1762586006346,21.0.3.18,false,128,22.47,InvokeFunction,,,LATEST,1-690eed96-0c0a43-7fb50c208d41,OnDemand,,,9568.62,
,13CEFE53DDF944F177E0AA28B5E28265-8,1762586034,FCRequestMetrics:/n-matmul-128,169,169,,,19215.39,n-matmul-128,false,feed6d3496d7,,c-690eed84-0cf1abd9-08aca33fd588,1762586014801,Sync,27708.44,1762586006309,21.0.3.20,false,128,27.93,InvokeFunction,,,LATEST,1-690eed96-0c49fa-69b795347e90,OnDemand,,,8492.16,
,4EFFDB922E80D88EA45930E5C8CE9097-6,1762586034,FCRequestMetrics:/n-matmul-128,200,200,,,16654.88,n-matmul-128,false,cedb22a6eba0,,c-690eed8d-0cf1abd9-8518f5d4a430,1762586018045,Sync,17061.86,1762586017639,21.0.3.13,false,128,27.57,InvokeFunction,,,LATEST,1-690eeda1-0c0a43-77b593f37f49,OnDemand,,,406.02,
,CB6AE88BE08C9A42F2FD38BB7DE3D7AF-7,1762586034,FCRequestMetrics:/n-matmul-128,200,200,,,16155.29,n-matmul-128,false,480cb1ce5e18,,c-690eed8d-0cf1abd9-47404688a687,1762586018118,Sync,16636.18,1762586017644,21.0.3.9,false,128,27.49,InvokeFunction,,,LATEST,1-690eeda1-0c49fa-932843f14e80,OnDemand,,,474.06,
,7FCCE5A256910B58B56BBA3543AFB14E-8,1762586034,FCRequestMetrics:/n-matmul-128,188,188,,,18920.56,n-matmul-128,false,c5e4309ab4db,,c-690eed84-0cf1abd9-b684d4f05063,1762586015208,Sync,27801.09,1762586006331,21.0.3.17,false,128,27.53,InvokeFunction,,,LATEST,1-690eed96-0c49fa-6554b7fd7564,OnDemand,,,8876.31,
,81EF45F19FD54F5A67E812650F7D4DE6-7,1762586034,FCRequestMetrics:/n-matmul-128,200,200,,,14765.02,n-matmul-128,false,4c9cc9d70b19,,c-690eed8d-0cf1abd9-586cb2c3c780,1762586019773,Sync,16868.99,1762586017669,21.0.3.13,false,128,25.18,InvokeFunction,,,LATEST,1-690eeda1-0c0a43-5bfca2e3801c,OnDemand,,,2103.05,
,803897D30563305B6DBC05E884EC8EC2-4,1762586034,FCRequestMetrics:/n-matmul-128,188,188,,,19167.91,n-matmul-128,false,2a6f3444e7b4,,c-690eed96-0cf1abd9-1ae336fb64b1,1762586015148,Sync,19202.55,1762586015121,21.0.3.18,false,128,21.95,InvokeFunction,,,LATEST,1-690eed9f-0c0a43-c046ea8b4605,OnDemand,,,26.15,
,ACC61EAFD65443D198A5177BAD7DDF02-4,1762586034,FCRequestMetrics:/n-matmul-128,182,182,,,19433.63,n-matmul-128,false,3174e9129044,,c-690eed96-0cf1abd9-645e4a0c60a8,1762586015100,Sync,28229.97,1762586006329,21.0.3.25,false,128,24.41,InvokeFunction,,,LATEST,1-690eed96-0c0a43-14ea648dbd47,OnDemand,,,8770.33,
,529E5C7FB42ABB8742B7C8F9D897AD63-4,1762586034,FCRequestMetrics:/n-matmul-128,172,172,,,19025.63,n-matmul-128,false,f84b5136dce2,,c-690eed96-0cf1abd9-9ebb1a976fe6,1762586015008,Sync,21797.03,1762586012238,21.0.3.19,false,128,22.43,InvokeFunction,,,LATEST,1-690eed9c-0c49fa-4c62839c5542,OnDemand,,,2770.60,
,32F6748B54E7C116ECBA713D52BB001A-4,1762586034,FCRequestMetrics:/n-matmul-128,172,172,8654.25,1762586006327,19456.43,n-matmul-128,false,0d6fef3003c2,ColdStart,c-690eed96-0cf1abd9-86fc813866d5,1762586014982,Sync,36778.11,1762585997666,21.0.3.21,true,128,22.37,InvokeFunction,19.34,1762586006327,LATEST,1-690eed96-0c0a43-373e867115e3,OnDemand,8634.80,1762586006346,8660.58,
,B79079C424E0F07A8A390B193B002836-3,1762586034,FCRequestMetrics:/n-matmul-128,188,188,,,19203.50,n-matmul-128,false,692d15f70bf3,,c-690eed96-0cf1abd9-d94777f4e8e6,1762586015193,Sync,19290.79,1762586015111,21.0.3.24,false,128,24.54,InvokeFunction,,,LATEST,1-690eed9f-0c0a43-3e2cad68b1f2,OnDemand,,,81.48,
,1A862A83A1BC2442878624F07715F018-4,1762586034,FCRequestMetrics:/n-matmul-128,196,196,,,18877.39,n-matmul-128,false,efc22426a1fd,,c-690eed96-0cf1abd9-cf74302865f9,1762586015345,Sync,19110.42,1762586015113,21.0.3.19,false,128,24.35,InvokeFunction,,,LATEST,1-690eed9f-0c0a43-b7287ec1a2aa,OnDemand,,,231.91,
,2B4625DA72F11748201D56C345F761CD-3,1762586034,FCRequestMetrics:/n-matmul-128,196,196,,,18969.25,n-matmul-128,false,83516cd0eb74,,c-690eed96-0cf1abd9-a41f892cdd8e,1762586015355,Sync,19208.63,1762586015117,21.0.3.26,false,128,22.50,InvokeFunction,,,LATEST,1-690eed9f-0c0a43-89b1937e1e44,OnDemand,,,237.95,
,B4A81EAA9A610DB6D6C5F8ED3BF0C5D3-4,1762586034,FCRequestMetrics:/n-matmul-128,196,196,,,19308.18,n-matmul-128,false,5618ff7e0c38,,c-690eed96-0cf1abd9-fe06c54f6777,1762586015403,Sync,21054.51,1762586013659,21.0.3.20,false,128,22.43,InvokeFunction,,,LATEST,1-690eed9d-0c49fa-99751249e411,OnDemand,,,1744.13,
,BBD7AB4B6FCD8B52DAEF4384D3C02406-4,1762586034,FCRequestMetrics:/n-matmul-128,182,182,,,19266.42,n-matmul-128,false,4098b7dc32ba,,c-690eed96-0cf1abd9-f0166f4fef4a,1762586015043,Sync,22761.81,1762586011556,21.0.3.27,false,128,22.32,InvokeFunction,,,LATEST,1-690eed9b-0c0a43-436622f19a90,OnDemand,,,3486.84,
,D75FE03AF20DB179FE80EEBFA34D421E-3,1762586034,FCRequestMetrics:/n-matmul-128,199,199,,,19022.20,n-matmul-128,false,6e7425ff0dbc,,c-690eed96-0cf1abd9-51b4fedde737,1762586015472,Sync,19349.87,1762586015148,21.0.3.27,false,128,24.48,InvokeFunction,,,LATEST,1-690eed9f-0c0a43-1fe53d80f17d,OnDemand,,,324.19,
,9DB0B32669D9079C1BDD2E72F986F3FE-4,1762586034,FCRequestMetrics:/n-matmul-128,188,188,,,18930.85,n-matmul-128,false,dbf02729ce57,,c-690eed96-0cf1abd9-9cbaae6ba90d,1762586015185,Sync,22729.28,1762586011390,21.0.3.24,false,128,24.29,InvokeFunction,,,LATEST,1-690eed9b-0c0a43-3f1bc2de664f,OnDemand,,,3795.31,
,B2D9766D97B902C7A31498DC152CD74A-8,1762586034,FCRequestMetrics:/n-matmul-128,199,199,,,19386.48,n-matmul-128,false,efd1785218e5,,c-690eed84-0cf1abd9-6314f848c25e,1762586015530,Sync,28581.43,1762586006335,21.0.3.18,false,128,29.62,InvokeFunction,,,LATEST,1-690eed96-0c49fa-0b33645c0c2e,OnDemand,,,9194.03,
,4AAB0B06936D72C3AF0ED63C41634FCE-7,1762586035,FCRequestMetrics:/n-matmul-128,172,172,,,20056.63,n-matmul-128,false,d7d879e92610,,c-690eed89-0cf1abd9-cbae37f356f4,1762586014978,Sync,28727.71,1762586006311,21.0.3.17,false,128,27.62,InvokeFunction,,,LATEST,1-690eed96-0c49fa-dc6cba7015c0,OnDemand,,,8666.04,
,AD2D061C819899739344C7154478FB9D-8,1762586035,FCRequestMetrics:/n-matmul-128,200,200,,,18760.35,n-matmul-128,false,3e0e6ec3c35c,,c-690eed89-0cf1abd9-2892cad8d6af,1762586016554,Sync,28747.59,1762586006571,21.0.3.19,false,128,27.86,InvokeFunction,,,LATEST,1-690eed96-0c0a43-c15d30e9ddd6,OnDemand,,,9982.14,
,54257F6C2DE5D00C16409D9C28372284-6,1762586035,FCRequestMetrics:/n-matmul-128,200,200,,,15643.48,n-matmul-128,false,ebad9260b821,,c-690eed8d-0cf1abd9-196fc3cfa131,1762586019440,Sync,17420.18,1762586017667,21.0.3.11,false,128,22.66,InvokeFunction,,,LATEST,1-690eeda1-0c0a43-ccb7f527d241,OnDemand,,,1772.18,
,D3A5ACAA170AA2F73392865F0C2D539D-8,1762586035,FCRequestMetrics:/n-matmul-128,200,200,,,19342.73,n-matmul-128,false,6c683a9ba932,,c-690eed84-0cf1abd9-d44cbd427b7e,1762586015796,Sync,28813.37,1762586006345,21.0.3.24,false,128,29.58,InvokeFunction,,,LATEST,1-690eed96-0c49fa-d26a7750ac5d,OnDemand,,,9450.29,
,198BD0BFC963C7EBC003068011CD263F-8,1762586035,FCRequestMetrics:/n-matmul-128,200,200,,,18952.31,n-matmul-128,false,f2fc65392c05,,c-690eed84-0cf1abd9-020573621d1e,1762586016395,Sync,28956.71,1762586006395,21.0.3.27,false,128,27.73,InvokeFunction,,,LATEST,1-690eed96-0c0a43-f457246f6f76,OnDemand,,,10000.00,
,101ABB01305ADAA1C15616E72BBCE7FA-6,1762586035,FCRequestMetrics:/n-matmul-128,200,200,,,16743.97,n-matmul-128,false,985167d20b2a,,c-690eed8d-0cf1abd9-0876abaa060f,1762586018898,Sync,17993.13,1762586017657,21.0.3.15,false,128,27.53,InvokeFunction,,,LATEST,1-690eeda1-0c0a43-175a75f57bf9,OnDemand,,,1241.07,
,DD2BC95C544ACAEDCAD224B59098EF74-7,1762586035,FCRequestMetrics:/n-matmul-128,200,200,,,15377.91,n-matmul-128,false,845e91b6cf6b,,c-690eed8d-0cf1abd9-2a8cc4f964bf,1762586019809,Sync,17512.92,1762586017675,21.0.3.20,false,128,30.03,InvokeFunction,,,LATEST,1-690eeda1-0c49fa-ecf99406d00b,OnDemand,,,2134.11,
,3C976305C481D3458F52892B2010ED59-6,1762586035,FCRequestMetrics:/n-matmul-128,200,200,,,15371.10,n-matmul-128,false,2413d1c7f8a6,,c-690eed8d-0cf1abd9-366b26390b4b,1762586019845,Sync,17544.15,1762586017675,21.0.3.14,false,128,27.30,InvokeFunction,,,LATEST,1-690eeda1-0c49fa-86259334668a,OnDemand,,,2169.78,
,0D0B5399E6C73F2546BD22845DA04E21-8,1762586035,FCRequestMetrics:/n-matmul-128,197,197,,,18920.74,n-matmul-128,false,47a596ce3adb,,c-690eed84-0cf1abd9-1234c0f5f235,1762586016989,Sync,18922.65,1762586016988,21.0.3.21,false,128,27.52,InvokeFunction,,,LATEST,1-690eeda0-0c0a43-bbb4fa9fb034,OnDemand,,,0.63,
,B9CC31614084CD73FC6E2CD9504361BE-7,1762586036,FCRequestMetrics:/n-matmul-128,200,200,,,19783.09,n-matmul-128,false,6211d0e2f318,,c-690eed84-0cf1abd9-9c5b9e84230e,1762586016279,Sync,29710.28,1762586006353,21.0.3.18,false,128,27.43,InvokeFunction,,,LATEST,1-690eed96-0c49fa-7fb309f383a1,OnDemand,,,9925.67,
,268F3D3C46E38184A5EB5CF616A731E0-7,1762586036,FCRequestMetrics:/n-matmul-128,200,200,,,20380.19,n-matmul-128,false,0833dc1a5c1e,,c-690eed84-0cf1abd9-aec18b43eff0,1762586016003,Sync,30034.34,1762586006350,21.0.3.20,false,128,29.70,InvokeFunction,,,LATEST,1-690eed96-0c49fa-37797d0fe22b,OnDemand,,,9652.38,
,582B2FD610CE36EC9001D437122DA7DE-8,1762586036,FCRequestMetrics:/n-matmul-128,200,200,,,20123.47,n-matmul-128,false,6d8c2f880a16,,c-690eed84-0cf1abd9-51ea92789350,1762586016084,Sync,29896.23,1762586006351,21.0.3.23,false,128,27.48,InvokeFunction,,,LATEST,1-690eed96-0c49fa-bf62f4cfdff9,OnDemand,,,9732.04,
,C6D042B3AA8F55B11A4AF85F00682BEA-8,1762586036,FCRequestMetrics:/n-matmul-128,200,200,,,20089.19,n-matmul-128,false,7399f831961f,,c-690eed84-0cf1abd9-757f054c6418,1762586016576,Sync,30090.46,1762586006575,21.0.3.26,false,128,27.19,InvokeFunction,,,LATEST,1-690eed96-0c49fa-d5fdd2598a93,OnDemand,,,10000.34,
,92B3129F074210C7D1784E258F56EC8E-7,1762586036,FCRequestMetrics:/n-matmul-128,200,200,,,15846.92,n-matmul-128,false,54fdf7469d4b,,c-690eed8d-0cf1abd9-e3d670f7e404,1762586020219,Sync,18388.04,1762586017691,21.0.3.16,false,128,29.83,InvokeFunction,,,LATEST,1-690eeda1-0c0a43-1a22b728e6be,OnDemand,,,2527.69,
,F1380D3BB03512FD19661F5DE4097BAA-7,1762586036,FCRequestMetrics:/n-matmul-128,200,200,,,16903.31,n-matmul-128,false,5c25a51ee6b0,,c-690eed8d-0cf1abd9-90163845d713,1762586019375,Sync,18613.27,1762586017665,21.0.3.19,false,128,29.20,InvokeFunction,,,LATEST,1-690eeda1-0c49fa-4b174506928b,OnDemand,,,1708.96,
,3641BD03B2EDD337A1E5E07D16D4DE1D-6,1762586036,FCRequestMetrics:/n-matmul-128,200,200,,,16432.60,n-matmul-128,false,74c2be7ed7bc,,c-690eed8d-0cf1abd9-611a2133a545,1762586020213,Sync,18959.56,1762586017690,21.0.3.12,false,128,27.95,InvokeFunction,,,LATEST,1-690eeda1-0c0a43-58f72ceb57e8,OnDemand,,,2522.41,
,FE62E48614DA949DAF3789D4806A512D-9,1762586036,FCRequestMetrics:/n-matmul-128,197,197,,,18543.07,n-matmul-128,false,4823d83c18dc,,c-690eed89-0cf1abd9-5b9582f39990,1762586017627,Sync,18547.10,1762586017626,21.0.3.21,false,128,27.69,InvokeFunction,,,LATEST,1-690eeda1-0c49fa-53f9c550f5f8,OnDemand,,,1.12,
,DFB2C1B044EC33FF240D44307D6249FE-7,1762586036,FCRequestMetrics:/n-matmul-128,197,197,,,18667.21,n-matmul-128,false,ecb9a7fba850,,c-690eed89-0cf1abd9-8077c2c72a30,1762586017629,Sync,18669.56,1762586017627,21.0.3.20,false,128,22.68,InvokeFunction,,,LATEST,1-690eeda1-0c0a43-6b6c06854b32,OnDemand,,,0.49,
,530FE0259011E1488EC5E3B38AE725E0-9,1762586036,FCRequestMetrics:/n-matmul-128,197,197,,,19202.60,n-matmul-128,false,84f6be032d7a,,c-690eed84-0cf1abd9-3f0610e48d26,1762586017670,Sync,19232.40,1762586017665,21.0.3.22,false,128,27.85,InvokeFunction,,,LATEST,1-690eeda1-0c0a43-76c6902fb8ce,OnDemand,,,0.48,
,A8FF43E92F4D978DEA7FF72424BA415A-8,1762586036,FCRequestMetrics:/n-matmul-128,196,196,,,19457.35,n-matmul-128,false,00a0b8d7795c,,c-690eed84-0cf1abd9-d5f620461f53,1762586017527,Sync,19464.36,1762586017523,21.0.3.25,false,128,27.48,InvokeFunction,,,LATEST,1-690eeda1-0c49fa-d2b29b835c7e,OnDemand,,,1.24,
,40D0187C79EB93AE6164DB021EB45BA3-7,1762586037,FCRequestMetrics:/n-matmul-128,200,200,,,16614.92,n-matmul-128,false,c2355a18488a,,c-690eed8d-0cf1abd9-4bc4ed912672,1762586020732,Sync,19656.07,1762586017696,21.0.3.19,false,128,22.44,InvokeFunction,,,LATEST,1-690eeda1-0c0a43-f8e0400745dd,OnDemand,,,3034.86,
,BE75DB22015500E11A374D96AAD193DE-7,1762586037,FCRequestMetrics:/n-matmul-128,200,200,,,17125.35,n-matmul-128,false,14ce103419c8,,c-690eed8d-0cf1abd9-d2956975d9ee,1762586020820,Sync,20241.05,1762586017713,21.0.3.24,false,128,31.45,InvokeFunction,,,LATEST,1-690eeda1-0c49fa-40241c6cd153,OnDemand,,,3106.54,
,F658B3CD8413B0D988AE185DF0BE18DD-7,1762586037,FCRequestMetrics:/n-matmul-128,200,200,,,16389.88,n-matmul-128,false,959cca596465,,c-690eed8d-0cf1abd9-0ed53fa70580,1762586021148,Sync,19799.25,1762586017739,21.0.3.23,false,128,27.51,InvokeFunction,,,LATEST,1-690eeda1-0c0a43-26f7f590bae6,OnDemand,,,3408.21,
,06C1AECF0F54657A09035580DC6D0DB0-6,1762586037,FCRequestMetrics:/n-matmul-128,200,200,,,16882.13,n-matmul-128,false,d73180f2ad0e,,c-690eed8d-0cf1abd9-22bbe3b454d8,1762586020841,Sync,20013.55,1762586017714,21.0.3.22,false,128,27.47,InvokeFunction,,,LATEST,1-690eeda1-0c49fa-c1e8aa138722,OnDemand,,,3126.60,
,6A8383338392512084A14C3EC7DB7CCC-7,1762586037,FCRequestMetrics:/n-matmul-128,200,200,,,18550.42,n-matmul-128,false,d95f8edd3264,,c-690eed8d-0cf1abd9-54a1d269f410,1762586018742,Sync,19613.27,1762586017688,21.0.3.15,false,128,27.23,InvokeFunction,,,LATEST,1-690eeda1-0c49fa-3a00162fb7e8,OnDemand,,,1043.47,
,7C3C6C39706B9E9A5E45EA0795F361E3-8,1762586037,FCRequestMetrics:/n-matmul-128,200,200,,,16857.63,n-matmul-128,false,daf840027305,,c-690eed8d-0cf1abd9-998f2d849ede,1762586020858,Sync,19998.93,1762586017718,21.0.3.14,false,128,29.45,InvokeFunction,,,LATEST,1-690eeda1-0c0a43-91224020cc82,OnDemand,,,3138.96,
,E25E5AC81214735572C3101D35F1B078-7,1762586038,FCRequestMetrics:/n-matmul-128,200,200,,,17594.21,n-matmul-128,false,23a95b7b22dd,,c-690eed8d-0cf1abd9-05804b5e6825,1762586020785,Sync,20668.63,1762586017711,21.0.3.17,false,128,27.70,InvokeFunction,,,LATEST,1-690eeda1-0c49fa-03c0b24975dc,OnDemand,,,3073.73,
,46452AD4646881BB08C6B59B48AEDFBA-7,1762586038,FCRequestMetrics:/n-matmul-128,200,200,,,16035.03,n-matmul-128,false,db5d7adaa422,,c-690eed8d-0cf1abd9-7d73f845b0a5,1762586022960,Sync,21234.31,1762586017762,21.0.3.25,false,128,29.83,InvokeFunction,,,LATEST,1-690eeda1-0c0a43-2d8fc8dac307,OnDemand,,,5198.37,
,C7EF96C9FA36BA4241E0BBE4133D0AE3-8,1762586038,FCRequestMetrics:/n-matmul-128,200,200,,,18545.86,n-matmul-128,false,143002e59623,,c-690eed8d-0cf1abd9-5277dcd6704a,1762586020096,Sync,20965.43,1762586017677,21.0.3.22,false,128,29.12,InvokeFunction,,,LATEST,1-690eeda1-0c0a43-c04b59a4f197,OnDemand,,,2418.84,
,40091B2BA89130F46C3ED4AE484A882F-8,1762586038,FCRequestMetrics:/n-matmul-128,200,200,,,18270.41,n-matmul-128,false,2764cfd363fa,,c-690eed8d-0cf1abd9-243670775407,1762586020317,Sync,20891.48,1762586017701,21.0.3.24,false,128,37.55,InvokeFunction,,,LATEST,1-690eeda1-0c49fa-16f4de3190e0,OnDemand,,,2616.06,
,C3D70BE59EDDE2E3BAD7D26871BEFCC2-8,1762586038,FCRequestMetrics:/n-matmul-128,200,200,,,17506.65,n-matmul-128,false,5c7d778afaae,,c-690eed8d-0cf1abd9-f42778f29da4,1762586020731,Sync,20531.71,1762586017709,21.0.3.17,false,128,29.57,InvokeFunction,,,LATEST,1-690eeda1-0c0a43-cabd6e1866cc,OnDemand,,,3022.30,
,4E6EE341D6B7F4B5F00204E676B0421F-5,1762586038,FCRequestMetrics:/n-matmul-128,200,200,,,16432.87,n-matmul-128,false,511d80c68358,,c-690eed8d-0cf1abd9-efed7d33773f,1762586022021,Sync,20712.61,1762586017742,21.0.3.18,false,128,27.25,InvokeFunction,,,LATEST,1-690eeda1-0c49fa-0729d1140cfb,OnDemand,,,4278.81,
,5631503C851C331FBCC55A7B595279F5-7,1762586038,FCRequestMetrics:/n-matmul-128,201,201,,,14303.60,n-matmul-128,false,dd31d4d13109,,c-690eed96-0cf1abd9-3b123f53c475,1762586024480,Sync,21015.78,1762586017768,21.0.3.12,false,128,27.21,InvokeFunction,,,LATEST,1-690eeda1-0c0a43-8fc925870719,OnDemand,,,6711.40,
,8BD4AD9E3D09406FDF72A2C557E65602-8,1762586038,FCRequestMetrics:/n-matmul-128,200,200,,,17205.70,n-matmul-128,false,b921ac706f30,,c-690eed8d-0cf1abd9-a5d5bfafa5f0,1762586021662,Sync,21129.01,1762586017740,21.0.3.20,false,128,27.86,InvokeFunction,,,LATEST,1-690eeda1-0c0a43-28dcbf50238b,OnDemand,,,3921.95,
,5FA82E0D11A2F01A283861FD9A436B86-8,1762586039,FCRequestMetrics:/n-matmul-128,200,200,,,19676.65,n-matmul-128,false,47b6a53f01e9,,c-690eed8d-0cf1abd9-3ba5efb311dc,1762586019707,Sync,21717.84,1762586017670,21.0.3.23,false,128,27.20,InvokeFunction,,,LATEST,1-690eeda1-0c49fa-161633f75fa2,OnDemand,,,2037.30,
,76D617CB71485C23C9F7230DC75F302E-8,1762586039,FCRequestMetrics:/n-matmul-128,200,200,,,18894.93,n-matmul-128,false,b7a64c32d5d5,,c-690eed8d-0cf1abd9-7d7906dde49b,1762586020504,Sync,21708.61,1762586017695,21.0.3.25,false,128,27.39,InvokeFunction,,,LATEST,1-690eeda1-0c49fa-5207bf3d4125,OnDemand,,,2808.48,
,8D8C440FC3E34DBB9F1F04BB26D5634E-B,1762586039,FCRequestMetrics:/n-matmul-128,202,202,,,14261.67,n-matmul-128,false,524d7b1ff122,,c-690eed85-0cf1abd9-5f56757a5335,1762586024749,Sync,21240.15,1762586017771,21.0.3.9,false,128,29.71,InvokeFunction,,,LATEST,1-690eeda1-0c0a43-1019713340fe,OnDemand,,,6977.48,
,35684BB25099CBEDA839F3453B345BB7-8,1762586039,FCRequestMetrics:/n-matmul-128,200,200,,,18033.06,n-matmul-128,false,4704e96ceb34,,c-690eed8d-0cf1abd9-0b031bc7876b,1762586021012,Sync,21364.63,1762586017738,21.0.3.16,false,128,27.69,InvokeFunction,,,LATEST,1-690eeda1-0c49fa-34c061346f9d,OnDemand,,,3274.32,
,72B0763C812343F54C4768A450A14952-8,1762586039,FCRequestMetrics:/n-matmul-128,200,200,,,17100.71,n-matmul-128,false,cf26af28e3d5,,c-690eed8d-0cf1abd9-53316fbc9c29,1762586022228,Sync,21588.43,1762586017741,21.0.3.21,false,128,27.44,InvokeFunction,,,LATEST,1-690eeda1-0c0a43-4f3b37810f3c,OnDemand,,,4486.57,
,C6012E9AF904BFC7F82B587139A7052F-7,1762586039,FCRequestMetrics:/n-matmul-128,202,202,,,14629.11,n-matmul-128,false,08ad0ef23948,,c-690eed96-0cf1abd9-776d52a791a0,1762586024744,Sync,21613.02,1762586017769,21.0.3.9,false,128,22.45,InvokeFunction,,,LATEST,1-690eeda1-0c49fa-49df7b81c2b3,OnDemand,,,6974.56,
,3DBA81FE1FDC810A3B598CDA1A88AB60-8,1762586040,FCRequestMetrics:/n-matmul-128,200,200,,,19136.05,n-matmul-128,false,6b13c5a9a7ea,,c-690eed8d-0cf1abd9-58271c35b033,1762586021035,Sync,22438.15,1762586017739,21.0.3.26,false,128,27.39,InvokeFunction,,,LATEST,1-690eeda1-0c49fa-df8d77f8fd5a,OnDemand,,,3296.18,
,AA4F50678A1127D06BAF7C6E1EB093FA-8,1762586040,FCRequestMetrics:/n-matmul-128,200,200,,,19485.51,n-matmul-128,false,280167d0cedf,,c-690eed8d-0cf1abd9-a97014d5fff8,1762586020961,Sync,22719.62,1762586017736,21.0.3.27,false,128,27.54,InvokeFunction,,,LATEST,1-690eeda1-0c0a43-69a057a8a196,OnDemand,,,3225.02,
,92F96CFC59521BF63B429A4C99FA99CB-B,1762586040,FCRequestMetrics:/n-matmul-128,206,206,,,13706.11,n-matmul-128,false,b73e8dfdb3e1,,c-690eed85-0cf1abd9-c0e8aad62b67,1762586026639,Sync,22543.35,1762586017802,21.0.3.10,false,128,23.89,InvokeFunction,,,LATEST,1-690eeda1-0c0a43-e56fb783aa5b,OnDemand,,,8836.42,
,8AE5E5DD376D8B6BBC87B2F900A287DB-B,1762586040,FCRequestMetrics:/n-matmul-128,206,206,,,14034.31,n-matmul-128,false,7a13a20b921a,,c-690eed85-0cf1abd9-64d3ea47bde3,1762586026940,Sync,23162.27,1762586017813,21.0.3.13,false,128,29.90,InvokeFunction,,,LATEST,1-690eeda1-0c0a43-c965b88d0cf5,OnDemand,,,9127.01,
,B3D0E276D29FCA59C6A2FD9A6053BFF8-7,1762586040,FCRequestMetrics:/n-matmul-128,206,206,,,14281.48,n-matmul-128,false,8f00d7dabb61,,c-690eed96-0cf1abd9-f9cad621699b,1762586026565,Sync,23078.87,1762586017784,21.0.3.26,false,128,29.94,InvokeFunction,,,LATEST,1-690eeda1-0c0a43-8f70698aa9b4,OnDemand,,,8781.02,
,FBD8C56E27722E3A762AD34A166289FF-6,1762586041,FCRequestMetrics:/n-matmul-128,204,204,,,15363.41,n-matmul-128,false,b0aff5fb1ab1,,c-690eed96-0cf1abd9-13352bc917ad,1762586026107,Sync,23694.57,1762586017777,21.0.3.8,false,128,80.04,InvokeFunction,,,LATEST,1-690eeda1-0c0a43-c88869cd8be1,OnDemand,,,8330.21,
,54FD7E1C16E33CD5A572B96CB27C6F6C-6,1762586041,FCRequestMetrics:/n-matmul-128,204,204,,,15620.77,n-matmul-128,false,e563746bf006,,c-690eed96-0cf1abd9-aba818b27a54,1762586025390,Sync,23247.40,1762586017773,21.0.3.26,false,128,28.15,InvokeFunction,,,LATEST,1-690eeda1-0c49fa-a3fb084249b4,OnDemand,,,7616.34,
,BA5A16F182CE3ABF620021ACFE7D7011-6,1762586041,FCRequestMetrics:/n-matmul-128,201,201,,,17524.01,n-matmul-128,false,bb393646e560,,c-690eed96-0cf1abd9-3dded35d4062,1762586024420,Sync,24176.50,1762586017768,21.0.3.8,false,128,76.69,InvokeFunction,,,LATEST,1-690eeda1-0c49fa-5ddbf0dcb279,OnDemand,,,6651.72,
,C7D2A82C4522CA8A251B518A5412EBB2-7,1762586041,FCRequestMetrics:/n-matmul-128,204,204,,,16048.65,n-matmul-128,false,4b354849f527,,c-690eed96-0cf1abd9-72da89fa2b61,1762586025482,Sync,23757.56,1762586017774,21.0.3.21,false,128,27.90,InvokeFunction,,,LATEST,1-690eeda1-0c49fa-1c35bdfb59e9,OnDemand,,,7707.77,
,41C8E8C026B88A3FDC7027A22DD65441-B,1762586041,FCRequestMetrics:/n-matmul-128,206,206,,,14745.72,n-matmul-128,false,0e85519b1ae8,,c-690eed85-0cf1abd9-a830e80c9d58,1762586027027,Sync,23965.37,1762586017814,21.0.3.12,false,128,27.70,InvokeFunction,,,LATEST,1-690eeda1-0c49fa-b1aab47d65ec,OnDemand,,,9213.34,
,4D0C87630DE75182644B9E4D5295586B-B,1762586041,FCRequestMetrics:/n-matmul-128,206,206,,,14309.17,n-matmul-128,false,ce613473cf37,,c-690eed85-0cf1abd9-2f0a1317ca81,1762586026778,Sync,23281.66,1762586017806,21.0.3.11,false,128,27.68,InvokeFunction,,,LATEST,1-690eeda1-0c0a43-bd0cc57064c4,OnDemand,,,8971.57,
,3E533AA8FAF2B84350E8C259DEC8E798-7,1762586041,FCRequestMetrics:/n-matmul-128,204,204,,,16037.61,n-matmul-128,false,04c7bf8df02f,,c-690eed96-0cf1abd9-474755af5c04,1762586025472,Sync,23747.11,1762586017774,21.0.3.10,false,128,27.60,InvokeFunction,,,LATEST,1-690eeda1-0c0a43-3f977ca172a9,OnDemand,,,7698.20,
,CEBE4DE47CD58B3FB8C58509A1292CE6-A,1762586041,FCRequestMetrics:/n-matmul-128,206,206,,,14517.01,n-matmul-128,false,f06ea0952339,,c-690eed85-0cf1abd9-158fa1fe0ffd,1762586026830,Sync,23535.72,1762586017811,21.0.3.14,false,128,27.54,InvokeFunction,,,LATEST,1-690eeda1-0c49fa-694ae4e7835a,OnDemand,,,9017.98,
,8BF05F1C242706C79550D7B32CA90C86-7,1762586041,FCRequestMetrics:/n-matmul-128,204,204,,,14805.59,n-matmul-128,false,54332440cef2,,c-690eed96-0cf1abd9-e216e2341a60,1762586026234,Sync,23258.73,1762586017782,21.0.3.24,false,128,29.74,InvokeFunction,,,LATEST,1-690eeda1-0c49fa-598ff4baa799,OnDemand,,,8452.19,
,890DC515470C0D64B7BCB1DEAC8D6597-6,1762586041,FCRequestMetrics:/n-matmul-128,206,206,,,14629.87,n-matmul-128,false,ed39d36f7908,,c-690eed96-0cf1abd9-0e620186c5f3,1762586026923,Sync,23743.54,1762586017812,21.0.3.25,false,128,29.82,InvokeFunction,,,LATEST,1-690eeda1-0c49fa-075ed597c57c,OnDemand,,,9110.76,
,3264C158E2D5E5DEFE085BA619A247E7-7,1762586042,FCRequestMetrics:/n-matmul-128,204,204,,,16763.89,n-matmul-128,false,0f7eccb6ce30,,c-690eed96-0cf1abd9-e222a82ad173,1762586025501,Sync,24490.90,1762586017775,21.0.3.4,false,128,27.82,InvokeFunction,,,LATEST,1-690eeda1-0c49fa-550d0df8205b,OnDemand,,,7725.87,
,2E495B2CAC791BF5DF5ED6AA835AFB7D-7,1762586042,FCRequestMetrics:/n-matmul-128,206,206,,,15468.44,n-matmul-128,false,a1e594fd58b9,,c-690eed96-0cf1abd9-438cb8917382,1762586027151,Sync,24805.65,1762586017816,21.0.3.9,false,128,24.69,InvokeFunction,,,LATEST,1-690eeda1-0c0a43-b3831d65cd71,OnDemand,,,9334.81,
,2255CA33B5278BAE9F851AD47714358B-7,1762586042,FCRequestMetrics:/n-matmul-128,206,206,,,15792.48,n-matmul-128,false,54cc386b80a2,,c-690eed96-0cf1abd9-3739867da5d5,1762586026758,Sync,24749.77,1762586017804,21.0.3.23,false,128,31.88,InvokeFunction,,,LATEST,1-690eeda1-0c49fa-9e06f331280e,OnDemand,,,8953.61,
,63DE596157EC5C3204595F887449B280-7,1762586042,FCRequestMetrics:/n-matmul-128,209,209,,,14892.25,n-matmul-128,false,1ee48239c919,,c-690eed96-0cf1abd9-7fba4a37caaa,1762586027636,Sync,24676.30,1762586017853,21.0.3.10,false,128,22.58,InvokeFunction,,,LATEST,1-690eeda1-0c0a43-be666a8bed2b,OnDemand,,,9783.02,
,A9D18AD4109C30D5E34A6CADD737B686-B,1762586042,FCRequestMetrics:/n-matmul-128,206,206,,,15049.73,n-matmul-128,false,07c49809bd2c,,c-690eed85-0cf1abd9-a441473e8758,1762586027248,Sync,24458.92,1762586017844,21.0.3.16,false,128,29.59,InvokeFunction,,,LATEST,1-690eeda1-0c49fa-57286c731ce0,OnDemand,,,9404.12,
,3FA5063DFE5456024B083E53482C60F0-7,1762586042,FCRequestMetrics:/n-matmul-128,206,206,,,15404.22,n-matmul-128,false,3222ec60138b,,c-690eed96-0cf1abd9-dee09d3a553a,1762586026762,Sync,24361.99,1762586017805,21.0.3.22,false,128,28.05,InvokeFunction,,,LATEST,1-690eeda1-0c0a43-85f03ea52e29,OnDemand,,,8956.87,
,BB4ED00B22F6D0F50600682ABF2615D9-B,1762586042,FCRequestMetrics:/n-matmul-128,210,210,,,14580.58,n-matmul-128,false,b56edd595e8c,,c-690eed85-0cf1abd9-7e6421936614,1762586027976,Sync,24700.94,1762586017857,21.0.3.15,false,128,27.26,InvokeFunction,,,LATEST,1-690eeda1-0c49fa-5f6dd3528df6,OnDemand,,,10119.30,
,B0234B70AFAFEAEF517C2172ED2CFEB6-6,1762586042,FCRequestMetrics:/n-matmul-128,207,207,,,14942.13,n-matmul-128,false,9bfb01ae65a2,,c-690eed96-0cf1abd9-df0c068d62fa,1762586027478,Sync,24570.16,1762586017851,21.0.3.27,false,128,29.99,InvokeFunction,,,LATEST,1-690eeda1-0c0a43-deaf44e40bad,OnDemand,,,9627.02,
,3433EFF5035DFC81D88241B3272689AA-7,1762586042,FCRequestMetrics:/n-matmul-128,206,206,,,14924.41,n-matmul-128,false,c140f4eda296,,c-690eed96-0cf1abd9-4c27d9d9f1af,1762586027392,Sync,24473.70,1762586017847,21.0.3.13,false,128,22.68,InvokeFunction,,,LATEST,1-690eeda1-0c49fa-9af116d69413,OnDemand,,,9545.00,
,53490AF45D0CAE7E1F17D51FAE4D1EBC-B,1762586042,FCRequestMetrics:/n-matmul-128,211,211,,,14036.00,n-matmul-128,false,7a0078b53609,,c-690eed85-0cf1abd9-fb724a08a16a,1762586028693,Sync,24667.60,1762586018081,21.0.3.20,false,128,27.57,InvokeFunction,,,LATEST,1-690eeda2-0c49fa-fdbca3343af5,OnDemand,,,10612.00,
,E3A10F33112D22B99CDFAE6B3DA5F427-B,1762586042,FCRequestMetrics:/n-matmul-128,212,212,,,13648.33,n-matmul-128,false,7c04ccbbdae4,,c-690eed85-0cf1abd9-4dc3fba76450,1762586028827,Sync,23838.50,1762586018637,21.0.3.23,false,128,27.70,InvokeFunction,,,LATEST,1-690eeda2-0c0a43-3db7eeceed31,OnDemand,,,10189.26,
,609BB87232F313E7E1EE3C8255B3B0B3-A,1762586042,FCRequestMetrics:/n-matmul-128,210,210,,,14007.71,n-matmul-128,false,3722a439771f,,c-690eed85-0cf1abd9-2c911ea6008b,1762586028228,Sync,24327.60,1762586017909,21.0.3.24,false,128,27.71,InvokeFunction,,,LATEST,1-690eeda1-0c0a43-6c7dd2b71fd0,OnDemand,,,10319.06,
,E70120467209C5072F9BAC96939FF425-B,1762586042,FCRequestMetrics:/n-matmul-128,209,209,,,14588.16,n-matmul-128,false,57a49bda52a7,,c-690eed85-0cf1abd9-89090d6612f0,1762586027857,Sync,24593.58,1762586017852,21.0.3.8,false,128,77.64,InvokeFunction,,,LATEST,1-690eeda1-0c49fa-e1562ea99ab5,OnDemand,,,10004.38,
,00F741ED552D957855AA9DEA31925A77-B,1762586043,FCRequestMetrics:/n-matmul-128,210,210,,,15525.48,n-matmul-128,false,478f63eb8cbf,,c-690eed85-0cf1abd9-026f6407b0f7,1762586028387,Sync,25982.68,1762586017933,21.0.3.17,false,128,27.45,InvokeFunction,,,LATEST,1-690eeda1-0c49fa-6a4787548c48,OnDemand,,,10454.20,
,2BD77D43468911AB831A8F7E54DB0C85-7,1762586043,FCRequestMetrics:/n-matmul-128,210,210,,,15305.77,n-matmul-128,false,b7def3b75118,,c-690eed96-0cf1abd9-52afc540c138,1762586028204,Sync,25628.54,1762586017886,21.0.3.12,false,128,24.13,InvokeFunction,,,LATEST,1-690eeda1-0c49fa-406b033e539d,OnDemand,,,10317.17,
,58CCD2DE8E2B0B4D1F6EB957F7930236-B,1762586043,FCRequestMetrics:/n-matmul-128,210,210,,,14937.84,n-matmul-128,false,6736357c0448,,c-690eed85-0cf1abd9-39066bb81db1,1762586028406,Sync,25413.07,1762586017937,21.0.3.25,false,128,22.21,InvokeFunction,,,LATEST,1-690eeda1-0c0a43-31d5db84cd26,OnDemand,,,10468.99,
,1E5A568CAB040985CEDDB2A885818A73-B,1762586043,FCRequestMetrics:/n-matmul-128,210,210,,,15790.81,n-matmul-128,false,9b8c773cba2a,,c-690eed85-0cf1abd9-1ba29434816d,1762586028188,Sync,26095.69,1762586017884,21.0.3.26,false,128,27.46,InvokeFunction,,,LATEST,1-690eeda1-0c0a43-06c294ffb377,OnDemand,,,10303.59,
,13012196C53F5375DA6D7E0B0AED40BD-7,1762586043,FCRequestMetrics:/n-matmul-128,210,210,,,15459.13,n-matmul-128,false,ced19e0e4fae,,c-690eed96-0cf1abd9-26d3f0e782b3,1762586028513,Sync,26044.14,1762586017937,21.0.3.11,false,128,29.72,InvokeFunction,,,LATEST,1-690eeda1-0c0a43-68707932097c,OnDemand,,,10575.18,
,54A8EF52FEEB808422ACE2DD57D8BC40-A,1762586044,FCRequestMetrics:/n-matmul-128,220,220,,,14246.00,n-matmul-128,false,8ea75ea0c289,,c-690eed85-0cf1abd9-e9c69a3d7dd0,1762586030360,Sync,16935.88,1762586027671,21.0.3.18,false,128,22.81,InvokeFunction,,,LATEST,1-690eedab-0c49fa-2422c13b1be3,OnDemand,,,2688.93,
,854208CFC0E05FFDDD72E5ADF6DFFFF4-B,1762586044,FCRequestMetrics:/n-matmul-128,219,219,,,14527.52,n-matmul-128,false,6fbf459d1081,,c-690eed85-0cf1abd9-ab34e7bc676a,1762586029892,Sync,23444.54,1762586020975,21.0.3.22,false,128,27.32,InvokeFunction,,,LATEST,1-690eeda4-0c49fa-95f6fc3c2d6f,OnDemand,,,8911.68,
,CFF6118976523AD8F98948CDFB5A2CFF-A,1762586044,FCRequestMetrics:/n-matmul-128,219,219,,,14268.97,n-matmul-128,false,0fc3660777ab,,c-690eed85-0cf1abd9-4b579c30d7a8,1762586029902,Sync,21173.65,1762586022998,21.0.3.19,false,128,29.76,InvokeFunction,,,LATEST,1-690eeda6-0c0a43-ee5e9f44e70f,OnDemand,,,6898.82,
,D143AE44C19E26F9220F758DFE51775E-8,1762586044,FCRequestMetrics:/n-matmul-128,210,210,,,16449.49,n-matmul-128,false,7cc6d641bed2,,c-690eed96-0cf1abd9-0cb5743955c5,1762586028162,Sync,26750.90,1762586017862,21.0.3.17,false,128,27.16,InvokeFunction,,,LATEST,1-690eeda1-0c49fa-63744a0f72ee,OnDemand,,,10300.44,
,ED8A5D906254A8A3D3B49041BA3A12A8-8,1762586044,FCRequestMetrics:/n-matmul-128,211,211,,,16329.17,n-matmul-128,false,c3153ac2927e,,c-690eed96-0cf1abd9-dd35abc0aac0,1762586028591,Sync,26929.52,1762586017991,21.0.3.16,false,128,27.91,InvokeFunction,,,LATEST,1-690eeda1-0c49fa-1a385c5eeee1,OnDemand,,,10599.52,
,726276DB65DF441CF9FFA978FD3617F1-3,1762586044,FCRequestMetrics:/n-matmul-128,200,200,2985.24,1762586019995,21098.01,n-matmul-128,false,56d2cb735fb5,ColdStart,c-690eeda5-0cf1abd9-411ea4a01e98,1762586022984,Sync,29521.94,1762586014561,21.0.3.6,true,128,80.50,InvokeFunction,2.18,1762586019995,LATEST,1-690eeda2-0c49fa-dc1cea4887cc,OnDemand,2982.93,1762586019997,5433.43,
,79733AC446DF412BC6F18C2B63B5677F-7,1762586044,FCRequestMetrics:/n-matmul-128,210,210,,,15953.91,n-matmul-128,false,b193e3418700,,c-690eed96-0cf1abd9-647659e129ba,1762586028530,Sync,26512.33,1762586017972,21.0.3.15,false,128,29.72,InvokeFunction,,,LATEST,1-690eeda1-0c0a43-dcd35a0448ea,OnDemand,,,10557.35,
,CD41B0AD1C8EC375FCF48EF027FC064B-B,1762586044,FCRequestMetrics:/n-matmul-128,226,226,,,13973.12,n-matmul-128,false,83be9297cbaa,,c-690eed8d-0cf1abd9-ab9c8f59b975,1762586030837,Sync,15893.63,1762586028957,21.0.3.8,false,128,84.07,InvokeFunction,,,LATEST,1-690eedac-0c49fa-5424c6843211,OnDemand,,,1880.28,
,342C1F773CD379DB41F0F3ADE9815760-6,1762586044,FCRequestMetrics:/n-matmul-128,220,220,,,14265.79,n-matmul-128,false,54f5fbffcf0b,,c-690eed96-0cf1abd9-280bb0eca0e1,1762586030248,Sync,17698.98,1762586026815,21.0.3.19,false,128,29.95,InvokeFunction,,,LATEST,1-690eedaa-0c49fa-519c3dbe431d,OnDemand,,,3432.32,
,E98F2BCF2DED1F74ED59CCC9A89D0D4B-B,1762586045,FCRequestMetrics:/n-matmul-128,218,218,,,15778.47,n-matmul-128,false,8faa2a99de85,,c-690eed86-0cf1abd9-d8df9633eb55,1762586029351,Sync,24590.19,1762586020540,21.0.3.21,false,128,27.61,InvokeFunction,,,LATEST,1-690eeda4-0c0a43-fcdff0518d9d,OnDemand,,,8810.88,
,04F995287DA1DFFB1087C26FDCCA558E-7,1762586045,FCRequestMetrics:/n-matmul-128,214,214,,,16117.20,n-matmul-128,false,ae45e8272254,,c-690eed96-0cf1abd9-4f0e71ad03f2,1762586028883,Sync,25303.19,1762586019698,21.0.3.14,false,128,28.43,InvokeFunction,,,LATEST,1-690eeda3-0c49fa-9ecb64a5e1d4,OnDemand,,,9184.89,
,ECE2A195B7556DEA0917BC84976EED68-B,1762586045,FCRequestMetrics:/n-matmul-128,218,218,,,16016.26,n-matmul-128,false,f7238f4600dd,,c-690eed85-0cf1abd9-5f1a2196a420,1762586029416,Sync,24670.79,1762586020769,21.0.3.27,false,128,27.57,InvokeFunction,,,LATEST,1-690eeda4-0c0a43-7a4f3e61c4ce,OnDemand,,,8646.56,
,6103DB4D384590E61A6F2F19F6C5AA12-7,1762586045,FCRequestMetrics:/n-matmul-128,210,210,,,17602.60,n-matmul-128,false,4bf26ccbfd63,,c-690eed96-0cf1abd9-33d753346913,1762586028185,Sync,27907.51,1762586017881,21.0.3.8,false,128,77.32,InvokeFunction,,,LATEST,1-690eeda1-0c49fa-019323a2bec1,OnDemand,,,10303.90,
,FD072B701FB25CCB50AFAA9BF1412E0E-4,1762586045,FCRequestMetrics:/n-matmul-128,201,201,3374.70,1762586019915,21932.82,n-matmul-128,false,c65bba6f3cbb,ColdStart,c-690eeda5-0cf1abd9-b8d6081b6434,1762586023294,Sync,31823.35,1762586013406,21.0.3.7,true,128,22.53,InvokeFunction,55.02,1762586019917,LATEST,1-690eeda1-0c49fa-f94ff78957ac,OnDemand,3318.27,1762586019972,6509.69,
,91991638294952C1215BFC323DBD0655-B,1762586045,FCRequestMetrics:/n-matmul-128,206,206,,,18703.95,n-matmul-128,false,5abe5fd26a6c,,c-690eed83-0cf1abd9-74cc7252fb9e,1762586026574,Sync,27477.13,1762586017802,21.0.3.8,false,128,83.20,InvokeFunction,,,LATEST,1-690eeda1-0c49fa-1f786fa83771,OnDemand,,,8772.29,
,02505EBA98BB6AB8D9121B3F590D5A1C-7,1762586045,FCRequestMetrics:/n-matmul-128,219,219,,,16013.64,n-matmul-128,false,dc1a18d01eb5,,c-690eed96-0cf1abd9-15ddf20aa5f4,1762586029759,Sync,24731.75,1762586021051,21.0.3.23,false,128,27.55,InvokeFunction,,,LATEST,1-690eeda5-0c0a43-cdb2875b59fa,OnDemand,,,8708.02,
,E3C9ED0B2534F08C4630863A71EE6115-7,1762586045,FCRequestMetrics:/n-matmul-128,224,224,,,15104.74,n-matmul-128,false,87674caf583b,,c-690eed96-0cf1abd9-ae05907d43ad,1762586030659,Sync,16904.72,1762586028860,21.0.3.21,false,128,27.96,InvokeFunction,,,LATEST,1-690eedac-0c49fa-07e5b81bf6fc,OnDemand,,,1798.83,
,D19DEB46D930B5FFB4880807275B0C84-7,1762586045,FCRequestMetrics:/n-matmul-128,220,220,,,15212.93,n-matmul-128,false,469834073b90,,c-690eed96-0cf1abd9-e8d8f0ec69a4,1762586030063,Sync,20500.04,1762586024781,21.0.3.24,false,128,27.53,InvokeFunction,,,LATEST,1-690eeda8-0c49fa-7be06f59c9f8,OnDemand,,,5282.23,
,45C231C50F27C559EE3EBEA6F712A3AA-3,1762586045,FCRequestMetrics:/n-matmul-128,202,202,3991.65,1762586020008,21256.36,n-matmul-128,false,0d4cb4afdc65,ColdStart,c-690eeda5-0cf1abd9-4b4673a66774,1762586024002,Sync,32524.96,1762586012735,21.0.3.8,true,128,24.30,InvokeFunction,2.75,1762586020008,LATEST,1-690eeda1-0c0a43-e82fb02e2393,OnDemand,3988.80,1762586020011,7272.97,
,7B54E33FC4EF59F9EB611D0DD33DB1AD-D,1762586045,FCRequestMetrics:/n-matmul-128,206,206,,,18646.40,n-matmul-128,false,57decdb25f9e,,c-690eed83-0cf1abd9-0a57e9e3d12f,1762586027091,Sync,27925.00,1762586017815,21.0.3.9,false,128,31.97,InvokeFunction,,,LATEST,1-690eeda1-0c0a43-9589caecb8d3,OnDemand,,,9275.52,
,1643C472A4A9C9E7636975D61997BF49-7,1762586045,FCRequestMetrics:/n-matmul-128,206,206,,,18292.71,n-matmul-128,false,587857d87fe7,,c-690eed96-0cf1abd9-9d1eba3d67bf,1762586026798,Sync,27284.58,1762586017808,21.0.3.11,false,128,27.97,InvokeFunction,,,LATEST,1-690eeda1-0c0a43-d69ca7b0fb49,OnDemand,,,8990.29,
,3DF53618FF507B28D295EA10C5C40468-3,1762586045,FCRequestMetrics:/n-matmul-128,204,204,5009.72,1762586020002,20898.19,n-matmul-128,false,07dcf957ed19,ColdStart,c-690eeda5-0cf1abd9-879c7e385fb6,1762586025014,Sync,34204.24,1762586011717,21.0.3.10,true,128,22.66,InvokeFunction,3.69,1762586020002,LATEST,1-690eeda1-0c49fa-6036eb06eeea,OnDemand,5005.93,1762586020006,8284.74,
,8A7394BA0F304A206770530C84EA6636-D,1762586045,FCRequestMetrics:/n-matmul-128,209,209,,,17847.89,n-matmul-128,false,279fa08dbc62,,c-690eed83-0cf1abd9-0a463df434e5,1762586027571,Sync,27571.79,1762586017851,21.0.3.10,false,128,27.80,InvokeFunction,,,LATEST,1-690eeda1-0c49fa-225af40b2afd,OnDemand,,,9719.56,
,25B8386746C0843F68CE6F453C7A50B6-C,1762586045,FCRequestMetrics:/n-matmul-128,210,210,,,17801.85,n-matmul-128,false,28749e3c833e,,c-690eed86-0cf1abd9-5fc5a1c95081,1762586028188,Sync,28109.13,1762586017882,21.0.3.8,false,128,83.39,InvokeFunction,,,LATEST,1-690eeda1-0c0a43-694f9cc2ddb8,OnDemand,,,10306.11,
,32B0F1D581F5E39EC6054F7F479A9133-7,1762586046,FCRequestMetrics:/n-matmul-128,220,220,,,16142.86,n-matmul-128,false,0671b6afd97c,,c-690eed96-0cf1abd9-2fa702511747,1762586030410,Sync,19131.59,1762586027427,21.0.3.16,false,128,29.87,InvokeFunction,,,LATEST,1-690eedab-0c49fa-30df1240f5be,OnDemand,,,2982.10,
,138C4DD02091A1A0F89BE9AFE1D56E0D-7,1762586046,FCRequestMetrics:/n-matmul-128,218,218,,,16682.50,n-matmul-128,false,e91af773f85a,,c-690eed96-0cf1abd9-3b29dfca5136,1762586029499,Sync,25414.91,1762586020769,21.0.3.18,false,128,29.61,InvokeFunction,,,LATEST,1-690eeda4-0c0a43-f13e158988c5,OnDemand,,,8729.85,
,0048D2107E68C0AF59F0E03E3C5D236C-4,1762586046,FCRequestMetrics:/n-matmul-128,217,217,,,18261.10,n-matmul-128,false,aeee4fbdde24,,c-690eeda9-0cf1abd9-80c24ee76e6d,1762586028341,Sync,18974.23,1762586027629,21.0.3.12,false,128,22.28,InvokeFunction,,,LATEST,1-690eedac-0c49fa-59fff05c61e7,OnDemand,,,711.37,
,ADA2C4513DB513B16C4AA68C1E56B16B-3,1762586046,FCRequestMetrics:/n-matmul-128,202,202,4040.33,1762586019958,22649.01,n-matmul-128,false,2e0db407e217,ColdStart,c-690eeda5-0cf1abd9-e05cdb244a89,1762586024003,Sync,33169.17,1762586013501,21.0.3.9,true,128,22.98,InvokeFunction,22.77,1762586019958,LATEST,1-690eeda2-0c49fa-7d4dadf7fd0a,OnDemand,4017.42,1762586019981,6456.86,
,9E1E21E8F76F062BA9CB76E20C2B83A4-9,1762586046,FCRequestMetrics:/n-matmul-128,210,210,,,18269.09,n-matmul-128,false,59ec307a1758,,c-690eed96-0cf1abd9-aade4c0331ba,1762586028376,Sync,28732.52,1762586017914,21.0.3.8,false,128,57.79,InvokeFunction,,,LATEST,1-690eeda1-0c49fa-0e1c4e2166eb,OnDemand,,,10462.43,
,8A2A2BA029F638783B43D48CB01B0C65-8,1762586046,FCRequestMetrics:/n-matmul-128,210,210,,,18258.19,n-matmul-128,false,9f79c2d0c5f2,,c-690eed96-0cf1abd9-e99fca3da2c1,1762586028177,Sync,28554.76,1762586017881,21.0.3.9,false,128,45.83,InvokeFunction,,,LATEST,1-690eeda1-0c49fa-33bd30374d99,OnDemand,,,10295.58,
,B292BE044A2671902A084AE5890DA3F1-6,1762586046,FCRequestMetrics:/n-matmul-128,227,227,,,15681.29,n-matmul-128,false,e59368e395e4,,c-690eed96-0cf1abd9-d4bd420ec297,1762586030964,Sync,17669.81,1762586028977,21.0.3.26,false,128,27.51,InvokeFunction,,,LATEST,1-690eedac-0c49fa-d6a63c0ff909,OnDemand,,,1986.59,
,C850E9452F734C9D301E12F034A57295-7,1762586046,FCRequestMetrics:/n-matmul-128,235,235,,,15125.16,n-matmul-128,false,81a96430e100,,c-690eed96-0cf1abd9-87344dd52402,1762586031668,Sync,17668.39,1762586029163,21.0.3.27,false,128,27.55,InvokeFunction,,,LATEST,1-690eedad-0c49fa-718003c86df2,OnDemand,,,2504.37,
,A171915879D3F1B14205997D3FDFD4B3-C,1762586046,FCRequestMetrics:/n-matmul-128,210,210,,,18180.31,n-matmul-128,false,eaf76bc529c5,,c-690eed83-0cf1abd9-30e9bae7a4cf,1762586028522,Sync,28764.62,1762586017939,21.0.3.11,false,128,29.54,InvokeFunction,,,LATEST,1-690eeda1-0c49fa-9df04f088983,OnDemand,,,10582.93,
,89A99D9D400C280F26AE53AA7EA46C06-3,1762586046,FCRequestMetrics:/n-matmul-128,207,207,2864.99,1762586023299,20603.79,n-matmul-128,false,1c1689fc6c14,ColdStart,c-690eeda8-0cf1abd9-538823368ffc,1762586026168,Sync,32804.83,1762586013969,21.0.3.8,true,128,75.30,InvokeFunction,119.94,1762586023300,LATEST,1-690eeda2-0c0a43-c46e01419899,OnDemand,2744.95,1762586023419,9330.54,
,869DF173F19FB37007A48145CD0630D0-7,1762586046,FCRequestMetrics:/n-matmul-128,217,217,,,17727.87,n-matmul-128,false,f71765104eb6,,c-690eed96-0cf1abd9-4b21baf34b2d,1762586029172,Sync,26767.20,1762586020134,21.0.3.13,false,128,27.66,InvokeFunction,,,LATEST,1-690eeda4-0c49fa-77fa4b9c5068,OnDemand,,,9037.37,
,7803A2A1C0E49F606CC22E511FDE78DB-5,1762586046,FCRequestMetrics:/n-matmul-128,207,207,,,20331.16,n-matmul-128,false,49cf98612b59,,c-690eeda8-0cf1abd9-c7ba121b8278,1762586026187,Sync,20650.44,1762586025869,21.0.3.9,false,128,27.75,InvokeFunction,,,LATEST,1-690eedab-0c0a43-3ca6180e446e,OnDemand,,,317.70,
,D00197269011D75200F8878AB52887BF-6,1762586047,FCRequestMetrics:/n-matmul-128,226,226,,,16612.72,n-matmul-128,false,efbe8cba4f7c,,c-690eed96-0cf1abd9-cb967da6ce67,1762586030835,Sync,18530.37,1762586028920,21.0.3.19,false,128,33.97,InvokeFunction,,,LATEST,1-690eedac-0c49fa-9abf85d267f5,OnDemand,,,1914.71,
,5CA892A8CA0A24989C4731381529FB34-7,1762586047,FCRequestMetrics:/n-matmul-128,224,224,,,16378.74,n-matmul-128,false,2e11fae8268d,,c-690eed96-0cf1abd9-77c3d2a5e2ce,1762586030813,Sync,18273.82,1762586028919,21.0.3.20,false,128,27.47,InvokeFunction,,,LATEST,1-690eedac-0c0a43-cadf3ad48500,OnDemand,,,1894.03,
,3D503442E2C027292A5FED0054EF72C8-A,1762586047,FCRequestMetrics:/n-matmul-128,238,238,,,15374.52,n-matmul-128,false,f832bf8f4093,,c-690eed8d-0cf1abd9-03a276b4fee0,1762586032194,Sync,18189.58,1762586029382,21.0.3.8,false,128,83.13,InvokeFunction,,,LATEST,1-690eedad-0c49fa-84dc2cd690b2,OnDemand,,,2812.11,
,BA6BE48CA24D7511A087B82B6A3FBB19-8,1762586047,FCRequestMetrics:/n-matmul-128,214,214,,,19015.74,n-matmul-128,false,ebc029f9743a,,c-690eed96-0cf1abd9-266e64073192,1762586028839,Sync,29127.58,1762586018728,21.0.3.10,false,128,23.88,InvokeFunction,,,LATEST,1-690eeda2-0c0a43-8794fbbef00d,OnDemand,,,10110.82,
,FA92B5D7385E5B2D4245077868CB9726-7,1762586047,FCRequestMetrics:/n-matmul-128,224,224,,,16468.30,n-matmul-128,false,30720f53fe9b,,c-690eed96-0cf1abd9-67b09a4d191e,1762586030790,Sync,18390.82,1762586028876,21.0.3.22,false,128,27.93,InvokeFunction,,,LATEST,1-690eedac-0c0a43-fdd00120436b,OnDemand,,,1913.95,
,4FAE5B4F008068850E6D6E0BE6E4223E-4,1762586047,FCRequestMetrics:/n-matmul-128,204,204,5001.52,1762586020027,22069.73,n-matmul-128,false,aeecc0ec331a,ColdStart,c-690eeda5-0cf1abd9-8673b5017294,1762586025032,Sync,34559.78,1762586012545,21.0.3.11,true,128,22.31,InvokeFunction,1.98,1762586020027,LATEST,1-690eeda2-0c0a43-525cdd7c063d,OnDemand,4999.44,1762586020029,7481.72,
,793EEF9B741682B7CE08F12987FEEDB3-A,1762586047,FCRequestMetrics:/n-matmul-128,242,242,,,14398.49,n-matmul-128,false,752a8680e720,,c-690eed8d-0cf1abd9-b4396f6c1b61,1762586033146,Sync,17748.45,1762586029797,21.0.3.12,false,128,28.07,InvokeFunction,,,LATEST,1-690eedad-0c49fa-a6c1b82de68d,OnDemand,,,3348.99,
,6FC75B3DB8851234D07B138AD96FC0A5-C,1762586047,FCRequestMetrics:/n-matmul-128,218,218,,,18246.94,n-matmul-128,false,6b4a94db578b,,c-690eed84-0cf1abd9-be1633f0d0dd,1762586029347,Sync,27343.64,1762586020255,21.0.3.8,false,128,74.57,InvokeFunction,,,LATEST,1-690eeda4-0c49fa-60409aa9afe3,OnDemand,,,9091.52,
,4A03F83F646B3D7AC82B0CB38EE7F6F6-C,1762586047,FCRequestMetrics:/n-matmul-128,214,214,,,18779.68,n-matmul-128,false,d4ea97bb496c,,c-690eed84-0cf1abd9-bf53a1f50706,1762586028883,Sync,27922.17,1762586019743,21.0.3.9,false,128,36.80,InvokeFunction,,,LATEST,1-690eeda3-0c49fa-dfcd93755f4c,OnDemand,,,9140.43,
,D146A4E091934A2DB3F52D2283250B9C-8,1762586047,FCRequestMetrics:/n-matmul-128,223,223,,,17274.35,n-matmul-128,false,e11351b48c04,,c-690eed96-0cf1abd9-c0d64c44585a,1762586030564,Sync,19282.76,1762586028557,21.0.3.14,false,128,27.43,InvokeFunction,,,LATEST,1-690eedac-0c49fa-68bb5792620e,OnDemand,,,2007.42,
,5A317EA240DC46C4E15B8D2E97337C21-C,1762586047,FCRequestMetrics:/n-matmul-128,220,220,,,17451.62,n-matmul-128,false,b656f39d8746,,c-690eed86-0cf1abd9-84d2db55a180,1762586030337,Sync,20274.83,1762586027515,21.0.3.10,false,128,27.27,InvokeFunction,,,LATEST,1-690eedab-0c49fa-2872a1322a47,OnDemand,,,2822.23,
,20BCED26DA3E73A35A0E0ACEF26F4645-7,1762586048,FCRequestMetrics:/n-matmul-128,223,223,,,17697.98,n-matmul-128,false,70809c61057c,,c-690eed96-0cf1abd9-b0cce505415f,1762586030579,Sync,19662.61,1762586028626,21.0.3.25,false,128,27.44,InvokeFunction,,,LATEST,1-690eedac-0c49fa-1242585bd719,OnDemand,,,1952.74,
,C31476DF542E245E78D704DC5E57E050-7,1762586048,FCRequestMetrics:/n-matmul-128,237,237,,,16445.78,n-matmul-128,false,54727bc85c4b,,c-690eed96-0cf1abd9-8789b63ab3c5,1762586032133,Sync,19206.04,1762586029375,21.0.3.21,false,128,27.88,InvokeFunction,,,LATEST,1-690eedad-0c0a43-cf47b58c806b,OnDemand,,,2757.98,
,1B5038221905746079340D2F785F7324-7,1762586048,FCRequestMetrics:/n-matmul-128,238,238,,,16135.22,n-matmul-128,false,cba0726a55b5,,c-690eed96-0cf1abd9-0232b809e3a3,1762586032232,Sync,18984.39,1762586029397,21.0.3.24,false,128,29.92,InvokeFunction,,,LATEST,1-690eedad-0c0a43-44f355f8d2e5,OnDemand,,,2834.74,
,B42D85ACE4F13663143AFEF57EE4377B-7,1762586048,FCRequestMetrics:/n-matmul-128,239,239,,,16038.03,n-matmul-128,false,e86ce6f40d00,,c-690eed96-0cf1abd9-007038c1bcd0,1762586032345,Sync,18910.95,1762586029473,21.0.3.25,false,128,27.53,InvokeFunction,,,LATEST,1-690eedad-0c49fa-05b29e456ee9,OnDemand,,,2872.06,
,6C640CB721ED8B0BF85E5FE5C8E7D61E-B,1762586048,FCRequestMetrics:/n-matmul-128,246,246,,,14927.77,n-matmul-128,false,2f5080738346,,c-690eed8d-0cf1abd9-670e404d2849,1762586033797,Sync,18532.45,1762586030199,21.0.3.9,false,128,29.55,InvokeFunction,,,LATEST,1-690eedae-0c0a43-f69966d062f3,OnDemand,,,3598.19,
,10ABC85774F8B9CC368A825065BA6401-4,1762586048,FCRequestMetrics:/n-matmul-128,206,206,,,22224.13,n-matmul-128,false,fc82228fa9b1,,c-690eeda5-0cf1abd9-1b827a888ff3,1762586026229,Sync,28430.45,1762586020029,21.0.3.13,false,128,22.04,InvokeFunction,,,LATEST,1-690eeda5-0c49fa-51b767f7348f,OnDemand,,,6199.83,
,CACC3D6F9C6A2945DEADA5EDA3A09538-C,1762586048,FCRequestMetrics:/n-matmul-128,219,219,,,18569.64,n-matmul-128,false,d4758414a170,,c-690eed83-0cf1abd9-8480035f250f,1762586029698,Sync,27410.02,1762586020858,21.0.3.12,false,128,24.06,InvokeFunction,,,LATEST,1-690eeda4-0c49fa-cc2516deb329,OnDemand,,,8839.60,
,E9B4BB61A0BA18E9756EE7B0B19180D4-B,1762586048,FCRequestMetrics:/n-matmul-128,246,246,,,14793.14,n-matmul-128,false,b1fafcece7b1,,c-690eed8d-0cf1abd9-909a8a51e440,1762586033886,Sync,18465.82,1762586030215,21.0.3.11,false,128,31.84,InvokeFunction,,,LATEST,1-690eedae-0c0a43-7188d8364b6f,OnDemand,,,3671.43,
,7DD8F4E1BDDE2A8A13DEFA720B6E9373-B,1762586048,FCRequestMetrics:/n-matmul-128,243,243,,,15273.08,n-matmul-128,false,be49f65ae0f9,,c-690eed8d-0cf1abd9-053a84de8167,1762586033524,Sync,18649.96,1762586030148,21.0.3.10,false,128,29.48,InvokeFunction,,,LATEST,1-690eedae-0c49fa-1a1f8c10f0b9,OnDemand,,,3376.01,
,283F17FB9C9798583A913C144D41C342-C,1762586048,FCRequestMetrics:/n-matmul-128,227,227,,,17115.14,n-matmul-128,false,4703378e3174,,c-690eed86-0cf1abd9-4e796d80ba23,1762586031141,Sync,19199.69,1762586029058,21.0.3.9,false,128,22.20,InvokeFunction,,,LATEST,1-690eedad-0c49fa-e9ae3f0b8ba2,OnDemand,,,2080.88,
,40DA133401D2DE8F12DE87799711FD83-7,1762586048,FCRequestMetrics:/n-matmul-128,219,219,,,18437.04,n-matmul-128,false,f97fe124d699,,c-690eed96-0cf1abd9-bad3da0c0cfe,1762586029843,Sync,26047.79,1762586022235,21.0.3.15,false,128,28.01,InvokeFunction,,,LATEST,1-690eeda6-0c49fa-51cab17f7597,OnDemand,,,7607.19,
,DAE6BAF353C38FA45B5DF9AF0F86D659-C,1762586048,FCRequestMetrics:/n-matmul-128,223,223,,,18347.42,n-matmul-128,false,19a08086dcd9,,c-690eed83-0cf1abd9-9b3fcb822613,1762586030526,Sync,20326.31,1762586028548,21.0.3.13,false,128,22.62,InvokeFunction,,,LATEST,1-690eedac-0c49fa-8aeba13a1004,OnDemand,,,1977.89,
,757982FB0EC94F0DBBC2760980FCB266-B,1762586048,FCRequestMetrics:/n-matmul-128,243,243,,,14668.63,n-matmul-128,false,6448ba91ff26,,c-690eed8d-0cf1abd9-28761e13241d,1762586033517,Sync,18041.52,1762586030145,21.0.3.18,false,128,30.00,InvokeFunction,,,LATEST,1-690eedae-0c0a43-a2459db55b1c,OnDemand,,,3371.93,
,1FD15FF44979A6A17B0CFCEC15F6978B-C,1762586048,FCRequestMetrics:/n-matmul-128,220,220,,,18804.91,n-matmul-128,false,8f75766f976d,,c-690eed84-0cf1abd9-3527f81881d1,1762586030107,Sync,23398.83,1762586025520,21.0.3.10,false,128,31.36,InvokeFunction,,,LATEST,1-690eeda9-0c0a43-b25fe148787e,OnDemand,,,4586.92,
,93707F44FB1ABD7F0A822267F35A408A-4,1762586048,FCRequestMetrics:/n-matmul-128,210,210,,,21072.79,n-matmul-128,false,5c8e9d42bd7e,,c-690eeda8-0cf1abd9-b92e6a52596f,1762586027193,Sync,29701.86,1762586018567,21.0.3.10,false,128,22.27,InvokeFunction,,,LATEST,1-690eeda3-0c0a43-47dd7def965a,OnDemand,,,8625.87,
,42E890D6520D105A9B16A20A2B52D801-5,1762586048,FCRequestMetrics:/n-matmul-128,215,215,,,20021.76,n-matmul-128,false,94b02dd0f401,,c-690eeda9-0cf1abd9-9011fb8320b3,1762586028008,Sync,22125.97,1762586025929,21.0.3.8,false,128,37.88,InvokeFunction,,,LATEST,1-690eedaa-0c0a43-2535aeb0f9fa,OnDemand,,,2078.85,
,7EE08DA56FC077A8FBD356D2C6053F3C-B,1762586048,FCRequestMetrics:/n-matmul-128,220,220,,,18345.53,n-matmul-128,false,88bd901e69d9,,c-690eed86-0cf1abd9-2ed67a1a0815,1762586030100,Sync,23022.00,1762586025426,21.0.3.11,false,128,29.68,InvokeFunction,,,LATEST,1-690eeda9-0c49fa-303e74a872c3,OnDemand,,,4673.91,
,849194F1147E7DC7497DCF82D54F9C08-C,1762586048,FCRequestMetrics:/n-matmul-128,226,226,,,17860.18,n-matmul-128,false,f70324bffef3,,c-690eed84-0cf1abd9-74ad9309d09c,1762586030863,Sync,19768.66,1762586028960,21.0.3.11,false,128,22.39,InvokeFunction,,,LATEST,1-690eedac-0c0a43-8445d0f4c4ac,OnDemand,,,1903.03,
,58100D8F3876904D781824C152698572-C,1762586048,FCRequestMetrics:/n-matmul-128,220,220,,,18096.56,n-matmul-128,false,59ce8020a236,,c-690eed84-0cf1abd9-0fe3463f746c,1762586030273,Sync,21394.71,1762586026976,21.0.3.23,false,128,27.98,InvokeFunction,,,LATEST,1-690eedaa-0c49fa-82df25ecda34,OnDemand,,,3297.18,
,E83713E0537D2729383D69DFF4C2841B-C,1762586048,FCRequestMetrics:/n-matmul-128,227,227,,,17728.48,n-matmul-128,false,1e9a879a9ce3,,c-690eed86-0cf1abd9-bf3f65b56cbd,1762586031117,Sync,19838.39,1762586029009,21.0.3.15,false,128,27.72,InvokeFunction,,,LATEST,1-690eedad-0c0a43-9f15ce8e8dd4,OnDemand,,,2101.34,
,10CB9614FCA0A556028B38DC7845A739-7,1762586048,FCRequestMetrics:/n-matmul-128,210,210,,,20274.87,n-matmul-128,false,5a545ca9f709,,c-690eed96-0cf1abd9-95270fc2164f,1762586028279,Sync,30642.73,1762586017914,21.0.3.9,false,128,31.50,InvokeFunction,,,LATEST,1-690eeda1-0c49fa-1ce927b03c9d,OnDemand,,,10365.64,
,A0B4D1D12626D33FCDDA858055366E80-8,1762586049,FCRequestMetrics:/n-matmul-128,220,220,,,19725.62,n-matmul-128,false,2f79d5d6e1f2,,c-690eed96-0cf1abd9-aec373bfe9b2,1762586030073,Sync,25013.46,1762586024786,21.0.3.10,false,128,29.75,InvokeFunction,,,LATEST,1-690eeda8-0c49fa-272baf6b9a60,OnDemand,,,5286.84,
,5DDEC1B94316434FE6602FC2B2B6A039-8,1762586049,FCRequestMetrics:/n-matmul-128,220,220,,,19081.39,n-matmul-128,false,34de976e0650,,c-690eed96-0cf1abd9-ee256dc17503,1762586030162,Sync,23100.35,1762586026144,21.0.3.11,false,128,29.54,InvokeFunction,,,LATEST,1-690eedaa-0c49fa-f2814a64fdbd,OnDemand,,,4018.04,
,F2FD34FA9CCCCC3E3DEB26A611CC4213-B,1762586049,FCRequestMetrics:/n-matmul-128,252,252,,,15094.60,n-matmul-128,false,8c49417d6c9f,,c-690eed8d-0cf1abd9-6bad1a022802,1762586034682,Sync,16982.91,1762586032794,21.0.3.10,false,128,29.45,InvokeFunction,,,LATEST,1-690eedb0-0c49fa-0bf08a40eca1,OnDemand,,,1887.38,
,8E2E03ED22CC6F2DFE55EB8B1A864060-7,1762586049,FCRequestMetrics:/n-matmul-128,220,220,,,19600.05,n-matmul-128,false,cff987abda6a,,c-690eed96-0cf1abd9-e42e31309781,1762586030232,Sync,23038.51,1762586026794,21.0.3.12,false,128,27.70,InvokeFunction,,,LATEST,1-690eedaa-0c0a43-337f8da0e623,OnDemand,,,3437.65,
,4EFFDB922E80D88EA45930E5C8CE9097-A,1762586049,FCRequestMetrics:/n-matmul-128,252,252,,,14886.39,n-matmul-128,false,cedb22a6eba0,,c-690eed8d-0cf1abd9-8518f5d4a430,1762586034703,Sync,16767.69,1762586032832,21.0.3.13,false,128,27.69,InvokeFunction,,,LATEST,1-690eedb0-0c0a43-54b9f1103d80,OnDemand,,,1870.55,
,CB6AE88BE08C9A42F2FD38BB7DE3D7AF-B,1762586049,FCRequestMetrics:/n-matmul-128,250,250,,,15356.76,n-matmul-128,false,480cb1ce5e18,,c-690eed8d-0cf1abd9-47404688a687,1762586034285,Sync,18685.60,1762586030963,21.0.3.9,false,128,27.67,InvokeFunction,,,LATEST,1-690eedae-0c49fa-c720de75d1b5,OnDemand,,,3321.11,
,0DF1BE08810C22DB47CE10C7D12D3B18-8,1762586049,FCRequestMetrics:/n-matmul-128,223,223,,,18762.24,n-matmul-128,false,054726ba05da,,c-690eed96-0cf1abd9-6259af999d66,1762586030608,Sync,20642.49,1762586028729,21.0.3.11,false,128,29.89,InvokeFunction,,,LATEST,1-690eedac-0c49fa-1bb31b5fff0c,OnDemand,,,1878.85,
,9A69A015E836A893BB9F5FED7403265F-8,1762586049,FCRequestMetrics:/n-matmul-128,223,223,,,19064.82,n-matmul-128,false,8be9fbcef600,,c-690eed96-0cf1abd9-94394623246b,1762586030499,Sync,21250.25,1762586028315,21.0.3.12,false,128,28.03,InvokeFunction,,,LATEST,1-690eedac-0c49fa-9e6cb335a551,OnDemand,,,2184.56,
,22E1961764567BF39BC1317D4E5807AC-4,1762586049,FCRequestMetrics:/n-matmul-128,209,209,6815.05,1762586019923,22656.32,n-matmul-128,false,93bd50466c24,ColdStart,c-690eeda5-0cf1abd9-de9e4196dfb2,1762586026743,Sync,39492.22,1762586009909,21.0.3.12,true,128,24.18,InvokeFunction,52.95,1762586019924,LATEST,1-690eeda1-0c49fa-0a28a3ea12a4,OnDemand,6761.32,1762586019977,10013.72,
,A1FCC418CEE0A473F1F5238048A7B3E8-4,1762586049,FCRequestMetrics:/n-matmul-128,211,211,,,21927.77,n-matmul-128,false,a01070cabcf1,,c-690eeda5-0cf1abd9-e5a4210c2073,1762586027498,Sync,31673.59,1762586017755,21.0.3.15,false,128,24.24,InvokeFunction,,,LATEST,1-690eeda2-0c0a43-e2fabbb6bde0,OnDemand,,,9742.92,
,21A4B0901367BD0C28B579B375001259-3,1762586049,FCRequestMetrics:/n-matmul-128,214,214,,,21280.50,n-matmul-128,false,387d318bc5da,,c-690eeda9-0cf1abd9-e3fe59758c3d,1762586027982,Sync,30392.51,1762586018872,21.0.3.7,false,128,62.80,InvokeFunction,,,LATEST,1-690eeda3-0c0a43-0b5197296b92,OnDemand,,,9109.66,
,81EF45F19FD54F5A67E812650F7D4DE6-B,1762586049,FCRequestMetrics:/n-matmul-128,251,251,,,14571.25,n-matmul-128,false,4c9cc9d70b19,,c-690eed8d-0cf1abd9-586cb2c3c780,1762586034542,Sync,16411.73,1762586032704,21.0.3.13,false,128,30.33,InvokeFunction,,,LATEST,1-690eedb0-0c49fa-c925c648d07a,OnDemand,,,1838.02,
,EF722833BE499284BAB5B89F1A306194-4,1762586049,FCRequestMetrics:/n-matmul-128,212,212,,,21962.98,n-matmul-128,false,05f9081a497c,,c-690eeda8-0cf1abd9-1aac6742df61,1762586027472,Sync,23349.87,1762586026085,21.0.3.11,false,128,22.29,InvokeFunction,,,LATEST,1-690eedab-0c49fa-10abe2d1220e,OnDemand,,,1385.87,
,FF409731039280436289D779E5C866F5-4,1762586049,FCRequestMetrics:/n-matmul-128,212,212,,,21643.32,n-matmul-128,false,e51e0a8a2425,,c-690eeda8-0cf1abd9-1c104b385d12,1762586027483,Sync,32323.95,1762586016827,21.0.3.12,false,128,22.22,InvokeFunction,,,LATEST,1-690eeda2-0c0a43-813bb740352b,OnDemand,,,10656.05,
,A01F74AEDFA9F5E4A11A4BE6ACD824B6-4,1762586049,FCRequestMetrics:/n-matmul-128,216,216,,,21115.32,n-matmul-128,false,93947e474c66,,c-690eeda9-0cf1abd9-2c67b590b375,1762586028109,Sync,21203.43,1762586028024,21.0.3.9,false,128,22.29,InvokeFunction,,,LATEST,1-690eedac-0c0a43-5d46ea566dbd,OnDemand,,,84.51,
,9CC6FEA79C9A08269F04E5D7AC586D4D-8,1762586049,FCRequestMetrics:/n-matmul-128,234,234,,,17855.22,n-matmul-128,false,1341e9c3300b,,c-690eed96-0cf1abd9-88caba2e9de4,1762586031546,Sync,20306.93,1762586029098,21.0.3.17,false,128,29.91,InvokeFunction,,,LATEST,1-690eedad-0c0a43-4073d3cf8901,OnDemand,,,2447.08,
,3DBC61790B9142DDBEDCD6134BB09E3F-C,1762586049,FCRequestMetrics:/n-matmul-128,233,233,,,18250.29,n-matmul-128,false,a28f13fec6d7,,c-690eed84-0cf1abd9-47616b0fcd20,1762586031280,Sync,20483.31,1762586029048,21.0.3.12,false,128,29.73,InvokeFunction,,,LATEST,1-690eedad-0c49fa-cd65fb9189a6,OnDemand,,,2231.60,
,E94FAD7DFC0D7C430A1E1579F49C2CB6-C,1762586049,FCRequestMetrics:/n-matmul-128,226,226,,,18147.03,n-matmul-128,false,357862df7f73,,c-690eed86-0cf1abd9-f59485cce75a,1762586030927,Sync,20100.87,1762586028975,21.0.3.12,false,128,29.63,InvokeFunction,,,LATEST,1-690eedac-0c49fa-d2b39d843741,OnDemand,,,1951.36,
,B09D02D2736E63D8D189EBC1852D5FE0-C,1762586049,FCRequestMetrics:/n-matmul-128,234,234,,,18048.84,n-matmul-128,false,d93ff50fc499,,c-690eed86-0cf1abd9-16756c022540,1762586031511,Sync,20467.91,1762586029093,21.0.3.14,false,128,27.51,InvokeFunction,,,LATEST,1-690eedad-0c49fa-fdccecaf658b,OnDemand,,,2417.16,
,DAF408D088DC4798F248EA82E4D57A5E-8,1762586049,FCRequestMetrics:/n-matmul-128,236,236,,,17931.99,n-matmul-128,false,4f9279990613,,c-690eed96-0cf1abd9-ada75fe8f4a4,1762586031757,Sync,20480.87,1762586029209,21.0.3.20,false,128,27.88,InvokeFunction,,,LATEST,1-690eedad-0c0a43-b7260b5bebe0,OnDemand,,,2548.03,
,9DD0506AA2E1A2F0934A373557F44685-4,1762586049,FCRequestMetrics:/n-matmul-128,219,219,,,21368.63,n-matmul-128,false,9ff6c72d49d6,,c-690eeda8-0cf1abd9-230be3e98307,1762586028547,Sync,24432.19,1762586025485,21.0.3.13,false,128,22.34,InvokeFunction,,,LATEST,1-690eedaa-0c49fa-3e41bf1d68a0,OnDemand,,,3061.51,
,BC7D406DCB03E5F0740A7972675CF2F0-C,1762586049,FCRequestMetrics:/n-matmul-128,238,238,,,17207.80,n-matmul-128,false,fec3919de42b,,c-690eed86-0cf1abd9-a3cf507306a7,1762586032200,Sync,20021.34,1762586029387,21.0.3.13,false,128,27.59,InvokeFunction,,,LATEST,1-690eedad-0c0a43-41c4083e884a,OnDemand,,,2812.42,
,FD3DA8D46D8EFE79129F6DB831E2D004-C,1762586049,FCRequestMetrics:/n-matmul-128,237,237,,,17446.19,n-matmul-128,false,c5d7c67d012d,,c-690eed87-0cf1abd9-168efb1ce039,1762586031982,Sync,20081.69,1762586029347,21.0.3.16,false,128,27.25,InvokeFunction,,,LATEST,1-690eedad-0c49fa-7c12ad5a0909,OnDemand,,,2634.83,
,A8D6FAD4E028404BF2BEFFDF098DE909-8,1762586049,FCRequestMetrics:/n-matmul-128,242,242,,,17147.88,n-matmul-128,false,88656d0a707e,,c-690eed96-0cf1abd9-5f48bbab96ce,1762586032667,Sync,20273.61,1762586029553,21.0.3.26,false,128,29.17,InvokeFunction,,,LATEST,1-690eedad-0c49fa-0bbd7304ea18,OnDemand,,,3114.46,
,E473C3EB473436CCADF8096E8D0D2C42-8,1762586049,FCRequestMetrics:/n-matmul-128,236,236,,,17698.84,n-matmul-128,false,aa865b939cef,,c-690eed96-0cf1abd9-6da66350de26,1762586031782,Sync,20246.60,1762586029235,21.0.3.23,false,128,29.57,InvokeFunction,,,LATEST,1-690eedad-0c49fa-c4bcc9ff8349,OnDemand,,,2546.98,
,FAAE9D66D514066559F6F43F02221FE3-8,1762586050,FCRequestMetrics:/n-matmul-128,220,220,,,19729.29,n-matmul-128,false,c90c3b43cf3a,,c-690eed96-0cf1abd9-dd88698fca86,1762586030298,Sync,22926.71,1762586027101,21.0.3.13,false,128,27.90,InvokeFunction,,,LATEST,1-690eedab-0c49fa-8c47e3a9eaab,OnDemand,,,3196.63,
,B70395F3A021A5FF8871D46915C2FCC0-8,1762586050,FCRequestMetrics:/n-matmul-128,224,224,,,19675.40,n-matmul-128,false,88b44a48a990,,c-690eed96-0cf1abd9-7684f52346d2,1762586030733,Sync,21555.95,1762586028863,21.0.3.14,false,128,27.44,InvokeFunction,,,LATEST,1-690eedac-0c0a43-94ecfbae6042,OnDemand,,,1869.61,
,71B50CCCFCB17E1646B11A2BE0A08D93-8,1762586050,FCRequestMetrics:/n-matmul-128,234,234,,,19121.07,n-matmul-128,false,58ac22b3424d,,c-690eed96-0cf1abd9-7899d50458f3,1762586031573,Sync,21553.89,1762586029141,21.0.3.14,false,128,27.39,InvokeFunction,,,LATEST,1-690eedad-0c0a43-6474f7bac6e1,OnDemand,,,2431.67,
,54257F6C2DE5D00C16409D9C28372284-A,1762586050,FCRequestMetrics:/n-matmul-128,258,258,,,15356.87,n-matmul-128,false,ebad9260b821,,c-690eed8d-0cf1abd9-196fc3cfa131,1762586035090,Sync,17434.50,1762586033013,21.0.3.11,false,128,28.11,InvokeFunction,,,LATEST,1-690eedb1-0c0a43-b2c6a9b16548,OnDemand,,,2076.59,
,64F0BBA7C58980066176C33658FB272D-7,1762586050,FCRequestMetrics:/n-matmul-128,237,237,,,19030.54,n-matmul-128,false,8f8cb0ae0fff,,c-690eed96-0cf1abd9-556eeff7996f,1762586031883,Sync,21572.67,1762586029344,21.0.3.16,false,128,27.54,InvokeFunction,,,LATEST,1-690eedad-0c0a43-f5828f0dc0ae,OnDemand,,,2539.02,
,101ABB01305ADAA1C15616E72BBCE7FA-A,1762586050,FCRequestMetrics:/n-matmul-128,264,264,,,14348.31,n-matmul-128,false,985167d20b2a,,c-690eed8d-0cf1abd9-0876abaa060f,1762586035653,Sync,16701.99,1762586033300,21.0.3.15,false,128,27.50,InvokeFunction,,,LATEST,1-690eedb1-0c0a43-ab1a86dff235,OnDemand,,,2352.46,
,3C976305C481D3458F52892B2010ED59-A,1762586050,FCRequestMetrics:/n-matmul-128,258,258,,,14904.76,n-matmul-128,false,2413d1c7f8a6,,c-690eed8d-0cf1abd9-366b26390b4b,1762586035222,Sync,16876.50,1762586033251,21.0.3.14,false,128,21.56,InvokeFunction,,,LATEST,1-690eedb1-0c0a43-b99427d71f0c,OnDemand,,,1970.94,
,92B3129F074210C7D1784E258F56EC8E-B,1762586050,FCRequestMetrics:/n-matmul-128,270,270,,,14913.96,n-matmul-128,false,54fdf7469d4b,,c-690eed8d-0cf1abd9-e3d670f7e404,1762586036082,Sync,17431.14,1762586033565,21.0.3.16,false,128,29.47,InvokeFunction,,,LATEST,1-690eedb1-0c0a43-2b031396ec9d,OnDemand,,,2516.26,
,F1380D3BB03512FD19661F5DE4097BAA-B,1762586050,FCRequestMetrics:/n-matmul-128,272,272,,,13934.37,n-matmul-128,false,5c25a51ee6b0,,c-690eed8d-0cf1abd9-90163845d713,1762586036283,Sync,16932.74,1762586033285,21.0.3.19,false,128,24.29,InvokeFunction,,,LATEST,1-690eedb1-0c0a43-9da49d25e7f6,OnDemand,,,2997.31,
,4CE5B21E168E3B127D0FE1A088B9BCD9-C,1762586050,FCRequestMetrics:/n-matmul-128,227,227,,,19033.45,n-matmul-128,false,6c05632c40b6,,c-690eed84-0cf1abd9-2ca190cf5bc8,1762586031098,Sync,21133.90,1762586028998,21.0.3.19,false,128,27.37,InvokeFunction,,,LATEST,1-690eedac-0c49fa-04b2b90be316,OnDemand,,,2099.48,
,3D18AA0F2F2BEC29E06D342ABCC8325D-8,1762586050,FCRequestMetrics:/n-matmul-128,242,242,,,17513.93,n-matmul-128,false,98fe8105b4b7,,c-690eed96-0cf1abd9-769da4154e8d,1762586033215,Sync,20850.65,1762586029879,21.0.3.17,false,128,22.39,InvokeFunction,,,LATEST,1-690eedad-0c49fa-74ce63d76d5d,OnDemand,,,3335.72,
,B9CC9A0372DA2782D1101E8A00146287-4,1762586050,FCRequestMetrics:/n-matmul-128,220,220,,,21149.24,n-matmul-128,false,7dc1ff934198,,c-690eeda5-0cf1abd9-f2a1a2bcfb08,1762586029234,Sync,22543.69,1762586027840,21.0.3.17,false,128,22.45,InvokeFunction,,,LATEST,1-690eedac-0c0a43-c96a4972f157,OnDemand,,,1393.73,
,53C28B307BED561C14256185A7868301-3,1762586050,FCRequestMetrics:/n-matmul-128,220,220,,,21106.28,n-matmul-128,false,cd248e76553e,,c-690eeda5-0cf1abd9-46cd7b884194,1762586029221,Sync,22484.31,1762586027847,21.0.3.14,false,128,24.80,InvokeFunction,,,LATEST,1-690eedad-0c0a43-19972b42f8c8,OnDemand,,,1373.68,
,5665E0DE844D89BD77D4631CFD4DC931-4,1762586050,FCRequestMetrics:/n-matmul-128,223,223,,,20735.51,n-matmul-128,false,b490ef07d553,,c-690eeda5-0cf1abd9-69bf81304958,1762586029453,Sync,21230.68,1762586028959,21.0.3.16,false,128,22.23,InvokeFunction,,,LATEST,1-690eedae-0c0a43-666fb222febf,OnDemand,,,494.32,
,6BF896C525BE933EC6E59BFBCE008212-4,1762586050,FCRequestMetrics:/n-matmul-128,218,218,,,22009.92,n-matmul-128,false,dbc99637c7cd,,c-690eeda9-0cf1abd9-06e97d5b5f54,1762586028509,Sync,22288.60,1762586028251,21.0.3.10,false,128,24.14,InvokeFunction,,,LATEST,1-690eedad-0c0a43-0fc52fcbb851,OnDemand,,,257.24,
,8FC1EA84A8F746A3A0AA748C26C7B25A-8,1762586050,FCRequestMetrics:/n-matmul-128,234,234,,,18869.33,n-matmul-128,false,76321eba944f,,c-690eed96-0cf1abd9-5bffc956dbf7,1762586031546,Sync,21320.67,1762586029096,21.0.3.18,false,128,29.39,InvokeFunction,,,LATEST,1-690eedad-0c0a43-c92ed1ae136e,OnDemand,,,2449.15,
,2FB49575A81022D2509F0B8C09E271EA-4,1762586050,FCRequestMetrics:/n-matmul-128,224,224,,,21107.00,n-matmul-128,false,583788c3d090,,c-690eeda5-0cf1abd9-2086298c7344,1762586029653,Sync,22468.31,1762586028293,21.0.3.19,false,128,22.30,InvokeFunction,,,LATEST,1-690eedad-0c49fa-9836bd771545,OnDemand,,,1360.32,
,F4B8340AC50EC3E566ADB0C15725D8CD-3,1762586050,FCRequestMetrics:/n-matmul-128,224,224,,,20739.40,n-matmul-128,false,d01135b2ff24,,c-690eeda5-0cf1abd9-865fb5ea7d12,1762586029615,Sync,21211.63,1762586029152,21.0.3.23,false,128,21.94,InvokeFunction,,,LATEST,1-690eedae-0c49fa-5541476a8d45,OnDemand,,,462.48,
,C63420212FACF8878D1CF0F4AB9F2B5B-3,1762586050,FCRequestMetrics:/n-matmul-128,220,220,,,21759.08,n-matmul-128,false,551a63055008,,c-690eeda8-0cf1abd9-bb4861715efd,1762586029091,Sync,33440.38,1762586017411,21.0.3.14,false,128,23.96,InvokeFunction,,,LATEST,1-690eeda2-0c49fa-490ea5bd02e2,OnDemand,,,11680.36,
,781F1588896B086D7B9525CF26E327EB-5,1762586050,FCRequestMetrics:/n-matmul-128,230,230,,,20920.42,n-matmul-128,false,4caf80074898,,c-690eeda5-0cf1abd9-14bb1cc6f364,1762586030076,Sync,22042.89,1762586028956,21.0.3.24,false,128,26.31,InvokeFunction,,,LATEST,1-690eedae-0c49fa-beafb1d39bba,OnDemand,,,1120.27,
,B7D4D1DD2FC40780773A1A71845C5151-D,1762586050,FCRequestMetrics:/n-matmul-128,243,243,,,17338.38,n-matmul-128,false,767418f36457,,c-690eed84-0cf1abd9-5d4c970df804,1762586033478,Sync,20718.67,1762586030098,21.0.3.14,false,128,23.80,InvokeFunction,,,LATEST,1-690eedae-0c0a43-a05e0eeeb214,OnDemand,,,3379.40,
,79631A2B4FF88091BEDF80B60D44FB91-8,1762586050,FCRequestMetrics:/n-matmul-128,243,243,,,17741.19,n-matmul-128,false,8b5be02ffcf8,,c-690eed96-0cf1abd9-d03696729fbb,1762586033250,Sync,20988.38,1762586030003,21.0.3.27,false,128,27.55,InvokeFunction,,,LATEST,1-690eedae-0c49fa-9e7b67f8c6ee,OnDemand,,,3245.99,
,601984C4C767B3AE29155A0CBC717A02-B,1762586050,FCRequestMetrics:/n-matmul-128,240,240,,,18208.11,n-matmul-128,false,18fcdff65652,,c-690eed84-0cf1abd9-c1ce786e1019,1762586032490,Sync,21162.92,1762586029536,21.0.3.16,false,128,29.35,InvokeFunction,,,LATEST,1-690eedad-0c49fa-8804dcfbcc28,OnDemand,,,2953.69,
,C89BB40F9F2CADB4731EC7F783EB66CB-C,1762586050,FCRequestMetrics:/n-matmul-128,240,240,,,17941.22,n-matmul-128,false,bdcfaeabdc01,,c-690eed83-0cf1abd9-c120bfdd5d8b,1762586032472,Sync,20962.32,1762586029477,21.0.3.16,false,128,22.66,InvokeFunction,,,LATEST,1-690eedad-0c0a43-19276b79a62f,OnDemand,,,2994.91,
,341217B393C4786CD864233CF7C20236-4,1762586050,FCRequestMetrics:/n-matmul-128,226,226,,,20139.57,n-matmul-128,false,ded7b9e2f367,,c-690eeda9-0cf1abd9-4a4f092aecb1,1762586029983,Sync,20887.62,1762586029236,21.0.3.13,false,128,24.16,InvokeFunction,,,LATEST,1-690eedae-0c49fa-377bc90b914b,OnDemand,,,746.63,
,BB17D3743CC1FDE60F1345598BDCEFD7-4,1762586050,FCRequestMetrics:/n-matmul-128,230,230,,,19864.31,n-matmul-128,false,82ac2eb2520e,,c-690eeda9-0cf1abd9-476f20890ba2,1762586030237,Sync,20214.63,1762586029890,21.0.3.11,false,128,22.27,InvokeFunction,,,LATEST,1-690eedae-0c0a43-3113e70ec37d,OnDemand,,,346.24,
,449AAF96D79A79AF83974EE81F7DD00B-4,1762586050,FCRequestMetrics:/n-matmul-128,234,234,,,19965.25,n-matmul-128,false,93d7ca5c9fd9,,c-690eeda9-0cf1abd9-3515fa693e5b,1762586030645,Sync,21722.16,1762586028905,21.0.3.16,false,128,22.56,InvokeFunction,,,LATEST,1-690eedad-0c0a43-399f7efc4318,OnDemand,,,1739.39,
,DC9E0E12CD6EBAC6FF4F0136C46C5547-7,1762586050,FCRequestMetrics:/n-matmul-128,220,220,,,20628.49,n-matmul-128,false,7e6212d1a18e,,c-690eed96-0cf1abd9-cdf69a3e83a5,1762586030049,Sync,25982.38,1762586024700,21.0.3.13,false,128,29.87,InvokeFunction,,,LATEST,1-690eeda8-0c49fa-bb0bfebb8bfb,OnDemand,,,5349.17,
,E4146AB491CEBDE523F487E441201B73-8,1762586051,FCRequestMetrics:/n-matmul-128,237,237,,,19368.14,n-matmul-128,false,efdf38e6c6e7,,c-690eed96-0cf1abd9-523def426250,1762586031922,Sync,21946.60,1762586029347,21.0.3.15,false,128,29.49,InvokeFunction,,,LATEST,1-690eedad-0c49fa-a887aaf28cfa,OnDemand,,,2574.66,
,DD2BC95C544ACAEDCAD224B59098EF74-B,1762586051,FCRequestMetrics:/n-matmul-128,258,258,,,15880.61,n-matmul-128,false,845e91b6cf6b,,c-690eed8d-0cf1abd9-2a8cc4f964bf,1762586035191,Sync,17822.45,1762586033250,21.0.3.20,false,128,29.50,InvokeFunction,,,LATEST,1-690eedb1-0c0a43-a9489b5a2c65,OnDemand,,,1940.63,
,2D78B9AAD7920726510731B3A33EE102-4,1762586051,FCRequestMetrics:/n-matmul-128,233,233,,,21143.19,n-matmul-128,false,09d6302afcc0,,c-690eeda5-0cf1abd9-72fae0c6b355,1762586030183,Sync,22150.87,1762586029179,21.0.3.18,false,128,24.39,InvokeFunction,,,LATEST,1-690eedae-0c0a43-2066ad96a115,OnDemand,,,1003.31,
,8F3A423823DC52F503BC724CE6C60804-4,1762586051,FCRequestMetrics:/n-matmul-128,230,230,,,21219.38,n-matmul-128,false,f5890c8c5a5b,,c-690eeda5-0cf1abd9-697fc0458885,1762586030007,Sync,21804.67,1762586029425,21.0.3.25,false,128,22.47,InvokeFunction,,,LATEST,1-690eedae-0c0a43-bba418b5da6e,OnDemand,,,580.99,
,E0E0F357761D0248261EE2F10BB55343-8,1762586051,FCRequestMetrics:/n-matmul-128,246,246,,,18080.53,n-matmul-128,false,44413e12b2a5,,c-690eed96-0cf1abd9-2eb0d31dc6a8,1762586033889,Sync,21754.61,1762586030217,21.0.3.23,false,128,27.70,InvokeFunction,,,LATEST,1-690eedae-0c49fa-d5c672a24847,OnDemand,,,3672.04,
,8E8ED45746BF551481A42C9EC0C0938D-4,1762586051,FCRequestMetrics:/n-matmul-128,227,227,,,21263.72,n-matmul-128,false,4e78e1f0ba00,,c-690eeda5-0cf1abd9-1766bd825c2f,1762586029958,Sync,23363.71,1762586027861,21.0.3.21,false,128,22.45,InvokeFunction,,,LATEST,1-690eedad-0c0a43-9e33d7baf94f,OnDemand,,,2097.11,
,545DE9BD42C98B996C6808C99D114C47-3,1762586051,FCRequestMetrics:/n-matmul-128,227,227,,,21369.61,n-matmul-128,false,0a0aaa3564b0,,c-690eeda5-0cf1abd9-c9445681ee20,1762586029920,Sync,22049.07,1762586029241,21.0.3.22,false,128,22.35,InvokeFunction,,,LATEST,1-690eedae-0c49fa-5641ef833812,OnDemand,,,678.55,
,2FB111C80D55ADD6741728DC024D9859-4,1762586051,FCRequestMetrics:/n-matmul-128,227,227,,,21132.37,n-matmul-128,false,e39bf72b32e8,,c-690eeda5-0cf1abd9-fff5328a1511,1762586029947,Sync,21475.21,1762586029614,21.0.3.20,false,128,22.34,InvokeFunction,,,LATEST,1-690eedae-0c0a43-a52a5b6caf2a,OnDemand,,,332.58,
,5C14CF48C5C22527111DB496942DC103-C,1762586051,FCRequestMetrics:/n-matmul-128,242,242,,,18446.94,n-matmul-128,false,07dabc2bb605,,c-690eed84-0cf1abd9-5a2627b82825,1762586033233,Sync,21754.44,1762586029926,21.0.3.15,false,128,23.77,InvokeFunction,,,LATEST,1-690eedad-0c0a43-6d9d6fba5be7,OnDemand,,,3305.91,
,2471E95300325BB840CC834AD5A3C6B6-8,1762586051,FCRequestMetrics:/n-matmul-128,237,237,,,19256.98,n-matmul-128,false,9df121cea42b,,c-690eed96-0cf1abd9-2911da29056d,1762586031841,Sync,21756.64,1762586029343,21.0.3.22,false,128,27.59,InvokeFunction,,,LATEST,1-690eedad-0c0a43-dfdb594fc128,OnDemand,,,2498.46,
,DC13127C12C05FE53A3C463F46560AE2-C,1762586051,FCRequestMetrics:/n-matmul-128,245,245,,,18232.20,n-matmul-128,false,23c185050e4f,,c-690eed83-0cf1abd9-42d2bc137d48,1762586033700,Sync,21737.60,1762586030196,21.0.3.15,false,128,21.89,InvokeFunction,,,LATEST,1-690eedae-0c0a43-a20973859507,OnDemand,,,3504.31,
,04AD457B2A4E5603A91424FD74D7D0F7-D,1762586051,FCRequestMetrics:/n-matmul-128,243,243,,,17833.48,n-matmul-128,false,c0065d925c86,,c-690eed83-0cf1abd9-e451cdc04672,1762586033260,Sync,21070.32,1762586030024,21.0.3.14,false,128,24.95,InvokeFunction,,,LATEST,1-690eedae-0c0a43-a32f07663848,OnDemand,,,3236.04,
,80B2B247C9D9AF2A95FDD34F1640050C-C,1762586051,FCRequestMetrics:/n-matmul-128,243,243,,,17822.47,n-matmul-128,false,ce4127663c28,,c-690eed84-0cf1abd9-d4909224eec1,1762586033262,Sync,21000.98,1762586030084,21.0.3.13,false,128,29.60,InvokeFunction,,,LATEST,1-690eedae-0c49fa-d3dcba1222f3,OnDemand,,,3177.39,
,EB162AD5CEDC859E0500DC7BBAC4AEA6-C,1762586051,FCRequestMetrics:/n-matmul-128,245,245,,,18256.01,n-matmul-128,false,01cff2362e74,,c-690eed84-0cf1abd9-71a3383f4ef8,1762586033710,Sync,21772.83,1762586030196,21.0.3.26,false,128,27.56,InvokeFunction,,,LATEST,1-690eedae-0c49fa-67828f1a6280,OnDemand,,,3513.40,
,DB24A72FC77702D7D653E666A3F5E890-C,1762586051,FCRequestMetrics:/n-matmul-128,242,242,,,18558.01,n-matmul-128,false,b1264e2772ef,,c-690eed83-0cf1abd9-7df724ab21a7,1762586033164,Sync,21882.80,1762586029840,21.0.3.17,false,128,29.77,InvokeFunction,,,LATEST,1-690eedad-0c49fa-3d910153db96,OnDemand,,,3323.81,
,C1412826A6236A7731C90A92F9B4B0CE-C,1762586051,FCRequestMetrics:/n-matmul-128,243,243,,,17708.58,n-matmul-128,false,44ace84c5429,,c-690eed83-0cf1abd9-ef3a29fe5f2e,1762586033372,Sync,20988.41,1762586030094,21.0.3.22,false,128,28.31,InvokeFunction,,,LATEST,1-690eedae-0c49fa-06984b2dbde6,OnDemand,,,3277.68,
,1715E5CEAB8367704C4CBAEA4FB2B3A5-C,1762586051,FCRequestMetrics:/n-matmul-128,246,246,,,18030.25,n-matmul-128,false,d9e930eac608,,c-690eed83-0cf1abd9-acea5d3aee77,1762586033785,Sync,21619.20,1762586030198,21.0.3.24,false,128,22.05,InvokeFunction,,,LATEST,1-690eedae-0c0a43-b64aacd3b663,OnDemand,,,3586.99,
,13CEFE53DDF944F177E0AA28B5E28265-C,1762586051,FCRequestMetrics:/n-matmul-128,246,246,,,17611.16,n-matmul-128,false,feed6d3496d7,,c-690eed84-0cf1abd9-08aca33fd588,1762586034052,Sync,21207.46,1762586030460,21.0.3.20,false,128,22.01,InvokeFunction,,,LATEST,1-690eedae-0c0a43-76cc14e779b9,OnDemand,,,3591.87,
,B521370D3A6E26470A494F1D2AAFFA3F-8,1762586052,FCRequestMetrics:/n-matmul-128,244,244,,,18745.54,n-matmul-128,false,602c844bf99d,,c-690eed96-0cf1abd9-1fcc961447a6,1762586033597,Sync,22171.47,1762586030172,21.0.3.22,false,128,29.93,InvokeFunction,,,LATEST,1-690eedae-0c49fa-b668af89c1e2,OnDemand,,,3424.91,
,623C01CD3A5A8B2E0F24E293BCB1A9E6-8,1762586052,FCRequestMetrics:/n-matmul-128,243,243,,,19414.80,n-matmul-128,false,28d5a40b4b5c,,c-690eed96-0cf1abd9-9c58647ab8e4,1762586033482,Sync,22768.43,1762586030136,21.0.3.21,false,128,29.59,InvokeFunction,,,LATEST,1-690eedae-0c49fa-af7f92a40b71,OnDemand,,,3345.81,
,945898D0AF47D153C60C831EFEA93697-8,1762586052,FCRequestMetrics:/n-matmul-128,246,246,,,18467.42,n-matmul-128,false,175f45e7fcbd,,c-690eed96-0cf1abd9-9f8f06b7bb4c,1762586033974,Sync,22068.27,1762586030374,21.0.3.22,false,128,27.68,InvokeFunction,,,LATEST,1-690eedae-0c0a43-dfc4ca316647,OnDemand,,,3599.55,
,ACC61EAFD65443D198A5177BAD7DDF02-8,1762586052,FCRequestMetrics:/n-matmul-128,251,251,,,18432.14,n-matmul-128,false,3174e9129044,,c-690eed96-0cf1abd9-645e4a0c60a8,1762586034562,Sync,20240.04,1762586032754,21.0.3.25,false,128,29.42,InvokeFunction,,,LATEST,1-690eedb0-0c0a43-d944839f1dc1,OnDemand,,,1807.08,
,529E5C7FB42ABB8742B7C8F9D897AD63-8,1762586052,FCRequestMetrics:/n-matmul-128,246,246,,,18883.92,n-matmul-128,false,f84b5136dce2,,c-690eed96-0cf1abd9-9ebb1a976fe6,1762586034040,Sync,22390.45,1762586030534,21.0.3.19,false,128,27.41,InvokeFunction,,,LATEST,1-690eedae-0c0a43-64d283f8c5e4,OnDemand,,,3505.55,
,EBC26A7000C29ACFC3147F56410DAFC8-8,1762586052,FCRequestMetrics:/n-matmul-128,246,246,,,19077.52,n-matmul-128,false,ec97bbe6dd57,,c-690eed96-0cf1abd9-da0cdb0222d5,1762586033848,Sync,22731.77,1762586030198,21.0.3.26,false,128,27.70,InvokeFunction,,,LATEST,1-690eedae-0c0a43-189c9c9ac3c4,OnDemand,,,3649.00,
,35B7CF1288747C19178530C01B71BAC3-8,1762586052,FCRequestMetrics:/n-matmul-128,245,245,,,18845.47,n-matmul-128,false,cf2bb21028d5,,c-690eed96-0cf1abd9-ca59a9a46279,1762586033643,Sync,22314.64,1762586030175,21.0.3.23,false,128,29.57,InvokeFunction,,,LATEST,1-690eedae-0c0a43-bf2a1f921d6e,OnDemand,,,3468.39,
,1A862A83A1BC2442878624F07715F018-8,1762586052,FCRequestMetrics:/n-matmul-128,250,250,,,18548.29,n-matmul-128,false,efc22426a1fd,,c-690eed96-0cf1abd9-cf74302865f9,1762586034239,Sync,21922.39,1762586030873,21.0.3.19,false,128,29.58,InvokeFunction,,,LATEST,1-690eedae-0c49fa-84fdb2b49347,OnDemand,,,3365.72,
,B4A81EAA9A610DB6D6C5F8ED3BF0C5D3-8,1762586052,FCRequestMetrics:/n-matmul-128,252,252,,,18257.12,n-matmul-128,false,5618ff7e0c38,,c-690eed96-0cf1abd9-fe06c54f6777,1762586034718,Sync,20058.68,1762586032918,21.0.3.20,false,128,27.38,InvokeFunction,,,LATEST,1-690eedb0-0c0a43-2fbfd1bdd162,OnDemand,,,1800.36,
,F658B3CD8413B0D988AE185DF0BE18DD-B,1762586052,FCRequestMetrics:/n-matmul-128,276,276,,,14760.14,n-matmul-128,false,959cca596465,,c-690eed8d-0cf1abd9-0ed53fa70580,1762586037541,Sync,17936.36,1762586034370,21.0.3.23,false,128,27.70,InvokeFunction,,,LATEST,1-690eedb2-0c0a43-9d757a33b683,OnDemand,,,3171.18,
,B2D9766D97B902C7A31498DC152CD74A-C,1762586052,FCRequestMetrics:/n-matmul-128,256,256,,,17477.61,n-matmul-128,false,efd1785218e5,,c-690eed84-0cf1abd9-6314f848c25e,1762586034920,Sync,19438.74,1762586032959,21.0.3.18,false,128,25.03,InvokeFunction,,,LATEST,1-690eedb0-0c0a43-407579aa3a7a,OnDemand,,,1960.13,
,A912C88EFEEFC4B218F7735CF74E673B-4,1762586052,FCRequestMetrics:/n-matmul-128,235,235,,,22383.19,n-matmul-128,false,c124df2e904b,,c-690eeda8-0cf1abd9-66b5ac8b3f4b,1762586030385,Sync,23525.68,1762586029245,21.0.3.16,false,128,22.19,InvokeFunction,,,LATEST,1-690eedae-0c0a43-7a2eb7b18821,OnDemand,,,1140.32,
,F049A05B05E229468359356494790421-5,1762586052,FCRequestMetrics:/n-matmul-128,236,236,,,21915.97,n-matmul-128,false,a743b3598854,,c-690eeda8-0cf1abd9-ed6740a826c3,1762586030483,Sync,23106.25,1762586029296,21.0.3.18,false,128,22.32,InvokeFunction,,,LATEST,1-690eedae-0c0a43-0d6b173c83b2,OnDemand,,,1186.64,
,4DF5713F052ED08D8FF3A9FDE56D7F83-B,1762586052,FCRequestMetrics:/n-matmul-128,251,251,,,17980.62,n-matmul-128,false,be9fec8342f8,,c-690eed83-0cf1abd9-b75a5db2845a,1762586034479,Sync,20016.53,1762586032449,21.0.3.21,false,128,24.18,InvokeFunction,,,LATEST,1-690eedb0-0c49fa-f21d73946f3e,OnDemand,,,2030.06,
,4AAB0B06936D72C3AF0ED63C41634FCE-C,1762586052,FCRequestMetrics:/n-matmul-128,258,258,,,17358.96,n-matmul-128,false,d7d879e92610,,c-690eed89-0cf1abd9-cbae37f356f4,1762586035045,Sync,19408.49,1762586033010,21.0.3.17,false,128,22.86,InvokeFunction,,,LATEST,1-690eedb1-0c49fa-7b8acfcc584e,OnDemand,,,2035.36,
,E73296BB4FF98C51BFC0649F2F271CC3-4,1762586052,FCRequestMetrics:/n-matmul-128,241,241,,,21222.12,n-matmul-128,false,59d36ceba10f,,c-690eeda8-0cf1abd9-e68ef267c2b5,1762586031235,Sync,23511.68,1762586028952,21.0.3.15,false,128,22.35,InvokeFunction,,,LATEST,1-690eedae-0c49fa-2724e2f7db87,OnDemand,,,2282.96,
,0DE5178D46C5303D6977161F8DE7542A-C,1762586052,FCRequestMetrics:/n-matmul-128,248,248,,,17863.17,n-matmul-128,false,38bd945bd6ee,,c-690eed84-0cf1abd9-eaac368eb58c,1762586034159,Sync,21151.11,1762586030871,21.0.3.27,false,128,27.64,InvokeFunction,,,LATEST,1-690eedae-0c0a43-ccf9f7ba8487,OnDemand,,,3287.03,
,946B81964C060862F0648B190BC052AB-C,1762586052,FCRequestMetrics:/n-matmul-128,251,251,,,18081.81,n-matmul-128,false,34c40a6c9520,,c-690eed89-0cf1abd9-1687528dc8c2,1762586034370,Sync,20871.63,1762586031580,21.0.3.18,false,128,27.33,InvokeFunction,,,LATEST,1-690eedaf-0c49fa-b83492663b46,OnDemand,,,2788.90,
,F4DFF4453A1625B22DE49E6316B744E7-B,1762586052,FCRequestMetrics:/n-matmul-128,246,246,,,18945.79,n-matmul-128,false,5ccd9a18e737,,c-690eed84-0cf1abd9-b1659118d275,1762586033852,Sync,22596.55,1762586030212,21.0.3.19,false,128,27.44,InvokeFunction,,,LATEST,1-690eedae-0c49fa-b0f255142e89,OnDemand,,,3639.54,
,254CBF9330441C1ACFCB0F4AE9CBF4F1-4,1762586052,FCRequestMetrics:/n-matmul-128,237,237,,,21767.42,n-matmul-128,false,ab3447f5d4b9,,c-690eedad-0cf1abd9-bee0383146f8,1762586030998,Sync,22314.04,1762586030459,21.0.3.9,false,128,31.89,InvokeFunction,,,LATEST,1-690eedaf-0c49fa-ee54baa7f9a5,OnDemand,,,538.75,
,77A451B62F8AF08AF72FE07E1B84F5E0-4,1762586052,FCRequestMetrics:/n-matmul-128,240,240,,,20661.62,n-matmul-128,false,0dcdb5385733,,c-690eeda9-0cf1abd9-1346167bcac0,1762586031573,Sync,22052.95,1762586030194,21.0.3.14,false,128,22.44,InvokeFunction,,,LATEST,1-690eedaf-0c49fa-00b17b8fb3fc,OnDemand,,,1378.37,
,7FCCE5A256910B58B56BBA3543AFB14E-C,1762586052,FCRequestMetrics:/n-matmul-128,248,248,,,18227.02,n-matmul-128,false,c5e4309ab4db,,c-690eed84-0cf1abd9-b684d4f05063,1762586034137,Sync,21515.71,1762586030849,21.0.3.17,false,128,27.54,InvokeFunction,,,LATEST,1-690eedae-0c49fa-2fa3f69fd059,OnDemand,,,3287.74,
,6A8383338392512084A14C3EC7DB7CCC-B,1762586052,FCRequestMetrics:/n-matmul-128,274,274,,,15542.56,n-matmul-128,false,d95f8edd3264,,c-690eed8d-0cf1abd9-54a1d269f410,1762586037305,Sync,18489.61,1762586034358,21.0.3.15,false,128,21.64,InvokeFunction,,,LATEST,1-690eedb2-0c0a43-7359702893ea,OnDemand,,,2946.27,
,D3A5ACAA170AA2F73392865F0C2D539D-C,1762586052,FCRequestMetrics:/n-matmul-128,258,258,,,17613.71,n-matmul-128,false,6c683a9ba932,,c-690eed84-0cf1abd9-d44cbd427b7e,1762586035162,Sync,19593.33,1762586033183,21.0.3.24,false,128,29.68,InvokeFunction,,,LATEST,1-690eedb1-0c0a43-42e7d67da831,OnDemand,,,1978.56,
,E5B69284F91EC2DF605FC852F4441DE1-8,1762586052,FCRequestMetrics:/n-matmul-128,239,239,,,20348.97,n-matmul-128,false,a79ff7c252e4,,c-690eed96-0cf1abd9-ce2a7ce29ce5,1762586032276,Sync,23174.98,1762586029453,21.0.3.15,false,128,28.09,InvokeFunction,,,LATEST,1-690eedad-0c49fa-fe6f681761c3,OnDemand,,,2822.46,
,83CAB58307325447A4DEA26702BA5E90-7,1762586052,FCRequestMetrics:/n-matmul-128,244,244,,,19216.97,n-matmul-128,false,03045a14e1ff,,c-690eed96-0cf1abd9-278610150dd5,1762586033561,Sync,22623.79,1762586030155,21.0.3.16,false,128,22.29,InvokeFunction,,,LATEST,1-690eedae-0c0a43-e5100e0f6318,OnDemand,,,3405.84,
,3641BD03B2EDD337A1E5E07D16D4DE1D-B,1762586052,FCRequestMetrics:/n-matmul-128,274,274,,,16170.97,n-matmul-128,false,74c2be7ed7bc,,c-690eed8d-0cf1abd9-611a2133a545,1762586036652,Sync,19461.93,1762586033362,21.0.3.12,false,128,27.58,InvokeFunction,,,LATEST,1-690eedb1-0c49fa-9f0f796053a3,OnDemand,,,3290.08,
,7C3C6C39706B9E9A5E45EA0795F361E3-C,1762586052,FCRequestMetrics:/n-matmul-128,277,277,,,14978.02,n-matmul-128,false,daf840027305,,c-690eed8d-0cf1abd9-998f2d849ede,1762586037720,Sync,18256.95,1762586034442,21.0.3.14,false,128,23.97,InvokeFunction,,,LATEST,1-690eedb2-0c0a43-3a620ed959d2,OnDemand,,,3278.04,
,803897D30563305B6DBC05E884EC8EC2-8,1762586053,FCRequestMetrics:/n-matmul-128,250,250,,,18940.62,n-matmul-128,false,2a6f3444e7b4,,c-690eed96-0cf1abd9-1ae336fb64b1,1762586034328,Sync,22368.34,1762586030901,21.0.3.18,false,128,27.47,InvokeFunction,,,LATEST,1-690eedae-0c0a43-04550eca3f26,OnDemand,,,3426.47,
,3B9C179DFD02BB282B27F2619A4251CD-4,1762586053,FCRequestMetrics:/n-matmul-128,273,273,,,17935.03,n-matmul-128,false,6eb553e5eaff,,c-690eedaa-0cf1abd9-7c5cd4bbc1a0,1762586035401,Sync,18889.77,1762586034452,21.0.3.26,false,128,22.35,InvokeFunction,,,LATEST,1-690eedb3-0c0a43-ca4e711ab07b,OnDemand,,,948.48,
,CFAD3EAED3DA9F0681474476AA4BD35D-5,1762586053,FCRequestMetrics:/n-matmul-128,260,260,,,18802.82,n-matmul-128,false,d7b80d666e2b,,c-690eedaa-0cf1abd9-4d582ed6e2e0,1762586034569,Sync,19907.28,1762586033465,21.0.3.27,false,128,24.41,InvokeFunction,,,LATEST,1-690eedb2-0c0a43-4b8011ec5091,OnDemand,,,1103.41,
,5631503C851C331FBCC55A7B595279F5-A,1762586053,FCRequestMetrics:/n-matmul-128,279,279,,,14857.64,n-matmul-128,false,dd31d4d13109,,c-690eed96-0cf1abd9-3b123f53c475,1762586038789,Sync,18425.26,1762586035227,21.0.3.12,false,128,32.43,InvokeFunction,,,LATEST,1-690eedb3-0c49fa-d5b997ce1849,OnDemand,,,3562.20,
,E25E5AC81214735572C3101D35F1B078-A,1762586053,FCRequestMetrics:/n-matmul-128,277,277,,,14702.00,n-matmul-128,false,23a95b7b22dd,,c-690eed8d-0cf1abd9-05804b5e6825,1762586038383,Sync,18343.78,1762586034742,21.0.3.17,false,128,27.66,InvokeFunction,,,LATEST,1-690eedb2-0c0a43-023267d7917c,OnDemand,,,3640.79,
,B79079C424E0F07A8A390B193B002836-7,1762586053,FCRequestMetrics:/n-matmul-128,251,251,,,18763.16,n-matmul-128,false,692d15f70bf3,,c-690eed96-0cf1abd9-d94777f4e8e6,1762586034406,Sync,20932.93,1762586032237,21.0.3.24,false,128,29.53,InvokeFunction,,,LATEST,1-690eedb0-0c49fa-a0380225bdfd,OnDemand,,,2168.68,
,2F8E8E9909DF7E4E4F6C84108E3E6391-8,1762586053,FCRequestMetrics:/n-matmul-128,246,246,,,19507.21,n-matmul-128,false,cec312802329,,c-690eed96-0cf1abd9-acd053f7b558,1762586033929,Sync,23126.72,1762586030312,21.0.3.25,false,128,27.72,InvokeFunction,,,LATEST,1-690eedae-0c0a43-926438a76e22,OnDemand,,,3616.66,
,8BD4AD9E3D09406FDF72A2C557E65602-B,1762586053,FCRequestMetrics:/n-matmul-128,280,280,,,14465.21,n-matmul-128,false,b921ac706f30,,c-690eed8d-0cf1abd9-a5d5bfafa5f0,1762586038873,Sync,17980.41,1762586035359,21.0.3.20,false,128,27.68,InvokeFunction,,,LATEST,1-690eedb3-0c0a43-575811e66aff,OnDemand,,,3514.50,
,BBD7AB4B6FCD8B52DAEF4384D3C02406-8,1762586053,FCRequestMetrics:/n-matmul-128,250,250,,,19042.92,n-matmul-128,false,4098b7dc32ba,,c-690eed96-0cf1abd9-f0166f4fef4a,1762586034322,Sync,22375.23,1762586030999,21.0.3.27,false,128,27.46,InvokeFunction,,,LATEST,1-690eedae-0c49fa-e2bbaf69fea5,OnDemand,,,3321.74,
,BE75DB22015500E11A374D96AAD193DE-B,1762586053,FCRequestMetrics:/n-matmul-128,277,277,,,15306.77,n-matmul-128,false,14ce103419c8,,c-690eed8d-0cf1abd9-d2956975d9ee,1762586037958,Sync,18728.85,1762586034536,21.0.3.24,false,128,31.59,InvokeFunction,,,LATEST,1-690eedb2-0c0a43-1deb2bea8c0e,OnDemand,,,3421.23,
,2B4625DA72F11748201D56C345F761CD-8,1762586053,FCRequestMetrics:/n-matmul-128,251,251,,,18828.87,n-matmul-128,false,83516cd0eb74,,c-690eed96-0cf1abd9-a41f892cdd8e,1762586034334,Sync,21623.86,1762586031546,21.0.3.26,false,128,27.78,InvokeFunction,,,LATEST,1-690eedaf-0c49fa-b82dfba456fc,OnDemand,,,2787.54,
,D75FE03AF20DB179FE80EEBFA34D421E-7,1762586053,FCRequestMetrics:/n-matmul-128,251,251,,,18769.64,n-matmul-128,false,6e7425ff0dbc,,c-690eed96-0cf1abd9-51b4fedde737,1762586034500,Sync,20746.35,1762586032525,21.0.3.27,false,128,29.29,InvokeFunction,,,LATEST,1-690eedb0-0c0a43-3a3ce8e87741,OnDemand,,,1975.20,
,4144839320AC12CCDB04B923E734740F-D,1762586053,FCRequestMetrics:/n-matmul-128,253,253,,,18680.50,n-matmul-128,false,f2237be86146,,c-690eed84-0cf1abd9-d791d9e182fe,1762586034782,Sync,20538.03,1762586032925,21.0.3.25,false,128,24.39,InvokeFunction,,,LATEST,1-690eedb0-0c49fa-c9cf66cbd7a9,OnDemand,,,1856.61,
,BBE4F3A04F21A9AAC989204381637DB0-5,1762586053,FCRequestMetrics:/n-matmul-128,238,238,,,22009.45,n-matmul-128,false,344f71de17a7,,c-690eedad-0cf1abd9-b220a1ec872a,1762586031032,Sync,22538.14,1762586030504,21.0.3.8,false,128,68.75,InvokeFunction,,,LATEST,1-690eedaf-0c0a43-a7b74c0d8306,OnDemand,,,527.35,
,AD2D061C819899739344C7154478FB9D-B,1762586053,FCRequestMetrics:/n-matmul-128,260,260,,,17983.35,n-matmul-128,false,3e0e6ec3c35c,,c-690eed89-0cf1abd9-2892cad8d6af,1762586035322,Sync,20058.34,1762586033270,21.0.3.19,false,128,27.58,InvokeFunction,,,LATEST,1-690eedb1-0c0a43-bfe6fe457e92,OnDemand,,,2052.11,
,83A82314888ED1CF5E7B61964546AF33-4,1762586053,FCRequestMetrics:/n-matmul-128,239,239,,,22374.07,n-matmul-128,false,462f44a2c82a,,c-690eedad-0cf1abd9-7f3a36248a21,1762586031306,Sync,23124.39,1762586030556,21.0.3.10,false,128,22.29,InvokeFunction,,,LATEST,1-690eedaf-0c0a43-25803c6509c2,OnDemand,,,749.36,
,FE62E48614DA949DAF3789D4806A512D-D,1762586053,FCRequestMetrics:/n-matmul-128,270,270,,,17222.91,n-matmul-128,false,4823d83c18dc,,c-690eed89-0cf1abd9-5b9582f39990,1762586036177,Sync,19804.74,1762586033598,21.0.3.21,false,128,21.87,InvokeFunction,,,LATEST,1-690eedb1-0c49fa-4ecfdc25bcaf,OnDemand,,,2578.84,
,938A8818D88FA899F8D8F52ADA1CFF6C-4,1762586053,FCRequestMetrics:/n-matmul-128,246,246,,,20300.88,n-matmul-128,false,7f4516a5f859,,c-690eeda9-0cf1abd9-4c7481869c13,1762586032807,Sync,23784.17,1762586029329,21.0.3.24,false,128,22.31,InvokeFunction,,,LATEST,1-690eedae-0c0a43-0af5118d3572,OnDemand,,,3477.86,
,B9CC31614084CD73FC6E2CD9504361BE-C,1762586053,FCRequestMetrics:/n-matmul-128,270,270,,,17747.75,n-matmul-128,false,6211d0e2f318,,c-690eed84-0cf1abd9-9c5b9e84230e,1762586036070,Sync,20259.34,1762586033559,21.0.3.18,false,128,21.61,InvokeFunction,,,LATEST,1-690eedb1-0c49fa-8cf9adb8099c,OnDemand,,,2510.64,
,074001829727EFB7F7387CED9C5F68EC-4,1762586053,FCRequestMetrics:/n-matmul-128,242,242,,,21943.52,n-matmul-128,false,ee3e5731d648,,c-690eedad-0cf1abd9-2b773a14cfca,1762586032021,Sync,23292.45,1762586030696,21.0.3.11,false,128,21.89,InvokeFunction,,,LATEST,1-690eedaf-0c0a43-6a245fe24487,OnDemand,,,1324.67,
,198BD0BFC963C7EBC003068011CD263F-C,1762586053,FCRequestMetrics:/n-matmul-128,260,260,,,18413.75,n-matmul-128,false,f2fc65392c05,,c-690eed84-0cf1abd9-020573621d1e,1762586035354,Sync,20256.50,1762586033516,21.0.3.27,false,128,22.68,InvokeFunction,,,LATEST,1-690eedb1-0c49fa-7ce0c63e68ad,OnDemand,,,1837.68,
,534BB234720EAF245D060C96880CE6E1-4,1762586053,FCRequestMetrics:/n-matmul-128,248,248,,,20606.55,n-matmul-128,false,b9d5a90e849c,,c-690eeda8-0cf1abd9-489697ff9fe3,1762586032853,Sync,23636.67,1762586029824,21.0.3.22,false,128,22.38,InvokeFunction,,,LATEST,1-690eedaf-0c49fa-be3f6f22b74a,OnDemand,,,3028.48,
,2E3A4B31C228B399B3B7DC20B5D681E8-5,1762586053,FCRequestMetrics:/n-matmul-128,250,250,,,20308.51,n-matmul-128,false,94116257bc76,,c-690eeda8-0cf1abd9-6efacfe9f712,1762586032974,Sync,21227.10,1762586032060,21.0.3.21,false,128,22.39,InvokeFunction,,,LATEST,1-690eedb1-0c49fa-c5fe4f919fdd,OnDemand,,,914.61,
,0D0B5399E6C73F2546BD22845DA04E21-C,1762586053,FCRequestMetrics:/n-matmul-128,270,270,,,17901.87,n-matmul-128,false,47a596ce3adb,,c-690eed84-0cf1abd9-1234c0f5f235,1762586035985,Sync,20331.53,1762586033557,21.0.3.21,false,128,22.31,InvokeFunction,,,LATEST,1-690eedb1-0c0a43-6955c6b861c2,OnDemand,,,2427.76,
,05FBCBF7797DF123D15EB0A6FCA5941A-4,1762586053,FCRequestMetrics:/n-matmul-128,253,253,,,20470.15,n-matmul-128,false,2c2a67e70617,,c-690eeda8-0cf1abd9-2e88da04d74b,1762586033434,Sync,21146.10,1762586032759,21.0.3.17,false,128,22.14,InvokeFunction,,,LATEST,1-690eedb2-0c49fa-f200d10dbe22,OnDemand,,,675.16,
,578636031DA9F9E4C1AEAEE036A2ED78-4,1762586053,FCRequestMetrics:/n-matmul-128,256,256,,,20381.36,n-matmul-128,false,d4e7bb540e9b,,c-690eeda9-0cf1abd9-cc7b57654f75,1762586033572,Sync,22303.94,1762586031660,21.0.3.27,false,128,22.25,InvokeFunction,,,LATEST,1-690eedb0-0c0a43-4e7d8d3e25b0,OnDemand,,,1912.73,
,F61B1071476942D4F7B55629DD659612-8,1762586053,FCRequestMetrics:/n-matmul-128,242,242,,,20579.05,n-matmul-128,false,b611341e3558,,c-690eed96-0cf1abd9-fa1cd72521fa,1762586032880,Sync,23726.19,1762586029733,21.0.3.17,false,128,29.79,InvokeFunction,,,LATEST,1-690eedad-0c0a43-070c27066f72,OnDemand,,,3146.05,
,40D0187C79EB93AE6164DB021EB45BA3-B,1762586053,FCRequestMetrics:/n-matmul-128,275,275,,,15940.33,n-matmul-128,false,c2355a18488a,,c-690eed8d-0cf1abd9-4bc4ed912672,1762586037355,Sync,18936.09,1762586034365,21.0.3.19,false,128,27.69,InvokeFunction,,,LATEST,1-690eedb2-0c0a43-b85a854ab2a3,OnDemand,,,2989.71,
,7F22DE67CC56E5CE60C18065760DFDF7-8,1762586053,FCRequestMetrics:/n-matmul-128,243,243,,,20298.82,n-matmul-128,false,6aafb671ccf7,,c-690eed96-0cf1abd9-e828e73f8bb0,1762586033530,Sync,23685.91,1762586030151,21.0.3.20,false,128,27.51,InvokeFunction,,,LATEST,1-690eedae-0c49fa-60290a866bcf,OnDemand,,,3379.25,
,CEE887FB037E821185889FBE8CB6AF77-4,1762586053,FCRequestMetrics:/n-matmul-128,260,260,,,19142.59,n-matmul-128,false,5d96d0e6f353,,c-690eeda9-0cf1abd9-eb584dd06982,1762586034588,Sync,19761.32,1762586033970,21.0.3.18,false,128,22.57,InvokeFunction,,,LATEST,1-690eedb2-0c49fa-1ef718924b01,OnDemand,,,617.63,
,35684BB25099CBEDA839F3453B345BB7-B,1762586053,FCRequestMetrics:/n-matmul-128,286,286,,,14212.21,n-matmul-128,false,4704e96ceb34,,c-690eed8d-0cf1abd9-0b031bc7876b,1762586039163,Sync,17027.97,1762586036348,21.0.3.16,false,128,22.32,InvokeFunction,,,LATEST,1-690eedb4-0c0a43-2bdf010d9be0,OnDemand,,,2812.03,
,66F11D02496EEE1D7BA3A4E6AB8BA6A5-4,1762586053,FCRequestMetrics:/n-matmul-128,264,264,,,19111.70,n-matmul-128,false,bd9b5f0f3fc4,,c-690eeda9-0cf1abd9-f9f10a04e676,1762586034715,Sync,20574.45,1762586033255,21.0.3.21,false,128,24.31,InvokeFunction,,,LATEST,1-690eedb2-0c0a43-92dbda5f1a26,OnDemand,,,1459.79,
,4E6EE341D6B7F4B5F00204E676B0421F-7,1762586053,FCRequestMetrics:/n-matmul-128,277,277,,,14985.41,n-matmul-128,false,511d80c68358,,c-690eed8d-0cf1abd9-efed7d33773f,1762586038458,Sync,18690.29,1762586034754,21.0.3.18,false,128,21.57,InvokeFunction,,,LATEST,1-690eedb2-0c49fa-f0fd278a5ca2,OnDemand,,,3703.98,
,84A28E40EAE4F1B9B438DA8F49770703-3,1762586053,FCRequestMetrics:/n-matmul-128,260,260,,,19292.06,n-matmul-128,false,e5434f6e0cce,,c-690eedaa-0cf1abd9-d51a3cdb5967,1762586034591,Sync,19810.53,1762586034073,21.0.3.23,false,128,22.32,InvokeFunction,,,LATEST,1-690eedb3-0c49fa-0bd36aaf6325,OnDemand,,,517.60,
,4145F5C147116C613F389F1FA1269B40-9,1762586053,FCRequestMetrics:/n-matmul-128,246,246,,,20039.97,n-matmul-128,false,a47c00754ae4,,c-690eed96-0cf1abd9-7ad5956d5a94,1762586033921,Sync,23677.30,1762586030284,21.0.3.18,false,128,27.56,InvokeFunction,,,LATEST,1-690eedae-0c49fa-7804b2a12431,OnDemand,,,3636.36,
,06C1AECF0F54657A09035580DC6D0DB0-A,1762586054,FCRequestMetrics:/n-matmul-128,277,277,,,16257.41,n-matmul-128,false,d73180f2ad0e,,c-690eed8d-0cf1abd9-22bbe3b454d8,1762586037730,Sync,19529.91,1762586034485,21.0.3.22,false,128,27.68,InvokeFunction,,,LATEST,1-690eedb2-0c0a43-0609ac4185d2,OnDemand,,,3244.91,
,8D8C440FC3E34DBB9F1F04BB26D5634E-E,1762586054,FCRequestMetrics:/n-matmul-128,282,282,,,15746.16,n-matmul-128,false,524d7b1ff122,,c-690eed85-0cf1abd9-5f56757a5335,1762586039014,Sync,19073.09,1762586035690,21.0.3.9,false,128,34.45,InvokeFunction,,,LATEST,1-690eedb3-0c0a43-e6215618c136,OnDemand,,,3323.64,
,DFB2C1B044EC33FF240D44307D6249FE-B,1762586054,FCRequestMetrics:/n-matmul-128,272,272,,,17860.58,n-matmul-128,false,ecb9a7fba850,,c-690eed89-0cf1abd9-8077c2c72a30,1762586036304,Sync,20868.89,1762586033296,21.0.3.20,false,128,28.00,InvokeFunction,,,LATEST,1-690eedb1-0c0a43-34ea8bc39999,OnDemand,,,3007.36,
,C81E0734A1BCCB9DA9FC914E1BF3266D-5,1762586054,FCRequestMetrics:/n-matmul-128,246,246,,,21320.97,n-matmul-128,false,7cce56c3fb65,,c-690eeda8-0cf1abd9-312a3a57ec79,1762586032744,Sync,24784.54,1762586029282,21.0.3.20,false,128,22.22,InvokeFunction,,,LATEST,1-690eedae-0c0a43-8354052158e0,OnDemand,,,3461.33,
,530FE0259011E1488EC5E3B38AE725E0-D,1762586054,FCRequestMetrics:/n-matmul-128,274,274,,,17900.02,n-matmul-128,false,84f6be032d7a,,c-690eed84-0cf1abd9-3f0610e48d26,1762586036960,Sync,21446.19,1762586033417,21.0.3.22,false,128,27.56,InvokeFunction,,,LATEST,1-690eedb1-0c49fa-2deef14a72c3,OnDemand,,,3536.85,
,268F3D3C46E38184A5EB5CF616A731E0-B,1762586054,FCRequestMetrics:/n-matmul-128,273,273,,,17895.58,n-matmul-128,false,0833dc1a5c1e,,c-690eed84-0cf1abd9-aec18b43eff0,1762586036394,Sync,20367.23,1762586033924,21.0.3.20,false,128,23.59,InvokeFunction,,,LATEST,1-690eedb1-0c0a43-9dac24460217,OnDemand,,,2469.92,
,582B2FD610CE36EC9001D437122DA7DE-D,1762586054,FCRequestMetrics:/n-matmul-128,272,272,,,17937.16,n-matmul-128,false,6d8c2f880a16,,c-690eed84-0cf1abd9-51ea92789350,1762586036257,Sync,20454.25,1762586033748,21.0.3.23,false,128,22.15,InvokeFunction,,,LATEST,1-690eedb1-0c0a43-a1b3c8309052,OnDemand,,,2509.53,
,C6D042B3AA8F55B11A4AF85F00682BEA-C,1762586054,FCRequestMetrics:/n-matmul-128,274,274,,,17825.00,n-matmul-128,false,7399f831961f,,c-690eed84-0cf1abd9-757f054c6418,1762586036675,Sync,20544.60,1762586033956,21.0.3.26,false,128,21.70,InvokeFunction,,,LATEST,1-690eedb1-0c49fa-7cc12b88a315,OnDemand,,,2718.37,
,A8FF43E92F4D978DEA7FF72424BA415A-C,1762586054,FCRequestMetrics:/n-matmul-128,274,274,,,17688.18,n-matmul-128,false,00a0b8d7795c,,c-690eed84-0cf1abd9-d5f620461f53,1762586037011,Sync,20620.83,1762586034079,21.0.3.25,false,128,21.91,InvokeFunction,,,LATEST,1-690eedb2-0c49fa-bffc7af9dd70,OnDemand,,,2931.34,
,05CDE0418A06D09EAE4ADEC100CA68AB-3,1762586054,FCRequestMetrics:/n-matmul-128,244,244,,,21817.07,n-matmul-128,false,0737d63123d1,,c-690eedad-0cf1abd9-a9ddaa1500d5,1762586032433,Sync,24084.09,1762586030180,21.0.3.12,false,128,22.35,InvokeFunction,,,LATEST,1-690eedaf-0c0a43-c77024f50e86,OnDemand,,,2252.51,
,0BC7559A97094DA3F46167601878453D-4,1762586054,FCRequestMetrics:/n-matmul-128,253,253,,,20519.53,n-matmul-128,false,75f4143da4af,,c-690eeda8-0cf1abd9-4970429639af,1762586033479,Sync,22230.11,1762586031771,21.0.3.19,false,128,22.27,InvokeFunction,,,LATEST,1-690eedb1-0c49fa-771697a6e92e,OnDemand,,,1708.29,
,5DAD0D54751340FDEB778E8C3D0BCA64-3,1762586054,FCRequestMetrics:/n-matmul-128,243,243,2743.86,1762586029489,22148.60,n-matmul-128,false,5f6b4c786b41,ColdStart,c-690eedae-0cf1abd9-b63dfe7543ed,1762586032239,Sync,28184.71,1762586026213,21.0.3.8,true,128,77.77,InvokeFunction,108.06,1762586029490,LATEST,1-690eedae-0c49fa-99cc5359bff9,OnDemand,2634.28,1762586029598,3275.95,
,C3D70BE59EDDE2E3BAD7D26871BEFCC2-C,1762586054,FCRequestMetrics:/n-matmul-128,277,277,,,16048.50,n-matmul-128,false,5c7d778afaae,,c-690eed8d-0cf1abd9-f42778f29da4,1762586038250,Sync,19700.93,1762586034600,21.0.3.17,false,128,24.92,InvokeFunction,,,LATEST,1-690eedb2-0c0a43-1120c98fd55e,OnDemand,,,3649.74,
,0B2964543FFD9BF880FB835C7969E92C-3,1762586054,FCRequestMetrics:/n-matmul-128,245,245,,,21743.23,n-matmul-128,false,def6cb030cc0,,c-690eedad-0cf1abd9-ea42a99c6fe6,1762586032554,Sync,22914.92,1762586031386,21.0.3.13,false,128,22.64,InvokeFunction,,,LATEST,1-690eedb0-0c0a43-e95a8f1b649f,OnDemand,,,1166.83,
,3AFB20005AD9E6CC4003C7ADDF444DDF-4,1762586054,FCRequestMetrics:/n-matmul-128,252,252,,,21270.60,n-matmul-128,false,5f995ae01ec5,,c-690eeda9-0cf1abd9-1afd58826ae3,1762586033408,Sync,21677.79,1762586033001,21.0.3.25,false,128,22.20,InvokeFunction,,,LATEST,1-690eedb2-0c49fa-dcb96676c80b,OnDemand,,,406.48,
,EC8C35753894B5B9AF0DA4DB7FE9A13B-3,1762586054,FCRequestMetrics:/n-matmul-128,253,253,,,21175.30,n-matmul-128,false,14f78ff3edc2,,c-690eeda8-0cf1abd9-dbfce724cac6,1762586033500,Sync,21836.42,1762586032842,21.0.3.23,false,128,22.45,InvokeFunction,,,LATEST,1-690eedb2-0c0a43-ef58d4370133,OnDemand,,,658.03,
,0BD475407873CF39B1CA595256226051-4,1762586054,FCRequestMetrics:/n-matmul-128,256,256,,,20975.81,n-matmul-128,false,83139df080ef,,c-690eeda9-0cf1abd9-42b948b2a68c,1762586033543,Sync,21917.69,1762586032605,21.0.3.26,false,128,24.62,InvokeFunction,,,LATEST,1-690eedb1-0c0a43-a25cd7012a76,OnDemand,,,938.38,
,B6D50533180C70B5E0BB5DFAA393368E-3,1762586054,FCRequestMetrics:/n-matmul-128,248,248,,,21973.79,n-matmul-128,false,61f29b5aaa2a,,c-690eedae-0cf1abd9-d16ca912f1de,1762586032980,Sync,22509.69,1762586032445,21.0.3.9,false,128,23.09,InvokeFunction,,,LATEST,1-690eedb1-0c0a43-2f831cae3f8f,OnDemand,,,534.60,
,22F3F140A6723208B9E7ACF1561A6D49-3,1762586054,FCRequestMetrics:/n-matmul-128,264,264,,,19435.80,n-matmul-128,false,1bb1546b9f73,,c-690eedaa-0cf1abd9-9d39cd93389c,1762586034707,Sync,21117.88,1762586033026,21.0.3.25,false,128,22.46,InvokeFunction,,,LATEST,1-690eedb1-0c49fa-7dbac973da0b,OnDemand,,,1681.35,
,471A481607C500A90EF8B2AC1EAC6971-3,1762586054,FCRequestMetrics:/n-matmul-128,258,258,,,20652.76,n-matmul-128,false,a2663941b4ef,,c-690eeda9-0cf1abd9-11dd72d57456,1762586034275,Sync,22356.22,1762586032579,21.0.3.22,false,128,22.28,InvokeFunction,,,LATEST,1-690eedb1-0c0a43-49e8e143c31b,OnDemand,,,1695.75,
,5A08AF7236E275AD0FB46D2B28AE710C-4,1762586054,FCRequestMetrics:/n-matmul-128,266,266,,,19790.45,n-matmul-128,false,2bfde648585e,,c-690eeda9-0cf1abd9-ebb8d38ed0cd,1762586034829,Sync,20607.10,1762586034015,21.0.3.24,false,128,22.32,InvokeFunction,,,LATEST,1-690eedb2-0c49fa-d5dd43efdd04,OnDemand,,,813.38,
,8626C8650DFC2E84CC74995D61333E7E-5,1762586054,FCRequestMetrics:/n-matmul-128,266,266,,,19562.46,n-matmul-128,false,8662218ebba1,,c-690eeda9-0cf1abd9-3476b9c52160,1762586034828,Sync,21156.48,1762586033235,21.0.3.15,false,128,24.18,InvokeFunction,,,LATEST,1-690eedb2-0c49fa-3d8fdf4850bb,OnDemand,,,1593.27,
,C0840D5DBD9C524E4585C0BF295DBB3E-4,1762586054,FCRequestMetrics:/n-matmul-128,266,266,,,19307.69,n-matmul-128,false,25cf34898536,,c-690eeda9-0cf1abd9-9a1c5ad86428,1762586034805,Sync,20335.82,1762586033777,21.0.3.19,false,128,22.67,InvokeFunction,,,LATEST,1-690eedb2-0c49fa-0a485c90e055,OnDemand,,,1027.35,
,32F6748B54E7C116ECBA713D52BB001A-8,1762586054,FCRequestMetrics:/n-matmul-128,251,251,,,20093.21,n-matmul-128,false,0d6fef3003c2,,c-690eed96-0cf1abd9-86fc813866d5,1762586034450,Sync,22162.53,1762586032381,21.0.3.21,false,128,27.39,InvokeFunction,,,LATEST,1-690eedb0-0c49fa-34c58d0c0b11,OnDemand,,,2068.37,
,72B0763C812343F54C4768A450A14952-B,1762586054,FCRequestMetrics:/n-matmul-128,287,287,,,15342.78,n-matmul-128,false,cf26af28e3d5,,c-690eed8d-0cf1abd9-53316fbc9c29,1762586039333,Sync,17987.35,1762586036689,21.0.3.21,false,128,23.13,InvokeFunction,,,LATEST,1-690eedb4-0c0a43-4caa8fedbbce,OnDemand,,,2643.37,
,C6012E9AF904BFC7F82B587139A7052F-B,1762586054,FCRequestMetrics:/n-matmul-128,289,289,,,15439.82,n-matmul-128,false,08ad0ef23948,,c-690eed96-0cf1abd9-776d52a791a0,1762586039385,Sync,17852.21,1762586036983,21.0.3.9,false,128,27.41,InvokeFunction,,,LATEST,1-690eedb4-0c0a43-0b57e12d1399,OnDemand,,,2402.32,
,9DB0B32669D9079C1BDD2E72F986F3FE-8,1762586054,FCRequestMetrics:/n-matmul-128,246,246,,,20056.54,n-matmul-128,false,dbf02729ce57,,c-690eed96-0cf1abd9-9cbaae6ba90d,1762586034122,Sync,23483.91,1762586030695,21.0.3.24,false,128,29.46,InvokeFunction,,,LATEST,1-690eedae-0c0a43-c13279b5a104,OnDemand,,,3426.21,
,46452AD4646881BB08C6B59B48AEDFBA-C,1762586054,FCRequestMetrics:/n-matmul-128,283,283,,,15526.25,n-matmul-128,false,db5d7adaa422,,c-690eed8d-0cf1abd9-7d73f845b0a5,1762586039137,Sync,18596.48,1762586036068,21.0.3.25,false,128,24.90,InvokeFunction,,,LATEST,1-690eedb4-0c0a43-9421c161af5e,OnDemand,,,3062.25,
,92F96CFC59521BF63B429A4C99FA99CB-E,1762586055,FCRequestMetrics:/n-matmul-128,292,292,,,14895.83,n-matmul-128,false,b73e8dfdb3e1,,c-690eed85-0cf1abd9-c0e8aad62b67,1762586040355,Sync,16225.35,1762586039027,21.0.3.10,false,128,27.51,InvokeFunction,,,LATEST,1-690eedb7-0c0a43-463959ddd9b0,OnDemand,,,1328.32,
,CEBE4DE47CD58B3FB8C58509A1292CE6-E,1762586055,FCRequestMetrics:/n-matmul-128,299,299,,,14197.32,n-matmul-128,false,f06ea0952339,,c-690eed85-0cf1abd9-158fa1fe0ffd,1762586041517,Sync,14199.12,1762586041516,21.0.3.14,false,128,32.76,InvokeFunction,,,LATEST,1-690eedb9-0c0a43-3c5e230bb2dd,OnDemand,,,0.64,
,4E5B7CA35C1B228A64EA99D604E227AD-3,1762586055,FCRequestMetrics:/n-matmul-128,270,270,,,20087.53,n-matmul-128,false,a89245db7d99,,c-690eeda9-0cf1abd9-cae77ec22e72,1762586035268,Sync,22021.15,1762586033335,21.0.3.20,false,128,22.54,InvokeFunction,,,LATEST,1-690eedb2-0c0a43-ed56f8f91f12,OnDemand,,,1932.67,
,8BF05F1C242706C79550D7B32CA90C86-B,1762586055,FCRequestMetrics:/n-matmul-128,298,298,,,14787.92,n-matmul-128,false,54332440cef2,,c-690eed96-0cf1abd9-e216e2341a60,1762586041061,Sync,14790.29,1762586041059,21.0.3.24,false,128,29.48,InvokeFunction,,,LATEST,1-690eedb9-0c49fa-0c57dd0d9e92,OnDemand,,,1.42,
,C7EF96C9FA36BA4241E0BBE4133D0AE3-C,1762586055,FCRequestMetrics:/n-matmul-128,278,278,,,17316.42,n-matmul-128,false,143002e59623,,c-690eed8d-0cf1abd9-5277dcd6704a,1762586038645,Sync,20764.38,1762586035198,21.0.3.22,false,128,28.98,InvokeFunction,,,LATEST,1-690eedb3-0c49fa-0eccea9f2e02,OnDemand,,,3447.03,
,B3D0E276D29FCA59C6A2FD9A6053BFF8-B,1762586055,FCRequestMetrics:/n-matmul-128,298,298,,,14192.09,n-matmul-128,false,8f00d7dabb61,,c-690eed96-0cf1abd9-f9cad621699b,1762586040865,Sync,15183.68,1762586039875,21.0.3.26,false,128,29.46,InvokeFunction,,,LATEST,1-690eedb7-0c0a43-988fa02956a9,OnDemand,,,990.01,
,E3A10F33112D22B99CDFAE6B3DA5F427-E,1762586056,FCRequestMetrics:/n-matmul-128,297,297,,,13940.69,n-matmul-128,false,7c04ccbbdae4,,c-690eed85-0cf1abd9-4dc3fba76450,1762586042489,Sync,13945.57,1762586042487,21.0.3.23,false,128,32.96,InvokeFunction,,,LATEST,1-690eedba-0c49fa-ef6098418113,OnDemand,,,1.47,
,609BB87232F313E7E1EE3C8255B3B0B3-E,1762586056,FCRequestMetrics:/n-matmul-128,299,299,,,13953.04,n-matmul-128,false,3722a439771f,,c-690eed85-0cf1abd9-2c911ea6008b,1762586042267,Sync,14146.62,1762586042074,21.0.3.24,false,128,32.45,InvokeFunction,,,LATEST,1-690eedba-0c0a43-c3219193d34c,OnDemand,,,192.62,
,E70120467209C5072F9BAC96939FF425-E,1762586056,FCRequestMetrics:/n-matmul-128,297,297,,,13867.73,n-matmul-128,false,57a49bda52a7,,c-690eed85-0cf1abd9-89090d6612f0,1762586042490,Sync,13869.34,1762586042489,21.0.3.8,false,128,77.69,InvokeFunction,,,LATEST,1-690eedba-0c49fa-76897046c723,OnDemand,,,0.85,
,3264C158E2D5E5DEFE085BA619A247E7-A,1762586056,FCRequestMetrics:/n-matmul-128,299,299,,,14574.84,n-matmul-128,false,0f7eccb6ce30,,c-690eed96-0cf1abd9-e222a82ad173,1762586042276,Sync,14576.60,1762586042275,21.0.3.4,false,128,27.55,InvokeFunction,,,LATEST,1-690eedba-0c0a43-69ca9f1b1b82,OnDemand,,,0.61,
,FBD8C56E27722E3A762AD34A166289FF-A,1762586056,FCRequestMetrics:/n-matmul-128,299,299,,,15052.08,n-matmul-128,false,b0aff5fb1ab1,,c-690eed96-0cf1abd9-13352bc917ad,1762586041517,Sync,15067.98,1762586041516,21.0.3.8,false,128,85.51,InvokeFunction,,,LATEST,1-690eedb9-0c0a43-49b57dc2aa81,OnDemand,,,0.71,
,8AE5E5DD376D8B6BBC87B2F900A287DB-E,1762586056,FCRequestMetrics:/n-matmul-128,299,299,,,15772.23,n-matmul-128,false,7a13a20b921a,,c-690eed85-0cf1abd9-64d3ea47bde3,1762586041135,Sync,16396.67,1762586040526,21.0.3.13,false,128,34.59,InvokeFunction,,,LATEST,1-690eedb8-0c49fa-af179047c830,OnDemand,,,608.76,
,4D0C87630DE75182644B9E4D5295586B-E,1762586056,FCRequestMetrics:/n-matmul-128,298,298,,,14999.35,n-matmul-128,false,ce613473cf37,,c-690eed85-0cf1abd9-2f0a1317ca81,1762586041128,Sync,15003.82,1762586041127,21.0.3.11,false,128,32.53,InvokeFunction,,,LATEST,1-690eedb9-0c0a43-582b7a8a93b7,OnDemand,,,0.56,
,D2BCA0C8052D39835F68F2A25705BDC3-3,1762586056,FCRequestMetrics:/n-matmul-128,251,251,,,22806.02,n-matmul-128,false,6b0c8a7b5b7d,,c-690eedad-0cf1abd9-43af290c944d,1762586033503,Sync,22917.80,1762586033396,21.0.3.15,false,128,24.29,InvokeFunction,,,LATEST,1-690eedb2-0c49fa-26bdd24b49ec,OnDemand,,,106.47,
,BA5A16F182CE3ABF620021ACFE7D7011-A,1762586056,FCRequestMetrics:/n-matmul-128,299,299,,,14083.82,n-matmul-128,false,bb393646e560,,c-690eed96-0cf1abd9-3dded35d4062,1762586041950,Sync,14085.58,1762586041949,21.0.3.8,false,128,76.38,InvokeFunction,,,LATEST,1-690eedb9-0c0a43-0d942eb1c991,OnDemand,,,0.64,
,29AE8E513B0BDFCBBE8182ECB0CB489D-4,1762586056,FCRequestMetrics:/n-matmul-128,258,258,,,22912.20,n-matmul-128,false,8aa0e1273cfd,,c-690eedae-0cf1abd9-d84c6a5e8f7f,1762586033977,Sync,25068.35,1762586031822,21.0.3.12,false,128,21.82,InvokeFunction,,,LATEST,1-690eedb1-0c49fa-e1f45819ef4f,OnDemand,,,2154.82,
,90721D5DEA57FA959D79E839A2790822-4,1762586056,FCRequestMetrics:/n-matmul-128,260,260,,,22197.89,n-matmul-128,false,b03326c3717a,,c-690eedad-0cf1abd9-bb969c1ece47,1762586034320,Sync,23064.24,1762586033456,21.0.3.17,false,128,22.16,InvokeFunction,,,LATEST,1-690eedb2-0c0a43-abc0e73b53b1,OnDemand,,,861.31,
,3E533AA8FAF2B84350E8C259DEC8E798-B,1762586056,FCRequestMetrics:/n-matmul-128,299,299,,,14651.91,n-matmul-128,false,04c7bf8df02f,,c-690eed96-0cf1abd9-474755af5c04,1762586041554,Sync,15196.02,1762586041015,21.0.3.10,false,128,27.86,InvokeFunction,,,LATEST,1-690eedb9-0c0a43-8640fe812cfc,OnDemand,,,539.31,
,1F631BBE3B0C3CBE62088E329F244AE4-5,1762586056,FCRequestMetrics:/n-matmul-128,266,266,,,22247.87,n-matmul-128,false,91167f95b002,,c-690eedae-0cf1abd9-978911f45f89,1762586034499,Sync,23973.58,1762586032774,21.0.3.10,false,128,22.16,InvokeFunction,,,LATEST,1-690eedb2-0c0a43-4d89ee9edb0b,OnDemand,,,1724.60,
,3433EFF5035DFC81D88241B3272689AA-B,1762586056,FCRequestMetrics:/n-matmul-128,298,298,,,13438.83,n-matmul-128,false,c140f4eda296,,c-690eed96-0cf1abd9-4c27d9d9f1af,1762586042708,Sync,13440.61,1762586042707,21.0.3.13,false,128,28.03,InvokeFunction,,,LATEST,1-690eedba-0c0a43-0eec288e7b2b,OnDemand,,,0.66,
,5FA82E0D11A2F01A283861FD9A436B86-C,1762586056,FCRequestMetrics:/n-matmul-128,289,289,,,17436.60,n-matmul-128,false,47b6a53f01e9,,c-690eed8d-0cf1abd9-3ba5efb311dc,1762586039391,Sync,19789.13,1762586037039,21.0.3.23,false,128,21.72,InvokeFunction,,,LATEST,1-690eedb5-0c0a43-0927fa66b4c5,OnDemand,,,2351.72,
,40091B2BA89130F46C3ED4AE484A882F-C,1762586056,FCRequestMetrics:/n-matmul-128,278,278,,,17619.74,n-matmul-128,false,2764cfd363fa,,c-690eed8d-0cf1abd9-243670775407,1762586038596,Sync,21092.71,1762586035124,21.0.3.24,false,128,31.95,InvokeFunction,,,LATEST,1-690eedb3-0c0a43-524addd9625b,OnDemand,,,3472.07,
,76D617CB71485C23C9F7230DC75F302E-C,1762586056,FCRequestMetrics:/n-matmul-128,289,289,,,17358.68,n-matmul-128,false,b7a64c32d5d5,,c-690eed8d-0cf1abd9-7d7906dde49b,1762586039407,Sync,19721.37,1762586037045,21.0.3.25,false,128,21.79,InvokeFunction,,,LATEST,1-690eedb5-0c49fa-f86154491214,OnDemand,,,2361.77,
,C7D2A82C4522CA8A251B518A5412EBB2-B,1762586057,FCRequestMetrics:/n-matmul-128,299,299,,,15568.64,n-matmul-128,false,4b354849f527,,c-690eed96-0cf1abd9-72da89fa2b61,1762586041546,Sync,16204.97,1762586040910,21.0.3.21,false,128,27.38,InvokeFunction,,,LATEST,1-690eedb8-0c0a43-6763c882c549,OnDemand,,,635.50,
,A9D18AD4109C30D5E34A6CADD737B686-E,1762586057,FCRequestMetrics:/n-matmul-128,299,299,,,14649.18,n-matmul-128,false,07c49809bd2c,,c-690eed85-0cf1abd9-a441473e8758,1762586043091,Sync,14653.42,1762586043090,21.0.3.16,false,128,34.54,InvokeFunction,,,LATEST,1-690eedbb-0c49fa-4153dcb83019,OnDemand,,,1.11,
,63DE596157EC5C3204595F887449B280-B,1762586057,FCRequestMetrics:/n-matmul-128,296,296,,,15430.56,n-matmul-128,false,1ee48239c919,,c-690eed96-0cf1abd9-7fba4a37caaa,1762586042560,Sync,15433.45,1762586042558,21.0.3.10,false,128,27.95,InvokeFunction,,,LATEST,1-690eedba-0c49fa-8eee945b23d2,OnDemand,,,1.21,
,C15BF1EC55206DC503800DA01C82FD0A-4,1762586057,FCRequestMetrics:/n-matmul-128,270,270,,,22409.62,n-matmul-128,false,3dea345b3806,,c-690eedae-0cf1abd9-2315151cf3eb,1762586035002,Sync,22538.01,1762586034888,21.0.3.11,false,128,24.30,InvokeFunction,,,LATEST,1-690eedb4-0c0a43-bbfe2fe89bd6,OnDemand,,,113.19,
,03AEEB1D9B7AD58C878D528779156747-3,1762586057,FCRequestMetrics:/n-matmul-128,272,272,,,22381.57,n-matmul-128,false,0df18e8c62e5,,c-690eedae-0cf1abd9-3b0257a32ea2,1762586035019,Sync,25289.86,1762586032124,21.0.3.13,false,128,22.24,InvokeFunction,,,LATEST,1-690eedb1-0c0a43-7b214d09fdaa,OnDemand,,,2894.80,
,B0234B70AFAFEAEF517C2172ED2CFEB6-B,1762586057,FCRequestMetrics:/n-matmul-128,296,296,,,14732.41,n-matmul-128,false,9bfb01ae65a2,,c-690eed96-0cf1abd9-df0c068d62fa,1762586042605,Sync,14742.29,1762586042604,21.0.3.27,false,128,29.49,InvokeFunction,,,LATEST,1-690eedba-0c49fa-52cbf353c927,OnDemand,,,0.95,
,890DC515470C0D64B7BCB1DEAC8D6597-A,1762586057,FCRequestMetrics:/n-matmul-128,299,299,,,15586.83,n-matmul-128,false,ed39d36f7908,,c-690eed96-0cf1abd9-0e620186c5f3,1762586041563,Sync,15589.25,1762586041562,21.0.3.25,false,128,29.64,InvokeFunction,,,LATEST,1-690eedb9-0c0a43-48aecd8b63bd,OnDemand,,,0.51,
,7C93FF0D333DC21F7F2F36A9AB89B027-4,1762586057,FCRequestMetrics:/n-matmul-128,277,277,,,20449.78,n-matmul-128,false,7f50294cfbd1,,c-690eedad-0cf1abd9-a087dd1de86c,1762586037352,Sync,24278.97,1762586033548,21.0.3.18,false,128,22.21,InvokeFunction,,,LATEST,1-690eedb2-0c0a43-cdf689160843,OnDemand,,,3803.27,
,3DBA81FE1FDC810A3B598CDA1A88AB60-C,1762586057,FCRequestMetrics:/n-matmul-128,290,290,,,17416.84,n-matmul-128,false,6b13c5a9a7ea,,c-690eed8d-0cf1abd9-58271c35b033,1762586040180,Sync,18586.53,1762586039019,21.0.3.26,false,128,21.64,InvokeFunction,,,LATEST,1-690eedb7-0c49fa-747bee96c38c,OnDemand,,,1161.07,
,AA4F50678A1127D06BAF7C6E1EB093FA-C,1762586057,FCRequestMetrics:/n-matmul-128,292,292,,,17208.35,n-matmul-128,false,280167d0cedf,,c-690eed8d-0cf1abd9-a97014d5fff8,1762586040459,Sync,18640.19,1762586039028,21.0.3.27,false,128,21.90,InvokeFunction,,,LATEST,1-690eedb7-0c0a43-8f75b4ebf979,OnDemand,,,1430.89,
,8D8C440FC3E34DBB9F1F04BB26D5634E-10,1762586057,FCRequestMetrics:/n-matmul-128,298,298,,,0.03,n-matmul-128,true,524d7b1ff122,,c-690eed85-0cf1abd9-5f56757a5335,1762586054786,Sync,2531.35,1762586054785,21.0.3.9,false,128,4.60,InvokeFunction,,,LATEST,1-690eedc6-0c0a43-b827d833e0df,OnDemand,,,0.52,,"{""errorType"":""FunctionAbnormalExitError""}"
,13012196C53F5375DA6D7E0B0AED40BD-A,1762586057,FCRequestMetrics:/n-matmul-128,299,299,,,13071.41,n-matmul-128,false,ced19e0e4fae,,c-690eed96-0cf1abd9-26d3f0e782b3,1762586044003,Sync,13607.98,1762586043467,21.0.3.11,false,128,29.49,InvokeFunction,,,LATEST,1-690eedbb-0c49fa-55ab20ec8173,OnDemand,,,535.69,
,54FD7E1C16E33CD5A572B96CB27C6F6C-B,1762586057,FCRequestMetrics:/n-matmul-128,298,298,,,16541.57,n-matmul-128,false,e563746bf006,,c-690eed96-0cf1abd9-aba818b27a54,1762586041086,Sync,16551.12,1762586041085,21.0.3.26,false,128,27.91,InvokeFunction,,,LATEST,1-690eedb9-0c49fa-cad8d6815129,OnDemand,,,1.22,
,2E495B2CAC791BF5DF5ED6AA835AFB7D-B,1762586058,FCRequestMetrics:/n-matmul-128,298,298,,,15571.93,n-matmul-128,false,a1e594fd58b9,,c-690eed96-0cf1abd9-438cb8917382,1762586042680,Sync,15574.08,1762586042678,21.0.3.9,false,128,29.94,InvokeFunction,,,LATEST,1-690eedba-0c0a43-0fc123c3422f,OnDemand,,,0.70,
,342C1F773CD379DB41F0F3ADE9815760-9,1762586058,FCRequestMetrics:/n-matmul-128,298,298,,,13678.66,n-matmul-128,false,54f5fbffcf0b,,c-690eed96-0cf1abd9-280bb0eca0e1,1762586044525,Sync,13680.02,1762586044524,21.0.3.19,false,128,29.57,InvokeFunction,,,LATEST,1-690eedbc-0c0a43-e7a7f68fbcb8,OnDemand,,,0.63,
,2255CA33B5278BAE9F851AD47714358B-B,1762586058,FCRequestMetrics:/n-matmul-128,296,296,,,15652.79,n-matmul-128,false,54cc386b80a2,,c-690eed96-0cf1abd9-3739867da5d5,1762586042593,Sync,15654.66,1762586042592,21.0.3.23,false,128,31.57,InvokeFunction,,,LATEST,1-690eedba-0c49fa-308a11e76ef5,OnDemand,,,0.90,
,CD41B0AD1C8EC375FCF48EF027FC064B-E,1762586058,FCRequestMetrics:/n-matmul-128,295,295,,,13913.89,n-matmul-128,false,83be9297cbaa,,c-690eed8d-0cf1abd9-ab9c8f59b975,1762586044903,Sync,13918.89,1762586044899,21.0.3.8,false,128,84.05,InvokeFunction,,,LATEST,1-690eedbc-0c49fa-758f68a8e763,OnDemand,,,1.29,
,3FA5063DFE5456024B083E53482C60F0-B,1762586058,FCRequestMetrics:/n-matmul-128,299,299,,,16122.89,n-matmul-128,false,3222ec60138b,,c-690eed96-0cf1abd9-dee09d3a553a,1762586042237,Sync,16126.23,1762586042235,21.0.3.22,false,128,27.56,InvokeFunction,,,LATEST,1-690eedba-0c49fa-dd23cb83ee2a,OnDemand,,,1.34,
,00F741ED552D957855AA9DEA31925A77-E,1762586058,FCRequestMetrics:/n-matmul-128,299,299,,,14612.25,n-matmul-128,false,478f63eb8cbf,,c-690eed85-0cf1abd9-026f6407b0f7,1762586043949,Sync,14614.67,1762586043948,21.0.3.17,false,128,22.31,InvokeFunction,,,LATEST,1-690eedbb-0c49fa-4230e5ec3991,OnDemand,,,1.00,
,41C8E8C026B88A3FDC7027A22DD65441-F,1762586058,FCRequestMetrics:/n-matmul-128,299,299,,,16619.08,n-matmul-128,false,0e85519b1ae8,,c-690eed85-0cf1abd9-a830e80c9d58,1762586042001,Sync,17294.99,1762586041334,21.0.3.12,false,128,32.52,InvokeFunction,,,LATEST,1-690eedb9-0c0a43-52d22075ced7,OnDemand,,,667.35,
,D475316053B4F3156CAFE637F1C8214E-3,1762586058,FCRequestMetrics:/n-matmul-128,274,274,,,22172.78,n-matmul-128,false,3440940bffc2,,c-690eedae-0cf1abd9-af64b33d51aa,1762586036018,Sync,23311.59,1762586034882,21.0.3.14,false,128,22.20,InvokeFunction,,,LATEST,1-690eedb4-0c0a43-0e7292717c0c,OnDemand,,,1133.34,
,58CCD2DE8E2B0B4D1F6EB957F7930236-E,1762586058,FCRequestMetrics:/n-matmul-128,299,299,,,14646.15,n-matmul-128,false,6736357c0448,,c-690eed85-0cf1abd9-39066bb81db1,1762586043439,Sync,14648.66,1762586043438,21.0.3.25,false,128,27.29,InvokeFunction,,,LATEST,1-690eedbb-0c49fa-2150c8a63767,OnDemand,,,0.93,
,69A54F516AD5DA2E071B4EDE812B37FB-5,1762586058,FCRequestMetrics:/n-matmul-128,275,275,,,22481.79,n-matmul-128,false,483d6d5a401b,,c-690eedae-0cf1abd9-23e27f7352eb,1762586036248,Sync,23457.58,1762586035275,21.0.3.16,false,128,21.82,InvokeFunction,,,LATEST,1-690eedb4-0c0a43-bdff5e0288e1,OnDemand,,,973.02,
,DBD9CA05BB5AF635A4D2F2706778DAAB-3,1762586058,FCRequestMetrics:/n-matmul-128,278,278,,,20802.87,n-matmul-128,false,afa22b97568b,,c-690eedad-0cf1abd9-3f62736c6e5e,1762586037591,Sync,21027.72,1762586037372,21.0.3.14,false,128,23.84,InvokeFunction,,,LATEST,1-690eedb6-0c49fa-ba653bc09081,OnDemand,,,218.64,
,766129AB7B6D0B09055969F465FC8A08-4,1762586058,FCRequestMetrics:/n-matmul-128,282,282,,,20865.87,n-matmul-128,false,df4dc26dbca2,,c-690eedad-0cf1abd9-3e9ecfe8951a,1762586037821,Sync,21563.73,1762586037127,21.0.3.16,false,128,22.23,InvokeFunction,,,LATEST,1-690eedb6-0c49fa-e5fbf681aaa1,OnDemand,,,693.11,
,E6C8A3E89807930B60F307F6EAB50F00-4,1762586058,FCRequestMetrics:/n-matmul-128,279,279,,,21022.41,n-matmul-128,false,c9f8599ed144,,c-690eedad-0cf1abd9-33c85c00b730,1762586037696,Sync,22269.33,1762586036454,21.0.3.20,false,128,22.64,InvokeFunction,,,LATEST,1-690eedb5-0c0a43-45fe00ed5498,OnDemand,,,1241.92,
,5D3028635C095A703267EC741BCFD73F-4,1762586058,FCRequestMetrics:/n-matmul-128,280,280,,,20742.99,n-matmul-128,false,dcf997b4a460,,c-690eedad-0cf1abd9-22285122ab78,1762586037784,Sync,21373.43,1762586037163,21.0.3.23,false,128,22.43,InvokeFunction,,,LATEST,1-690eedb6-0c0a43-c015fad15e4d,OnDemand,,,620.56,
,EE68EE4B972CEED0E744CF0F0F08C29D-4,1762586058,FCRequestMetrics:/n-matmul-128,283,283,,,20724.70,n-matmul-128,false,a70b2e0d4697,,c-690eedad-0cf1abd9-2896c0f9f5f0,1762586037972,Sync,22351.05,1762586036346,21.0.3.19,false,128,24.35,InvokeFunction,,,LATEST,1-690eedb5-0c0a43-5a9cd696899d,OnDemand,,,1625.47,
,D51D20527F4C644906559B128F1C851C-3,1762586058,FCRequestMetrics:/n-matmul-128,280,280,,,20829.56,n-matmul-128,false,c1c1a459d69d,,c-690eedad-0cf1abd9-b4f03fd3a358,1762586037794,Sync,21107.28,1762586037525,21.0.3.27,false,128,22.47,InvokeFunction,,,LATEST,1-690eedb6-0c0a43-969a26e6bc8b,OnDemand,,,269.29,
,04F995287DA1DFFB1087C26FDCCA558E-B,1762586058,FCRequestMetrics:/n-matmul-128,294,294,,,13257.92,n-matmul-128,false,ae45e8272254,,c-690eed96-0cf1abd9-4f0e71ad03f2,1762586045044,Sync,13262.68,1762586045042,21.0.3.14,false,128,28.53,InvokeFunction,,,LATEST,1-690eedbd-0c49fa-9ca65a2e82ed,OnDemand,,,1.45,
,1CEDCBDB1E088C8CB4C3FA3109C6E820-3,1762586058,FCRequestMetrics:/n-matmul-128,287,287,,,20709.71,n-matmul-128,false,923fec13e813,,c-690eedad-0cf1abd9-b681c919879f,1762586038146,Sync,22586.56,1762586036270,21.0.3.25,false,128,22.63,InvokeFunction,,,LATEST,1-690eedb5-0c0a43-8eb97644abd5,OnDemand,,,1876.02,
,521189B198D6C67402E1ED4D6E9E659F-5,1762586058,FCRequestMetrics:/n-matmul-128,283,283,,,20989.82,n-matmul-128,false,727464a7e5d7,,c-690eedad-0cf1abd9-9ae3384bb76d,1762586037995,Sync,23023.11,1762586035972,21.0.3.26,false,128,22.32,InvokeFunction,,,LATEST,1-690eedb5-0c49fa-699c65f09b67,OnDemand,,,2022.34,
,92F96CFC59521BF63B429A4C99FA99CB-11,1762586058,FCRequestMetrics:/n-matmul-128,299,299,,,0.05,n-matmul-128,true,b73e8dfdb3e1,,c-690eed85-0cf1abd9-c0e8aad62b67,1762586055484,Sync,3384.23,1762586055300,21.0.3.10,false,128,2.34,InvokeFunction,,,LATEST,1-690eedc7-0c0a43-9f9b5b38b2eb,OnDemand,,,183.78,,"{""errorType"":""FunctionAbnormalExitError""}"
,79733AC446DF412BC6F18C2B63B5677F-B,1762586058,FCRequestMetrics:/n-matmul-128,296,296,,,13338.01,n-matmul-128,false,b193e3418700,,c-690eed96-0cf1abd9-647659e129ba,1762586045333,Sync,13339.92,1762586045332,21.0.3.15,false,128,29.51,InvokeFunction,,,LATEST,1-690eedbd-0c49fa-8bf39fc61229,OnDemand,,,0.92,
,D19DEB46D930B5FFB4880807275B0C84-B,1762586058,FCRequestMetrics:/n-matmul-128,296,296,,,13533.41,n-matmul-128,false,469834073b90,,c-690eed96-0cf1abd9-e8d8f0ec69a4,1762586045321,Sync,13535.67,1762586045319,21.0.3.24,false,128,27.61,InvokeFunction,,,LATEST,1-690eedbd-0c49fa-bce110016e03,OnDemand,,,1.45,
,BB4ED00B22F6D0F50600682ABF2615D9-F,1762586059,FCRequestMetrics:/n-matmul-128,296,296,,,16949.20,n-matmul-128,false,b56edd595e8c,,c-690eed85-0cf1abd9-7e6421936614,1762586042592,Sync,16952.40,1762586042591,21.0.3.15,false,128,26.16,InvokeFunction,,,LATEST,1-690eedba-0c49fa-3e20c3a14aac,OnDemand,,,1.55,
,53490AF45D0CAE7E1F17D51FAE4D1EBC-E,1762586059,FCRequestMetrics:/n-matmul-128,299,299,,,17078.55,n-matmul-128,false,7a0078b53609,,c-690eed85-0cf1abd9-fb724a08a16a,1762586042789,Sync,17080.48,1762586042788,21.0.3.20,false,128,32.81,InvokeFunction,,,LATEST,1-690eedba-0c0a43-d48db98102c7,OnDemand,,,0.87,
,4918E550A646204E9DB0726A28549557-4,1762586059,FCRequestMetrics:/n-matmul-128,276,276,,,23522.94,n-matmul-128,false,0541fa6913b9,,c-690eedae-0cf1abd9-5f54346fcb4d,1762586036347,Sync,24394.24,1762586035479,21.0.3.15,false,128,22.30,InvokeFunction,,,LATEST,1-690eedb4-0c49fa-59197e41c613,OnDemand,,,866.20,
,1A53D7BA4C6855BB7F6F66CB757FBC63-4,1762586059,FCRequestMetrics:/n-matmul-128,283,283,,,21213.56,n-matmul-128,false,a75e3f2d1f77,,c-690eedad-0cf1abd9-5a75b37e305c,1762586037962,Sync,23170.07,1762586036007,21.0.3.22,false,128,24.22,InvokeFunction,,,LATEST,1-690eedb5-0c49fa-b254843a021b,OnDemand,,,1955.12,
,D327063AE1B1A8A40B8F203869F3086F-4,1762586059,FCRequestMetrics:/n-matmul-128,287,287,,,21276.32,n-matmul-128,false,357f8c96fd4d,,c-690eedad-0cf1abd9-c9eee6f52450,1762586038137,Sync,23440.46,1762586035974,21.0.3.24,false,128,22.38,InvokeFunction,,,LATEST,1-690eedb5-0c0a43-b5730204c2d8,OnDemand,,,2163.33,
,F8B25C5CA1AC44682E9155B471DB8F1A-4,1762586059,FCRequestMetrics:/n-matmul-128,286,286,,,21465.99,n-matmul-128,false,9f59c904e38b,,c-690eedad-0cf1abd9-c2fbfc23fb52,1762586038098,Sync,22057.08,1762586037508,21.0.3.21,false,128,22.33,InvokeFunction,,,LATEST,1-690eedb6-0c49fa-2f3ed4eca98d,OnDemand,,,590.26,
,D143AE44C19E26F9220F758DFE51775E-B,1762586059,FCRequestMetrics:/n-matmul-128,294,294,,,14426.52,n-matmul-128,false,7cc6d641bed2,,c-690eed96-0cf1abd9-0cb5743955c5,1762586044660,Sync,14428.23,1762586044659,21.0.3.17,false,128,27.33,InvokeFunction,,,LATEST,1-690eedbc-0c0a43-771a6fbac60f,OnDemand,,,0.56,
,ED8A5D906254A8A3D3B49041BA3A12A8-B,1762586059,FCRequestMetrics:/n-matmul-128,294,294,,,14760.89,n-matmul-128,false,c3153ac2927e,,c-690eed96-0cf1abd9-dd35abc0aac0,1762586044963,Sync,14763.23,1762586044961,21.0.3.16,false,128,27.66,InvokeFunction,,,LATEST,1-690eedbc-0c49fa-90a2b6ff30b7,OnDemand,,,1.24,
,02505EBA98BB6AB8D9121B3F590D5A1C-B,1762586059,FCRequestMetrics:/n-matmul-128,296,296,,,13840.47,n-matmul-128,false,dc1a18d01eb5,,c-690eed96-0cf1abd9-15ddf20aa5f4,1762586045876,Sync,13994.17,1762586045723,21.0.3.23,false,128,27.68,InvokeFunction,,,LATEST,1-690eedbd-0c49fa-beb3fb7f6641,OnDemand,,,152.13,
,E70120467209C5072F9BAC96939FF425-11,1762586059,FCRequestMetrics:/n-matmul-128,290,290,,,0.03,n-matmul-128,true,57a49bda52a7,,c-690eed85-0cf1abd9-89090d6612f0,1762586056398,Sync,3552.47,1762586056397,21.0.3.8,false,128,57.97,InvokeFunction,,,LATEST,1-690eedc8-0c49fa-65722a5c69ef,OnDemand,,,0.90,,"{""errorType"":""FunctionAbnormalExitError""}"
,E3C9ED0B2534F08C4630863A71EE6115-B,1762586059,FCRequestMetrics:/n-matmul-128,296,296,,,13300.49,n-matmul-128,false,87674caf583b,,c-690eed96-0cf1abd9-ae05907d43ad,1762586045876,Sync,13301.82,1762586045876,21.0.3.21,false,128,27.66,InvokeFunction,,,LATEST,1-690eedbd-0c0a43-cf1743893287,OnDemand,,,0.44,
,3BEF1FB49BB1EEA673FE9EF39C7658DF-4,1762586060,FCRequestMetrics:/n-matmul-128,290,290,,,21324.49,n-matmul-128,false,bd8589a527e0,,c-690eedaf-0cf1abd9-f823ec7b2052,1762586038900,Sync,24366.08,1762586035860,21.0.3.18,false,128,21.82,InvokeFunction,,,LATEST,1-690eedb5-0c49fa-1bf13820eb4d,OnDemand,,,3040.22,
,7CD416EB1ACE12AA7AC4343AE959C347-4,1762586060,FCRequestMetrics:/n-matmul-128,290,290,,,21646.30,n-matmul-128,false,ae49e46b8d18,,c-690eedaf-0cf1abd9-be78ecad56f3,1762586038973,Sync,22757.49,1762586037862,21.0.3.17,false,128,22.54,InvokeFunction,,,LATEST,1-690eedb7-0c0a43-286fbe49139f,OnDemand,,,1109.99,
,138C4DD02091A1A0F89BE9AFE1D56E0D-B,1762586060,FCRequestMetrics:/n-matmul-128,299,299,,,13336.52,n-matmul-128,false,e91af773f85a,,c-690eed96-0cf1abd9-3b29dfca5136,1762586047450,Sync,13338.77,1762586047449,21.0.3.18,false,128,24.65,InvokeFunction,,,LATEST,1-690eedbf-0c49fa-16fa28b01953,OnDemand,,,1.28,
,534453451D1297DCF31D88EE6739800C-5,1762586060,FCRequestMetrics:/n-matmul-128,292,292,,,21543.54,n-matmul-128,false,ecc43da18039,,c-690eedaf-0cf1abd9-a039e34a4c5a,1762586039373,Sync,21936.05,1762586038981,21.0.3.19,false,128,22.20,InvokeFunction,,,LATEST,1-690eedb8-0c49fa-b0e044e8ac1b,OnDemand,,,391.37,
,6119C18E1BE462F8234B40F7752AC57D-3,1762586060,FCRequestMetrics:/n-matmul-128,294,294,,,21507.26,n-matmul-128,false,19e9b19f0963,,c-690eedaf-0cf1abd9-3747d5e10ccc,1762586039403,Sync,22965.73,1762586037950,21.0.3.22,false,128,22.34,InvokeFunction,,,LATEST,1-690eedb7-0c49fa-da7f89553581,OnDemand,,,1452.76,
,62FA41B7FF8249B4D088B827B9DA2023-5,1762586060,FCRequestMetrics:/n-matmul-128,298,298,,,21345.22,n-matmul-128,false,556831e46ae8,,c-690eedb0-0cf1abd9-551cbd21126d,1762586039635,Sync,21924.18,1762586039062,21.0.3.27,false,128,22.25,InvokeFunction,,,LATEST,1-690eedb8-0c49fa-7c24cf76bb01,OnDemand,,,572.14,
,CBEBEE735FA2FF6333D0144E3B04208F-3,1762586060,FCRequestMetrics:/n-matmul-128,294,294,,,21116.33,n-matmul-128,false,5205f404b91e,,c-690eedaf-0cf1abd9-dbdd1b76a908,1762586039490,Sync,21733.38,1762586038884,21.0.3.24,false,128,22.45,InvokeFunction,,,LATEST,1-690eedb8-0c0a43-8150ee2a980c,OnDemand,,,605.04,
,D18734D858301861EC9B1A728F760677-4,1762586060,FCRequestMetrics:/n-matmul-128,298,298,,,21252.86,n-matmul-128,false,c5bf669e63a0,,c-690eedaf-0cf1abd9-3f99b24b664d,1762586039679,Sync,21264.61,1762586039669,21.0.3.20,false,128,22.26,InvokeFunction,,,LATEST,1-690eedb8-0c0a43-3db84fdc59b5,OnDemand,,,9.94,
,B292BE044A2671902A084AE5890DA3F1-B,1762586060,FCRequestMetrics:/n-matmul-128,295,295,,,13071.96,n-matmul-128,false,e59368e395e4,,c-690eed96-0cf1abd9-d4bd420ec297,1762586047387,Sync,13074.36,1762586047385,21.0.3.26,false,128,27.59,InvokeFunction,,,LATEST,1-690eedbf-0c49fa-3c59d3008fe4,OnDemand,,,0.86,
,1643C472A4A9C9E7636975D61997BF49-A,1762586060,FCRequestMetrics:/n-matmul-128,293,293,,,15461.51,n-matmul-128,false,587857d87fe7,,c-690eed96-0cf1abd9-9d1eba3d67bf,1762586045170,Sync,15463.16,1762586045170,21.0.3.11,false,128,21.99,InvokeFunction,,,LATEST,1-690eedbd-0c0a43-f92da98c2fc5,OnDemand,,,0.71,
,FA92B5D7385E5B2D4245077868CB9726-B,1762586060,FCRequestMetrics:/n-matmul-128,295,295,,,12932.41,n-matmul-128,false,30720f53fe9b,,c-690eed96-0cf1abd9-67b09a4d191e,1762586047293,Sync,12933.88,1762586047292,21.0.3.22,false,128,27.43,InvokeFunction,,,LATEST,1-690eedbf-0c0a43-67de17f9ed67,OnDemand,,,0.56,
,C850E9452F734C9D301E12F034A57295-B,1762586060,FCRequestMetrics:/n-matmul-128,295,295,,,13075.23,n-matmul-128,false,81a96430e100,,c-690eed96-0cf1abd9-87344dd52402,1762586047361,Sync,13076.83,1762586047361,21.0.3.27,false,128,27.86,InvokeFunction,,,LATEST,1-690eedbf-0c0a43-fc152f233f8a,OnDemand,,,0.45,
,2BD77D43468911AB831A8F7E54DB0C85-B,1762586060,FCRequestMetrics:/n-matmul-128,299,299,,,16909.27,n-matmul-128,false,b7def3b75118,,c-690eed96-0cf1abd9-52afc540c138,1762586043557,Sync,16915.08,1762586043555,21.0.3.12,false,128,29.34,InvokeFunction,,,LATEST,1-690eedbb-0c49fa-d5a248f07399,OnDemand,,,1.52,
,CD41B0AD1C8EC375FCF48EF027FC064B-10,1762586060,FCRequestMetrics:/n-matmul-128,284,284,,,0.03,n-matmul-128,true,83be9297cbaa,,c-690eed8d-0cf1abd9-ab9c8f59b975,1762586058852,Sync,2035.42,1762586058851,21.0.3.8,false,128,58.43,InvokeFunction,,,LATEST,1-690eedca-0c0a43-db6a8727c800,OnDemand,,,0.75,,"{""errorType"":""FunctionAbnormalExitError""}"
,1E5A568CAB040985CEDDB2A885818A73-E,1762586061,FCRequestMetrics:/n-matmul-128,299,299,,,17460.70,n-matmul-128,false,9b8c773cba2a,,c-690eed85-0cf1abd9-1ba29434816d,1762586044061,Sync,17463.04,1762586044059,21.0.3.26,false,128,21.81,InvokeFunction,,,LATEST,1-690eedbc-0c49fa-16e3dfdeb0a3,OnDemand,,,1.27,
,A06E7E0CFCC4CBB6E3216BDC51950A35-4,1762586061,FCRequestMetrics:/n-matmul-128,289,289,,,22383.16,n-matmul-128,false,3c1958efb8c7,,c-690eedaf-0cf1abd9-0cfd58b0d20a,1762586038819,Sync,25364.71,1762586035838,21.0.3.21,false,128,22.55,InvokeFunction,,,LATEST,1-690eedb5-0c49fa-134cf74b1228,OnDemand,,,2980.53,
,ECE2A195B7556DEA0917BC84976EED68-F,1762586061,FCRequestMetrics:/n-matmul-128,299,299,,,16510.78,n-matmul-128,false,f7238f4600dd,,c-690eed85-0cf1abd9-5f1a2196a420,1762586045445,Sync,16515.64,1762586045444,21.0.3.27,false,128,26.74,InvokeFunction,,,LATEST,1-690eedbd-0c0a43-91e4cf7cd18e,OnDemand,,,0.55,
,B48DE1721A8D9F887D85EACFE463D9F5-4,1762586061,FCRequestMetrics:/n-matmul-128,292,292,,,21975.88,n-matmul-128,false,b2814d85c49e,,c-690eedaf-0cf1abd9-25241dcc866f,1762586039381,Sync,22987.43,1762586038371,21.0.3.26,false,128,22.42,InvokeFunction,,,LATEST,1-690eedb7-0c49fa-98a46f8843e7,OnDemand,,,1010.08,
,6175108D96D0CF70554B3773E70F8DCB-5,1762586061,FCRequestMetrics:/n-matmul-128,294,294,,,22117.42,n-matmul-128,false,e9351adb9afb,,c-690eedaf-0cf1abd9-548ac2e2b910,1762586039455,Sync,22691.97,1762586038883,21.0.3.23,false,128,24.33,InvokeFunction,,,LATEST,1-690eedb8-0c49fa-3d050471614b,OnDemand,,,571.46,
,1B5486964AC6624C37E4AC052D573C0C-4,1762586061,FCRequestMetrics:/n-matmul-128,294,294,,,21831.68,n-matmul-128,false,e1d941687761,,c-690eedaf-0cf1abd9-f376d98bdc18,1762586039433,Sync,22099.70,1762586039171,21.0.3.25,false,128,22.71,InvokeFunction,,,LATEST,1-690eedb8-0c49fa-6b329d411f79,OnDemand,,,261.86,
,5CA892A8CA0A24989C4731381529FB34-B,1762586061,FCRequestMetrics:/n-matmul-128,295,295,,,13881.41,n-matmul-128,false,2e11fae8268d,,c-690eed96-0cf1abd9-77c3d2a5e2ce,1762586047234,Sync,13883.27,1762586047233,21.0.3.20,false,128,21.77,InvokeFunction,,,LATEST,1-690eedbf-0c0a43-68b1016fb95b,OnDemand,,,0.65,
,609BB87232F313E7E1EE3C8255B3B0B3-11,1762586061,FCRequestMetrics:/n-matmul-128,290,290,,,0.05,n-matmul-128,true,3722a439771f,,c-690eed85-0cf1abd9-2c911ea6008b,1762586056638,Sync,4387.93,1762586056637,21.0.3.24,false,128,2.06,InvokeFunction,,,LATEST,1-690eedc8-0c0a43-4dbd6c464fb5,OnDemand,,,0.54,,"{""errorType"":""FunctionAbnormalExitError""}"
,E3A10F33112D22B99CDFAE6B3DA5F427-10,1762586061,FCRequestMetrics:/n-matmul-128,291,291,,,0.04,n-matmul-128,true,7c04ccbbdae4,,c-690eed85-0cf1abd9-4dc3fba76450,1762586056495,Sync,5137.07,1762586056494,21.0.3.23,false,128,2.23,InvokeFunction,,,LATEST,1-690eedc8-0c49fa-b57373b9d16f,OnDemand,,,1.16,,"{""errorType"":""FunctionAbnormalExitError""}"
,793EEF9B741682B7CE08F12987FEEDB3-E,1762586062,FCRequestMetrics:/n-matmul-128,297,297,,,14303.57,n-matmul-128,false,752a8680e720,,c-690eed8d-0cf1abd9-b4396f6c1b61,1762586047735,Sync,14505.40,1762586047535,21.0.3.12,false,128,28.04,InvokeFunction,,,LATEST,1-690eedbf-0c0a43-5ad48550780c,OnDemand,,,188.23,
,3D503442E2C027292A5FED0054EF72C8-E,1762586062,FCRequestMetrics:/n-matmul-128,297,297,,,14388.14,n-matmul-128,false,f832bf8f4093,,c-690eed8d-0cf1abd9-03a276b4fee0,1762586047707,Sync,14389.94,1762586047706,21.0.3.8,false,128,83.47,InvokeFunction,,,LATEST,1-690eedbf-0c0a43-d828b00b2a6f,OnDemand,,,0.52,
,CFF6118976523AD8F98948CDFB5A2CFF-F,1762586062,FCRequestMetrics:/n-matmul-128,299,299,,,16992.41,n-matmul-128,false,0fc3660777ab,,c-690eed85-0cf1abd9-4b579c30d7a8,1762586045415,Sync,17000.15,1762586045414,21.0.3.19,false,128,34.47,InvokeFunction,,,LATEST,1-690eedbd-0c49fa-6bbefcfa3741,OnDemand,,,1.26,
,E98F2BCF2DED1F74ED59CCC9A89D0D4B-F,1762586062,FCRequestMetrics:/n-matmul-128,293,293,,,17310.45,n-matmul-128,false,8faa2a99de85,,c-690eed86-0cf1abd9-d8df9633eb55,1762586045135,Sync,17316.79,1762586045134,21.0.3.21,false,128,26.62,InvokeFunction,,,LATEST,1-690eedbd-0c0a43-8a208b2cfa7a,OnDemand,,,0.63,
,20BCED26DA3E73A35A0E0ACEF26F4645-C,1762586062,FCRequestMetrics:/n-matmul-128,288,288,,,13347.04,n-matmul-128,false,70809c61057c,,c-690eed96-0cf1abd9-b0cce505415f,1762586049488,Sync,13350.07,1762586049487,21.0.3.25,false,128,27.57,InvokeFunction,,,LATEST,1-690eedc1-0c0a43-dfcb0890b95d,OnDemand,,,0.41,
,869DF173F19FB37007A48145CD0630D0-A,1762586062,FCRequestMetrics:/n-matmul-128,292,292,,,15264.12,n-matmul-128,false,f71765104eb6,,c-690eed96-0cf1abd9-4b21baf34b2d,1762586046958,Sync,15268.42,1762586046956,21.0.3.13,false,128,22.75,InvokeFunction,,,LATEST,1-690eedbe-0c49fa-1005ddf5f32f,OnDemand,,,0.92,
,CEBE4DE47CD58B3FB8C58509A1292CE6-11,1762586062,FCRequestMetrics:/n-matmul-128,298,298,,,0.06,n-matmul-128,true,f06ea0952339,,c-690eed85-0cf1abd9-158fa1fe0ffd,1762586057268,Sync,5398.37,1762586057267,21.0.3.14,false,128,2.11,InvokeFunction,,,LATEST,1-690eedc9-0c49fa-f30454548f22,OnDemand,,,1.18,,"{""errorType"":""FunctionAbnormalExitError""}"
,8AE5E5DD376D8B6BBC87B2F900A287DB-11,1762586062,FCRequestMetrics:/n-matmul-128,293,293,,,0.04,n-matmul-128,true,7a13a20b921a,,c-690eed85-0cf1abd9-64d3ea47bde3,1762586057120,Sync,5557.47,1762586057101,21.0.3.13,false,128,4.39,InvokeFunction,,,LATEST,1-690eedc9-0c0a43-33ab9d99b364,OnDemand,,,0.54,,"{""errorType"":""FunctionAbnormalExitError""}"
,4D0C87630DE75182644B9E4D5295586B-11,1762586062,FCRequestMetrics:/n-matmul-128,294,294,,,0.04,n-matmul-128,true,ce613473cf37,,c-690eed85-0cf1abd9-2f0a1317ca81,1762586057130,Sync,5765.15,1762586057121,21.0.3.11,false,128,2.14,InvokeFunction,,,LATEST,1-690eedc9-0c49fa-089d63326f4b,OnDemand,,,1.38,,"{""errorType"":""FunctionAbnormalExitError""}"
,D146A4E091934A2DB3F52D2283250B9C-C,1762586062,FCRequestMetrics:/n-matmul-128,299,299,,,14688.56,n-matmul-128,false,e11351b48c04,,c-690eed96-0cf1abd9-c0d64c44585a,1762586047845,Sync,14690.40,1762586047844,21.0.3.14,false,128,27.60,InvokeFunction,,,LATEST,1-690eedbf-0c49fa-1793a98b4be4,OnDemand,,,0.89,
,D00197269011D75200F8878AB52887BF-B,1762586062,FCRequestMetrics:/n-matmul-128,299,299,,,15397.47,n-matmul-128,false,efbe8cba4f7c,,c-690eed96-0cf1abd9-cb967da6ce67,1762586047491,Sync,15400.47,1762586047489,21.0.3.19,false,128,33.39,InvokeFunction,,,LATEST,1-690eedbf-0c49fa-cd267d538c59,OnDemand,,,1.03,
,91991638294952C1215BFC323DBD0655-10,1762586063,FCRequestMetrics:/n-matmul-128,296,296,,,17942.32,n-matmul-128,false,5abe5fd26a6c,,c-690eed83-0cf1abd9-74cc7252fb9e,1762586045321,Sync,17946.18,1762586045319,21.0.3.8,false,128,83.50,InvokeFunction,,,LATEST,1-690eedbd-0c49fa-911a3f9b8469,OnDemand,,,1.20,
,854208CFC0E05FFDDD72E5ADF6DFFFF4-F,1762586063,FCRequestMetrics:/n-matmul-128,296,296,,,17775.90,n-matmul-128,false,6fbf459d1081,,c-690eed85-0cf1abd9-ab34e7bc676a,1762586045334,Sync,17777.47,1762586045333,21.0.3.22,false,128,32.07,InvokeFunction,,,LATEST,1-690eedbd-0c0a43-409225ea8fd5,OnDemand,,,0.47,
,8A7394BA0F304A206770530C84EA6636-10,1762586063,FCRequestMetrics:/n-matmul-128,299,299,,,18116.30,n-matmul-128,false,279fa08dbc62,,c-690eed83-0cf1abd9-0a463df434e5,1762586045464,Sync,18122.62,1762586045462,21.0.3.10,false,128,23.35,InvokeFunction,,,LATEST,1-690eedbd-0c49fa-bfab1f76a6ce,OnDemand,,,1.39,
,7DD8F4E1BDDE2A8A13DEFA720B6E9373-E,1762586063,FCRequestMetrics:/n-matmul-128,283,283,,,14793.97,n-matmul-128,false,be49f65ae0f9,,c-690eed8d-0cf1abd9-053a84de8167,1762586048842,Sync,14797.56,1762586048840,21.0.3.10,false,128,25.80,InvokeFunction,,,LATEST,1-690eedc0-0c49fa-16c889d7699e,OnDemand,,,1.52,
,25B8386746C0843F68CE6F453C7A50B6-F,1762586063,FCRequestMetrics:/n-matmul-128,299,299,,,16970.69,n-matmul-128,false,28749e3c833e,,c-690eed86-0cf1abd9-5fc5a1c95081,1762586046046,Sync,17190.60,1762586045828,21.0.3.8,false,128,77.80,InvokeFunction,,,LATEST,1-690eedbd-0c49fa-2d305982a1b3,OnDemand,,,218.09,
,54A8EF52FEEB808422ACE2DD57D8BC40-10,1762586063,FCRequestMetrics:/n-matmul-128,293,293,,,18507.12,n-matmul-128,false,8ea75ea0c289,,c-690eed85-0cf1abd9-e9c69a3d7dd0,1762586045232,Sync,18513.89,1762586045230,21.0.3.18,false,128,27.42,InvokeFunction,,,LATEST,1-690eedbd-0c49fa-16b79b70203f,OnDemand,,,1.48,
,40DA133401D2DE8F12DE87799711FD83-B,1762586063,FCRequestMetrics:/n-matmul-128,288,288,,,14162.56,n-matmul-128,false,f97fe124d699,,c-690eed96-0cf1abd9-bad3da0c0cfe,1762586049514,Sync,14174.85,1762586049513,21.0.3.15,false,128,22.74,InvokeFunction,,,LATEST,1-690eedc1-0c0a43-1ab6580b8052,OnDemand,,,0.45,
,726276DB65DF441CF9FFA978FD3617F1-7,1762586063,FCRequestMetrics:/n-matmul-128,296,296,,,18569.46,n-matmul-128,false,56d2cb735fb5,,c-690eeda5-0cf1abd9-411ea4a01e98,1762586044907,Sync,18576.54,1762586044906,21.0.3.6,false,128,80.50,InvokeFunction,,,LATEST,1-690eedbd-0c0a43-00e4e7593520,OnDemand,,,0.60,
,A9D18AD4109C30D5E34A6CADD737B686-11,1762586063,FCRequestMetrics:/n-matmul-128,298,298,,,0.03,n-matmul-128,true,07c49809bd2c,,c-690eed85-0cf1abd9-a441473e8758,1762586057848,Sync,5378.70,1762586057847,21.0.3.16,false,128,4.23,InvokeFunction,,,LATEST,1-690eedc9-0c49fa-f8edc772929d,OnDemand,,,0.96,,"{""errorType"":""FunctionAbnormalExitError""}"
,32B0F1D581F5E39EC6054F7F479A9133-B,1762586063,FCRequestMetrics:/n-matmul-128,299,299,,,16406.32,n-matmul-128,false,0671b6afd97c,,c-690eed96-0cf1abd9-2fa702511747,1762586046602,Sync,16408.85,1762586046601,21.0.3.16,false,128,29.59,InvokeFunction,,,LATEST,1-690eedbe-0c49fa-6ff4c768c0ab,OnDemand,,,1.29,
,42E890D6520D105A9B16A20A2B52D801-8,1762586063,FCRequestMetrics:/n-matmul-128,297,297,,,14466.90,n-matmul-128,false,94b02dd0f401,,c-690eeda9-0cf1abd9-9011fb8320b3,1762586049444,Sync,14470.59,1762586049442,21.0.3.8,false,128,38.30,InvokeFunction,,,LATEST,1-690eedc1-0c49fa-5daed69871cd,OnDemand,,,1.39,
,41C8E8C026B88A3FDC7027A22DD65441-11,1762586063,FCRequestMetrics:/n-matmul-128,287,287,,,0.04,n-matmul-128,true,0e85519b1ae8,,c-690eed85-0cf1abd9-a830e80c9d58,1762586059333,Sync,4058.53,1762586059332,21.0.3.12,false,128,2.20,InvokeFunction,,,LATEST,1-690eedcb-0c49fa-eeceefad452b,OnDemand,,,0.96,,"{""errorType"":""FunctionAbnormalExitError""}"
,6103DB4D384590E61A6F2F19F6C5AA12-B,1762586063,FCRequestMetrics:/n-matmul-128,296,296,,,17650.92,n-matmul-128,false,4bf26ccbfd63,,c-690eed96-0cf1abd9-33d753346913,1762586045847,Sync,17801.05,1762586045697,21.0.3.8,false,128,82.12,InvokeFunction,,,LATEST,1-690eedbd-0c49fa-a426cf944859,OnDemand,,,148.95,
,8A2A2BA029F638783B43D48CB01B0C65-C,1762586063,FCRequestMetrics:/n-matmul-128,298,298,,,17237.08,n-matmul-128,false,9f79c2d0c5f2,,c-690eed96-0cf1abd9-e99fca3da2c1,1762586046450,Sync,17912.84,1762586045783,21.0.3.9,false,128,51.08,InvokeFunction,,,LATEST,1-690eedbd-0c0a43-f5d47473a800,OnDemand,,,667.38,
,CB6AE88BE08C9A42F2FD38BB7DE3D7AF-E,1762586064,FCRequestMetrics:/n-matmul-128,298,298,,,14390.66,n-matmul-128,false,480cb1ce5e18,,c-690eed8d-0cf1abd9-47404688a687,1762586049724,Sync,14394.56,1762586049724,21.0.3.9,false,128,22.45,InvokeFunction,,,LATEST,1-690eedc1-0c0a43-0dbeb0ca2ca0,OnDemand,,,0.49,
,7B54E33FC4EF59F9EB611D0DD33DB1AD-11,1762586064,FCRequestMetrics:/n-matmul-128,296,296,,,18593.87,n-matmul-128,false,57decdb25f9e,,c-690eed83-0cf1abd9-0a57e9e3d12f,1762586045880,Sync,18852.59,1762586045633,21.0.3.9,false,128,31.95,InvokeFunction,,,LATEST,1-690eedbd-0c0a43-87d903845e60,OnDemand,,,246.59,
,4EFFDB922E80D88EA45930E5C8CE9097-E,1762586064,FCRequestMetrics:/n-matmul-128,297,297,,,14996.43,n-matmul-128,false,cedb22a6eba0,,c-690eed8d-0cf1abd9-8518f5d4a430,1762586049605,Sync,14998.90,1762586049603,21.0.3.13,false,128,32.41,InvokeFunction,,,LATEST,1-690eedc1-0c49fa-2c3766368893,OnDemand,,,1.36,
,F2FD34FA9CCCCC3E3DEB26A611CC4213-E,1762586064,FCRequestMetrics:/n-matmul-128,297,297,,,14857.15,n-matmul-128,false,8c49417d6c9f,,c-690eed8d-0cf1abd9-6bad1a022802,1762586049929,Sync,15057.75,1762586049729,21.0.3.10,false,128,34.17,InvokeFunction,,,LATEST,1-690eedc1-0c0a43-073c12abd445,OnDemand,,,196.97,
,757982FB0EC94F0DBBC2760980FCB266-E,1762586064,FCRequestMetrics:/n-matmul-128,298,298,,,14975.07,n-matmul-128,false,6448ba91ff26,,c-690eed8d-0cf1abd9-28761e13241d,1762586049727,Sync,14976.53,1762586049726,21.0.3.18,false,128,30.08,InvokeFunction,,,LATEST,1-690eedc1-0c49fa-5e3b68f14223,OnDemand,,,0.76,
,E9B4BB61A0BA18E9756EE7B0B19180D4-E,1762586064,FCRequestMetrics:/n-matmul-128,284,284,,,15409.22,n-matmul-128,false,b1fafcece7b1,,c-690eed8d-0cf1abd9-909a8a51e440,1762586049292,Sync,15410.71,1762586049291,21.0.3.11,false,128,36.35,InvokeFunction,,,LATEST,1-690eedc1-0c0a43-5da1d3b3337f,OnDemand,,,0.54,
,21A4B0901367BD0C28B579B375001259-8,1762586064,FCRequestMetrics:/n-matmul-128,287,287,,,15564.45,n-matmul-128,false,387d318bc5da,,c-690eeda9-0cf1abd9-e3fe59758c3d,1762586049284,Sync,15569.40,1762586049283,21.0.3.7,false,128,63.28,InvokeFunction,,,LATEST,1-690eedc1-0c0a43-8683a195f1c3,OnDemand,,,0.51,
,A01F74AEDFA9F5E4A11A4BE6ACD824B6-7,1762586064,FCRequestMetrics:/n-matmul-128,287,287,,,15236.96,n-matmul-128,false,93947e474c66,,c-690eeda9-0cf1abd9-2c67b590b375,1762586049245,Sync,15248.24,1762586049244,21.0.3.9,false,128,22.56,InvokeFunction,,,LATEST,1-690eedc1-0c49fa-af0e62a14038,OnDemand,,,0.81,
,FD072B701FB25CCB50AFAA9BF1412E0E-8,1762586064,FCRequestMetrics:/n-matmul-128,298,298,,,19539.09,n-matmul-128,false,c65bba6f3cbb,,c-690eeda5-0cf1abd9-b8d6081b6434,1762586045362,Sync,19542.98,1762586045360,21.0.3.7,false,128,27.79,InvokeFunction,,,LATEST,1-690eedbd-0c0a43-6684836c5617,OnDemand,,,0.52,
,8FC1EA84A8F746A3A0AA748C26C7B25A-B,1762586064,FCRequestMetrics:/n-matmul-128,299,299,,,14519.79,n-matmul-128,false,76321eba944f,,c-690eed96-0cf1abd9-5bffc956dbf7,1762586050420,Sync,14524.00,1762586050419,21.0.3.18,false,128,24.01,InvokeFunction,,,LATEST,1-690eedc2-0c0a43-ed01215c2194,OnDemand,,,0.50,
,DAF408D088DC4798F248EA82E4D57A5E-B,1762586064,FCRequestMetrics:/n-matmul-128,298,298,,,14366.60,n-matmul-128,false,4f9279990613,,c-690eed96-0cf1abd9-ada75fe8f4a4,1762586049722,Sync,14370.42,1762586049721,21.0.3.20,false,128,27.44,InvokeFunction,,,LATEST,1-690eedc1-0c0a43-09570e7fa68e,OnDemand,,,0.52,
,ADA2C4513DB513B16C4AA68C1E56B16B-7,1762586064,FCRequestMetrics:/n-matmul-128,292,292,,,17505.54,n-matmul-128,false,2e0db407e217,,c-690eeda5-0cf1abd9-e05cdb244a89,1762586046760,Sync,17531.59,1762586046757,21.0.3.9,false,128,22.70,InvokeFunction,,,LATEST,1-690eedbe-0c49fa-74ee8f3cb77c,OnDemand,,,1.36,
,3D503442E2C027292A5FED0054EF72C8-11,1762586064,FCRequestMetrics:/n-matmul-128,299,299,,,0.03,n-matmul-128,true,f832bf8f4093,,c-690eed8d-0cf1abd9-03a276b4fee0,1762586062138,Sync,2102.69,1762586062137,21.0.3.8,false,128,58.37,InvokeFunction,,,LATEST,1-690eedce-0c0a43-ce7f6ccbc254,OnDemand,,,0.46,,"{""errorType"":""FunctionAbnormalExitError""}"
,793EEF9B741682B7CE08F12987FEEDB3-11,1762586064,FCRequestMetrics:/n-matmul-128,298,298,,,0.02,n-matmul-128,true,752a8680e720,,c-690eed8d-0cf1abd9-b4396f6c1b61,1762586062046,Sync,2210.63,1762586062045,21.0.3.12,false,128,2.23,InvokeFunction,,,LATEST,1-690eedce-0c0a43-0f76d5566ac4,OnDemand,,,0.54,,"{""errorType"":""FunctionAbnormalExitError""}"
,9E1E21E8F76F062BA9CB76E20C2B83A4-C,1762586064,FCRequestMetrics:/n-matmul-128,295,295,,,17420.74,n-matmul-128,false,59ec307a1758,,c-690eed96-0cf1abd9-aade4c0331ba,1762586047365,Sync,17422.62,1762586047364,21.0.3.8,false,128,62.43,InvokeFunction,,,LATEST,1-690eedbf-0c49fa-b73be24b3de7,OnDemand,,,0.92,
,00F741ED552D957855AA9DEA31925A77-11,1762586064,FCRequestMetrics:/n-matmul-128,289,289,,,0.06,n-matmul-128,true,478f63eb8cbf,,c-690eed85-0cf1abd9-026f6407b0f7,1762586059375,Sync,5356.51,1762586059373,21.0.3.17,false,128,2.21,InvokeFunction,,,LATEST,1-690eedcb-0c49fa-ce9417c850cc,OnDemand,,,1.17,,"{""errorType"":""FunctionAbnormalExitError""}"
,45C231C50F27C559EE3EBEA6F712A3AA-7,1762586064,FCRequestMetrics:/n-matmul-128,298,298,,,19588.98,n-matmul-128,false,0d4cb4afdc65,,c-690eeda5-0cf1abd9-4b4673a66774,1762586045362,Sync,19602.25,1762586045360,21.0.3.8,false,128,29.82,InvokeFunction,,,LATEST,1-690eedbd-0c49fa-5458067ef929,OnDemand,,,1.19,
,C31476DF542E245E78D704DC5E57E050-C,1762586064,FCRequestMetrics:/n-matmul-128,287,287,,,15211.27,n-matmul-128,false,54727bc85c4b,,c-690eed96-0cf1abd9-8789b63ab3c5,1762586049423,Sync,15212.91,1762586049422,21.0.3.21,false,128,27.67,InvokeFunction,,,LATEST,1-690eedc1-0c0a43-528434147662,OnDemand,,,0.48,
,A8D6FAD4E028404BF2BEFFDF098DE909-B,1762586064,FCRequestMetrics:/n-matmul-128,297,297,,,14578.39,n-matmul-128,false,88656d0a707e,,c-690eed96-0cf1abd9-5f48bbab96ce,1762586049866,Sync,14579.92,1762586049865,21.0.3.26,false,128,23.73,InvokeFunction,,,LATEST,1-690eedc1-0c49fa-9d7db1ea409c,OnDemand,,,0.79,
,1B5038221905746079340D2F785F7324-C,1762586064,FCRequestMetrics:/n-matmul-128,288,288,,,15244.35,n-matmul-128,false,cba0726a55b5,,c-690eed96-0cf1abd9-0232b809e3a3,1762586049474,Sync,15246.37,1762586049473,21.0.3.24,false,128,29.42,InvokeFunction,,,LATEST,1-690eedc1-0c49fa-6dcd17c326a9,OnDemand,,,1.10,
,E473C3EB473436CCADF8096E8D0D2C42-B,1762586064,FCRequestMetrics:/n-matmul-128,288,288,,,14630.13,n-matmul-128,false,aa865b939cef,,c-690eed96-0cf1abd9-6da66350de26,1762586049487,Sync,14655.59,1762586049486,21.0.3.23,false,128,29.57,InvokeFunction,,,LATEST,1-690eedc1-0c49fa-052a1c63a8d5,OnDemand,,,1.13,
,6FC75B3DB8851234D07B138AD96FC0A5-F,1762586065,FCRequestMetrics:/n-matmul-128,297,297,,,17429.28,n-matmul-128,false,6b4a94db578b,,c-690eed84-0cf1abd9-be1633f0d0dd,1762586047640,Sync,17431.75,1762586047639,21.0.3.8,false,128,74.60,InvokeFunction,,,LATEST,1-690eedbf-0c49fa-000500e3899f,OnDemand,,,1.20,
,89A99D9D400C280F26AE53AA7EA46C06-7,1762586065,FCRequestMetrics:/n-matmul-128,299,299,,,18512.99,n-matmul-128,false,1c1689fc6c14,,c-690eeda8-0cf1abd9-538823368ffc,1762586046790,Sync,18515.68,1762586046789,21.0.3.8,false,128,75.39,InvokeFunction,,,LATEST,1-690eedbf-0c0a43-ada27757062e,OnDemand,,,0.52,
,81EF45F19FD54F5A67E812650F7D4DE6-E,1762586065,FCRequestMetrics:/n-matmul-128,283,283,,,15929.17,n-matmul-128,false,4c9cc9d70b19,,c-690eed8d-0cf1abd9-586cb2c3c780,1762586049158,Sync,15931.53,1762586049156,21.0.3.13,false,128,30.16,InvokeFunction,,,LATEST,1-690eedc1-0c49fa-89537e53a281,OnDemand,,,1.45,
,5A317EA240DC46C4E15B8D2E97337C21-F,1762586065,FCRequestMetrics:/n-matmul-128,299,299,,,17344.25,n-matmul-128,false,b656f39d8746,,c-690eed86-0cf1abd9-84d2db55a180,1762586047841,Sync,17598.41,1762586047588,21.0.3.10,false,128,31.91,InvokeFunction,,,LATEST,1-690eedbf-0c49fa-99de6d577820,OnDemand,,,253.03,
,4A03F83F646B3D7AC82B0CB38EE7F6F6-F,1762586065,FCRequestMetrics:/n-matmul-128,297,297,,,17584.79,n-matmul-128,false,d4ea97bb496c,,c-690eed84-0cf1abd9-bf53a1f50706,1762586047706,Sync,17592.72,1762586047705,21.0.3.9,false,128,30.98,InvokeFunction,,,LATEST,1-690eedbf-0c0a43-90f1123c425e,OnDemand,,,0.58,
,9CC6FEA79C9A08269F04E5D7AC586D4D-B,1762586065,FCRequestMetrics:/n-matmul-128,287,287,,,16322.55,n-matmul-128,false,1341e9c3300b,,c-690eed96-0cf1abd9-88caba2e9de4,1762586049422,Sync,16325.07,1762586049421,21.0.3.17,false,128,29.72,InvokeFunction,,,LATEST,1-690eedc1-0c49fa-dbd8b9c18ccd,OnDemand,,,1.26,
,0048D2107E68C0AF59F0E03E3C5D236C-7,1762586065,FCRequestMetrics:/n-matmul-128,292,292,,,18406.35,n-matmul-128,false,aeee4fbdde24,,c-690eeda9-0cf1abd9-80c24ee76e6d,1762586046623,Sync,18408.34,1762586046621,21.0.3.12,false,128,27.82,InvokeFunction,,,LATEST,1-690eedbe-0c49fa-8476bc236ec6,OnDemand,,,1.19,
,6BF896C525BE933EC6E59BFBCE008212-7,1762586065,FCRequestMetrics:/n-matmul-128,298,298,,,14904.82,n-matmul-128,false,dbc99637c7cd,,c-690eeda9-0cf1abd9-06e97d5b5f54,1762586050862,Sync,14911.97,1762586050861,21.0.3.10,false,128,24.18,InvokeFunction,,,LATEST,1-690eedc2-0c0a43-63691b0bad89,OnDemand,,,0.56,
,6C640CB721ED8B0BF85E5FE5C8E7D61E-F,1762586065,FCRequestMetrics:/n-matmul-128,284,284,,,16707.17,n-matmul-128,false,2f5080738346,,c-690eed8d-0cf1abd9-670e404d2849,1762586049243,Sync,16713.53,1762586049242,21.0.3.9,false,128,34.81,InvokeFunction,,,LATEST,1-690eedc1-0c49fa-5012b60a152a,OnDemand,,,1.49,
,B42D85ACE4F13663143AFEF57EE4377B-C,1762586065,FCRequestMetrics:/n-matmul-128,288,288,,,15640.98,n-matmul-128,false,e86ce6f40d00,,c-690eed96-0cf1abd9-007038c1bcd0,1762586049466,Sync,15642.39,1762586049466,21.0.3.25,false,128,27.67,InvokeFunction,,,LATEST,1-690eedc1-0c0a43-e2fcf14bce01,OnDemand,,,0.51,
,58CCD2DE8E2B0B4D1F6EB957F7930236-11,1762586065,FCRequestMetrics:/n-matmul-128,298,298,,,0.04,n-matmul-128,true,6736357c0448,,c-690eed85-0cf1abd9-39066bb81db1,1762586059541,Sync,6308.72,1762586059540,21.0.3.25,false,128,2.13,InvokeFunction,,,LATEST,1-690eedcb-0c49fa-dc5f0b622c1a,OnDemand,,,0.87,,"{""errorType"":""FunctionAbnormalExitError""}"
,4FAE5B4F008068850E6D6E0BE6E4223E-8,1762586065,FCRequestMetrics:/n-matmul-128,295,295,,,17956.28,n-matmul-128,false,aeecc0ec331a,,c-690eeda5-0cf1abd9-8673b5017294,1762586047136,Sync,17958.10,1762586047135,21.0.3.11,false,128,22.11,InvokeFunction,,,LATEST,1-690eedbf-0c0a43-d7259ff8ce2a,OnDemand,,,0.54,
,93707F44FB1ABD7F0A822267F35A408A-8,1762586066,FCRequestMetrics:/n-matmul-128,283,283,,,18240.78,n-matmul-128,false,5c8e9d42bd7e,,c-690eeda8-0cf1abd9-b92e6a52596f,1762586048318,Sync,18247.23,1762586048317,21.0.3.10,false,128,22.84,InvokeFunction,,,LATEST,1-690eedc0-0c0a43-c663ddd3684c,OnDemand,,,0.55,
,DD2BC95C544ACAEDCAD224B59098EF74-E,1762586066,FCRequestMetrics:/n-matmul-128,298,298,,,15399.68,n-matmul-128,false,845e91b6cf6b,,c-690eed8d-0cf1abd9-2a8cc4f964bf,1762586051137,Sync,15401.91,1762586051136,21.0.3.20,false,128,34.71,InvokeFunction,,,LATEST,1-690eedc3-0c0a43-c2a5ba819ac2,OnDemand,,,0.53,
,E83713E0537D2729383D69DFF4C2841B-F,1762586066,FCRequestMetrics:/n-matmul-128,283,283,,,17197.82,n-matmul-128,false,1e9a879a9ce3,,c-690eed86-0cf1abd9-bf3f65b56cbd,1762586048916,Sync,17200.21,1762586048914,21.0.3.15,false,128,27.68,InvokeFunction,,,LATEST,1-690eedc0-0c49fa-f5b2bd541bca,OnDemand,,,1.19,
,F1380D3BB03512FD19661F5DE4097BAA-E,1762586066,FCRequestMetrics:/n-matmul-128,294,294,,,16284.52,n-matmul-128,false,5c25a51ee6b0,,c-690eed8d-0cf1abd9-90163845d713,1762586050237,Sync,16287.05,1762586050237,21.0.3.19,false,128,28.64,InvokeFunction,,,LATEST,1-690eedc2-0c0a43-245f52c707f1,OnDemand,,,0.49,
,1FD15FF44979A6A17B0CFCEC15F6978B-10,1762586066,FCRequestMetrics:/n-matmul-128,283,283,,,17812.87,n-matmul-128,false,8f75766f976d,,c-690eed84-0cf1abd9-3527f81881d1,1762586048958,Sync,17817.72,1762586048958,21.0.3.10,false,128,26.07,InvokeFunction,,,LATEST,1-690eedc0-0c0a43-12cc8c96df29,OnDemand,,,0.60,
,A171915879D3F1B14205997D3FDFD4B3-10,1762586066,FCRequestMetrics:/n-matmul-128,295,295,,,19385.90,n-matmul-128,false,eaf76bc529c5,,c-690eed83-0cf1abd9-30e9bae7a4cf,1762586047362,Sync,19388.06,1762586047361,21.0.3.11,false,128,34.08,InvokeFunction,,,LATEST,1-690eedbf-0c49fa-3da507456571,OnDemand,,,0.93,
,10CB9614FCA0A556028B38DC7845A739-B,1762586066,FCRequestMetrics:/n-matmul-128,288,288,,,17148.92,n-matmul-128,false,5a545ca9f709,,c-690eed96-0cf1abd9-95270fc2164f,1762586049461,Sync,17151.92,1762586049459,21.0.3.9,false,128,31.20,InvokeFunction,,,LATEST,1-690eedc1-0c49fa-efc925c9e302,OnDemand,,,1.36,
,BA6BE48CA24D7511A087B82B6A3FBB19-B,1762586066,FCRequestMetrics:/n-matmul-128,299,299,,,18132.29,n-matmul-128,false,ebc029f9743a,,c-690eed96-0cf1abd9-266e64073192,1762586047881,Sync,18134.43,1762586047880,21.0.3.10,false,128,29.30,InvokeFunction,,,LATEST,1-690eedbf-0c49fa-a98af9990e5f,OnDemand,,,0.98,
,79631A2B4FF88091BEDF80B60D44FB91-B,1762586066,FCRequestMetrics:/n-matmul-128,298,298,,,15687.59,n-matmul-128,false,8b5be02ffcf8,,c-690eed96-0cf1abd9-d03696729fbb,1762586051045,Sync,15691.62,1762586051043,21.0.3.27,false,128,22.02,InvokeFunction,,,LATEST,1-690eedc3-0c49fa-f88056656d1c,OnDemand,,,1.15,
,2471E95300325BB840CC834AD5A3C6B6-B,1762586066,FCRequestMetrics:/n-matmul-128,298,298,,,15077.91,n-matmul-128,false,9df121cea42b,,c-690eed96-0cf1abd9-2911da29056d,1762586051114,Sync,15086.11,1762586051112,21.0.3.22,false,128,22.59,InvokeFunction,,,LATEST,1-690eedc3-0c0a43-8574e6818bc1,OnDemand,,,0.51,
,3DF53618FF507B28D295EA10C5C40468-7,1762586066,FCRequestMetrics:/n-matmul-128,298,298,,,19794.17,n-matmul-128,false,07dcf957ed19,,c-690eeda5-0cf1abd9-879c7e385fb6,1762586046246,Sync,19795.68,1762586046245,21.0.3.10,false,128,27.61,InvokeFunction,,,LATEST,1-690eedbe-0c0a43-d8f1fee3438f,OnDemand,,,0.59,
,91991638294952C1215BFC323DBD0655-11,1762586066,FCRequestMetrics:/n-matmul-128,291,291,,,0.04,n-matmul-128,true,5abe5fd26a6c,,c-690eed83-0cf1abd9-74cc7252fb9e,1762586063306,Sync,2772.34,1762586063305,21.0.3.8,false,128,58.32,InvokeFunction,,,LATEST,1-690eedcf-0c49fa-3310a3077492,OnDemand,,,1.40,,"{""errorType"":""FunctionAbnormalExitError""}"
,7DD8F4E1BDDE2A8A13DEFA720B6E9373-11,1762586066,FCRequestMetrics:/n-matmul-128,291,291,,,0.02,n-matmul-128,true,be49f65ae0f9,,c-690eed8d-0cf1abd9-053a84de8167,1762586063644,Sync,2660.82,1762586063643,21.0.3.10,false,128,4.07,InvokeFunction,,,LATEST,1-690eedcf-0c0a43-8c9b4b90f094,OnDemand,,,0.54,,"{""errorType"":""FunctionAbnormalExitError""}"
,25B8386746C0843F68CE6F453C7A50B6-12,1762586066,FCRequestMetrics:/n-matmul-128,292,292,,,0.04,n-matmul-128,true,28749e3c833e,,c-690eed86-0cf1abd9-5fc5a1c95081,1762586063736,Sync,2685.83,1762586063735,21.0.3.8,false,128,58.31,InvokeFunction,,,LATEST,1-690eedcf-0c0a43-4415de0fc940,OnDemand,,,0.45,,"{""errorType"":""FunctionAbnormalExitError""}"
,8A7394BA0F304A206770530C84EA6636-13,1762586066,FCRequestMetrics:/n-matmul-128,289,289,,,0.03,n-matmul-128,true,279fa08dbc62,,c-690eed83-0cf1abd9-0a463df434e5,1762586063626,Sync,2648.35,1762586063625,21.0.3.10,false,128,2.12,InvokeFunction,,,LATEST,1-690eedcf-0c49fa-c36219f7fcaf,OnDemand,,,1.19,,"{""errorType"":""FunctionAbnormalExitError""}"
,53490AF45D0CAE7E1F17D51FAE4D1EBC-11,1762586066,FCRequestMetrics:/n-matmul-128,298,298,,,0.04,n-matmul-128,true,7a0078b53609,,c-690eed85-0cf1abd9-fb724a08a16a,1762586060009,Sync,6755.79,1762586059818,21.0.3.20,false,128,2.13,InvokeFunction,,,LATEST,1-690eedcb-0c49fa-355975d49f22,OnDemand,,,190.49,,"{""errorType"":""FunctionAbnormalExitError""}"
,BB4ED00B22F6D0F50600682ABF2615D9-11,1762586066,FCRequestMetrics:/n-matmul-128,298,298,,,0.04,n-matmul-128,true,b56edd595e8c,,c-690eed85-0cf1abd9-7e6421936614,1762586059569,Sync,7104.81,1762586059568,21.0.3.15,false,128,2.31,InvokeFunction,,,LATEST,1-690eedcb-0c49fa-d517f876b228,OnDemand,,,0.92,,"{""errorType"":""FunctionAbnormalExitError""}"
,5DDEC1B94316434FE6602FC2B2B6A039-C,1762586066,FCRequestMetrics:/n-matmul-128,284,284,,,17415.94,n-matmul-128,false,34de976e0650,,c-690eed96-0cf1abd9-ee256dc17503,1762586049289,Sync,17427.99,1762586049288,21.0.3.11,false,128,23.92,InvokeFunction,,,LATEST,1-690eedc1-0c49fa-9a821b64affa,OnDemand,,,0.95,
,0DF1BE08810C22DB47CE10C7D12D3B18-C,1762586066,FCRequestMetrics:/n-matmul-128,287,287,,,17377.60,n-matmul-128,false,054726ba05da,,c-690eed96-0cf1abd9-6259af999d66,1762586049376,Sync,17381.06,1762586049375,21.0.3.11,false,128,24.02,InvokeFunction,,,LATEST,1-690eedc1-0c0a43-391ca1dcf3f7,OnDemand,,,0.52,
,7B54E33FC4EF59F9EB611D0DD33DB1AD-13,1762586066,FCRequestMetrics:/n-matmul-128,298,298,,,0.14,n-matmul-128,true,57decdb25f9e,,c-690eed83-0cf1abd9-0a57e9e3d12f,1762586064536,Sync,2078.11,1762586064535,21.0.3.9,false,128,6.30,InvokeFunction,,,LATEST,1-690eedd0-0c0a43-d36255763b3a,OnDemand,,,0.50,,"{""errorType"":""FunctionAbnormalExitError""}"
,101ABB01305ADAA1C15616E72BBCE7FA-F,1762586067,FCRequestMetrics:/n-matmul-128,297,297,,,17122.40,n-matmul-128,false,985167d20b2a,,c-690eed8d-0cf1abd9-0876abaa060f,1762586050051,Sync,17124.63,1762586050050,21.0.3.15,false,128,26.33,InvokeFunction,,,LATEST,1-690eedc2-0c0a43-e6d2aca9199c,OnDemand,,,0.51,
,54257F6C2DE5D00C16409D9C28372284-F,1762586067,FCRequestMetrics:/n-matmul-128,298,298,,,16686.99,n-matmul-128,false,ebad9260b821,,c-690eed8d-0cf1abd9-196fc3cfa131,1762586050457,Sync,16688.48,1762586050456,21.0.3.11,false,128,27.85,InvokeFunction,,,LATEST,1-690eedc2-0c0a43-fb47d74db4b4,OnDemand,,,0.48,
,283F17FB9C9798583A913C144D41C342-10,1762586067,FCRequestMetrics:/n-matmul-128,298,298,,,17809.64,n-matmul-128,false,4703378e3174,,c-690eed86-0cf1abd9-4e796d80ba23,1762586049641,Sync,17813.42,1762586049640,21.0.3.9,false,128,27.00,InvokeFunction,,,LATEST,1-690eedc1-0c0a43-80aa3cfbd250,OnDemand,,,0.53,
,5631503C851C331FBCC55A7B595279F5-F,1762586067,FCRequestMetrics:/n-matmul-128,285,285,,,13865.52,n-matmul-128,false,dd31d4d13109,,c-690eed96-0cf1abd9-3b123f53c475,1762586053707,Sync,13867.03,1762586053706,21.0.3.12,false,128,32.39,InvokeFunction,,,LATEST,1-690eedc5-0c0a43-3a0e26496c70,OnDemand,,,0.53,
,BC7D406DCB03E5F0740A7972675CF2F0-F,1762586067,FCRequestMetrics:/n-matmul-128,287,287,,,18246.52,n-matmul-128,false,fec3919de42b,,c-690eed86-0cf1abd9-a3cf507306a7,1762586049412,Sync,18248.79,1762586049411,21.0.3.13,false,128,21.89,InvokeFunction,,,LATEST,1-690eedc1-0c49fa-f7de00d30e34,OnDemand,,,1.32,
,849194F1147E7DC7497DCF82D54F9C08-10,1762586067,FCRequestMetrics:/n-matmul-128,284,284,,,18592.62,n-matmul-128,false,f70324bffef3,,c-690eed84-0cf1abd9-74ad9309d09c,1762586049243,Sync,18594.32,1762586049242,21.0.3.11,false,128,27.30,InvokeFunction,,,LATEST,1-690eedc1-0c0a43-7bd594c5ce92,OnDemand,,,0.53,
,CACC3D6F9C6A2945DEADA5EDA3A09538-10,1762586067,FCRequestMetrics:/n-matmul-128,288,288,,,18415.02,n-matmul-128,false,d4758414a170,,c-690eed83-0cf1abd9-8480035f250f,1762586049524,Sync,18417.92,1762586049523,21.0.3.12,false,128,24.08,InvokeFunction,,,LATEST,1-690eedc1-0c49fa-166c4ee27910,OnDemand,,,0.87,
,A0B4D1D12626D33FCDDA858055366E80-C,1762586067,FCRequestMetrics:/n-matmul-128,297,297,,,17308.75,n-matmul-128,false,2f79d5d6e1f2,,c-690eed96-0cf1abd9-aec373bfe9b2,1762586049873,Sync,17310.38,1762586049872,21.0.3.10,false,128,29.73,InvokeFunction,,,LATEST,1-690eedc1-0c0a43-effa4f990032,OnDemand,,,0.53,
,FAAE9D66D514066559F6F43F02221FE3-B,1762586067,FCRequestMetrics:/n-matmul-128,297,297,,,17714.41,n-matmul-128,false,c90c3b43cf3a,,c-690eed96-0cf1abd9-dd88698fca86,1762586050037,Sync,17715.99,1762586050037,21.0.3.13,false,128,27.68,InvokeFunction,,,LATEST,1-690eedc2-0c0a43-b2d0a8f8ee9f,OnDemand,,,0.53,
,B70395F3A021A5FF8871D46915C2FCC0-C,1762586067,FCRequestMetrics:/n-matmul-128,299,299,,,17324.11,n-matmul-128,false,88b44a48a990,,c-690eed96-0cf1abd9-7684f52346d2,1762586050433,Sync,17325.85,1762586050433,21.0.3.14,false,128,27.04,InvokeFunction,,,LATEST,1-690eedc2-0c0a43-d0c3351a10ee,OnDemand,,,0.43,
,CB6AE88BE08C9A42F2FD38BB7DE3D7AF-11,1762586067,FCRequestMetrics:/n-matmul-128,295,295,,,0.04,n-matmul-128,true,480cb1ce5e18,,c-690eed8d-0cf1abd9-47404688a687,1762586064132,Sync,2905.45,1762586064131,21.0.3.9,false,128,2.13,InvokeFunction,,,LATEST,1-690eedd0-0c0a43-30f0d733e4e7,OnDemand,,,0.56,,"{""errorType"":""FunctionAbnormalExitError""}"
,9A69A015E836A893BB9F5FED7403265F-C,1762586067,FCRequestMetrics:/n-matmul-128,297,297,,,18377.83,n-matmul-128,false,8be9fbcef600,,c-690eed96-0cf1abd9-94394623246b,1762586049581,Sync,18379.89,1762586049580,21.0.3.12,false,128,27.82,InvokeFunction,,,LATEST,1-690eedc1-0c49fa-80d45c45fee4,OnDemand,,,1.12,
,1E5A568CAB040985CEDDB2A885818A73-11,1762586067,FCRequestMetrics:/n-matmul-128,289,289,,,0.04,n-matmul-128,true,9b8c773cba2a,,c-690eed85-0cf1abd9-1ba29434816d,1762586061565,Sync,5467.04,1762586061563,21.0.3.26,false,128,2.19,InvokeFunction,,,LATEST,1-690eedcd-0c49fa-8d2d113825d8,OnDemand,,,1.37,,"{""errorType"":""FunctionAbnormalExitError""}"
,71B50CCCFCB17E1646B11A2BE0A08D93-C,1762586067,FCRequestMetrics:/n-matmul-128,296,296,,,17121.32,n-matmul-128,false,58ac22b3424d,,c-690eed96-0cf1abd9-7899d50458f3,1762586050752,Sync,17123.75,1762586050750,21.0.3.14,false,128,21.76,InvokeFunction,,,LATEST,1-690eedc2-0c49fa-a733db14143c,OnDemand,,,1.37,
,ECE2A195B7556DEA0917BC84976EED68-11,1762586067,FCRequestMetrics:/n-matmul-128,298,298,,,0.04,n-matmul-128,true,f7238f4600dd,,c-690eed85-0cf1abd9-5f1a2196a420,1762586062001,Sync,5459.02,1762586062000,21.0.3.27,false,128,2.24,InvokeFunction,,,LATEST,1-690eedcd-0c0a43-fc319fb78848,OnDemand,,,0.56,,"{""errorType"":""FunctionAbnormalExitError""}"
,E98F2BCF2DED1F74ED59CCC9A89D0D4B-11,1762586067,FCRequestMetrics:/n-matmul-128,299,299,,,0.03,n-matmul-128,true,8faa2a99de85,,c-690eed86-0cf1abd9-d8df9633eb55,1762586062463,Sync,4945.77,1762586062461,21.0.3.21,false,128,2.07,InvokeFunction,,,LATEST,1-690eedce-0c49fa-e37dc9d5b918,OnDemand,,,0.95,,"{""errorType"":""FunctionAbnormalExitError""}"
,5A317EA240DC46C4E15B8D2E97337C21-11,1762586067,FCRequestMetrics:/n-matmul-128,298,298,,,0.03,n-matmul-128,true,b656f39d8746,,c-690eed86-0cf1abd9-84d2db55a180,1762586065230,Sync,2318.04,1762586065228,21.0.3.10,false,128,2.08,InvokeFunction,,,LATEST,1-690eedd1-0c49fa-053852bf68d1,OnDemand,,,1.34,,"{""errorType"":""FunctionAbnormalExitError""}"
,854208CFC0E05FFDDD72E5ADF6DFFFF4-10,1762586067,FCRequestMetrics:/n-matmul-128,291,291,,,0.03,n-matmul-128,true,6fbf459d1081,,c-690eed85-0cf1abd9-ab34e7bc676a,1762586063151,Sync,4336.17,1762586063150,21.0.3.22,false,128,2.25,InvokeFunction,,,LATEST,1-690eedcf-0c0a43-9077a4a9b2d3,OnDemand,,,0.60,,"{""errorType"":""FunctionAbnormalExitError""}"
,CFF6118976523AD8F98948CDFB5A2CFF-11,1762586067,FCRequestMetrics:/n-matmul-128,299,299,,,0.05,n-matmul-128,true,0fc3660777ab,,c-690eed85-0cf1abd9-4b579c30d7a8,1762586062469,Sync,5645.58,1762586062224,21.0.3.19,false,128,4.35,InvokeFunction,,,LATEST,1-690eedce-0c49fa-d24e74432ca0,OnDemand,,,244.83,,"{""errorType"":""FunctionAbnormalExitError""}"
,4EFFDB922E80D88EA45930E5C8CE9097-11,1762586067,FCRequestMetrics:/n-matmul-128,298,298,,,0.04,n-matmul-128,true,cedb22a6eba0,,c-690eed8d-0cf1abd9-8518f5d4a430,1762586064681,Sync,3272.12,1762586064680,21.0.3.13,false,128,2.27,InvokeFunction,,,LATEST,1-690eedd0-0c0a43-42cd6c1b334f,OnDemand,,,0.54,,"{""errorType"":""FunctionAbnormalExitError""}"
,54A8EF52FEEB808422ACE2DD57D8BC40-12,1762586067,FCRequestMetrics:/n-matmul-128,292,292,,,0.05,n-matmul-128,true,8ea75ea0c289,,c-690eed85-0cf1abd9-e9c69a3d7dd0,1762586063782,Sync,4032.04,1762586063781,21.0.3.18,false,128,2.25,InvokeFunction,,,LATEST,1-690eedcf-0c49fa-c74d887e1fab,OnDemand,,,1.11,,"{""errorType"":""FunctionAbnormalExitError""}"
,F2FD34FA9CCCCC3E3DEB26A611CC4213-11,1762586067,FCRequestMetrics:/n-matmul-128,296,296,,,0.03,n-matmul-128,true,8c49417d6c9f,,c-690eed8d-0cf1abd9-6bad1a022802,1762586064813,Sync,2843.08,1762586064812,21.0.3.10,false,128,4.13,InvokeFunction,,,LATEST,1-690eedd0-0c0a43-f15579efa7b2,OnDemand,,,0.46,,"{""errorType"":""FunctionAbnormalExitError""}"
,3D18AA0F2F2BEC29E06D342ABCC8325D-C,1762586067,FCRequestMetrics:/n-matmul-128,296,296,,,16967.06,n-matmul-128,false,98fe8105b4b7,,c-690eed96-0cf1abd9-769da4154e8d,1762586050744,Sync,16968.67,1762586050743,21.0.3.17,false,128,27.33,InvokeFunction,,,LATEST,1-690eedc2-0c0a43-0d67d7a12821,OnDemand,,,0.59,
,FD3DA8D46D8EFE79129F6DB831E2D004-F,1762586068,FCRequestMetrics:/n-matmul-128,288,288,,,18575.37,n-matmul-128,false,c5d7c67d012d,,c-690eed87-0cf1abd9-168efb1ce039,1762586049449,Sync,18578.52,1762586049448,21.0.3.16,false,128,32.02,InvokeFunction,,,LATEST,1-690eedc1-0c0a43-5159e21dbe0c,OnDemand,,,0.47,
,F658B3CD8413B0D988AE185DF0BE18DD-E,1762586068,FCRequestMetrics:/n-matmul-128,298,298,,,15725.83,n-matmul-128,false,959cca596465,,c-690eed8d-0cf1abd9-0ed53fa70580,1762586052347,Sync,15731.67,1762586052346,21.0.3.23,false,128,21.97,InvokeFunction,,,LATEST,1-690eedc4-0c0a43-40955d483c69,OnDemand,,,0.57,
,7EE08DA56FC077A8FBD356D2C6053F3C-10,1762586068,FCRequestMetrics:/n-matmul-128,288,288,,,18824.99,n-matmul-128,false,88bd901e69d9,,c-690eed86-0cf1abd9-2ed67a1a0815,1762586049456,Sync,18827.87,1762586049455,21.0.3.11,false,128,24.33,InvokeFunction,,,LATEST,1-690eedc1-0c49fa-403553a09e2b,OnDemand,,,0.74,
,E94FAD7DFC0D7C430A1E1579F49C2CB6-10,1762586068,FCRequestMetrics:/n-matmul-128,284,284,,,19166.01,n-matmul-128,false,357862df7f73,,c-690eed86-0cf1abd9-f59485cce75a,1762586049117,Sync,19176.77,1762586049116,21.0.3.12,false,128,34.29,InvokeFunction,,,LATEST,1-690eedc1-0c49fa-270640590bda,OnDemand,,,1.03,
,341217B393C4786CD864233CF7C20236-8,1762586068,FCRequestMetrics:/n-matmul-128,294,294,,,18132.59,n-matmul-128,false,ded7b9e2f367,,c-690eeda9-0cf1abd9-4a4f092aecb1,1762586050228,Sync,18134.75,1762586050228,21.0.3.13,false,128,29.76,InvokeFunction,,,LATEST,1-690eedc2-0c0a43-9383e69d1732,OnDemand,,,0.52,
,3DBC61790B9142DDBEDCD6134BB09E3F-10,1762586068,FCRequestMetrics:/n-matmul-128,297,297,,,18629.18,n-matmul-128,false,a28f13fec6d7,,c-690eed84-0cf1abd9-47616b0fcd20,1762586049620,Sync,18632.20,1762586049618,21.0.3.12,false,128,25.69,InvokeFunction,,,LATEST,1-690eedc1-0c49fa-bb1ddce8f2a3,OnDemand,,,1.34,
,3C976305C481D3458F52892B2010ED59-F,1762586068,FCRequestMetrics:/n-matmul-128,294,294,,,18235.23,n-matmul-128,false,2413d1c7f8a6,,c-690eed8d-0cf1abd9-366b26390b4b,1762586050300,Sync,18242.31,1762586050299,21.0.3.14,false,128,26.48,InvokeFunction,,,LATEST,1-690eedc2-0c0a43-646604179b57,OnDemand,,,0.53,
,DAE6BAF353C38FA45B5DF9AF0F86D659-10,1762586068,FCRequestMetrics:/n-matmul-128,283,283,,,19749.43,n-matmul-128,false,19a08086dcd9,,c-690eed83-0cf1abd9-9b3fcb822613,1762586048895,Sync,19751.58,1762586048895,21.0.3.13,false,128,27.46,InvokeFunction,,,LATEST,1-690eedc0-0c0a43-996667d21830,OnDemand,,,0.58,
,B09D02D2736E63D8D189EBC1852D5FE0-10,1762586068,FCRequestMetrics:/n-matmul-128,297,297,,,19058.41,n-matmul-128,false,d93ff50fc499,,c-690eed86-0cf1abd9-16756c022540,1762586049605,Sync,19061.55,1762586049604,21.0.3.14,false,128,26.62,InvokeFunction,,,LATEST,1-690eedc1-0c49fa-b5995a856a0e,OnDemand,,,1.12,
,58100D8F3876904D781824C152698572-10,1762586068,FCRequestMetrics:/n-matmul-128,288,288,,,19387.43,n-matmul-128,false,59ce8020a236,,c-690eed84-0cf1abd9-0fe3463f746c,1762586049479,Sync,19388.93,1762586049478,21.0.3.23,false,128,28.00,InvokeFunction,,,LATEST,1-690eedc1-0c0a43-358288120e0b,OnDemand,,,0.48,
,BB17D3743CC1FDE60F1345598BDCEFD7-8,1762586068,FCRequestMetrics:/n-matmul-128,294,294,,,18070.35,n-matmul-128,false,82ac2eb2520e,,c-690eeda9-0cf1abd9-476f20890ba2,1762586050263,Sync,18565.35,1762586049770,21.0.3.11,false,128,27.50,InvokeFunction,,,LATEST,1-690eedc1-0c0a43-e9e9c6400553,OnDemand,,,492.88,
,449AAF96D79A79AF83974EE81F7DD00B-8,1762586068,FCRequestMetrics:/n-matmul-128,299,299,,,17934.69,n-matmul-128,false,93d7ca5c9fd9,,c-690eeda9-0cf1abd9-3515fa693e5b,1762586050673,Sync,17940.04,1762586050672,21.0.3.16,false,128,27.75,InvokeFunction,,,LATEST,1-690eedc2-0c0a43-615a3480880f,OnDemand,,,0.57,
,8E2E03ED22CC6F2DFE55EB8B1A864060-B,1762586068,FCRequestMetrics:/n-matmul-128,297,297,,,18557.87,n-matmul-128,false,cff987abda6a,,c-690eed96-0cf1abd9-e42e31309781,1762586049840,Sync,18559.81,1762586049839,21.0.3.12,false,128,27.30,InvokeFunction,,,LATEST,1-690eedc1-0c49fa-1cb09e92a406,OnDemand,,,1.15,
,DC9E0E12CD6EBAC6FF4F0136C46C5547-B,1762586068,FCRequestMetrics:/n-matmul-128,296,296,,,17386.68,n-matmul-128,false,7e6212d1a18e,,c-690eed96-0cf1abd9-cdf69a3e83a5,1762586050804,Sync,17399.30,1762586050802,21.0.3.13,false,128,23.96,InvokeFunction,,,LATEST,1-690eedc2-0c49fa-44fe90f57cc2,OnDemand,,,1.09,
,7803A2A1C0E49F606CC22E511FDE78DB-8,1762586068,FCRequestMetrics:/n-matmul-128,295,295,,,22375.93,n-matmul-128,false,49cf98612b59,,c-690eeda8-0cf1abd9-c7ba121b8278,1762586046606,Sync,22379.50,1762586046605,21.0.3.9,false,128,32.69,InvokeFunction,,,LATEST,1-690eedbf-0c0a43-f9167c483be2,OnDemand,,,0.53,
,757982FB0EC94F0DBBC2760980FCB266-11,1762586068,FCRequestMetrics:/n-matmul-128,296,296,,,0.04,n-matmul-128,true,6448ba91ff26,,c-690eed8d-0cf1abd9-28761e13241d,1762586064775,Sync,3602.36,1762586064773,21.0.3.18,false,128,4.23,InvokeFunction,,,LATEST,1-690eedd0-0c49fa-aac5b490e922,OnDemand,,,1.14,,"{""errorType"":""FunctionAbnormalExitError""}"
,64F0BBA7C58980066176C33658FB272D-B,1762586068,FCRequestMetrics:/n-matmul-128,299,299,,,17926.45,n-matmul-128,false,8f8cb0ae0fff,,c-690eed96-0cf1abd9-556eeff7996f,1762586050937,Sync,18491.15,1762586050373,21.0.3.16,false,128,22.65,InvokeFunction,,,LATEST,1-690eedc2-0c0a43-5950afc04155,OnDemand,,,563.74,
,4A03F83F646B3D7AC82B0CB38EE7F6F6-11,1762586068,FCRequestMetrics:/n-matmul-128,298,298,,,0.04,n-matmul-128,true,d4ea97bb496c,,c-690eed84-0cf1abd9-bf53a1f50706,1762586065346,Sync,2746.53,1762586065345,21.0.3.9,false,128,11.26,InvokeFunction,,,LATEST,1-690eedd1-0c0a43-5239328b281e,OnDemand,,,0.47,,"{""errorType"":""FunctionAbnormalExitError""}"
,6FC75B3DB8851234D07B138AD96FC0A5-11,1762586068,FCRequestMetrics:/n-matmul-128,298,298,,,0.03,n-matmul-128,true,6b4a94db578b,,c-690eed84-0cf1abd9-be1633f0d0dd,1762586065150,Sync,2902.84,1762586065149,21.0.3.8,false,128,49.36,InvokeFunction,,,LATEST,1-690eedd1-0c0a43-67a05fa67e6e,OnDemand,,,0.50,,"{""errorType"":""FunctionAbnormalExitError""}"
,A1FCC418CEE0A473F1F5238048A7B3E8-8,1762586068,FCRequestMetrics:/n-matmul-128,288,288,,,19449.25,n-matmul-128,false,a01070cabcf1,,c-690eeda5-0cf1abd9-e5a4210c2073,1762586049440,Sync,19452.03,1762586049439,21.0.3.15,false,128,29.80,InvokeFunction,,,LATEST,1-690eedc1-0c0a43-aff5cd1fa598,OnDemand,,,0.51,
,81EF45F19FD54F5A67E812650F7D4DE6-11,1762586068,FCRequestMetrics:/n-matmul-128,298,298,,,0.04,n-matmul-128,true,4c9cc9d70b19,,c-690eed8d-0cf1abd9-586cb2c3c780,1762586065137,Sync,3290.97,1762586065136,21.0.3.13,false,128,4.41,InvokeFunction,,,LATEST,1-690eedd1-0c0a43-45fcf7233184,OnDemand,,,0.49,,"{""errorType"":""FunctionAbnormalExitError""}"
,E9B4BB61A0BA18E9756EE7B0B19180D4-11,1762586068,FCRequestMetrics:/n-matmul-128,296,296,,,0.03,n-matmul-128,true,b1fafcece7b1,,c-690eed8d-0cf1abd9-909a8a51e440,1762586064786,Sync,3767.27,1762586064785,21.0.3.11,false,128,6.08,InvokeFunction,,,LATEST,1-690eedd0-0c49fa-bfaec9294a87,OnDemand,,,1.16,,"{""errorType"":""FunctionAbnormalExitError""}"
,EF722833BE499284BAB5B89F1A306194-8,1762586068,FCRequestMetrics:/n-matmul-128,297,297,,,19146.27,n-matmul-128,false,05f9081a497c,,c-690eeda8-0cf1abd9-1aac6742df61,1762586049567,Sync,19405.08,1762586049315,21.0.3.11,false,128,27.42,InvokeFunction,,,LATEST,1-690eedc1-0c49fa-dda38dec3db6,OnDemand,,,252.24,
,E83713E0537D2729383D69DFF4C2841B-12,1762586068,FCRequestMetrics:/n-matmul-128,293,293,,,0.04,n-matmul-128,true,1e9a879a9ce3,,c-690eed86-0cf1abd9-bf3f65b56cbd,1762586066155,Sync,2680.55,1762586066154,21.0.3.15,false,128,2.22,InvokeFunction,,,LATEST,1-690eedd2-0c49fa-d7050f704f32,OnDemand,,,1.15,,"{""errorType"":""FunctionAbnormalExitError""}"
,B9CC9A0372DA2782D1101E8A00146287-8,1762586068,FCRequestMetrics:/n-matmul-128,299,299,,,18249.20,n-matmul-128,false,7dc1ff934198,,c-690eeda5-0cf1abd9-f2a1a2bcfb08,1762586050410,Sync,18483.45,1762586050178,21.0.3.17,false,128,27.59,InvokeFunction,,,LATEST,1-690eedc2-0c0a43-16a9da3a348b,OnDemand,,,232.09,
,A171915879D3F1B14205997D3FDFD4B3-11,1762586068,FCRequestMetrics:/n-matmul-128,288,288,,,0.02,n-matmul-128,true,eaf76bc529c5,,c-690eed83-0cf1abd9-30e9bae7a4cf,1762586066758,Sync,2119.14,1762586066756,21.0.3.11,false,128,4.08,InvokeFunction,,,LATEST,1-690eedd2-0c49fa-57a45ef8710a,OnDemand,,,1.40,,"{""errorType"":""FunctionAbnormalExitError""}"
,9DD0506AA2E1A2F0934A373557F44685-8,1762586068,FCRequestMetrics:/n-matmul-128,298,298,,,18629.46,n-matmul-128,false,9ff6c72d49d6,,c-690eeda8-0cf1abd9-230be3e98307,1762586049992,Sync,18631.25,1762586049991,21.0.3.13,false,128,27.49,InvokeFunction,,,LATEST,1-690eedc2-0c0a43-581e3d387ed4,OnDemand,,,0.49,
,2FB49575A81022D2509F0B8C09E271EA-8,1762586068,FCRequestMetrics:/n-matmul-128,296,296,,,17802.82,n-matmul-128,false,583788c3d090,,c-690eeda5-0cf1abd9-2086298c7344,1762586050772,Sync,17804.98,1762586050770,21.0.3.19,false,128,27.91,InvokeFunction,,,LATEST,1-690eedc2-0c49fa-4c61d860b5ca,OnDemand,,,1.37,
,781F1588896B086D7B9525CF26E327EB-8,1762586068,FCRequestMetrics:/n-matmul-128,298,298,,,17681.04,n-matmul-128,false,4caf80074898,,c-690eeda5-0cf1abd9-14bb1cc6f364,1762586051044,Sync,17687.09,1762586051043,21.0.3.24,false,128,31.93,InvokeFunction,,,LATEST,1-690eedc3-0c0a43-abef05d35e39,OnDemand,,,0.56,
,2FB111C80D55ADD6741728DC024D9859-9,1762586068,FCRequestMetrics:/n-matmul-128,298,298,,,17533.91,n-matmul-128,false,e39bf72b32e8,,c-690eeda5-0cf1abd9-fff5328a1511,1762586051120,Sync,17699.07,1762586050957,21.0.3.20,false,128,22.35,InvokeFunction,,,LATEST,1-690eedc2-0c0a43-ab296181eeb6,OnDemand,,,163.28,
,C6012E9AF904BFC7F82B587139A7052F-E,1762586069,FCRequestMetrics:/n-matmul-128,299,299,,,14099.60,n-matmul-128,false,08ad0ef23948,,c-690eed96-0cf1abd9-776d52a791a0,1762586055056,Sync,14242.89,1762586054914,21.0.3.9,false,128,27.66,InvokeFunction,,,LATEST,1-690eedc6-0c49fa-d6a9df5fe46c,OnDemand,,,141.64,
,BE75DB22015500E11A374D96AAD193DE-F,1762586069,FCRequestMetrics:/n-matmul-128,282,282,,,15839.99,n-matmul-128,false,14ce103419c8,,c-690eed8d-0cf1abd9-d2956975d9ee,1762586053500,Sync,15841.52,1762586053499,21.0.3.24,false,128,36.36,InvokeFunction,,,LATEST,1-690eedc5-0c0a43-903638894824,OnDemand,,,0.50,
,10ABC85774F8B9CC368A825065BA6401-8,1762586069,FCRequestMetrics:/n-matmul-128,288,288,,,19715.99,n-matmul-128,false,fc82228fa9b1,,c-690eeda5-0cf1abd9-1b827a888ff3,1762586049448,Sync,19719.13,1762586049447,21.0.3.13,false,128,27.44,InvokeFunction,,,LATEST,1-690eedc1-0c49fa-a73fa6200bdf,OnDemand,,,1.02,
,77A451B62F8AF08AF72FE07E1B84F5E0-8,1762586069,FCRequestMetrics:/n-matmul-128,298,298,,,17063.99,n-matmul-128,false,0dcdb5385733,,c-690eeda9-0cf1abd9-1346167bcac0,1762586052386,Sync,17069.96,1762586052384,21.0.3.14,false,128,27.48,InvokeFunction,,,LATEST,1-690eedc4-0c49fa-c2f24881f0c2,OnDemand,,,1.04,
,80B2B247C9D9AF2A95FDD34F1640050C-10,1762586069,FCRequestMetrics:/n-matmul-128,298,298,,,18729.06,n-matmul-128,false,ce4127663c28,,c-690eed84-0cf1abd9-d4909224eec1,1762586051127,Sync,18737.29,1762586051125,21.0.3.13,false,128,34.33,InvokeFunction,,,LATEST,1-690eedc3-0c49fa-f87233376f56,OnDemand,,,1.35,
,22E1961764567BF39BC1317D4E5807AC-8,1762586069,FCRequestMetrics:/n-matmul-128,287,287,,,19629.53,n-matmul-128,false,93bd50466c24,,c-690eeda5-0cf1abd9-de9e4196dfb2,1762586049408,Sync,19631.04,1762586049407,21.0.3.12,false,128,29.48,InvokeFunction,,,LATEST,1-690eedc1-0c0a43-2c7e53558713,OnDemand,,,0.53,
,E4146AB491CEBDE523F487E441201B73-C,1762586069,FCRequestMetrics:/n-matmul-128,298,298,,,17747.53,n-matmul-128,false,efdf38e6c6e7,,c-690eed96-0cf1abd9-523def426250,1762586051333,Sync,17760.40,1762586051331,21.0.3.15,false,128,29.42,InvokeFunction,,,LATEST,1-690eedc3-0c49fa-7477d9c8fa19,OnDemand,,,1.50,
,FF409731039280436289D779E5C866F5-7,1762586069,FCRequestMetrics:/n-matmul-128,298,298,,,19956.41,n-matmul-128,false,e51e0a8a2425,,c-690eeda8-0cf1abd9-1c104b385d12,1762586049159,Sync,19959.68,1762586049158,21.0.3.12,false,128,27.14,InvokeFunction,,,LATEST,1-690eedc1-0c49fa-23a13c63cc96,OnDemand,,,0.96,
,53C28B307BED561C14256185A7868301-7,1762586069,FCRequestMetrics:/n-matmul-128,299,299,,,18851.02,n-matmul-128,false,cd248e76553e,,c-690eeda5-0cf1abd9-46cd7b884194,1762586050371,Sync,19031.75,1762586050191,21.0.3.14,false,128,29.66,InvokeFunction,,,LATEST,1-690eedc2-0c0a43-4928837fd4c5,OnDemand,,,179.76,
,5665E0DE844D89BD77D4631CFD4DC931-8,1762586069,FCRequestMetrics:/n-matmul-128,294,294,,,19695.78,n-matmul-128,false,b490ef07d553,,c-690eeda5-0cf1abd9-69bf81304958,1762586050260,Sync,19703.63,1762586050259,21.0.3.16,false,128,27.87,InvokeFunction,,,LATEST,1-690eedc2-0c0a43-a30b5fa19be6,OnDemand,,,0.54,
,1FD15FF44979A6A17B0CFCEC15F6978B-12,1762586069,FCRequestMetrics:/n-matmul-128,288,288,,,0.03,n-matmul-128,true,8f75766f976d,,c-690eed84-0cf1abd9-3527f81881d1,1762586066790,Sync,2617.77,1762586066789,21.0.3.10,false,128,6.22,InvokeFunction,,,LATEST,1-690eedd2-0c49fa-274463b999ca,OnDemand,,,1.34,,"{""errorType"":""FunctionAbnormalExitError""}"
,C63420212FACF8878D1CF0F4AB9F2B5B-9,1762586069,FCRequestMetrics:/n-matmul-128,298,298,,,18979.56,n-matmul-128,false,551a63055008,,c-690eeda8-0cf1abd9-bb4861715efd,1762586050896,Sync,18990.48,1762586050894,21.0.3.14,false,128,24.00,InvokeFunction,,,LATEST,1-690eedc3-0c49fa-f10719b8a100,OnDemand,,,1.30,
,54257F6C2DE5D00C16409D9C28372284-10,1762586069,FCRequestMetrics:/n-matmul-128,293,293,,,0.02,n-matmul-128,true,ebad9260b821,,c-690eed8d-0cf1abd9-196fc3cfa131,1762586067206,Sync,2470.93,1762586067204,21.0.3.11,false,128,2.26,InvokeFunction,,,LATEST,1-690eedd3-0c49fa-a6b7be74ef06,OnDemand,,,0.94,,"{""errorType"":""FunctionAbnormalExitError""}"
,945898D0AF47D153C60C831EFEA93697-C,1762586069,FCRequestMetrics:/n-matmul-128,299,299,,,17428.86,n-matmul-128,false,175f45e7fcbd,,c-690eed96-0cf1abd9-9f8f06b7bb4c,1762586052474,Sync,17441.45,1762586052473,21.0.3.22,false,128,27.45,InvokeFunction,,,LATEST,1-690eedc4-0c49fa-6ca88b43fd92,OnDemand,,,0.74,
,E0E0F357761D0248261EE2F10BB55343-C,1762586069,FCRequestMetrics:/n-matmul-128,299,299,,,17354.35,n-matmul-128,false,44413e12b2a5,,c-690eed96-0cf1abd9-2eb0d31dc6a8,1762586052010,Sync,17364.21,1762586052008,21.0.3.23,false,128,27.47,InvokeFunction,,,LATEST,1-690eedc4-0c49fa-5594c13d14a5,OnDemand,,,1.36,
,C0840D5DBD9C524E4585C0BF295DBB3E-8,1762586069,FCRequestMetrics:/n-matmul-128,298,298,,,15404.40,n-matmul-128,false,25cf34898536,,c-690eeda9-0cf1abd9-9a1c5ad86428,1762586054200,Sync,15413.36,1762586054199,21.0.3.19,false,128,22.50,InvokeFunction,,,LATEST,1-690eedc6-0c49fa-dca8b01650e8,OnDemand,,,0.95,
,ACC61EAFD65443D198A5177BAD7DDF02-D,1762586069,FCRequestMetrics:/n-matmul-128,286,286,,,15905.78,n-matmul-128,false,3174e9129044,,c-690eed96-0cf1abd9-645e4a0c60a8,1762586053814,Sync,15907.81,1762586053813,21.0.3.25,false,128,29.61,InvokeFunction,,,LATEST,1-690eedc5-0c49fa-1d644faa77b9,OnDemand,,,1.18,
,545DE9BD42C98B996C6808C99D114C47-7,1762586069,FCRequestMetrics:/n-matmul-128,296,296,,,18482.24,n-matmul-128,false,0a0aaa3564b0,,c-690eeda5-0cf1abd9-c9445681ee20,1762586051397,Sync,18484.33,1762586051395,21.0.3.22,false,128,27.89,InvokeFunction,,,LATEST,1-690eedc3-0c49fa-5dff49686933,OnDemand,,,1.02,
,5631503C851C331FBCC55A7B595279F5-11,1762586069,FCRequestMetrics:/n-matmul-128,296,296,,,0.04,n-matmul-128,true,dd31d4d13109,,c-690eed96-0cf1abd9-3b123f53c475,1762586067614,Sync,2353.01,1762586067613,21.0.3.12,false,128,7.41,InvokeFunction,,,LATEST,1-690eedd3-0c0a43-c2e06e0a5924,OnDemand,,,0.51,,"{""errorType"":""FunctionAbnormalExitError""}"
,B4A81EAA9A610DB6D6C5F8ED3BF0C5D3-C,1762586069,FCRequestMetrics:/n-matmul-128,286,286,,,16110.11,n-matmul-128,false,5618ff7e0c38,,c-690eed96-0cf1abd9-fe06c54f6777,1762586053814,Sync,16112.18,1762586053813,21.0.3.20,false,128,21.79,InvokeFunction,,,LATEST,1-690eedc5-0c49fa-446ba9d38908,OnDemand,,,0.92,
,5C14CF48C5C22527111DB496942DC103-10,1762586070,FCRequestMetrics:/n-matmul-128,297,297,,,18294.94,n-matmul-128,false,07dabc2bb605,,c-690eed84-0cf1abd9-5a2627b82825,1762586051886,Sync,18553.65,1762586051628,21.0.3.15,false,128,23.81,InvokeFunction,,,LATEST,1-690eedc3-0c49fa-ecd574284a51,OnDemand,,,257.60,
,E25E5AC81214735572C3101D35F1B078-F,1762586070,FCRequestMetrics:/n-matmul-128,283,283,,,16568.72,n-matmul-128,false,23a95b7b22dd,,c-690eed8d-0cf1abd9-05804b5e6825,1762586053587,Sync,16582.77,1762586053586,21.0.3.17,false,128,32.88,InvokeFunction,,,LATEST,1-690eedc5-0c0a43-e68e0096d48c,OnDemand,,,0.55,
,B7D4D1DD2FC40780773A1A71845C5151-11,1762586070,FCRequestMetrics:/n-matmul-128,298,298,,,19377.08,n-matmul-128,false,767418f36457,,c-690eed84-0cf1abd9-5d4c970df804,1762586050837,Sync,19623.89,1762586050593,21.0.3.14,false,128,29.12,InvokeFunction,,,LATEST,1-690eedc2-0c0a43-10e95faf008c,OnDemand,,,243.97,
,92B3129F074210C7D1784E258F56EC8E-F,1762586070,FCRequestMetrics:/n-matmul-128,299,299,,,19251.40,n-matmul-128,false,54fdf7469d4b,,c-690eed8d-0cf1abd9-e3d670f7e404,1762586051034,Sync,19253.56,1762586051033,21.0.3.16,false,128,34.27,InvokeFunction,,,LATEST,1-690eedc3-0c49fa-859f9eb70387,OnDemand,,,1.33,
,FBD8C56E27722E3A762AD34A166289FF-E,1762586070,FCRequestMetrics:/n-matmul-128,290,290,,,13983.07,n-matmul-128,false,b0aff5fb1ab1,,c-690eed96-0cf1abd9-13352bc917ad,1762586056623,Sync,13984.87,1762586056623,21.0.3.8,false,128,85.44,InvokeFunction,,,LATEST,1-690eedc8-0c0a43-c95f7d2a864c,OnDemand,,,0.58,
,40D0187C79EB93AE6164DB021EB45BA3-F,1762586070,FCRequestMetrics:/n-matmul-128,283,283,,,17127.55,n-matmul-128,false,c2355a18488a,,c-690eed8d-0cf1abd9-4bc4ed912672,1762586053305,Sync,17129.68,1762586053304,21.0.3.19,false,128,27.71,InvokeFunction,,,LATEST,1-690eedc5-0c0a43-6c41f6f771c9,OnDemand,,,0.52,
,4CE5B21E168E3B127D0FE1A088B9BCD9-10,1762586070,FCRequestMetrics:/n-matmul-128,299,299,,,20297.03,n-matmul-128,false,6c05632c40b6,,c-690eed84-0cf1abd9-2ca190cf5bc8,1762586050372,Sync,20300.90,1762586050371,21.0.3.19,false,128,21.63,InvokeFunction,,,LATEST,1-690eedc2-0c0a43-8dc4307ce06c,OnDemand,,,0.53,
,BA5A16F182CE3ABF620021ACFE7D7011-E,1762586070,FCRequestMetrics:/n-matmul-128,295,295,,,13774.48,n-matmul-128,false,bb393646e560,,c-690eed96-0cf1abd9-3dded35d4062,1762586057172,Sync,13777.17,1762586057170,21.0.3.8,false,128,75.45,InvokeFunction,,,LATEST,1-690eedc9-0c49fa-cd01206c7474,OnDemand,,,1.13,
,8BD4AD9E3D09406FDF72A2C557E65602-F,1762586070,FCRequestMetrics:/n-matmul-128,282,282,,,17316.54,n-matmul-128,false,b921ac706f30,,c-690eed8d-0cf1abd9-a5d5bfafa5f0,1762586053417,Sync,17319.59,1762586053416,21.0.3.20,false,128,26.47,InvokeFunction,,,LATEST,1-690eedc5-0c0a43-f0ac0b8f032d,OnDemand,,,0.47,
,35684BB25099CBEDA839F3453B345BB7-F,1762586070,FCRequestMetrics:/n-matmul-128,282,282,,,17444.62,n-matmul-128,false,4704e96ceb34,,c-690eed8d-0cf1abd9-0b031bc7876b,1762586053393,Sync,17455.81,1762586053391,21.0.3.16,false,128,26.93,InvokeFunction,,,LATEST,1-690eedc5-0c0a43-227d90ee4f8f,OnDemand,,,0.48,
,CEE887FB037E821185889FBE8CB6AF77-8,1762586070,FCRequestMetrics:/n-matmul-128,286,286,,,17152.20,n-matmul-128,false,5d96d0e6f353,,c-690eeda9-0cf1abd9-eb584dd06982,1762586053812,Sync,17154.21,1762586053811,21.0.3.18,false,128,27.87,InvokeFunction,,,LATEST,1-690eedc5-0c0a43-0432bb5471a2,OnDemand,,,0.55,
,F4B8340AC50EC3E566ADB0C15725D8CD-8,1762586070,FCRequestMetrics:/n-matmul-128,298,298,,,19775.81,n-matmul-128,false,d01135b2ff24,,c-690eeda5-0cf1abd9-865fb5ea7d12,1762586050497,Sync,19777.33,1762586050496,21.0.3.23,false,128,27.60,InvokeFunction,,,LATEST,1-690eedc2-0c0a43-da64c803a3fd,OnDemand,,,0.50,
,4E6EE341D6B7F4B5F00204E676B0421F-A,1762586070,FCRequestMetrics:/n-matmul-128,282,282,,,16545.66,n-matmul-128,false,511d80c68358,,c-690eed8d-0cf1abd9-efed7d33773f,1762586053461,Sync,16547.15,1762586053460,21.0.3.18,false,128,21.62,InvokeFunction,,,LATEST,1-690eedc5-0c0a43-dfa906ab7148,OnDemand,,,0.55,
,2D78B9AAD7920726510731B3A33EE102-8,1762586070,FCRequestMetrics:/n-matmul-128,296,296,,,19582.92,n-matmul-128,false,09d6302afcc0,,c-690eeda5-0cf1abd9-72fae0c6b355,1762586051340,Sync,19618.25,1762586051338,21.0.3.18,false,128,29.38,InvokeFunction,,,LATEST,1-690eedc3-0c49fa-61a1185d28cf,OnDemand,,,1.69,
,84A28E40EAE4F1B9B438DA8F49770703-8,1762586070,FCRequestMetrics:/n-matmul-128,287,287,,,16693.81,n-matmul-128,false,e5434f6e0cce,,c-690eedaa-0cf1abd9-d51a3cdb5967,1762586053903,Sync,16707.55,1762586053903,21.0.3.23,false,128,28.05,InvokeFunction,,,LATEST,1-690eedc5-0c0a43-ae7a560b87b6,OnDemand,,,0.52,
,8F3A423823DC52F503BC724CE6C60804-8,1762586070,FCRequestMetrics:/n-matmul-128,298,298,,,19316.44,n-matmul-128,false,f5890c8c5a5b,,c-690eeda5-0cf1abd9-697fc0458885,1762586051469,Sync,19318.82,1762586051468,21.0.3.25,false,128,27.28,InvokeFunction,,,LATEST,1-690eedc3-0c49fa-49c9fb7ae4fc,OnDemand,,,1.30,
,8E8ED45746BF551481A42C9EC0C0938D-8,1762586070,FCRequestMetrics:/n-matmul-128,298,298,,,18668.75,n-matmul-128,false,4e78e1f0ba00,,c-690eeda5-0cf1abd9-1766bd825c2f,1762586051522,Sync,18671.50,1762586051521,21.0.3.21,false,128,27.49,InvokeFunction,,,LATEST,1-690eedc3-0c49fa-be32a15fdcc8,OnDemand,,,1.13,
,CFAD3EAED3DA9F0681474476AA4BD35D-8,1762586070,FCRequestMetrics:/n-matmul-128,282,282,,,17334.63,n-matmul-128,false,d7b80d666e2b,,c-690eedaa-0cf1abd9-4d582ed6e2e0,1762586053394,Sync,17335.97,1762586053393,21.0.3.27,false,128,29.32,InvokeFunction,,,LATEST,1-690eedc5-0c0a43-295ee1ed60ea,OnDemand,,,0.47,
,529E5C7FB42ABB8742B7C8F9D897AD63-C,1762586070,FCRequestMetrics:/n-matmul-128,288,288,,,18006.44,n-matmul-128,false,f84b5136dce2,,c-690eed96-0cf1abd9-9ebb1a976fe6,1762586052952,Sync,18571.10,1762586052391,21.0.3.19,false,128,27.58,InvokeFunction,,,LATEST,1-690eedc4-0c49fa-e3654bab70ae,OnDemand,,,560.51,
,35B7CF1288747C19178530C01B71BAC3-C,1762586070,FCRequestMetrics:/n-matmul-128,299,299,,,18040.84,n-matmul-128,false,cf2bb21028d5,,c-690eed96-0cf1abd9-ca59a9a46279,1762586052508,Sync,18053.08,1762586052506,21.0.3.23,false,128,23.98,InvokeFunction,,,LATEST,1-690eedc4-0c49fa-4b22abee0054,OnDemand,,,1.13,
,EBC26A7000C29ACFC3147F56410DAFC8-B,1762586070,FCRequestMetrics:/n-matmul-128,288,288,,,17887.32,n-matmul-128,false,ec97bbe6dd57,,c-690eed96-0cf1abd9-da0cdb0222d5,1762586052947,Sync,17889.58,1762586052945,21.0.3.26,false,128,27.58,InvokeFunction,,,LATEST,1-690eedc4-0c49fa-70272f64ee4b,OnDemand,,,1.13,
,B79079C424E0F07A8A390B193B002836-B,1762586070,FCRequestMetrics:/n-matmul-128,283,283,,,17596.30,n-matmul-128,false,692d15f70bf3,,c-690eed96-0cf1abd9-d94777f4e8e6,1762586053212,Sync,17603.49,1762586053210,21.0.3.24,false,128,29.49,InvokeFunction,,,LATEST,1-690eedc5-0c49fa-cd8b8bf261b4,OnDemand,,,1.27,
,DD2BC95C544ACAEDCAD224B59098EF74-11,1762586070,FCRequestMetrics:/n-matmul-128,289,289,,,0.03,n-matmul-128,true,845e91b6cf6b,,c-690eed8d-0cf1abd9-2a8cc4f964bf,1762586066565,Sync,4000.89,1762586066564,21.0.3.20,false,128,4.07,InvokeFunction,,,LATEST,1-690eedd2-0c0a43-c339fe2f7ba1,OnDemand,,,0.57,,"{""errorType"":""FunctionAbnormalExitError""}"
,F1380D3BB03512FD19661F5DE4097BAA-10,1762586070,FCRequestMetrics:/n-matmul-128,288,288,,,0.04,n-matmul-128,true,5c25a51ee6b0,,c-690eed8d-0cf1abd9-90163845d713,1762586066687,Sync,4135.12,1762586066656,21.0.3.19,false,128,4.33,InvokeFunction,,,LATEST,1-690eedd2-0c49fa-854449e61118,OnDemand,,,1.11,,"{""errorType"":""FunctionAbnormalExitError""}"
,849194F1147E7DC7497DCF82D54F9C08-12,1762586070,FCRequestMetrics:/n-matmul-128,295,295,,,0.04,n-matmul-128,true,f70324bffef3,,c-690eed84-0cf1abd9-74ad9309d09c,1762586067851,Sync,3124.27,1762586067851,21.0.3.11,false,128,2.07,InvokeFunction,,,LATEST,1-690eedd3-0c0a43-060494a07154,OnDemand,,,0.48,,"{""errorType"":""FunctionAbnormalExitError""}"
,E5B69284F91EC2DF605FC852F4441DE1-C,1762586071,FCRequestMetrics:/n-matmul-128,294,294,,,17398.11,n-matmul-128,false,a79ff7c252e4,,c-690eed96-0cf1abd9-ce2a7ce29ce5,1762586054031,Sync,17403.01,1762586054030,21.0.3.15,false,128,23.52,InvokeFunction,,,LATEST,1-690eedc6-0c0a43-44c6bf0decc1,OnDemand,,,0.47,
,601984C4C767B3AE29155A0CBC717A02-10,1762586071,FCRequestMetrics:/n-matmul-128,299,299,,,20510.69,n-matmul-128,false,18fcdff65652,,c-690eed84-0cf1abd9-c1ce786e1019,1762586050725,Sync,20513.91,1762586050723,21.0.3.16,false,128,28.62,InvokeFunction,,,LATEST,1-690eedc2-0c49fa-0bab1fb1b0be,OnDemand,,,1.17,
,C1412826A6236A7731C90A92F9B4B0CE-10,1762586071,FCRequestMetrics:/n-matmul-128,298,298,,,20203.86,n-matmul-128,false,44ace84c5429,,c-690eed83-0cf1abd9-ef3a29fe5f2e,1762586051136,Sync,20205.98,1762586051135,21.0.3.22,false,128,32.70,InvokeFunction,,,LATEST,1-690eedc3-0c0a43-9d57d5fea0b6,OnDemand,,,0.60,
,C89BB40F9F2CADB4731EC7F783EB66CB-10,1762586071,FCRequestMetrics:/n-matmul-128,298,298,,,20580.09,n-matmul-128,false,bdcfaeabdc01,,c-690eed83-0cf1abd9-c120bfdd5d8b,1762586050564,Sync,20636.92,1762586050508,21.0.3.16,false,128,26.83,InvokeFunction,,,LATEST,1-690eedc2-0c0a43-602be650ead2,OnDemand,,,0.54,
,04AD457B2A4E5603A91424FD74D7D0F7-11,1762586071,FCRequestMetrics:/n-matmul-128,298,298,,,19993.46,n-matmul-128,false,c0065d925c86,,c-690eed83-0cf1abd9-e451cdc04672,1762586051124,Sync,19997.41,1762586051122,21.0.3.14,false,128,28.57,InvokeFunction,,,LATEST,1-690eedc3-0c49fa-cfe73e99f0df,OnDemand,,,1.37,
,6A8383338392512084A14C3EC7DB7CCC-F,1762586071,FCRequestMetrics:/n-matmul-128,287,287,,,17230.71,n-matmul-128,false,d95f8edd3264,,c-690eed8d-0cf1abd9-54a1d269f410,1762586053872,Sync,17237.40,1762586053871,21.0.3.15,false,128,26.59,InvokeFunction,,,LATEST,1-690eedc5-0c0a43-7fa5f51ea166,OnDemand,,,0.52,
,7C3C6C39706B9E9A5E45EA0795F361E3-10,1762586071,FCRequestMetrics:/n-matmul-128,294,294,,,17116.61,n-matmul-128,false,daf840027305,,c-690eed8d-0cf1abd9-998f2d849ede,1762586053952,Sync,17119.56,1762586053951,21.0.3.14,false,128,24.08,InvokeFunction,,,LATEST,1-690eedc5-0c0a43-b277c37b6d90,OnDemand,,,0.53,
,1715E5CEAB8367704C4CBAEA4FB2B3A5-10,1762586071,FCRequestMetrics:/n-matmul-128,297,297,,,19633.14,n-matmul-128,false,d9e930eac608,,c-690eed83-0cf1abd9-acea5d3aee77,1762586051868,Sync,19639.54,1762586051867,21.0.3.24,false,128,26.88,InvokeFunction,,,LATEST,1-690eedc3-0c0a43-4ab95dede6f3,OnDemand,,,0.54,
,7FCCE5A256910B58B56BBA3543AFB14E-10,1762586071,FCRequestMetrics:/n-matmul-128,298,298,,,19483.49,n-matmul-128,false,c5e4309ab4db,,c-690eed84-0cf1abd9-b684d4f05063,1762586052372,Sync,19484.81,1762586052371,21.0.3.17,false,128,26.39,InvokeFunction,,,LATEST,1-690eedc4-0c0a43-698d5de21026,OnDemand,,,0.52,
,13CEFE53DDF944F177E0AA28B5E28265-10,1762586071,FCRequestMetrics:/n-matmul-128,299,299,,,19672.26,n-matmul-128,false,feed6d3496d7,,c-690eed84-0cf1abd9-08aca33fd588,1762586052186,Sync,19676.63,1762586052186,21.0.3.20,false,128,21.96,InvokeFunction,,,LATEST,1-690eedc4-0c0a43-3bc83a9c7f62,OnDemand,,,0.65,
,F61B1071476942D4F7B55629DD659612-C,1762586071,FCRequestMetrics:/n-matmul-128,282,282,,,17583.44,n-matmul-128,false,b611341e3558,,c-690eed96-0cf1abd9-fa1cd72521fa,1762586053485,Sync,17587.13,1762586053483,21.0.3.17,false,128,25.55,InvokeFunction,,,LATEST,1-690eedc5-0c49fa-57112f33aa82,OnDemand,,,0.92,
,946B81964C060862F0648B190BC052AB-10,1762586071,FCRequestMetrics:/n-matmul-128,299,299,,,19220.92,n-matmul-128,false,34c40a6c9520,,c-690eed89-0cf1abd9-1687528dc8c2,1762586052460,Sync,19223.25,1762586052458,21.0.3.18,false,128,21.68,InvokeFunction,,,LATEST,1-690eedc4-0c49fa-03651ec18398,OnDemand,,,1.35,
,623C01CD3A5A8B2E0F24E293BCB1A9E6-C,1762586071,FCRequestMetrics:/n-matmul-128,287,287,,,17249.96,n-matmul-128,false,28d5a40b4b5c,,c-690eed96-0cf1abd9-9c58647ab8e4,1762586053872,Sync,17251.99,1762586053871,21.0.3.21,false,128,24.71,InvokeFunction,,,LATEST,1-690eedc5-0c0a43-ddf26a0d287b,OnDemand,,,0.53,
,7F22DE67CC56E5CE60C18065760DFDF7-C,1762586071,FCRequestMetrics:/n-matmul-128,287,287,,,17392.88,n-matmul-128,false,6aafb671ccf7,,c-690eed96-0cf1abd9-e828e73f8bb0,1762586053855,Sync,17395.22,1762586053854,21.0.3.20,false,128,22.68,InvokeFunction,,,LATEST,1-690eedc5-0c49fa-6262b44ce605,OnDemand,,,1.17,
,803897D30563305B6DBC05E884EC8EC2-C,1762586071,FCRequestMetrics:/n-matmul-128,283,283,,,17913.73,n-matmul-128,false,2a6f3444e7b4,,c-690eed96-0cf1abd9-1ae336fb64b1,1762586053315,Sync,17922.72,1762586053314,21.0.3.18,false,128,21.77,InvokeFunction,,,LATEST,1-690eedc5-0c0a43-c715a8fa3317,OnDemand,,,0.49,
,3B9C179DFD02BB282B27F2619A4251CD-8,1762586071,FCRequestMetrics:/n-matmul-128,282,282,,,17605.53,n-matmul-128,false,6eb553e5eaff,,c-690eedaa-0cf1abd9-7c5cd4bbc1a0,1762586053403,Sync,17607.36,1762586053402,21.0.3.26,false,128,27.89,InvokeFunction,,,LATEST,1-690eedc5-0c0a43-9e162b74c8d5,OnDemand,,,0.51,
,32F6748B54E7C116ECBA713D52BB001A-C,1762586071,FCRequestMetrics:/n-matmul-128,298,298,,,17366.23,n-matmul-128,false,0d6fef3003c2,,c-690eed96-0cf1abd9-86fc813866d5,1762586054588,Sync,17634.36,1762586054330,21.0.3.21,false,128,21.99,InvokeFunction,,,LATEST,1-690eedc6-0c49fa-45d06b3a874a,OnDemand,,,257.12,
,2F8E8E9909DF7E4E4F6C84108E3E6391-C,1762586071,FCRequestMetrics:/n-matmul-128,282,282,,,17595.88,n-matmul-128,false,cec312802329,,c-690eed96-0cf1abd9-acd053f7b558,1762586053446,Sync,17600.40,1762586053442,21.0.3.25,false,128,22.29,InvokeFunction,,,LATEST,1-690eedc5-0c49fa-05d9055cba85,OnDemand,,,3.52,
,BBD7AB4B6FCD8B52DAEF4384D3C02406-B,1762586071,FCRequestMetrics:/n-matmul-128,282,282,,,18009.73,n-matmul-128,false,4098b7dc32ba,,c-690eed96-0cf1abd9-f0166f4fef4a,1762586053380,Sync,18011.52,1762586053379,21.0.3.27,false,128,27.67,InvokeFunction,,,LATEST,1-690eedc5-0c0a43-88ce2448ead4,OnDemand,,,0.50,
,4145F5C147116C613F389F1FA1269B40-C,1762586071,FCRequestMetrics:/n-matmul-128,294,294,,,17767.32,n-matmul-128,false,a47c00754ae4,,c-690eed96-0cf1abd9-7ad5956d5a94,1762586053968,Sync,17768.47,1762586053967,21.0.3.18,false,128,27.63,InvokeFunction,,,LATEST,1-690eedc5-0c0a43-31cb99ed6372,OnDemand,,,0.48,
,9DB0B32669D9079C1BDD2E72F986F3FE-C,1762586071,FCRequestMetrics:/n-matmul-128,298,298,,,17530.33,n-matmul-128,false,dbf02729ce57,,c-690eed96-0cf1abd9-9cbaae6ba90d,1762586054195,Sync,17531.80,1762586054194,21.0.3.24,false,128,29.58,InvokeFunction,,,LATEST,1-690eedc6-0c0a43-4243d4d74b20,OnDemand,,,0.45,
,1A862A83A1BC2442878624F07715F018-D,1762586071,FCRequestMetrics:/n-matmul-128,287,287,,,17836.61,n-matmul-128,false,efc22426a1fd,,c-690eed96-0cf1abd9-cf74302865f9,1762586053926,Sync,17839.46,1762586053924,21.0.3.19,false,128,29.57,InvokeFunction,,,LATEST,1-690eedc5-0c49fa-395a0fc763d0,OnDemand,,,1.38,
,2B4625DA72F11748201D56C345F761CD-B,1762586071,FCRequestMetrics:/n-matmul-128,283,283,,,17974.68,n-matmul-128,false,83516cd0eb74,,c-690eed96-0cf1abd9-a41f892cdd8e,1762586053212,Sync,17979.08,1762586053210,21.0.3.26,false,128,27.47,InvokeFunction,,,LATEST,1-690eedc5-0c49fa-228ceb380438,OnDemand,,,1.48,
,283F17FB9C9798583A913C144D41C342-12,1762586071,FCRequestMetrics:/n-matmul-128,297,297,,,0.03,n-matmul-128,true,4703378e3174,,c-690eed86-0cf1abd9-4e796d80ba23,1762586067461,Sync,3545.79,1762586067459,21.0.3.9,false,128,2.21,InvokeFunction,,,LATEST,1-690eedd3-0c49fa-7d13ed4c5038,OnDemand,,,1.40,,"{""errorType"":""FunctionAbnormalExitError""}"
,F658B3CD8413B0D988AE185DF0BE18DD-10,1762586071,FCRequestMetrics:/n-matmul-128,293,293,,,0.04,n-matmul-128,true,959cca596465,,c-690eed8d-0cf1abd9-0ed53fa70580,1762586068131,Sync,2972.25,1762586068130,21.0.3.23,false,128,2.06,InvokeFunction,,,LATEST,1-690eedd4-0c0a43-2350716ec609,OnDemand,,,0.64,,"{""errorType"":""FunctionAbnormalExitError""}"
,6C640CB721ED8B0BF85E5FE5C8E7D61E-11,1762586071,FCRequestMetrics:/n-matmul-128,296,296,,,0.04,n-matmul-128,true,2f5080738346,,c-690eed8d-0cf1abd9-670e404d2849,1762586067355,Sync,3831.25,1762586067354,21.0.3.9,false,128,4.18,InvokeFunction,,,LATEST,1-690eedd3-0c0a43-29a1ba68239c,OnDemand,,,0.47,,"{""errorType"":""FunctionAbnormalExitError""}"
,101ABB01305ADAA1C15616E72BBCE7FA-11,1762586071,FCRequestMetrics:/n-matmul-128,293,293,,,0.03,n-matmul-128,true,985167d20b2a,,c-690eed8d-0cf1abd9-0876abaa060f,1762586067184,Sync,3834.51,1762586067183,21.0.3.15,false,128,2.19,InvokeFunction,,,LATEST,1-690eedd3-0c0a43-0bcff0b8617d,OnDemand,,,0.47,,"{""errorType"":""FunctionAbnormalExitError""}"
,3DBC61790B9142DDBEDCD6134BB09E3F-12,1762586071,FCRequestMetrics:/n-matmul-128,290,290,,,0.10,n-matmul-128,true,a28f13fec6d7,,c-690eed84-0cf1abd9-47616b0fcd20,1762586068446,Sync,3226.60,1762586068445,21.0.3.12,false,128,4.11,InvokeFunction,,,LATEST,1-690eedd4-0c0a43-d0eae2da37bb,OnDemand,,,0.50,,"{""errorType"":""FunctionAbnormalExitError""}"
,BC7D406DCB03E5F0740A7972675CF2F0-11,1762586071,FCRequestMetrics:/n-matmul-128,295,295,,,0.03,n-matmul-128,true,fec3919de42b,,c-690eed86-0cf1abd9-a3cf507306a7,1762586067700,Sync,3843.41,1762586067699,21.0.3.13,false,128,2.13,InvokeFunction,,,LATEST,1-690eedd3-0c49fa-9a8a8d5c0d5e,OnDemand,,,1.22,,"{""errorType"":""FunctionAbnormalExitError""}"
,DAE6BAF353C38FA45B5DF9AF0F86D659-12,1762586071,FCRequestMetrics:/n-matmul-128,291,291,,,0.03,n-matmul-128,true,19a08086dcd9,,c-690eed83-0cf1abd9-9b3fcb822613,1762586068654,Sync,3057.82,1762586068653,21.0.3.13,false,128,2.18,InvokeFunction,,,LATEST,1-690eedd4-0c0a43-eb58ee4cf889,OnDemand,,,0.56,,"{""errorType"":""FunctionAbnormalExitError""}"
,C6012E9AF904BFC7F82B587139A7052F-10,1762586071,FCRequestMetrics:/n-matmul-128,295,295,,,0.04,n-matmul-128,true,08ad0ef23948,,c-690eed96-0cf1abd9-776d52a791a0,1762586069164,Sync,2138.64,1762586069162,21.0.3.9,false,128,2.22,InvokeFunction,,,LATEST,1-690eedd5-0c49fa-e09895b504d6,OnDemand,,,1.16,,"{""errorType"":""FunctionAbnormalExitError""}"
,3C976305C481D3458F52892B2010ED59-11,1762586071,FCRequestMetrics:/n-matmul-128,292,292,,,0.02,n-matmul-128,true,2413d1c7f8a6,,c-690eed8d-0cf1abd9-366b26390b4b,1762586068615,Sync,3170.86,1762586068614,21.0.3.14,false,128,2.11,InvokeFunction,,,LATEST,1-690eedd4-0c49fa-0b4e01a0f0f6,OnDemand,,,0.92,,"{""errorType"":""FunctionAbnormalExitError""}"
,83CAB58307325447A4DEA26702BA5E90-B,1762586072,FCRequestMetrics:/n-matmul-128,294,294,,,18273.13,n-matmul-128,false,03045a14e1ff,,c-690eed96-0cf1abd9-278610150dd5,1762586053949,Sync,18276.18,1762586053948,21.0.3.16,false,128,22.00,InvokeFunction,,,LATEST,1-690eedc5-0c49fa-297ccb31c167,OnDemand,,,1.10,
,3641BD03B2EDD337A1E5E07D16D4DE1D-F,1762586072,FCRequestMetrics:/n-matmul-128,287,287,,,18261.01,n-matmul-128,false,74c2be7ed7bc,,c-690eed8d-0cf1abd9-611a2133a545,1762586053879,Sync,18265.59,1762586053878,21.0.3.12,false,128,21.76,InvokeFunction,,,LATEST,1-690eedc5-0c49fa-012f015e02fc,OnDemand,,,1.36,
,4AAB0B06936D72C3AF0ED63C41634FCE-10,1762586072,FCRequestMetrics:/n-matmul-128,299,299,,,19738.68,n-matmul-128,false,d7d879e92610,,c-690eed89-0cf1abd9-cbae37f356f4,1762586052440,Sync,19740.15,1762586052440,21.0.3.17,false,128,27.06,InvokeFunction,,,LATEST,1-690eedc4-0c0a43-f69855e913be,OnDemand,,,0.50,
,46452AD4646881BB08C6B59B48AEDFBA-10,1762586072,FCRequestMetrics:/n-matmul-128,299,299,,,17319.92,n-matmul-128,false,db5d7adaa422,,c-690eed8d-0cf1abd9-7d73f845b0a5,1762586054677,Sync,17944.65,1762586054056,21.0.3.25,false,128,29.57,InvokeFunction,,,LATEST,1-690eedc6-0c0a43-341fecab0f06,OnDemand,,,620.93,
,13012196C53F5375DA6D7E0B0AED40BD-E,1762586072,FCRequestMetrics:/n-matmul-128,294,294,,,15050.83,n-matmul-128,false,ced19e0e4fae,,c-690eed96-0cf1abd9-26d3f0e782b3,1762586057115,Sync,15052.17,1762586057114,21.0.3.11,false,128,34.10,InvokeFunction,,,LATEST,1-690eedc9-0c0a43-2c3e09e98592,OnDemand,,,0.48,
,3E533AA8FAF2B84350E8C259DEC8E798-E,1762586072,FCRequestMetrics:/n-matmul-128,293,293,,,15250.04,n-matmul-128,false,04c7bf8df02f,,c-690eed96-0cf1abd9-474755af5c04,1762586057031,Sync,15251.66,1762586057031,21.0.3.10,false,128,32.57,InvokeFunction,,,LATEST,1-690eedc9-0c0a43-9612e359579e,OnDemand,,,0.53,
,B521370D3A6E26470A494F1D2AAFFA3F-C,1762586072,FCRequestMetrics:/n-matmul-128,298,298,,,19723.76,n-matmul-128,false,602c844bf99d,,c-690eed96-0cf1abd9-1fcc961447a6,1762586052375,Sync,19726.72,1762586052374,21.0.3.22,false,128,29.69,InvokeFunction,,,LATEST,1-690eedc4-0c49fa-b91d61e4206f,OnDemand,,,1.14,
,FE62E48614DA949DAF3789D4806A512D-11,1762586072,FCRequestMetrics:/n-matmul-128,282,282,,,18956.86,n-matmul-128,false,4823d83c18dc,,c-690eed89-0cf1abd9-5b9582f39990,1762586053413,Sync,18958.24,1762586053412,21.0.3.21,false,128,22.00,InvokeFunction,,,LATEST,1-690eedc5-0c0a43-631f5e24ff56,OnDemand,,,0.50,
,471A481607C500A90EF8B2AC1EAC6971-7,1762586072,FCRequestMetrics:/n-matmul-128,298,298,,,17495.21,n-matmul-128,false,a2663941b4ef,,c-690eeda9-0cf1abd9-11dd72d57456,1762586054975,Sync,17502.91,1762586054974,21.0.3.22,false,128,27.47,InvokeFunction,,,LATEST,1-690eedc6-0c0a43-297ce963b9f6,OnDemand,,,0.54,
,DB24A72FC77702D7D653E666A3F5E890-10,1762586072,FCRequestMetrics:/n-matmul-128,297,297,,,20687.36,n-matmul-128,false,b1264e2772ef,,c-690eed83-0cf1abd9-7df724ab21a7,1762586051764,Sync,20689.68,1762586051762,21.0.3.17,false,128,24.09,InvokeFunction,,,LATEST,1-690eedc3-0c49fa-8611d13da3a3,OnDemand,,,1.45,
,0DE5178D46C5303D6977161F8DE7542A-10,1762586072,FCRequestMetrics:/n-matmul-128,298,298,,,20278.15,n-matmul-128,false,38bd945bd6ee,,c-690eed84-0cf1abd9-eaac368eb58c,1762586052065,Sync,20279.70,1762586052064,21.0.3.27,false,128,32.17,InvokeFunction,,,LATEST,1-690eedc4-0c0a43-984c73918130,OnDemand,,,0.52,
,4DF5713F052ED08D8FF3A9FDE56D7F83-10,1762586072,FCRequestMetrics:/n-matmul-128,299,299,,,20053.11,n-matmul-128,false,be9fec8342f8,,c-690eed83-0cf1abd9-b75a5db2845a,1762586052470,Sync,20087.90,1762586052469,21.0.3.21,false,128,29.09,InvokeFunction,,,LATEST,1-690eedc4-0c49fa-35cdc5de1aa8,OnDemand,,,1.00,
,D75FE03AF20DB179FE80EEBFA34D421E-B,1762586072,FCRequestMetrics:/n-matmul-128,283,283,,,19199.95,n-matmul-128,false,6e7425ff0dbc,,c-690eed96-0cf1abd9-51b4fedde737,1762586053310,Sync,19207.39,1762586053309,21.0.3.27,false,128,29.32,InvokeFunction,,,LATEST,1-690eedc5-0c0a43-8a8c5305a430,OnDemand,,,0.53,
,BE75DB22015500E11A374D96AAD193DE-11,1762586072,FCRequestMetrics:/n-matmul-128,299,299,,,0.03,n-matmul-128,true,14ce103419c8,,c-690eed8d-0cf1abd9-d2956975d9ee,1762586069414,Sync,2784.14,1762586069413,21.0.3.24,false,128,6.21,InvokeFunction,,,LATEST,1-690eedd5-0c0a43-7e803c446f47,OnDemand,,,0.53,,"{""errorType"":""FunctionAbnormalExitError""}"
,58100D8F3876904D781824C152698572-12,1762586072,FCRequestMetrics:/n-matmul-128,293,293,,,0.03,n-matmul-128,true,59ce8020a236,,c-690eed84-0cf1abd9-0fe3463f746c,1762586068933,Sync,4059.05,1762586068932,21.0.3.23,false,128,2.09,InvokeFunction,,,LATEST,1-690eedd4-0c0a43-b8b2825c64bd,OnDemand,,,0.51,,"{""errorType"":""FunctionAbnormalExitError""}"
,CACC3D6F9C6A2945DEADA5EDA3A09538-12,1762586072,FCRequestMetrics:/n-matmul-128,294,294,,,0.05,n-matmul-128,true,d4758414a170,,c-690eed83-0cf1abd9-8480035f250f,1762586069097,Sync,3371.41,1762586069095,21.0.3.12,false,128,4.20,InvokeFunction,,,LATEST,1-690eedd5-0c49fa-53af78225373,OnDemand,,,1.25,,"{""errorType"":""FunctionAbnormalExitError""}"
,7EE08DA56FC077A8FBD356D2C6053F3C-12,1762586072,FCRequestMetrics:/n-matmul-128,291,291,,,0.03,n-matmul-128,true,88bd901e69d9,,c-690eed86-0cf1abd9-2ed67a1a0815,1762586068292,Sync,3757.97,1762586068291,21.0.3.11,false,128,4.17,InvokeFunction,,,LATEST,1-690eedd4-0c49fa-ebc9d019787b,OnDemand,,,0.96,,"{""errorType"":""FunctionAbnormalExitError""}"
,83A82314888ED1CF5E7B61964546AF33-8,1762586072,FCRequestMetrics:/n-matmul-128,285,285,,,19153.85,n-matmul-128,false,462f44a2c82a,,c-690eedad-0cf1abd9-7f3a36248a21,1762586053687,Sync,19155.61,1762586053686,21.0.3.10,false,128,22.22,InvokeFunction,,,LATEST,1-690eedc5-0c0a43-0fed34324f1c,OnDemand,,,0.53,
,B09D02D2736E63D8D189EBC1852D5FE0-12,1762586072,FCRequestMetrics:/n-matmul-128,291,291,,,0.03,n-matmul-128,true,d93ff50fc499,,c-690eed86-0cf1abd9-16756c022540,1762586068675,Sync,3497.02,1762586068674,21.0.3.14,false,128,2.11,InvokeFunction,,,LATEST,1-690eedd4-0c0a43-224901f94202,OnDemand,,,0.55,,"{""errorType"":""FunctionAbnormalExitError""}"
,E94FAD7DFC0D7C430A1E1579F49C2CB6-12,1762586072,FCRequestMetrics:/n-matmul-128,291,291,,,0.03,n-matmul-128,true,357862df7f73,,c-690eed86-0cf1abd9-f59485cce75a,1762586068322,Sync,3888.49,1762586068321,21.0.3.12,false,128,4.04,InvokeFunction,,,LATEST,1-690eedd4-0c49fa-485d94289010,OnDemand,,,1.23,,"{""errorType"":""FunctionAbnormalExitError""}"
,FD3DA8D46D8EFE79129F6DB831E2D004-11,1762586072,FCRequestMetrics:/n-matmul-128,293,293,,,0.03,n-matmul-128,true,c5d7c67d012d,,c-690eed87-0cf1abd9-168efb1ce039,1762586068854,Sync,3993.21,1762586068852,21.0.3.16,false,128,2.20,InvokeFunction,,,LATEST,1-690eedd4-0c49fa-8504d962a399,OnDemand,,,0.95,,"{""errorType"":""FunctionAbnormalExitError""}"
,92B3129F074210C7D1784E258F56EC8E-10,1762586072,FCRequestMetrics:/n-matmul-128,299,299,,,0.03,n-matmul-128,true,54fdf7469d4b,,c-690eed8d-0cf1abd9-e3d670f7e404,1762586070315,Sync,2283.38,1762586070314,21.0.3.16,false,128,4.26,InvokeFunction,,,LATEST,1-690eedd6-0c0a43-57c5092660c1,OnDemand,,,0.49,,"{""errorType"":""FunctionAbnormalExitError""}"
,2E3A4B31C228B399B3B7DC20B5D681E8-9,1762586072,FCRequestMetrics:/n-matmul-128,282,282,,,19003.85,n-matmul-128,false,94116257bc76,,c-690eeda8-0cf1abd9-6efacfe9f712,1762586053293,Sync,19009.72,1762586053292,21.0.3.21,false,128,27.55,InvokeFunction,,,LATEST,1-690eedc5-0c49fa-26f56b3e321a,OnDemand,,,1.33,
,FBD8C56E27722E3A762AD34A166289FF-10,1762586072,FCRequestMetrics:/n-matmul-128,296,296,,,0.03,n-matmul-128,true,b0aff5fb1ab1,,c-690eed96-0cf1abd9-13352bc917ad,1762586070652,Sync,2238.77,1762586070651,21.0.3.8,false,128,60.10,InvokeFunction,,,LATEST,1-690eedd6-0c0a43-b560b1f9f172,OnDemand,,,0.51,,"{""errorType"":""FunctionAbnormalExitError""}"
,0BC7559A97094DA3F46167601878453D-8,1762586072,FCRequestMetrics:/n-matmul-128,298,298,,,18866.39,n-matmul-128,false,75f4143da4af,,c-690eeda8-0cf1abd9-4970429639af,1762586054040,Sync,18868.54,1762586054039,21.0.3.19,false,128,27.86,InvokeFunction,,,LATEST,1-690eedc6-0c49fa-0243b7c0700e,OnDemand,,,1.13,
,578636031DA9F9E4C1AEAEE036A2ED78-9,1762586072,FCRequestMetrics:/n-matmul-128,298,298,,,18779.13,n-matmul-128,false,d4e7bb540e9b,,c-690eeda9-0cf1abd9-cc7b57654f75,1762586054006,Sync,18783.54,1762586054005,21.0.3.27,false,128,27.45,InvokeFunction,,,LATEST,1-690eedc6-0c49fa-4a0fc1785202,OnDemand,,,1.15,
,4E5B7CA35C1B228A64EA99D604E227AD-7,1762586073,FCRequestMetrics:/n-matmul-128,299,299,,,17742.24,n-matmul-128,false,a89245db7d99,,c-690eeda9-0cf1abd9-cae77ec22e72,1762586055375,Sync,17751.86,1762586055374,21.0.3.20,false,128,22.84,InvokeFunction,,,LATEST,1-690eedc7-0c0a43-ca96e8922836,OnDemand,,,0.51,
,72B0763C812343F54C4768A450A14952-F,1762586073,FCRequestMetrics:/n-matmul-128,298,298,,,18309.83,n-matmul-128,false,cf26af28e3d5,,c-690eed8d-0cf1abd9-53316fbc9c29,1762586054752,Sync,18943.16,1762586054120,21.0.3.21,false,128,27.57,InvokeFunction,,,LATEST,1-690eedc6-0c49fa-2f8b7c96d90e,OnDemand,,,631.89,
,DC13127C12C05FE53A3C463F46560AE2-10,1762586073,FCRequestMetrics:/n-matmul-128,299,299,,,21627.87,n-matmul-128,false,23c185050e4f,,c-690eed83-0cf1abd9-42d2bc137d48,1762586052012,Sync,21630.02,1762586052010,21.0.3.15,false,128,26.79,InvokeFunction,,,LATEST,1-690eedc4-0c49fa-9baa4a457919,OnDemand,,,1.18,
,AD2D061C819899739344C7154478FB9D-F,1762586073,FCRequestMetrics:/n-matmul-128,282,282,,,19857.71,n-matmul-128,false,3e0e6ec3c35c,,c-690eed89-0cf1abd9-2892cad8d6af,1762586053415,Sync,19862.24,1762586053414,21.0.3.19,false,128,26.79,InvokeFunction,,,LATEST,1-690eedc5-0c49fa-e328f2439548,OnDemand,,,1.16,
,06C1AECF0F54657A09035580DC6D0DB0-E,1762586073,FCRequestMetrics:/n-matmul-128,294,294,,,19560.24,n-matmul-128,false,d73180f2ad0e,,c-690eed8d-0cf1abd9-22bbe3b454d8,1762586054022,Sync,19561.73,1762586054021,21.0.3.22,false,128,21.86,InvokeFunction,,,LATEST,1-690eedc6-0c0a43-c51ce9be7ee8,OnDemand,,,0.44,
,C3D70BE59EDDE2E3BAD7D26871BEFCC2-F,1762586073,FCRequestMetrics:/n-matmul-128,296,296,,,19220.26,n-matmul-128,false,5c7d778afaae,,c-690eed8d-0cf1abd9-f42778f29da4,1762586054393,Sync,19363.81,1762586054252,21.0.3.17,false,128,29.05,InvokeFunction,,,LATEST,1-690eedc6-0c49fa-5f1da7efacff,OnDemand,,,141.10,
,F4DFF4453A1625B22DE49E6316B744E7-10,1762586073,FCRequestMetrics:/n-matmul-128,287,287,,,19818.93,n-matmul-128,false,5ccd9a18e737,,c-690eed84-0cf1abd9-b1659118d275,1762586053915,Sync,19827.36,1762586053910,21.0.3.19,false,128,21.69,InvokeFunction,,,LATEST,1-690eedc5-0c49fa-7b0eca1c53cf,OnDemand,,,1.11,
,B2D9766D97B902C7A31498DC152CD74A-10,1762586073,FCRequestMetrics:/n-matmul-128,298,298,,,21098.81,n-matmul-128,false,efd1785218e5,,c-690eed84-0cf1abd9-6314f848c25e,1762586052405,Sync,21101.05,1762586052404,21.0.3.18,false,128,28.81,InvokeFunction,,,LATEST,1-690eedc4-0c49fa-1e317d469b1d,OnDemand,,,1.10,
,D19DEB46D930B5FFB4880807275B0C84-E,1762586073,FCRequestMetrics:/n-matmul-128,284,284,,,14986.14,n-matmul-128,false,469834073b90,,c-690eed96-0cf1abd9-e8d8f0ec69a4,1762586058898,Sync,14987.76,1762586058898,21.0.3.24,false,128,22.43,InvokeFunction,,,LATEST,1-690eedca-0c0a43-f134f2151fc3,OnDemand,,,0.59,
,582B2FD610CE36EC9001D437122DA7DE-10,1762586073,FCRequestMetrics:/n-matmul-128,298,298,,,19653.07,n-matmul-128,false,6d8c2f880a16,,c-690eed84-0cf1abd9-51ea92789350,1762586054205,Sync,19673.20,1762586054204,21.0.3.23,false,128,27.02,InvokeFunction,,,LATEST,1-690eedc6-0c0a43-53db88200e48,OnDemand,,,0.43,
,DFB2C1B044EC33FF240D44307D6249FE-10,1762586073,FCRequestMetrics:/n-matmul-128,298,298,,,19826.27,n-matmul-128,false,ecb9a7fba850,,c-690eed89-0cf1abd9-8077c2c72a30,1762586054172,Sync,19827.66,1762586054172,21.0.3.20,false,128,22.48,InvokeFunction,,,LATEST,1-690eedc6-0c0a43-2fa854b147ac,OnDemand,,,0.51,
,C6D042B3AA8F55B11A4AF85F00682BEA-10,1762586073,FCRequestMetrics:/n-matmul-128,298,298,,,19324.24,n-matmul-128,false,7399f831961f,,c-690eed84-0cf1abd9-757f054c6418,1762586054545,Sync,19327.62,1762586054543,21.0.3.26,false,128,21.72,InvokeFunction,,,LATEST,1-690eedc6-0c49fa-ffe3efe4f15b,OnDemand,,,1.43,
,A912C88EFEEFC4B218F7735CF74E673B-8,1762586073,FCRequestMetrics:/n-matmul-128,285,285,,,19584.78,n-matmul-128,false,c124df2e904b,,c-690eeda8-0cf1abd9-66b5ac8b3f4b,1762586053532,Sync,19586.10,1762586053532,21.0.3.16,false,128,27.89,InvokeFunction,,,LATEST,1-690eedc5-0c0a43-c86bd2a659c2,OnDemand,,,0.58,
,F049A05B05E229468359356494790421-8,1762586073,FCRequestMetrics:/n-matmul-128,294,294,,,19539.50,n-matmul-128,false,a743b3598854,,c-690eeda8-0cf1abd9-ed6740a826c3,1762586053790,Sync,19541.05,1762586053789,21.0.3.18,false,128,27.82,InvokeFunction,,,LATEST,1-690eedc5-0c0a43-feb7f13bf26e,OnDemand,,,0.45,
,EB162AD5CEDC859E0500DC7BBAC4AEA6-10,1762586073,FCRequestMetrics:/n-matmul-128,299,299,,,21078.56,n-matmul-128,false,01cff2362e74,,c-690eed84-0cf1abd9-71a3383f4ef8,1762586051974,Sync,21080.97,1762586051973,21.0.3.26,false,128,26.54,InvokeFunction,,,LATEST,1-690eedc3-0c0a43-c5b0bc59b0e2,OnDemand,,,0.55,
,4144839320AC12CCDB04B923E734740F-11,1762586073,FCRequestMetrics:/n-matmul-128,282,282,,,20477.58,n-matmul-128,false,f2237be86146,,c-690eed84-0cf1abd9-d791d9e182fe,1762586053479,Sync,20493.04,1762586053478,21.0.3.25,false,128,29.11,InvokeFunction,,,LATEST,1-690eedc5-0c0a43-e7f51519200a,OnDemand,,,0.52,
,C81E0734A1BCCB9DA9FC914E1BF3266D-9,1762586073,FCRequestMetrics:/n-matmul-128,298,298,,,19219.93,n-matmul-128,false,7cce56c3fb65,,c-690eeda8-0cf1abd9-312a3a57ec79,1762586054071,Sync,19389.77,1762586053902,21.0.3.20,false,128,27.89,InvokeFunction,,,LATEST,1-690eedc6-0c0a43-d83f8610ffdc,OnDemand,,,168.99,
,534BB234720EAF245D060C96880CE6E1-8,1762586073,FCRequestMetrics:/n-matmul-128,285,285,,,19941.34,n-matmul-128,false,b9d5a90e849c,,c-690eeda8-0cf1abd9-489697ff9fe3,1762586053505,Sync,19943.52,1762586053504,21.0.3.22,false,128,27.51,InvokeFunction,,,LATEST,1-690eedc5-0c49fa-6a7b4e12c80e,OnDemand,,,1.21,
,05FBCBF7797DF123D15EB0A6FCA5941A-8,1762586073,FCRequestMetrics:/n-matmul-128,298,298,,,19463.20,n-matmul-128,false,2c2a67e70617,,c-690eeda8-0cf1abd9-2e88da04d74b,1762586054054,Sync,19465.28,1762586054052,21.0.3.17,false,128,27.92,InvokeFunction,,,LATEST,1-690eedc6-0c49fa-3018b202a8e6,OnDemand,,,1.09,
,BA5A16F182CE3ABF620021ACFE7D7011-10,1762586073,FCRequestMetrics:/n-matmul-128,293,293,,,0.04,n-matmul-128,true,bb393646e560,,c-690eed96-0cf1abd9-3dded35d4062,1762586070962,Sync,2616.80,1762586070961,21.0.3.8,false,128,50.88,InvokeFunction,,,LATEST,1-690eedd6-0c49fa-55cd3e2a6cdf,OnDemand,,,0.80,,"{""errorType"":""FunctionAbnormalExitError""}"
,3AFB20005AD9E6CC4003C7ADDF444DDF-8,1762586073,FCRequestMetrics:/n-matmul-128,298,298,,,18920.70,n-matmul-128,false,5f995ae01ec5,,c-690eeda9-0cf1abd9-1afd58826ae3,1762586054700,Sync,18927.66,1762586054699,21.0.3.25,false,128,27.66,InvokeFunction,,,LATEST,1-690eedc6-0c0a43-66039fcabb35,OnDemand,,,0.50,
,4CE5B21E168E3B127D0FE1A088B9BCD9-12,1762586073,FCRequestMetrics:/n-matmul-128,296,296,,,0.04,n-matmul-128,true,6c05632c40b6,,c-690eed84-0cf1abd9-2ca190cf5bc8,1762586070693,Sync,3249.98,1762586070692,21.0.3.19,false,128,2.24,InvokeFunction,,,LATEST,1-690eedd6-0c0a43-1eb9ae24b41d,OnDemand,,,0.52,,"{""errorType"":""FunctionAbnormalExitError""}"
,EC8C35753894B5B9AF0DA4DB7FE9A13B-8,1762586073,FCRequestMetrics:/n-matmul-128,298,298,,,18572.93,n-matmul-128,false,14f78ff3edc2,,c-690eeda8-0cf1abd9-dbfce724cac6,1762586054723,Sync,18577.07,1762586054721,21.0.3.23,false,128,27.84,InvokeFunction,,,LATEST,1-690eedc6-0c49fa-4c9fbc7af4d0,OnDemand,,,1.38,
,4E6EE341D6B7F4B5F00204E676B0421F-B,1762586073,FCRequestMetrics:/n-matmul-128,298,298,,,0.05,n-matmul-128,true,511d80c68358,,c-690eed8d-0cf1abd9-efed7d33773f,1762586070049,Sync,3828.93,1762586070048,21.0.3.18,false,128,2.18,InvokeFunction,,,LATEST,1-690eedd6-0c49fa-a1b3ffcd38e1,OnDemand,,,0.79,,"{""errorType"":""FunctionAbnormalExitError""}"
,B7D4D1DD2FC40780773A1A71845C5151-13,1762586073,FCRequestMetrics:/n-matmul-128,299,299,,,0.04,n-matmul-128,true,767418f36457,,c-690eed84-0cf1abd9-5d4c970df804,1762586070226,Sync,3772.33,1762586070224,21.0.3.14,false,128,4.09,InvokeFunction,,,LATEST,1-690eedd6-0c49fa-b6f2ce91af98,OnDemand,,,1.17,,"{""errorType"":""FunctionAbnormalExitError""}"
,66F11D02496EEE1D7BA3A4E6AB8BA6A5-8,1762586073,FCRequestMetrics:/n-matmul-128,287,287,,,19751.59,n-matmul-128,false,bd9b5f0f3fc4,,c-690eeda9-0cf1abd9-f9f10a04e676,1762586053861,Sync,19755.05,1762586053859,21.0.3.21,false,128,29.45,InvokeFunction,,,LATEST,1-690eedc5-0c49fa-8a399713e218,OnDemand,,,1.16,
,8626C8650DFC2E84CC74995D61333E7E-9,1762586073,FCRequestMetrics:/n-matmul-128,296,296,,,19342.58,n-matmul-128,false,8662218ebba1,,c-690eeda9-0cf1abd9-3476b9c52160,1762586054431,Sync,19521.24,1762586054253,21.0.3.15,false,128,29.58,InvokeFunction,,,LATEST,1-690eedc6-0c49fa-fe5f09e76cb9,OnDemand,,,177.81,
,B3D0E276D29FCA59C6A2FD9A6053BFF8-E,1762586074,FCRequestMetrics:/n-matmul-128,299,299,,,18946.75,n-matmul-128,false,8f00d7dabb61,,c-690eed96-0cf1abd9-f9cad621699b,1762586055081,Sync,19099.77,1762586054928,21.0.3.26,false,128,34.62,InvokeFunction,,,LATEST,1-690eedc6-0c49fa-3718aaeb772c,OnDemand,,,151.91,
,E73296BB4FF98C51BFC0649F2F271CC3-8,1762586074,FCRequestMetrics:/n-matmul-128,294,294,,,21060.98,n-matmul-128,false,59d36ceba10f,,c-690eeda8-0cf1abd9-e68ef267c2b5,1762586053776,Sync,21067.98,1762586053775,21.0.3.15,false,128,27.64,InvokeFunction,,,LATEST,1-690eedc5-0c49fa-0282cb7ffad8,OnDemand,,,1.13,
,3433EFF5035DFC81D88241B3272689AA-E,1762586074,FCRequestMetrics:/n-matmul-128,294,294,,,17607.39,n-matmul-128,false,c140f4eda296,,c-690eed96-0cf1abd9-4c27d9d9f1af,1762586057037,Sync,17609.34,1762586057036,21.0.3.13,false,128,27.94,InvokeFunction,,,LATEST,1-690eedc9-0c49fa-c26c56e26e42,OnDemand,,,0.94,
,2E495B2CAC791BF5DF5ED6AA835AFB7D-10,1762586074,FCRequestMetrics:/n-matmul-128,294,294,,,15389.27,n-matmul-128,false,a1e594fd58b9,,c-690eed96-0cf1abd9-438cb8917382,1762586059477,Sync,15390.87,1762586059476,21.0.3.9,false,128,24.38,InvokeFunction,,,LATEST,1-690eedcb-0c0a43-af6b710ec2dc,OnDemand,,,0.49,
,E3C9ED0B2534F08C4630863A71EE6115-E,1762586074,FCRequestMetrics:/n-matmul-128,287,287,,,15546.11,n-matmul-128,false,87674caf583b,,c-690eed96-0cf1abd9-ae05907d43ad,1762586059219,Sync,15548.44,1762586059218,21.0.3.21,false,128,22.13,InvokeFunction,,,LATEST,1-690eedcb-0c49fa-998d068c21ee,OnDemand,,,1.41,
,63DE596157EC5C3204595F887449B280-10,1762586074,FCRequestMetrics:/n-matmul-128,298,298,,,14934.68,n-matmul-128,false,1ee48239c919,,c-690eed96-0cf1abd9-7fba4a37caaa,1762586059608,Sync,14937.00,1762586059606,21.0.3.10,false,128,27.87,InvokeFunction,,,LATEST,1-690eedcb-0c49fa-23237ec385bb,OnDemand,,,1.16,
,D3A5ACAA170AA2F73392865F0C2D539D-10,1762586074,FCRequestMetrics:/n-matmul-128,294,294,,,20555.40,n-matmul-128,false,6c683a9ba932,,c-690eed84-0cf1abd9-d44cbd427b7e,1762586053951,Sync,20557.26,1762586053950,21.0.3.24,false,128,34.37,InvokeFunction,,,LATEST,1-690eedc5-0c49fa-167d43b9cf38,OnDemand,,,0.95,
,0D0B5399E6C73F2546BD22845DA04E21-10,1762586074,FCRequestMetrics:/n-matmul-128,294,294,,,20949.18,n-matmul-128,false,47a596ce3adb,,c-690eed84-0cf1abd9-1234c0f5f235,1762586054016,Sync,20953.31,1762586054015,21.0.3.21,false,128,26.95,InvokeFunction,,,LATEST,1-690eedc6-0c0a43-9738a8af0eec,OnDemand,,,0.48,
,D143AE44C19E26F9220F758DFE51775E-E,1762586074,FCRequestMetrics:/n-matmul-128,285,285,,,15147.79,n-matmul-128,false,7cc6d641bed2,,c-690eed96-0cf1abd9-0cb5743955c5,1762586059131,Sync,15150.30,1762586059130,21.0.3.17,false,128,32.05,InvokeFunction,,,LATEST,1-690eedcb-0c0a43-d50e8b5c7840,OnDemand,,,0.60,
,B9CC31614084CD73FC6E2CD9504361BE-10,1762586074,FCRequestMetrics:/n-matmul-128,286,286,,,20961.00,n-matmul-128,false,6211d0e2f318,,c-690eed84-0cf1abd9-9c5b9e84230e,1762586053832,Sync,20967.67,1762586053831,21.0.3.18,false,128,27.03,InvokeFunction,,,LATEST,1-690eedc5-0c49fa-94c7b49ecbec,OnDemand,,,1.17,
,938A8818D88FA899F8D8F52ADA1CFF6C-8,1762586074,FCRequestMetrics:/n-matmul-128,282,282,,,20954.63,n-matmul-128,false,7f4516a5f859,,c-690eeda9-0cf1abd9-4c7481869c13,1762586053118,Sync,20956.75,1762586053117,21.0.3.24,false,128,27.54,InvokeFunction,,,LATEST,1-690eedc5-0c0a43-b24c75ec4919,OnDemand,,,0.51,
,5DAD0D54751340FDEB778E8C3D0BCA64-8,1762586074,FCRequestMetrics:/n-matmul-128,298,298,,,19713.12,n-matmul-128,false,5f6b4c786b41,,c-690eedae-0cf1abd9-b63dfe7543ed,1762586054414,Sync,19715.09,1762586054413,21.0.3.8,false,128,78.32,InvokeFunction,,,LATEST,1-690eedc6-0c0a43-8a605897d325,OnDemand,,,0.62,
,05CDE0418A06D09EAE4ADEC100CA68AB-7,1762586074,FCRequestMetrics:/n-matmul-128,298,298,,,19492.18,n-matmul-128,false,0737d63123d1,,c-690eedad-0cf1abd9-a9ddaa1500d5,1762586054588,Sync,19494.89,1762586054587,21.0.3.12,false,128,22.55,InvokeFunction,,,LATEST,1-690eedc6-0c49fa-464bc5ec7c7a,OnDemand,,,1.09,
,B6D50533180C70B5E0BB5DFAA393368E-7,1762586074,FCRequestMetrics:/n-matmul-128,299,299,,,19406.15,n-matmul-128,false,61f29b5aaa2a,,c-690eedae-0cf1abd9-d16ca912f1de,1762586055035,Sync,19411.15,1762586055034,21.0.3.9,false,128,23.30,InvokeFunction,,,LATEST,1-690eedc7-0c0a43-d4cc89392b30,OnDemand,,,0.67,
,80B2B247C9D9AF2A95FDD34F1640050C-12,1762586074,FCRequestMetrics:/n-matmul-128,299,299,,,0.04,n-matmul-128,true,ce4127663c28,,c-690eed84-0cf1abd9-d4909224eec1,1762586070135,Sync,4310.12,1762586069929,21.0.3.13,false,128,4.05,InvokeFunction,,,LATEST,1-690eedd5-0c49fa-6c7417be95fe,OnDemand,,,205.63,,"{""errorType"":""FunctionAbnormalExitError""}"
,0BD475407873CF39B1CA595256226051-8,1762586074,FCRequestMetrics:/n-matmul-128,299,299,,,19678.14,n-matmul-128,false,83139df080ef,,c-690eeda9-0cf1abd9-42b948b2a68c,1762586054533,Sync,19680.09,1762586054531,21.0.3.26,false,128,29.60,InvokeFunction,,,LATEST,1-690eedc6-0c49fa-fe2d985b8a8f,OnDemand,,,1.04,
,5C14CF48C5C22527111DB496942DC103-12,1762586074,FCRequestMetrics:/n-matmul-128,299,299,,,0.03,n-matmul-128,true,07dabc2bb605,,c-690eed84-0cf1abd9-5a2627b82825,1762586070236,Sync,3769.89,1762586070234,21.0.3.15,false,128,4.11,InvokeFunction,,,LATEST,1-690eedd6-0c49fa-8d770577b641,OnDemand,,,1.14,,"{""errorType"":""FunctionAbnormalExitError""}"
,E25E5AC81214735572C3101D35F1B078-11,1762586074,FCRequestMetrics:/n-matmul-128,299,299,,,0.03,n-matmul-128,true,23a95b7b22dd,,c-690eed8d-0cf1abd9-05804b5e6825,1762586070260,Sync,4292.50,1762586070259,21.0.3.17,false,128,2.15,InvokeFunction,,,LATEST,1-690eedd6-0c0a43-fdc650808833,OnDemand,,,0.52,,"{""errorType"":""FunctionAbnormalExitError""}"
,22F3F140A6723208B9E7ACF1561A6D49-8,1762586074,FCRequestMetrics:/n-matmul-128,298,298,,,20727.30,n-matmul-128,false,1bb1546b9f73,,c-690eedaa-0cf1abd9-9d39cd93389c,1762586054158,Sync,20730.63,1762586054157,21.0.3.25,false,128,27.87,InvokeFunction,,,LATEST,1-690eedc6-0c49fa-24f47a306616,OnDemand,,,1.37,
,5A08AF7236E275AD0FB46D2B28AE710C-8,1762586074,FCRequestMetrics:/n-matmul-128,299,299,,,19451.71,n-matmul-128,false,2bfde648585e,,c-690eeda9-0cf1abd9-ebb8d38ed0cd,1762586054663,Sync,19457.61,1762586054662,21.0.3.24,false,128,27.37,InvokeFunction,,,LATEST,1-690eedc6-0c49fa-c390f88778bc,OnDemand,,,1.42,
,601984C4C767B3AE29155A0CBC717A02-11,1762586074,FCRequestMetrics:/n-matmul-128,290,290,,,0.05,n-matmul-128,true,18fcdff65652,,c-690eed84-0cf1abd9-c1ce786e1019,1762586071339,Sync,3558.75,1762586071338,21.0.3.16,false,128,4.23,InvokeFunction,,,LATEST,1-690eedd7-0c0a43-2b24e476ab4a,OnDemand,,,0.53,,"{""errorType"":""FunctionAbnormalExitError""}"
,BBE4F3A04F21A9AAC989204381637DB0-9,1762586075,FCRequestMetrics:/n-matmul-128,283,283,,,21518.87,n-matmul-128,false,344f71de17a7,,c-690eedad-0cf1abd9-b220a1ec872a,1762586053522,Sync,21521.35,1762586053521,21.0.3.8,false,128,74.14,InvokeFunction,,,LATEST,1-690eedc5-0c49fa-7fb326f56c7d,OnDemand,,,1.34,
,268F3D3C46E38184A5EB5CF616A731E0-10,1762586075,FCRequestMetrics:/n-matmul-128,296,296,,,20665.39,n-matmul-128,false,0833dc1a5c1e,,c-690eed84-0cf1abd9-aec18b43eff0,1762586054433,Sync,20667.43,1762586054432,21.0.3.20,false,128,29.10,InvokeFunction,,,LATEST,1-690eedc6-0c49fa-92621089fecc,OnDemand,,,0.87,
,8D8C440FC3E34DBB9F1F04BB26D5634E-13,1762586075,FCRequestMetrics:/n-matmul-128,299,299,,,17691.23,n-matmul-128,false,524d7b1ff122,,c-690eed85-0cf1abd9-5f56757a5335,1762586057391,Sync,17693.65,1762586057390,21.0.3.2,false,128,24.15,InvokeFunction,,,LATEST,1-690eedc9-0c0a43-db282be573ad,OnDemand,,,0.50,
,198BD0BFC963C7EBC003068011CD263F-10,1762586075,FCRequestMetrics:/n-matmul-128,286,286,,,21600.26,n-matmul-128,false,f2fc65392c05,,c-690eed84-0cf1abd9-020573621d1e,1762586053777,Sync,21601.96,1762586053776,21.0.3.27,false,128,26.96,InvokeFunction,,,LATEST,1-690eedc5-0c49fa-94ef39a175fc,OnDemand,,,0.88,
,342C1F773CD379DB41F0F3ADE9815760-F,1762586075,FCRequestMetrics:/n-matmul-128,294,294,,,16060.56,n-matmul-128,false,54f5fbffcf0b,,c-690eed96-0cf1abd9-280bb0eca0e1,1762586059533,Sync,16062.47,1762586059532,21.0.3.19,false,128,34.78,InvokeFunction,,,LATEST,1-690eedcb-0c0a43-a5d398980147,OnDemand,,,0.48,
,04F995287DA1DFFB1087C26FDCCA558E-E,1762586075,FCRequestMetrics:/n-matmul-128,294,294,,,16096.02,n-matmul-128,false,ae45e8272254,,c-690eed96-0cf1abd9-4f0e71ad03f2,1762586059454,Sync,16104.08,1762586059454,21.0.3.14,false,128,33.36,InvokeFunction,,,LATEST,1-690eedcb-0c0a43-58528d95f891,OnDemand,,,0.52,
,074001829727EFB7F7387CED9C5F68EC-7,1762586075,FCRequestMetrics:/n-matmul-128,294,294,,,21718.39,n-matmul-128,false,ee3e5731d648,,c-690eedad-0cf1abd9-2b773a14cfca,1762586054029,Sync,21735.57,1762586054027,21.0.3.11,false,128,27.48,InvokeFunction,,,LATEST,1-690eedc6-0c49fa-97d29eed515c,OnDemand,,,1.32,
,ED8A5D906254A8A3D3B49041BA3A12A8-E,1762586075,FCRequestMetrics:/n-matmul-128,298,298,,,16075.76,n-matmul-128,false,c3153ac2927e,,c-690eed96-0cf1abd9-dd35abc0aac0,1762586059740,Sync,16078.30,1762586059740,21.0.3.16,false,128,22.95,InvokeFunction,,,LATEST,1-690eedcb-0c0a43-d8f2f2c077cb,OnDemand,,,0.58,
,A8FF43E92F4D978DEA7FF72424BA415A-10,1762586075,FCRequestMetrics:/n-matmul-128,298,298,,,21095.57,n-matmul-128,false,00a0b8d7795c,,c-690eed84-0cf1abd9-d5f620461f53,1762586054741,Sync,21097.94,1762586054740,21.0.3.25,false,128,26.86,InvokeFunction,,,LATEST,1-690eedc6-0c49fa-b8230cb35d14,OnDemand,,,1.20,
,92F96CFC59521BF63B429A4C99FA99CB-14,1762586075,FCRequestMetrics:/n-matmul-128,284,284,,,16808.23,n-matmul-128,false,b73e8dfdb3e1,,c-690eed85-0cf1abd9-c0e8aad62b67,1762586058766,Sync,16822.87,1762586058765,21.0.3.3,false,128,22.39,InvokeFunction,,,LATEST,1-690eedca-0c0a43-b18df826e77e,OnDemand,,,0.52,
,0B2964543FFD9BF880FB835C7969E92C-7,1762586075,FCRequestMetrics:/n-matmul-128,296,296,,,21446.84,n-matmul-128,false,def6cb030cc0,,c-690eedad-0cf1abd9-ea42a99c6fe6,1762586054344,Sync,21454.22,1762586054343,21.0.3.13,false,128,27.48,InvokeFunction,,,LATEST,1-690eedc6-0c49fa-434bf4223007,OnDemand,,,0.76,
,40D0187C79EB93AE6164DB021EB45BA3-11,1762586075,FCRequestMetrics:/n-matmul-128,296,296,,,0.03,n-matmul-128,true,c2355a18488a,,c-690eed8d-0cf1abd9-4bc4ed912672,1762586070666,Sync,4618.59,1762586070473,21.0.3.19,false,128,2.11,InvokeFunction,,,LATEST,1-690eedd6-0c0a43-973cb5667f4d,OnDemand,,,192.21,,"{""errorType"":""FunctionAbnormalExitError""}"
,13012196C53F5375DA6D7E0B0AED40BD-10,1762586075,FCRequestMetrics:/n-matmul-128,295,295,,,0.04,n-matmul-128,true,ced19e0e4fae,,c-690eed96-0cf1abd9-26d3f0e782b3,1762586072271,Sync,3000.50,1762586072270,21.0.3.11,false,128,4.16,InvokeFunction,,,LATEST,1-690eedd8-0c49fa-aa90dc47fd4b,OnDemand,,,0.88,,"{""errorType"":""FunctionAbnormalExitError""}"
,7FCCE5A256910B58B56BBA3543AFB14E-12,1762586075,FCRequestMetrics:/n-matmul-128,290,290,,,0.04,n-matmul-128,true,c5e4309ab4db,,c-690eed84-0cf1abd9-b684d4f05063,1762586071991,Sync,3139.80,1762586071989,21.0.3.17,false,128,2.22,InvokeFunction,,,LATEST,1-690eedd7-0c49fa-e2e3aa10499f,OnDemand,,,1.19,,"{""errorType"":""FunctionAbnormalExitError""}"
,3E533AA8FAF2B84350E8C259DEC8E798-11,1762586075,FCRequestMetrics:/n-matmul-128,295,295,,,0.03,n-matmul-128,true,04c7bf8df02f,,c-690eed96-0cf1abd9-474755af5c04,1762586072293,Sync,2802.32,1762586072292,21.0.3.10,false,128,2.36,InvokeFunction,,,LATEST,1-690eedd8-0c0a43-15e0dda7a9c3,OnDemand,,,0.46,,"{""errorType"":""FunctionAbnormalExitError""}"
,C3D70BE59EDDE2E3BAD7D26871BEFCC2-11,1762586075,FCRequestMetrics:/n-matmul-128,291,291,,,0.02,n-matmul-128,true,5c7d778afaae,,c-690eed8d-0cf1abd9-f42778f29da4,1762586073629,Sync,2324.46,1762586073628,21.0.3.17,false,128,4.09,InvokeFunction,,,LATEST,1-690eedd9-0c0a43-ab2cbc02b472,OnDemand,,,0.53,,"{""errorType"":""FunctionAbnormalExitError""}"
,254CBF9330441C1ACFCB0F4AE9CBF4F1-9,1762586075,FCRequestMetrics:/n-matmul-128,287,287,,,21833.51,n-matmul-128,false,ab3447f5d4b9,,c-690eedad-0cf1abd9-bee0383146f8,1762586053873,Sync,21835.42,1762586053872,21.0.3.9,false,128,37.41,InvokeFunction,,,LATEST,1-690eedc5-0c0a43-64eca55f4f4b,OnDemand,,,0.50,
,530FE0259011E1488EC5E3B38AE725E0-11,1762586076,FCRequestMetrics:/n-matmul-128,298,298,,,21032.80,n-matmul-128,false,84f6be032d7a,,c-690eed84-0cf1abd9-3f0610e48d26,1762586055009,Sync,21193.83,1762586054849,21.0.3.22,false,128,26.12,InvokeFunction,,,LATEST,1-690eedc6-0c49fa-4f2d1c981e1a,OnDemand,,,159.12,
,B0234B70AFAFEAEF517C2172ED2CFEB6-F,1762586076,FCRequestMetrics:/n-matmul-128,299,299,,,18955.58,n-matmul-128,false,9bfb01ae65a2,,c-690eed96-0cf1abd9-df0c068d62fa,1762586057388,Sync,18957.52,1762586057387,21.0.3.27,false,128,34.71,InvokeFunction,,,LATEST,1-690eedc9-0c49fa-a5e3964c561e,OnDemand,,,0.98,
,3264C158E2D5E5DEFE085BA619A247E7-F,1762586076,FCRequestMetrics:/n-matmul-128,292,292,,,19456.07,n-matmul-128,false,0f7eccb6ce30,,c-690eed96-0cf1abd9-e222a82ad173,1762586056873,Sync,19459.47,1762586056872,21.0.3.4,false,128,21.81,InvokeFunction,,,LATEST,1-690eedc8-0c0a43-fa93d18f940c,OnDemand,,,0.57,
,C7D2A82C4522CA8A251B518A5412EBB2-F,1762586076,FCRequestMetrics:/n-matmul-128,294,294,,,19287.77,n-matmul-128,false,4b354849f527,,c-690eed96-0cf1abd9-72da89fa2b61,1762586057130,Sync,19293.05,1762586057129,21.0.3.21,false,128,32.59,InvokeFunction,,,LATEST,1-690eedc9-0c49fa-33c2289b7375,OnDemand,,,0.92,
,79733AC446DF412BC6F18C2B63B5677F-F,1762586076,FCRequestMetrics:/n-matmul-128,285,285,,,16895.64,n-matmul-128,false,b193e3418700,,c-690eed96-0cf1abd9-647659e129ba,1762586059132,Sync,16898.64,1762586059130,21.0.3.15,false,128,34.25,InvokeFunction,,,LATEST,1-690eedcb-0c0a43-dba7ca854e4c,OnDemand,,,0.56,
,02505EBA98BB6AB8D9121B3F590D5A1C-E,1762586076,FCRequestMetrics:/n-matmul-128,298,298,,,17025.47,n-matmul-128,false,dc1a18d01eb5,,c-690eed96-0cf1abd9-15ddf20aa5f4,1762586059758,Sync,17027.46,1762586059757,21.0.3.23,false,128,32.41,InvokeFunction,,,LATEST,1-690eedcb-0c49fa-9e915d995d8b,OnDemand,,,1.24,
,890DC515470C0D64B7BCB1DEAC8D6597-F,1762586076,FCRequestMetrics:/n-matmul-128,295,295,,,19693.94,n-matmul-128,false,ed39d36f7908,,c-690eed96-0cf1abd9-0e620186c5f3,1762586057161,Sync,19706.61,1762586057161,21.0.3.25,false,128,28.46,InvokeFunction,,,LATEST,1-690eedc9-0c0a43-3864a08577dd,OnDemand,,,0.46,
,D2BCA0C8052D39835F68F2A25705BDC3-8,1762586076,FCRequestMetrics:/n-matmul-128,290,290,,,20196.62,n-matmul-128,false,6b0c8a7b5b7d,,c-690eedad-0cf1abd9-43af290c944d,1762586056406,Sync,20200.26,1762586056405,21.0.3.15,false,128,29.52,InvokeFunction,,,LATEST,1-690eedc8-0c0a43-29a907e4dcbd,OnDemand,,,0.57,
,29AE8E513B0BDFCBBE8182ECB0CB489D-8,1762586076,FCRequestMetrics:/n-matmul-128,295,295,,,19830.17,n-matmul-128,false,8aa0e1273cfd,,c-690eedae-0cf1abd9-d84c6a5e8f7f,1762586056938,Sync,19833.09,1762586056937,21.0.3.12,false,128,27.56,InvokeFunction,,,LATEST,1-690eedc9-0c49fa-20be35d096c2,OnDemand,,,1.34,
,C15BF1EC55206DC503800DA01C82FD0A-8,1762586076,FCRequestMetrics:/n-matmul-128,297,297,,,19346.08,n-matmul-128,false,3dea345b3806,,c-690eedae-0cf1abd9-2315151cf3eb,1762586057470,Sync,19347.67,1762586057469,21.0.3.11,false,128,24.50,InvokeFunction,,,LATEST,1-690eedc9-0c0a43-56f48935c9ca,OnDemand,,,0.47,
,35684BB25099CBEDA839F3453B345BB7-11,1762586076,FCRequestMetrics:/n-matmul-128,293,293,,,0.05,n-matmul-128,true,4704e96ceb34,,c-690eed8d-0cf1abd9-0b031bc7876b,1762586070999,Sync,5340.67,1762586070998,21.0.3.16,false,128,2.23,InvokeFunction,,,LATEST,1-690eedd6-0c49fa-d77c8e0c49a3,OnDemand,,,1.31,,"{""errorType"":""FunctionAbnormalExitError""}"
,946B81964C060862F0648B190BC052AB-12,1762586076,FCRequestMetrics:/n-matmul-128,295,295,,,0.03,n-matmul-128,true,34c40a6c9520,,c-690eed89-0cf1abd9-1687528dc8c2,1762586072272,Sync,4087.89,1762586072271,21.0.3.18,false,128,2.10,InvokeFunction,,,LATEST,1-690eedd8-0c49fa-b76cfc2f73c7,OnDemand,,,0.93,,"{""errorType"":""FunctionAbnormalExitError""}"
,FE62E48614DA949DAF3789D4806A512D-13,1762586076,FCRequestMetrics:/n-matmul-128,298,298,,,0.04,n-matmul-128,true,4823d83c18dc,,c-690eed89-0cf1abd9-5b9582f39990,1762586072457,Sync,3744.69,1762586072298,21.0.3.21,false,128,2.14,InvokeFunction,,,LATEST,1-690eedd8-0c49fa-a964d65ccb75,OnDemand,,,159.14,,"{""errorType"":""FunctionAbnormalExitError""}"
,C1412826A6236A7731C90A92F9B4B0CE-12,1762586076,FCRequestMetrics:/n-matmul-128,289,289,,,0.03,n-matmul-128,true,44ace84c5429,,c-690eed83-0cf1abd9-ef3a29fe5f2e,1762586071354,Sync,4974.00,1762586071353,21.0.3.22,false,128,2.09,InvokeFunction,,,LATEST,1-690eedd7-0c0a43-d89a004a6c4f,OnDemand,,,0.52,,"{""errorType"":""FunctionAbnormalExitError""}"
,D19DEB46D930B5FFB4880807275B0C84-11,1762586076,FCRequestMetrics:/n-matmul-128,296,296,,,0.04,n-matmul-128,true,469834073b90,,c-690eed96-0cf1abd9-e8d8f0ec69a4,1762586073971,Sync,2967.73,1762586073779,21.0.3.24,false,128,2.21,InvokeFunction,,,LATEST,1-690eedd9-0c49fa-ddccdc4e9a6d,OnDemand,,,191.92,,"{""errorType"":""FunctionAbnormalExitError""}"
,4AAB0B06936D72C3AF0ED63C41634FCE-12,1762586076,FCRequestMetrics:/n-matmul-128,294,294,,,0.03,n-matmul-128,true,d7d879e92610,,c-690eed89-0cf1abd9-cbae37f356f4,1762586072194,Sync,4083.68,1762586072193,21.0.3.17,false,128,2.09,InvokeFunction,,,LATEST,1-690eedd8-0c49fa-f91dc6f4b982,OnDemand,,,0.93,,"{""errorType"":""FunctionAbnormalExitError""}"
,AD2D061C819899739344C7154478FB9D-11,1762586076,FCRequestMetrics:/n-matmul-128,290,290,,,0.05,n-matmul-128,true,3e0e6ec3c35c,,c-690eed89-0cf1abd9-2892cad8d6af,1762586073345,Sync,3141.43,1762586073344,21.0.3.19,false,128,2.20,InvokeFunction,,,LATEST,1-690eedd9-0c49fa-e0c1c86c412a,OnDemand,,,0.91,,"{""errorType"":""FunctionAbnormalExitError""}"
,B3D0E276D29FCA59C6A2FD9A6053BFF8-11,1762586076,FCRequestMetrics:/n-matmul-128,297,297,,,0.02,n-matmul-128,true,8f00d7dabb61,,c-690eed96-0cf1abd9-f9cad621699b,1762586074035,Sync,2437.90,1762586073869,21.0.3.26,false,128,4.05,InvokeFunction,,,LATEST,1-690eedd9-0c0a43-9b542a3d8cd1,OnDemand,,,165.32,,"{""errorType"":""FunctionAbnormalExitError""}"
,F4DFF4453A1625B22DE49E6316B744E7-12,1762586076,FCRequestMetrics:/n-matmul-128,296,296,,,0.05,n-matmul-128,true,5ccd9a18e737,,c-690eed84-0cf1abd9-b1659118d275,1762586073744,Sync,3137.03,1762586073742,21.0.3.19,false,128,2.13,InvokeFunction,,,LATEST,1-690eedd9-0c49fa-e13e4ebf4b79,OnDemand,,,0.90,,"{""errorType"":""FunctionAbnormalExitError""}"
,DFB2C1B044EC33FF240D44307D6249FE-12,1762586076,FCRequestMetrics:/n-matmul-128,296,296,,,0.03,n-matmul-128,true,ecb9a7fba850,,c-690eed89-0cf1abd9-8077c2c72a30,1762586074021,Sync,2659.59,1762586074020,21.0.3.20,false,128,2.09,InvokeFunction,,,LATEST,1-690eedda-0c49fa-06d1ffc68f92,OnDemand,,,1.15,,"{""errorType"":""FunctionAbnormalExitError""}"
,13CEFE53DDF944F177E0AA28B5E28265-12,1762586076,FCRequestMetrics:/n-matmul-128,290,290,,,0.04,n-matmul-128,true,feed6d3496d7,,c-690eed84-0cf1abd9-08aca33fd588,1762586071988,Sync,4865.88,1762586071986,21.0.3.20,false,128,2.10,InvokeFunction,,,LATEST,1-690eedd7-0c49fa-99c166538417,OnDemand,,,1.18,,"{""errorType"":""FunctionAbnormalExitError""}"
,2BD77D43468911AB831A8F7E54DB0C85-F,1762586077,FCRequestMetrics:/n-matmul-128,297,297,,,15153.00,n-matmul-128,false,b7def3b75118,,c-690eed96-0cf1abd9-52afc540c138,1762586061927,Sync,15155.47,1762586061926,21.0.3.12,false,128,23.62,InvokeFunction,,,LATEST,1-690eedcd-0c49fa-63bc2ab6b301,OnDemand,,,1.50,
,C7EF96C9FA36BA4241E0BBE4133D0AE3-10,1762586077,FCRequestMetrics:/n-matmul-128,295,295,,,19992.60,n-matmul-128,false,143002e59623,,c-690eed8d-0cf1abd9-5277dcd6704a,1762586057196,Sync,19994.98,1762586057195,21.0.3.22,false,128,23.73,InvokeFunction,,,LATEST,1-690eedc9-0c0a43-cc15421ae512,OnDemand,,,0.50,
,5FA82E0D11A2F01A283861FD9A436B86-10,1762586077,FCRequestMetrics:/n-matmul-128,292,292,,,20293.16,n-matmul-128,false,47b6a53f01e9,,c-690eed8d-0cf1abd9-3ba5efb311dc,1762586056885,Sync,20295.43,1762586056884,21.0.3.23,false,128,21.75,InvokeFunction,,,LATEST,1-690eedc8-0c49fa-06e12da1f7ee,OnDemand,,,1.38,
,1643C472A4A9C9E7636975D61997BF49-F,1762586077,FCRequestMetrics:/n-matmul-128,292,292,,,15718.50,n-matmul-128,false,587857d87fe7,,c-690eed96-0cf1abd9-9d1eba3d67bf,1762586061704,Sync,15720.20,1762586061703,21.0.3.11,false,128,22.06,InvokeFunction,,,LATEST,1-690eedcd-0c49fa-dbc5b8ab54a0,OnDemand,,,0.93,
,FA92B5D7385E5B2D4245077868CB9726-E,1762586077,FCRequestMetrics:/n-matmul-128,298,298,,,17279.08,n-matmul-128,false,30720f53fe9b,,c-690eed96-0cf1abd9-67b09a4d191e,1762586060267,Sync,17288.61,1762586060266,21.0.3.22,false,128,32.73,InvokeFunction,,,LATEST,1-690eedcc-0c0a43-c1ec6014151b,OnDemand,,,0.51,
,E70120467209C5072F9BAC96939FF425-14,1762586077,FCRequestMetrics:/n-matmul-128,298,298,,,17575.37,n-matmul-128,false,57a49bda52a7,,c-690eed85-0cf1abd9-89090d6612f0,1762586059958,Sync,17735.74,1762586059801,21.0.3.8,false,128,21.78,InvokeFunction,,,LATEST,1-690eedcb-0c0a43-81a79f4c1e08,OnDemand,,,156.20,
,40091B2BA89130F46C3ED4AE484A882F-F,1762586077,FCRequestMetrics:/n-matmul-128,292,292,,,21002.72,n-matmul-128,false,2764cfd363fa,,c-690eed8d-0cf1abd9-243670775407,1762586056892,Sync,21005.32,1762586056892,21.0.3.24,false,128,36.92,InvokeFunction,,,LATEST,1-690eedc8-0c0a43-0c86b88474e6,OnDemand,,,0.50,
,90721D5DEA57FA959D79E839A2790822-8,1762586077,FCRequestMetrics:/n-matmul-128,290,290,,,20650.46,n-matmul-128,false,b03326c3717a,,c-690eedad-0cf1abd9-bb969c1ece47,1762586056562,Sync,20652.13,1762586056562,21.0.3.17,false,128,27.62,InvokeFunction,,,LATEST,1-690eedc8-0c0a43-017d7c136341,OnDemand,,,0.51,
,1F631BBE3B0C3CBE62088E329F244AE4-9,1762586077,FCRequestMetrics:/n-matmul-128,293,293,,,20910.47,n-matmul-128,false,91167f95b002,,c-690eedae-0cf1abd9-978911f45f89,1762586056804,Sync,20914.25,1762586056803,21.0.3.10,false,128,27.76,InvokeFunction,,,LATEST,1-690eedc9-0c0a43-66f65800358e,OnDemand,,,0.50,
,03AEEB1D9B7AD58C878D528779156747-7,1762586077,FCRequestMetrics:/n-matmul-128,297,297,,,19576.62,n-matmul-128,false,0df18e8c62e5,,c-690eedae-0cf1abd9-3b0257a32ea2,1762586057526,Sync,19737.75,1762586057367,21.0.3.13,false,128,27.90,InvokeFunction,,,LATEST,1-690eedc9-0c0a43-d211dd41cd9b,OnDemand,,,159.03,
,609BB87232F313E7E1EE3C8255B3B0B3-14,1762586077,FCRequestMetrics:/n-matmul-128,288,288,,,16044.16,n-matmul-128,false,3722a439771f,,c-690eed85-0cf1abd9-2c911ea6008b,1762586061080,Sync,16048.13,1762586061080,21.0.3.10,false,128,22.66,InvokeFunction,,,LATEST,1-690eedcd-0c0a43-0cf72d2f72a1,OnDemand,,,0.57,
,E3A10F33112D22B99CDFAE6B3DA5F427-13,1762586077,FCRequestMetrics:/n-matmul-128,292,292,,,15456.97,n-matmul-128,false,7c04ccbbdae4,,c-690eed85-0cf1abd9-4dc3fba76450,1762586061660,Sync,15458.96,1762586061659,21.0.3.9,false,128,21.92,InvokeFunction,,,LATEST,1-690eedcd-0c0a43-e55c2e61f0f2,OnDemand,,,0.52,
,D475316053B4F3156CAFE637F1C8214E-7,1762586077,FCRequestMetrics:/n-matmul-128,289,289,,,18503.61,n-matmul-128,false,3440940bffc2,,c-690eedae-0cf1abd9-af64b33d51aa,1762586059396,Sync,18504.90,1762586059396,21.0.3.14,false,128,22.23,InvokeFunction,,,LATEST,1-690eedcb-0c0a43-9d7cda22ac9d,OnDemand,,,0.45,
,69A54F516AD5DA2E071B4EDE812B37FB-9,1762586077,FCRequestMetrics:/n-matmul-128,284,284,,,19099.32,n-matmul-128,false,483d6d5a401b,,c-690eedae-0cf1abd9-23e27f7352eb,1762586058785,Sync,19102.46,1762586058784,21.0.3.16,false,128,27.11,InvokeFunction,,,LATEST,1-690eedca-0c49fa-20fc13254f89,OnDemand,,,1.24,
,7C3C6C39706B9E9A5E45EA0795F361E3-12,1762586077,FCRequestMetrics:/n-matmul-128,297,297,,,0.04,n-matmul-128,true,daf840027305,,c-690eed8d-0cf1abd9-998f2d849ede,1762586071453,Sync,5799.26,1762586071452,21.0.3.14,false,128,4.05,InvokeFunction,,,LATEST,1-690eedd7-0c0a43-075ec4e53c9d,OnDemand,,,0.52,,"{""errorType"":""FunctionAbnormalExitError""}"
,C89BB40F9F2CADB4731EC7F783EB66CB-12,1762586077,FCRequestMetrics:/n-matmul-128,289,289,,,0.04,n-matmul-128,true,bdcfaeabdc01,,c-690eed83-0cf1abd9-c120bfdd5d8b,1762586071392,Sync,5960.26,1762586071391,21.0.3.16,false,128,2.07,InvokeFunction,,,LATEST,1-690eedd7-0c0a43-59a5382b0fa6,OnDemand,,,0.44,,"{""errorType"":""FunctionAbnormalExitError""}"
,6A8383338392512084A14C3EC7DB7CCC-12,1762586077,FCRequestMetrics:/n-matmul-128,289,289,,,0.04,n-matmul-128,true,d95f8edd3264,,c-690eed8d-0cf1abd9-54a1d269f410,1762586071424,Sync,5793.35,1762586071422,21.0.3.15,false,128,2.23,InvokeFunction,,,LATEST,1-690eedd7-0c49fa-85ee1b0889ff,OnDemand,,,1.25,,"{""errorType"":""FunctionAbnormalExitError""}"
,46452AD4646881BB08C6B59B48AEDFBA-11,1762586077,FCRequestMetrics:/n-matmul-128,290,290,,,0.03,n-matmul-128,true,db5d7adaa422,,c-690eed8d-0cf1abd9-7d73f845b0a5,1762586072005,Sync,5391.89,1762586072004,21.0.3.25,false,128,4.37,InvokeFunction,,,LATEST,1-690eedd8-0c49fa-da371a234e9e,OnDemand,,,1.14,,"{""errorType"":""FunctionAbnormalExitError""}"
,8BD4AD9E3D09406FDF72A2C557E65602-11,1762586077,FCRequestMetrics:/n-matmul-128,293,293,,,0.03,n-matmul-128,true,b921ac706f30,,c-690eed8d-0cf1abd9-a5d5bfafa5f0,1762586071005,Sync,6335.08,1762586071003,21.0.3.20,false,128,2.14,InvokeFunction,,,LATEST,1-690eedd7-0c49fa-4dbe6d4e2ab2,OnDemand,,,1.12,,"{""errorType"":""FunctionAbnormalExitError""}"
,3641BD03B2EDD337A1E5E07D16D4DE1D-12,1762586077,FCRequestMetrics:/n-matmul-128,294,294,,,0.05,n-matmul-128,true,74c2be7ed7bc,,c-690eed8d-0cf1abd9-611a2133a545,1762586072169,Sync,5346.76,1762586072168,21.0.3.12,false,128,2.07,InvokeFunction,,,LATEST,1-690eedd8-0c0a43-0f025cce6a23,OnDemand,,,0.53,,"{""errorType"":""FunctionAbnormalExitError""}"
,63DE596157EC5C3204595F887449B280-11,1762586077,FCRequestMetrics:/n-matmul-128,288,288,,,0.05,n-matmul-128,true,1ee48239c919,,c-690eed96-0cf1abd9-7fba4a37caaa,1762586075026,Sync,2843.11,1762586075026,21.0.3.10,false,128,2.09,InvokeFunction,,,LATEST,1-690eeddb-0c0a43-6093184536a5,OnDemand,,,0.54,,"{""errorType"":""FunctionAbnormalExitError""}"
,2E495B2CAC791BF5DF5ED6AA835AFB7D-12,1762586077,FCRequestMetrics:/n-matmul-128,290,290,,,0.02,n-matmul-128,true,a1e594fd58b9,,c-690eed96-0cf1abd9-438cb8917382,1762586074883,Sync,3052.03,1762586074882,21.0.3.9,false,128,4.11,InvokeFunction,,,LATEST,1-690eedda-0c49fa-6f1b45e51452,OnDemand,,,1.44,,"{""errorType"":""FunctionAbnormalExitError""}"
,72B0763C812343F54C4768A450A14952-12,1762586077,FCRequestMetrics:/n-matmul-128,290,290,,,0.04,n-matmul-128,true,cf26af28e3d5,,c-690eed8d-0cf1abd9-53316fbc9c29,1762586073722,Sync,4011.80,1762586073721,21.0.3.21,false,128,2.05,InvokeFunction,,,LATEST,1-690eedd9-0c0a43-8c0fdb28ed1b,OnDemand,,,0.46,,"{""errorType"":""FunctionAbnormalExitError""}"
,5CA892A8CA0A24989C4731381529FB34-E,1762586078,FCRequestMetrics:/n-matmul-128,288,288,,,16896.03,n-matmul-128,false,2e11fae8268d,,c-690eed96-0cf1abd9-77c3d2a5e2ce,1762586061358,Sync,16898.56,1762586061356,21.0.3.20,false,128,21.85,InvokeFunction,,,LATEST,1-690eedcd-0c49fa-ac90d63a652e,OnDemand,,,1.40,
,54FD7E1C16E33CD5A572B96CB27C6F6C-10,1762586078,FCRequestMetrics:/n-matmul-128,297,297,,,20630.31,n-matmul-128,false,e563746bf006,,c-690eed96-0cf1abd9-aba818b27a54,1762586057645,Sync,20633.32,1762586057644,21.0.3.26,false,128,22.04,InvokeFunction,,,LATEST,1-690eedc9-0c49fa-c611d1f67de1,OnDemand,,,1.15,
,8BF05F1C242706C79550D7B32CA90C86-F,1762586078,FCRequestMetrics:/n-matmul-128,298,298,,,21340.90,n-matmul-128,false,54332440cef2,,c-690eed96-0cf1abd9-e216e2341a60,1762586057242,Sync,21345.17,1762586057241,21.0.3.24,false,128,34.19,InvokeFunction,,,LATEST,1-690eedc9-0c0a43-0419de5d938c,OnDemand,,,0.53,
,3DBA81FE1FDC810A3B598CDA1A88AB60-10,1762586078,FCRequestMetrics:/n-matmul-128,297,297,,,20826.22,n-matmul-128,false,6b13c5a9a7ea,,c-690eed8d-0cf1abd9-58271c35b033,1762586057636,Sync,20978.56,1762586057491,21.0.3.26,false,128,27.03,InvokeFunction,,,LATEST,1-690eedc9-0c0a43-85cf35ff5c1c,OnDemand,,,145.72,
,766129AB7B6D0B09055969F465FC8A08-8,1762586078,FCRequestMetrics:/n-matmul-128,284,284,,,19779.11,n-matmul-128,false,df4dc26dbca2,,c-690eedad-0cf1abd9-3e9ecfe8951a,1762586058738,Sync,19781.15,1762586058737,21.0.3.16,false,128,22.40,InvokeFunction,,,LATEST,1-690eedca-0c0a43-360f335d6dee,OnDemand,,,0.56,
,E6C8A3E89807930B60F307F6EAB50F00-8,1762586078,FCRequestMetrics:/n-matmul-128,288,288,,,20142.34,n-matmul-128,false,c9f8599ed144,,c-690eedad-0cf1abd9-33c85c00b730,1762586058733,Sync,20154.42,1762586058731,21.0.3.20,false,128,27.41,InvokeFunction,,,LATEST,1-690eedca-0c49fa-44dd97d32196,OnDemand,,,1.39,
,06C1AECF0F54657A09035580DC6D0DB0-12,1762586078,FCRequestMetrics:/n-matmul-128,290,290,,,0.03,n-matmul-128,true,d73180f2ad0e,,c-690eed8d-0cf1abd9-22bbe3b454d8,1762586073679,Sync,4407.94,1762586073678,21.0.3.22,false,128,2.12,InvokeFunction,,,LATEST,1-690eedd9-0c0a43-9a79ca1383c4,OnDemand,,,0.54,,"{""errorType"":""FunctionAbnormalExitError""}"
,521189B198D6C67402E1ED4D6E9E659F-9,1762586078,FCRequestMetrics:/n-matmul-128,285,285,,,19641.41,n-matmul-128,false,727464a7e5d7,,c-690eedad-0cf1abd9-9ae3384bb76d,1762586059036,Sync,19647.33,1762586059035,21.0.3.26,false,128,22.66,InvokeFunction,,,LATEST,1-690eedcb-0c49fa-e83ed94febd0,OnDemand,,,1.01,
,582B2FD610CE36EC9001D437122DA7DE-12,1762586078,FCRequestMetrics:/n-matmul-128,296,296,,,0.06,n-matmul-128,true,6d8c2f880a16,,c-690eed84-0cf1abd9-51ea92789350,1762586074022,Sync,4582.58,1762586074021,21.0.3.23,false,128,2.11,InvokeFunction,,,LATEST,1-690eedda-0c0a43-951edc8f674b,OnDemand,,,0.45,,"{""errorType"":""FunctionAbnormalExitError""}"
,E3C9ED0B2534F08C4630863A71EE6115-11,1762586078,FCRequestMetrics:/n-matmul-128,288,288,,,0.04,n-matmul-128,true,87674caf583b,,c-690eed96-0cf1abd9-ae05907d43ad,1762586075002,Sync,3668.34,1762586075001,21.0.3.21,false,128,2.10,InvokeFunction,,,LATEST,1-690eeddb-0c0a43-9714bde6273c,OnDemand,,,0.53,,"{""errorType"":""FunctionAbnormalExitError""}"
,1715E5CEAB8367704C4CBAEA4FB2B3A5-12,1762586078,FCRequestMetrics:/n-matmul-128,297,297,,,0.04,n-matmul-128,true,d9e930eac608,,c-690eed83-0cf1abd9-acea5d3aee77,1762586071520,Sync,7450.66,1762586071519,21.0.3.24,false,128,2.22,InvokeFunction,,,LATEST,1-690eedd7-0c0a43-5318dffc89e0,OnDemand,,,0.50,,"{""errorType"":""FunctionAbnormalExitError""}"
,41C8E8C026B88A3FDC7027A22DD65441-14,1762586078,FCRequestMetrics:/n-matmul-128,289,289,,,15414.90,n-matmul-128,false,0e85519b1ae8,,c-690eed85-0cf1abd9-a830e80c9d58,1762586063543,Sync,15426.25,1762586063542,21.0.3.12,false,128,22.21,InvokeFunction,,,LATEST,1-690eedcf-0c49fa-75b84deb2f5b,OnDemand,,,1.18,
,B0234B70AFAFEAEF517C2172ED2CFEB6-11,1762586078,FCRequestMetrics:/n-matmul-128,292,292,,,0.03,n-matmul-128,true,9bfb01ae65a2,,c-690eed96-0cf1abd9-df0c068d62fa,1762586076378,Sync,2454.41,1762586076377,21.0.3.27,false,128,4.07,InvokeFunction,,,LATEST,1-690eeddc-0c0a43-6c5f9264f96a,OnDemand,,,0.51,,"{""errorType"":""FunctionAbnormalExitError""}"
,76D617CB71485C23C9F7230DC75F302E-10,1762586079,FCRequestMetrics:/n-matmul-128,292,292,,,22496.01,n-matmul-128,false,b7a64c32d5d5,,c-690eed8d-0cf1abd9-7d7906dde49b,1762586056808,Sync,22498.15,1762586056807,21.0.3.25,false,128,27.14,InvokeFunction,,,LATEST,1-690eedc8-0c49fa-82b57df628ed,OnDemand,,,1.24,
,2255CA33B5278BAE9F851AD47714358B-10,1762586079,FCRequestMetrics:/n-matmul-128,294,294,,,19829.27,n-matmul-128,false,54cc386b80a2,,c-690eed96-0cf1abd9-3739867da5d5,1762586059478,Sync,19836.62,1762586059478,21.0.3.23,false,128,36.84,InvokeFunction,,,LATEST,1-690eedcb-0c0a43-375ea24672ce,OnDemand,,,0.51,
,32B0F1D581F5E39EC6054F7F479A9133-F,1762586079,FCRequestMetrics:/n-matmul-128,292,292,,,15604.54,n-matmul-128,false,0671b6afd97c,,c-690eed96-0cf1abd9-2fa702511747,1762586063790,Sync,15606.86,1762586063788,21.0.3.16,false,128,24.35,InvokeFunction,,,LATEST,1-690eedcf-0c49fa-de8cc19c1b08,OnDemand,,,1.36,
,C850E9452F734C9D301E12F034A57295-F,1762586079,FCRequestMetrics:/n-matmul-128,298,298,,,17312.11,n-matmul-128,false,81a96430e100,,c-690eed96-0cf1abd9-87344dd52402,1762586062076,Sync,17314.30,1762586062075,21.0.3.27,false,128,32.05,InvokeFunction,,,LATEST,1-690eedce-0c0a43-5531da54ad8e,OnDemand,,,0.52,
,AA4F50678A1127D06BAF7C6E1EB093FA-10,1762586079,FCRequestMetrics:/n-matmul-128,297,297,,,21978.56,n-matmul-128,false,280167d0cedf,,c-690eed8d-0cf1abd9-a97014d5fff8,1762586057678,Sync,21980.21,1762586057677,21.0.3.27,false,128,21.96,InvokeFunction,,,LATEST,1-690eedc9-0c49fa-7b6f475cf550,OnDemand,,,0.90,
,7C93FF0D333DC21F7F2F36A9AB89B027-8,1762586079,FCRequestMetrics:/n-matmul-128,298,298,,,21382.05,n-matmul-128,false,7f50294cfbd1,,c-690eedad-0cf1abd9-a087dd1de86c,1762586057835,Sync,21586.97,1762586057632,21.0.3.18,false,128,27.34,InvokeFunction,,,LATEST,1-690eedc9-0c0a43-b9f6d73ae31e,OnDemand,,,201.91,
,8AE5E5DD376D8B6BBC87B2F900A287DB-14,1762586079,FCRequestMetrics:/n-matmul-128,296,296,,,15756.46,n-matmul-128,false,7a13a20b921a,,c-690eed85-0cf1abd9-64d3ea47bde3,1762586064188,Sync,15760.83,1762586064187,21.0.3.13,false,128,22.19,InvokeFunction,,,LATEST,1-690eedd0-0c49fa-f50f95e65392,OnDemand,,,1.15,
,D51D20527F4C644906559B128F1C851C-7,1762586079,FCRequestMetrics:/n-matmul-128,287,287,,,20496.42,n-matmul-128,false,c1c1a459d69d,,c-690eedad-0cf1abd9-b4f03fd3a358,1762586059238,Sync,20497.94,1762586059237,21.0.3.27,false,128,27.41,InvokeFunction,,,LATEST,1-690eedcb-0c0a43-bac51c50de44,OnDemand,,,0.53,
,1A53D7BA4C6855BB7F6F66CB757FBC63-8,1762586079,FCRequestMetrics:/n-matmul-128,287,287,,,19947.96,n-matmul-128,false,a75e3f2d1f77,,c-690eedad-0cf1abd9-5a75b37e305c,1762586059222,Sync,19949.76,1762586059221,21.0.3.22,false,128,29.30,InvokeFunction,,,LATEST,1-690eedcb-0c0a43-cb2c7220be31,OnDemand,,,0.57,
,F8B25C5CA1AC44682E9155B471DB8F1A-8,1762586079,FCRequestMetrics:/n-matmul-128,298,298,,,20149.93,n-matmul-128,false,9f59c904e38b,,c-690eedad-0cf1abd9-c2fbfc23fb52,1762586059586,Sync,20151.99,1762586059584,21.0.3.21,false,128,27.35,InvokeFunction,,,LATEST,1-690eedcb-0c49fa-dd2ea51431dc,OnDemand,,,1.16,
,42E890D6520D105A9B16A20A2B52D801-C,1762586079,FCRequestMetrics:/n-matmul-128,294,294,,,15233.42,n-matmul-128,false,94b02dd0f401,,c-690eeda9-0cf1abd9-9011fb8320b3,1762586063955,Sync,15235.55,1762586063953,21.0.3.8,false,128,43.49,InvokeFunction,,,LATEST,1-690eedcf-0c49fa-073eb8a01d11,OnDemand,,,1.17,
,C6D042B3AA8F55B11A4AF85F00682BEA-12,1762586079,FCRequestMetrics:/n-matmul-128,297,297,,,0.03,n-matmul-128,true,7399f831961f,,c-690eed84-0cf1abd9-757f054c6418,1762586074039,Sync,5446.45,1762586074038,21.0.3.26,false,128,2.04,InvokeFunction,,,LATEST,1-690eedda-0c0a43-831438d06229,OnDemand,,,0.48,,"{""errorType"":""FunctionAbnormalExitError""}"
,3264C158E2D5E5DEFE085BA619A247E7-11,1762586079,FCRequestMetrics:/n-matmul-128,290,290,,,0.02,n-matmul-128,true,0f7eccb6ce30,,c-690eed96-0cf1abd9-e222a82ad173,1762586076481,Sync,2730.99,1762586076480,21.0.3.4,false,128,2.19,InvokeFunction,,,LATEST,1-690eeddc-0c0a43-48e1d2270ff8,OnDemand,,,0.56,,"{""errorType"":""FunctionAbnormalExitError""}"
,04AD457B2A4E5603A91424FD74D7D0F7-13,1762586079,FCRequestMetrics:/n-matmul-128,289,289,,,0.04,n-matmul-128,true,c0065d925c86,,c-690eed83-0cf1abd9-e451cdc04672,1762586071399,Sync,7867.51,1762586071398,21.0.3.14,false,128,4.06,InvokeFunction,,,LATEST,1-690eedd7-0c0a43-f0ab54a993e9,OnDemand,,,0.47,,"{""errorType"":""FunctionAbnormalExitError""}"
,0048D2107E68C0AF59F0E03E3C5D236C-B,1762586079,FCRequestMetrics:/n-matmul-128,299,299,,,14017.89,n-matmul-128,false,aeee4fbdde24,,c-690eeda9-0cf1abd9-80c24ee76e6d,1762586065066,Sync,14269.20,1762586064828,21.0.3.12,false,128,27.43,InvokeFunction,,,LATEST,1-690eedd0-0c49fa-b6161e863ef4,OnDemand,,,237.18,
,B48DE1721A8D9F887D85EACFE463D9F5-7,1762586079,FCRequestMetrics:/n-matmul-128,288,288,,,18402.37,n-matmul-128,false,b2814d85c49e,,c-690eedaf-0cf1abd9-25241dcc866f,1762586061402,Sync,18411.73,1762586061401,21.0.3.26,false,128,22.32,InvokeFunction,,,LATEST,1-690eedcd-0c49fa-1343d5771600,OnDemand,,,1.20,
,DB24A72FC77702D7D653E666A3F5E890-12,1762586079,FCRequestMetrics:/n-matmul-128,298,298,,,0.04,n-matmul-128,true,b1264e2772ef,,c-690eed83-0cf1abd9-7df724ab21a7,1762586072504,Sync,6959.19,1762586072342,21.0.3.17,false,128,4.16,InvokeFunction,,,LATEST,1-690eedd8-0c49fa-96e2e87fef9a,OnDemand,,,161.09,,"{""errorType"":""FunctionAbnormalExitError""}"
,B9CC31614084CD73FC6E2CD9504361BE-12,1762586079,FCRequestMetrics:/n-matmul-128,288,288,,,0.05,n-matmul-128,true,6211d0e2f318,,c-690eed84-0cf1abd9-9c5b9e84230e,1762586075001,Sync,4618.20,1762586074999,21.0.3.18,false,128,2.23,InvokeFunction,,,LATEST,1-690eedda-0c49fa-442cddbbbd4f,OnDemand,,,0.92,,"{""errorType"":""FunctionAbnormalExitError""}"
,4DF5713F052ED08D8FF3A9FDE56D7F83-12,1762586079,FCRequestMetrics:/n-matmul-128,299,299,,,0.03,n-matmul-128,true,be9fec8342f8,,c-690eed83-0cf1abd9-b75a5db2845a,1762586072577,Sync,7183.34,1762586072326,21.0.3.21,false,128,4.12,InvokeFunction,,,LATEST,1-690eedd8-0c0a43-b6cb713d2410,OnDemand,,,251.54,,"{""errorType"":""FunctionAbnormalExitError""}"
,C7D2A82C4522CA8A251B518A5412EBB2-11,1762586079,FCRequestMetrics:/n-matmul-128,290,290,,,0.02,n-matmul-128,true,4b354849f527,,c-690eed96-0cf1abd9-72da89fa2b61,1762586076460,Sync,3363.85,1762586076458,21.0.3.21,false,128,2.12,InvokeFunction,,,LATEST,1-690eeddc-0c49fa-52f629ba4080,OnDemand,,,0.96,,"{""errorType"":""FunctionAbnormalExitError""}"
,0DE5178D46C5303D6977161F8DE7542A-11,1762586079,FCRequestMetrics:/n-matmul-128,298,298,,,0.04,n-matmul-128,true,38bd945bd6ee,,c-690eed84-0cf1abd9-eaac368eb58c,1762586072562,Sync,7224.78,1762586072344,21.0.3.27,false,128,2.09,InvokeFunction,,,LATEST,1-690eedd8-0c49fa-fac1db5dd9c5,OnDemand,,,213.56,,"{""errorType"":""FunctionAbnormalExitError""}"
,4144839320AC12CCDB04B923E734740F-13,1762586079,FCRequestMetrics:/n-matmul-128,296,296,,,0.04,n-matmul-128,true,f2237be86146,,c-690eed84-0cf1abd9-d791d9e182fe,1762586074022,Sync,5507.54,1762586074021,21.0.3.25,false,128,4.32,InvokeFunction,,,LATEST,1-690eedda-0c0a43-4c13b5d21bdc,OnDemand,,,0.52,,"{""errorType"":""FunctionAbnormalExitError""}"
,00F741ED552D957855AA9DEA31925A77-14,1762586079,FCRequestMetrics:/n-matmul-128,296,296,,,15051.57,n-matmul-128,false,478f63eb8cbf,,c-690eed85-0cf1abd9-026f6407b0f7,1762586064747,Sync,15054.31,1762586064746,21.0.3.17,false,128,22.14,InvokeFunction,,,LATEST,1-690eedd0-0c49fa-b09f98fb1548,OnDemand,,,1.16,
,B2D9766D97B902C7A31498DC152CD74A-12,1762586079,FCRequestMetrics:/n-matmul-128,291,291,,,0.04,n-matmul-128,true,efd1785218e5,,c-690eed84-0cf1abd9-6314f848c25e,1762586073561,Sync,6100.80,1762586073560,21.0.3.18,false,128,4.11,InvokeFunction,,,LATEST,1-690eedd9-0c49fa-28877a2e77dd,OnDemand,,,1.36,,"{""errorType"":""FunctionAbnormalExitError""}"
,1643C472A4A9C9E7636975D61997BF49-11,1762586079,FCRequestMetrics:/n-matmul-128,299,299,,,0.02,n-matmul-128,true,587857d87fe7,,c-690eed96-0cf1abd9-9d1eba3d67bf,1762586077430,Sync,2431.22,1762586077267,21.0.3.11,false,128,2.11,InvokeFunction,,,LATEST,1-690eeddd-0c49fa-3f942b26e7e1,OnDemand,,,162.77,,"{""errorType"":""FunctionAbnormalExitError""}"
,2BD77D43468911AB831A8F7E54DB0C85-11,1762586079,FCRequestMetrics:/n-matmul-128,295,295,,,0.03,n-matmul-128,true,b7def3b75118,,c-690eed96-0cf1abd9-52afc540c138,1762586077104,Sync,2813.80,1762586077103,21.0.3.12,false,128,4.07,InvokeFunction,,,LATEST,1-690eeddd-0c0a43-2e2a7ccf9fe7,OnDemand,,,0.50,,"{""errorType"":""FunctionAbnormalExitError""}"
,EB162AD5CEDC859E0500DC7BBAC4AEA6-12,1762586079,FCRequestMetrics:/n-matmul-128,290,290,,,0.04,n-matmul-128,true,01cff2362e74,,c-690eed84-0cf1abd9-71a3383f4ef8,1762586073724,Sync,6040.50,1762586073722,21.0.3.26,false,128,2.25,InvokeFunction,,,LATEST,1-690eedd9-0c49fa-de6db8277964,OnDemand,,,0.92,,"{""errorType"":""FunctionAbnormalExitError""}"
,DC13127C12C05FE53A3C463F46560AE2-13,1762586079,FCRequestMetrics:/n-matmul-128,290,290,,,0.04,n-matmul-128,true,23c185050e4f,,c-690eed83-0cf1abd9-42d2bc137d48,1762586073656,Sync,6197.32,1762586073655,21.0.3.15,false,128,2.25,InvokeFunction,,,LATEST,1-690eedd9-0c49fa-61966b5dbf22,OnDemand,,,1.16,,"{""errorType"":""FunctionAbnormalExitError""}"
,869DF173F19FB37007A48145CD0630D0-F,1762586080,FCRequestMetrics:/n-matmul-128,299,299,,,17876.70,n-matmul-128,false,f71765104eb6,,c-690eed96-0cf1abd9-4b21baf34b2d,1762586062251,Sync,18034.56,1762586062094,21.0.3.13,false,128,26.85,InvokeFunction,,,LATEST,1-690eedce-0c0a43-4910942a7c45,OnDemand,,,157.08,
,D146A4E091934A2DB3F52D2283250B9C-F,1762586080,FCRequestMetrics:/n-matmul-128,296,296,,,15982.29,n-matmul-128,false,e11351b48c04,,c-690eed96-0cf1abd9-c0d64c44585a,1762586064221,Sync,15984.40,1762586064221,21.0.3.14,false,128,21.96,InvokeFunction,,,LATEST,1-690eedd0-0c0a43-87522de7bbf2,OnDemand,,,0.55,
,3FA5063DFE5456024B083E53482C60F0-F,1762586080,FCRequestMetrics:/n-matmul-128,289,289,,,20589.11,n-matmul-128,false,3222ec60138b,,c-690eed96-0cf1abd9-dee09d3a553a,1762586059442,Sync,20608.51,1762586059424,21.0.3.22,false,128,26.85,InvokeFunction,,,LATEST,1-690eedcb-0c49fa-2c65d4b6ea9d,OnDemand,,,1.21,
,DBD9CA05BB5AF635A4D2F2706778DAAB-7,1762586080,FCRequestMetrics:/n-matmul-128,289,289,,,21371.29,n-matmul-128,false,afa22b97568b,,c-690eedad-0cf1abd9-3f62736c6e5e,1762586059422,Sync,21387.44,1762586059421,21.0.3.14,false,128,29.64,InvokeFunction,,,LATEST,1-690eedcb-0c0a43-c31a1acd1ba1,OnDemand,,,0.53,
,B292BE044A2671902A084AE5890DA3F1-F,1762586080,FCRequestMetrics:/n-matmul-128,298,298,,,18289.13,n-matmul-128,false,e59368e395e4,,c-690eed96-0cf1abd9-d4bd420ec297,1762586062074,Sync,18297.59,1762586062072,21.0.3.26,false,128,32.30,InvokeFunction,,,LATEST,1-690eedce-0c49fa-2cc5246f0953,OnDemand,,,1.37,
,CEBE4DE47CD58B3FB8C58509A1292CE6-14,1762586080,FCRequestMetrics:/n-matmul-128,296,296,,,16034.87,n-matmul-128,false,f06ea0952339,,c-690eed85-0cf1abd9-158fa1fe0ffd,1762586064188,Sync,16038.13,1762586064187,21.0.3.14,false,128,22.81,InvokeFunction,,,LATEST,1-690eedd0-0c0a43-45d416574d84,OnDemand,,,0.98,
,4D0C87630DE75182644B9E4D5295586B-14,1762586080,FCRequestMetrics:/n-matmul-128,296,296,,,16315.63,n-matmul-128,false,ce613473cf37,,c-690eed85-0cf1abd9-2f0a1317ca81,1762586064184,Sync,16322.54,1762586064182,21.0.3.11,false,128,22.57,InvokeFunction,,,LATEST,1-690eedd0-0c49fa-79a57e3f48b7,OnDemand,,,1.43,
,5D3028635C095A703267EC741BCFD73F-8,1762586080,FCRequestMetrics:/n-matmul-128,289,289,,,20859.09,n-matmul-128,false,dcf997b4a460,,c-690eedad-0cf1abd9-22285122ab78,1762586059374,Sync,20863.38,1762586059372,21.0.3.23,false,128,27.37,InvokeFunction,,,LATEST,1-690eedcb-0c49fa-ef1b70b95c54,OnDemand,,,1.23,
,EE68EE4B972CEED0E744CF0F0F08C29D-8,1762586080,FCRequestMetrics:/n-matmul-128,288,288,,,21369.03,n-matmul-128,false,a70b2e0d4697,,c-690eedad-0cf1abd9-2896c0f9f5f0,1762586058716,Sync,21380.74,1762586058715,21.0.3.19,false,128,29.49,InvokeFunction,,,LATEST,1-690eedca-0c49fa-d66a74baf52f,OnDemand,,,1.45,
,138C4DD02091A1A0F89BE9AFE1D56E0D-F,1762586080,FCRequestMetrics:/n-matmul-128,292,292,,,19187.43,n-matmul-128,false,e91af773f85a,,c-690eed96-0cf1abd9-3b29dfca5136,1762586061702,Sync,19189.06,1762586061701,21.0.3.18,false,128,29.16,InvokeFunction,,,LATEST,1-690eedcd-0c0a43-a5fcdc7f1f33,OnDemand,,,0.59,
,D327063AE1B1A8A40B8F203869F3086F-8,1762586080,FCRequestMetrics:/n-matmul-128,289,289,,,20793.46,n-matmul-128,false,357f8c96fd4d,,c-690eedad-0cf1abd9-c9eee6f52450,1762586059419,Sync,20795.26,1762586059418,21.0.3.24,false,128,27.32,InvokeFunction,,,LATEST,1-690eedcb-0c49fa-21639f0bd72e,OnDemand,,,0.83,
,1CEDCBDB1E088C8CB4C3FA3109C6E820-7,1762586080,FCRequestMetrics:/n-matmul-128,284,284,,,21414.61,n-matmul-128,false,923fec13e813,,c-690eedad-0cf1abd9-b681c919879f,1762586058901,Sync,21419.88,1762586058900,21.0.3.25,false,128,27.66,InvokeFunction,,,LATEST,1-690eedca-0c49fa-e94eebb80549,OnDemand,,,0.82,
,21A4B0901367BD0C28B579B375001259-A,1762586080,FCRequestMetrics:/n-matmul-128,298,298,,,15290.24,n-matmul-128,false,387d318bc5da,,c-690eeda9-0cf1abd9-e3fe59758c3d,1762586064943,Sync,15291.65,1762586064943,21.0.3.7,false,128,67.94,InvokeFunction,,,LATEST,1-690eedd0-0c0a43-b26b226d270e,OnDemand,,,0.52,
,726276DB65DF441CF9FFA978FD3617F1-B,1762586080,FCRequestMetrics:/n-matmul-128,289,289,,,16682.44,n-matmul-128,false,56d2cb735fb5,,c-690eeda5-0cf1abd9-411ea4a01e98,1762586063535,Sync,16684.24,1762586063535,21.0.3.6,false,128,80.28,InvokeFunction,,,LATEST,1-690eedcf-0c0a43-b0478dbbcd05,OnDemand,,,0.56,
,A9D18AD4109C30D5E34A6CADD737B686-14,1762586080,FCRequestMetrics:/n-matmul-128,291,291,,,16710.07,n-matmul-128,false,07c49809bd2c,,c-690eed85-0cf1abd9-a441473e8758,1762586063683,Sync,16713.90,1762586063681,21.0.3.16,false,128,22.71,InvokeFunction,,,LATEST,1-690eedcf-0c49fa-236bfce7b6eb,OnDemand,,,1.18,
,3BEF1FB49BB1EEA673FE9EF39C7658DF-8,1762586080,FCRequestMetrics:/n-matmul-128,298,298,,,20651.18,n-matmul-128,false,bd8589a527e0,,c-690eedaf-0cf1abd9-f823ec7b2052,1762586060269,Sync,20655.00,1762586060267,21.0.3.18,false,128,27.55,InvokeFunction,,,LATEST,1-690eedcc-0c49fa-d00bb3a5e52c,OnDemand,,,1.43,
,62FA41B7FF8249B4D088B827B9DA2023-8,1762586080,FCRequestMetrics:/n-matmul-128,289,289,,,18835.05,n-matmul-128,false,556831e46ae8,,c-690eedb0-0cf1abd9-551cbd21126d,1762586061519,Sync,18842.55,1762586061518,21.0.3.27,false,128,22.80,InvokeFunction,,,LATEST,1-690eedcd-0c0a43-277ab0caebf2,OnDemand,,,0.55,
,D18734D858301861EC9B1A728F760677-8,1762586080,FCRequestMetrics:/n-matmul-128,290,290,,,19578.49,n-matmul-128,false,c5bf669e63a0,,c-690eedaf-0cf1abd9-3f99b24b664d,1762586060975,Sync,19584.02,1762586060974,21.0.3.20,false,128,27.82,InvokeFunction,,,LATEST,1-690eedcc-0c0a43-17b62b869cc0,OnDemand,,,0.55,
,890DC515470C0D64B7BCB1DEAC8D6597-11,1762586080,FCRequestMetrics:/n-matmul-128,291,291,,,0.04,n-matmul-128,true,ed39d36f7908,,c-690eed96-0cf1abd9-0e620186c5f3,1762586076914,Sync,3239.62,1762586076913,21.0.3.25,false,128,4.12,InvokeFunction,,,LATEST,1-690eeddc-0c0a43-2e930e36ea3e,OnDemand,,,0.56,,"{""errorType"":""FunctionAbnormalExitError""}"
,0D0B5399E6C73F2546BD22845DA04E21-12,1762586080,FCRequestMetrics:/n-matmul-128,288,288,,,0.03,n-matmul-128,true,47a596ce3adb,,c-690eed84-0cf1abd9-1234c0f5f235,1762586074978,Sync,5084.82,1762586074977,21.0.3.21,false,128,2.12,InvokeFunction,,,LATEST,1-690eedda-0c0a43-f100598acd77,OnDemand,,,0.50,,"{""errorType"":""FunctionAbnormalExitError""}"
,C7EF96C9FA36BA4241E0BBE4133D0AE3-12,1762586080,FCRequestMetrics:/n-matmul-128,296,296,,,0.03,n-matmul-128,true,143002e59623,,c-690eed8d-0cf1abd9-5277dcd6704a,1762586077210,Sync,3377.90,1762586077209,21.0.3.22,false,128,4.05,InvokeFunction,,,LATEST,1-690eeddd-0c0a43-465ea9c7ec17,OnDemand,,,0.51,,"{""errorType"":""FunctionAbnormalExitError""}"
,D143AE44C19E26F9220F758DFE51775E-11,1762586080,FCRequestMetrics:/n-matmul-128,295,295,,,0.04,n-matmul-128,true,7cc6d641bed2,,c-690eed96-0cf1abd9-0cb5743955c5,1762586075086,Sync,5312.16,1762586075084,21.0.3.17,false,128,2.22,InvokeFunction,,,LATEST,1-690eeddb-0c49fa-09a00203aeab,OnDemand,,,1.35,,"{""errorType"":""FunctionAbnormalExitError""}"
,3433EFF5035DFC81D88241B3272689AA-11,1762586080,FCRequestMetrics:/n-matmul-128,288,288,,,0.04,n-matmul-128,true,c140f4eda296,,c-690eed96-0cf1abd9-4c27d9d9f1af,1762586075004,Sync,5337.52,1762586075003,21.0.3.13,false,128,2.25,InvokeFunction,,,LATEST,1-690eeddb-0c49fa-80472c4f59cb,OnDemand,,,0.78,,"{""errorType"":""FunctionAbnormalExitError""}"
,5FA82E0D11A2F01A283861FD9A436B86-12,1762586080,FCRequestMetrics:/n-matmul-128,296,296,,,0.08,n-matmul-128,true,47b6a53f01e9,,c-690eed8d-0cf1abd9-3ba5efb311dc,1762586077214,Sync,3650.93,1762586077213,21.0.3.23,false,128,2.10,InvokeFunction,,,LATEST,1-690eeddd-0c49fa-43edfc5b733f,OnDemand,,,0.85,,"{""errorType"":""FunctionAbnormalExitError""}"
,198BD0BFC963C7EBC003068011CD263F-12,1762586080,FCRequestMetrics:/n-matmul-128,295,295,,,0.03,n-matmul-128,true,f2fc65392c05,,c-690eed84-0cf1abd9-020573621d1e,1762586075400,Sync,5408.27,1762586075398,21.0.3.27,false,128,2.19,InvokeFunction,,,LATEST,1-690eeddb-0c49fa-5ad7172b85c9,OnDemand,,,1.39,,"{""errorType"":""FunctionAbnormalExitError""}"
,54FD7E1C16E33CD5A572B96CB27C6F6C-13,1762586080,FCRequestMetrics:/n-matmul-128,298,298,,,0.06,n-matmul-128,true,e563746bf006,,c-690eed96-0cf1abd9-aba818b27a54,1762586078392,Sync,2226.81,1762586078391,21.0.3.26,false,128,2.34,InvokeFunction,,,LATEST,1-690eedde-0c0a43-dd8d658da7a9,OnDemand,,,0.64,,"{""errorType"":""FunctionAbnormalExitError""}"
,268F3D3C46E38184A5EB5CF616A731E0-12,1762586080,FCRequestMetrics:/n-matmul-128,295,295,,,0.03,n-matmul-128,true,0833dc1a5c1e,,c-690eed84-0cf1abd9-aec18b43eff0,1762586075124,Sync,5628.46,1762586075123,21.0.3.20,false,128,4.11,InvokeFunction,,,LATEST,1-690eeddb-0c0a43-393a83556d40,OnDemand,,,0.53,,"{""errorType"":""FunctionAbnormalExitError""}"
,D3A5ACAA170AA2F73392865F0C2D539D-12,1762586080,FCRequestMetrics:/n-matmul-128,295,295,,,0.03,n-matmul-128,true,6c683a9ba932,,c-690eed84-0cf1abd9-d44cbd427b7e,1762586075038,Sync,5862.87,1762586075037,21.0.3.24,false,128,4.11,InvokeFunction,,,LATEST,1-690eeddb-0c0a43-3b24a577dcc0,OnDemand,,,0.54,,"{""errorType"":""FunctionAbnormalExitError""}"
,530FE0259011E1488EC5E3B38AE725E0-14,1762586080,FCRequestMetrics:/n-matmul-128,295,295,,,0.06,n-matmul-128,true,84f6be032d7a,,c-690eed84-0cf1abd9-3f0610e48d26,1762586077071,Sync,3845.36,1762586077070,21.0.3.22,false,128,2.20,InvokeFunction,,,LATEST,1-690eeddd-0c49fa-9bacfa91e892,OnDemand,,,1.12,,"{""errorType"":""FunctionAbnormalExitError""}"
,A8FF43E92F4D978DEA7FF72424BA415A-12,1762586080,FCRequestMetrics:/n-matmul-128,297,297,,,0.06,n-matmul-128,true,00a0b8d7795c,,c-690eed84-0cf1abd9-d5f620461f53,1762586075881,Sync,5091.84,1762586075879,21.0.3.25,false,128,2.07,InvokeFunction,,,LATEST,1-690eeddb-0c49fa-18db86376df3,OnDemand,,,1.37,,"{""errorType"":""FunctionAbnormalExitError""}"
,6103DB4D384590E61A6F2F19F6C5AA12-F,1762586081,FCRequestMetrics:/n-matmul-128,290,290,,,17587.75,n-matmul-128,false,4bf26ccbfd63,,c-690eed96-0cf1abd9-33d753346913,1762586063524,Sync,17590.11,1762586063524,21.0.3.8,false,128,82.06,InvokeFunction,,,LATEST,1-690eedcf-0c0a43-f468447bfcbf,OnDemand,,,0.54,
,D00197269011D75200F8878AB52887BF-10,1762586081,FCRequestMetrics:/n-matmul-128,295,295,,,17478.56,n-matmul-128,false,efbe8cba4f7c,,c-690eed96-0cf1abd9-cb967da6ce67,1762586064055,Sync,17480.57,1762586064054,21.0.3.19,false,128,28.11,InvokeFunction,,,LATEST,1-690eedd0-0c49fa-0edf3855c25d,OnDemand,,,1.18,
,8A2A2BA029F638783B43D48CB01B0C65-F,1762586081,FCRequestMetrics:/n-matmul-128,291,291,,,17286.13,n-matmul-128,false,9f79c2d0c5f2,,c-690eed96-0cf1abd9-e99fca3da2c1,1762586063716,Sync,17290.31,1762586063714,21.0.3.9,false,128,50.96,InvokeFunction,,,LATEST,1-690eedcf-0c49fa-f24b22c238f8,OnDemand,,,1.13,
,E473C3EB473436CCADF8096E8D0D2C42-F,1762586081,FCRequestMetrics:/n-matmul-128,296,296,,,17451.20,n-matmul-128,false,aa865b939cef,,c-690eed96-0cf1abd9-6da66350de26,1762586064159,Sync,17453.09,1762586064158,21.0.3.23,false,128,28.75,InvokeFunction,,,LATEST,1-690eedd0-0c0a43-85713a538a65,OnDemand,,,0.54,
,A06E7E0CFCC4CBB6E3216BDC51950A35-7,1762586081,FCRequestMetrics:/n-matmul-128,287,287,,,20100.42,n-matmul-128,false,3c1958efb8c7,,c-690eedaf-0cf1abd9-0cfd58b0d20a,1762586061246,Sync,20103.13,1762586061244,21.0.3.21,false,128,27.72,InvokeFunction,,,LATEST,1-690eedcd-0c49fa-4799a8857118,OnDemand,,,1.38,
,40DA133401D2DE8F12DE87799711FD83-F,1762586081,FCRequestMetrics:/n-matmul-128,291,291,,,17863.34,n-matmul-128,false,f97fe124d699,,c-690eed96-0cf1abd9-bad3da0c0cfe,1762586063730,Sync,17877.98,1762586063730,21.0.3.15,false,128,27.66,InvokeFunction,,,LATEST,1-690eedcf-0c0a43-971c79f592c4,OnDemand,,,0.50,
,7CD416EB1ACE12AA7AC4343AE959C347-8,1762586081,FCRequestMetrics:/n-matmul-128,295,295,,,20121.69,n-matmul-128,false,ae49e46b8d18,,c-690eedaf-0cf1abd9-be78ecad56f3,1762586061788,Sync,20123.80,1762586061787,21.0.3.17,false,128,27.43,InvokeFunction,,,LATEST,1-690eedcd-0c49fa-b521d4970ae7,OnDemand,,,1.12,
,A01F74AEDFA9F5E4A11A4BE6ACD824B6-B,1762586081,FCRequestMetrics:/n-matmul-128,298,298,,,16469.92,n-matmul-128,false,93947e474c66,,c-690eeda9-0cf1abd9-2c67b590b375,1762586064542,Sync,16683.46,1762586064333,21.0.3.9,false,128,22.50,InvokeFunction,,,LATEST,1-690eedd0-0c0a43-22badfb75fd7,OnDemand,,,201.33,
,1B5038221905746079340D2F785F7324-10,1762586081,FCRequestMetrics:/n-matmul-128,296,296,,,17243.68,n-matmul-128,false,cba0726a55b5,,c-690eed96-0cf1abd9-0232b809e3a3,1762586064743,Sync,17244.92,1762586064742,21.0.3.24,false,128,28.19,InvokeFunction,,,LATEST,1-690eedd0-0c0a43-ca35dc19c26d,OnDemand,,,0.51,
,A8D6FAD4E028404BF2BEFFDF098DE909-F,1762586081,FCRequestMetrics:/n-matmul-128,298,298,,,17293.68,n-matmul-128,false,88656d0a707e,,c-690eed96-0cf1abd9-5f48bbab96ce,1762586064487,Sync,17298.68,1762586064485,21.0.3.26,false,128,28.73,InvokeFunction,,,LATEST,1-690eedd0-0c49fa-14d2455cfb08,OnDemand,,,1.18,
,FD072B701FB25CCB50AFAA9BF1412E0E-C,1762586081,FCRequestMetrics:/n-matmul-128,298,298,,,16211.91,n-matmul-128,false,c65bba6f3cbb,,c-690eeda5-0cf1abd9-b8d6081b6434,1762586065003,Sync,16214.59,1762586065002,21.0.3.7,false,128,27.61,InvokeFunction,,,LATEST,1-690eedd1-0c49fa-4a6f633b3815,OnDemand,,,1.14,
,534453451D1297DCF31D88EE6739800C-9,1762586081,FCRequestMetrics:/n-matmul-128,289,289,,,19928.63,n-matmul-128,false,ecc43da18039,,c-690eedaf-0cf1abd9-a039e34a4c5a,1762586061620,Sync,19935.59,1762586061619,21.0.3.19,false,128,27.48,InvokeFunction,,,LATEST,1-690eedcd-0c49fa-cd953ef468eb,OnDemand,,,1.37,
,6119C18E1BE462F8234B40F7752AC57D-8,1762586081,FCRequestMetrics:/n-matmul-128,289,289,,,19545.91,n-matmul-128,false,19e9b19f0963,,c-690eedaf-0cf1abd9-3747d5e10ccc,1762586061632,Sync,19548.19,1762586061630,21.0.3.22,false,128,27.52,InvokeFunction,,,LATEST,1-690eedcd-0c49fa-887d4f654642,OnDemand,,,1.09,
,ADA2C4513DB513B16C4AA68C1E56B16B-B,1762586081,FCRequestMetrics:/n-matmul-128,297,297,,,16992.32,n-matmul-128,false,2e0db407e217,,c-690eeda5-0cf1abd9-e05cdb244a89,1762586064413,Sync,17007.25,1762586064411,21.0.3.9,false,128,27.62,InvokeFunction,,,LATEST,1-690eedd0-0c49fa-9ccfed156b9f,OnDemand,,,1.20,
,6175108D96D0CF70554B3773E70F8DCB-8,1762586081,FCRequestMetrics:/n-matmul-128,289,289,,,19896.53,n-matmul-128,false,e9351adb9afb,,c-690eedaf-0cf1abd9-548ac2e2b910,1762586061603,Sync,19901.53,1762586061602,21.0.3.23,false,128,29.43,InvokeFunction,,,LATEST,1-690eedcd-0c49fa-6b2eff3ff06c,OnDemand,,,0.81,
,1B5486964AC6624C37E4AC052D573C0C-8,1762586081,FCRequestMetrics:/n-matmul-128,287,287,,,20518.19,n-matmul-128,false,e1d941687761,,c-690eedaf-0cf1abd9-f376d98bdc18,1762586061313,Sync,20520.64,1762586061312,21.0.3.25,false,128,27.44,InvokeFunction,,,LATEST,1-690eedcd-0c49fa-da4b6ade70f1,OnDemand,,,1.13,
,CBEBEE735FA2FF6333D0144E3B04208F-7,1762586081,FCRequestMetrics:/n-matmul-128,295,295,,,19327.47,n-matmul-128,false,5205f404b91e,,c-690eedaf-0cf1abd9-dbdd1b76a908,1762586061808,Sync,19331.82,1762586061807,21.0.3.24,false,128,27.96,InvokeFunction,,,LATEST,1-690eedcd-0c0a43-e35f355ec7f2,OnDemand,,,0.45,
,45C231C50F27C559EE3EBEA6F712A3AA-B,1762586081,FCRequestMetrics:/n-matmul-128,298,298,,,16824.01,n-matmul-128,false,0d4cb4afdc65,,c-690eeda5-0cf1abd9-4b4673a66774,1762586064983,Sync,16829.67,1762586064982,21.0.3.8,false,128,29.54,InvokeFunction,,,LATEST,1-690eedd0-0c0a43-1335a04f8722,OnDemand,,,0.50,
,4FAE5B4F008068850E6D6E0BE6E4223E-C,1762586081,FCRequestMetrics:/n-matmul-128,299,299,,,16791.15,n-matmul-128,false,aeecc0ec331a,,c-690eeda5-0cf1abd9-8673b5017294,1762586065111,Sync,16794.35,1762586065110,21.0.3.11,false,128,22.11,InvokeFunction,,,LATEST,1-690eedd1-0c49fa-b0f696197481,OnDemand,,,0.87,
,40091B2BA89130F46C3ED4AE484A882F-12,1762586081,FCRequestMetrics:/n-matmul-128,296,296,,,0.04,n-matmul-128,true,2764cfd363fa,,c-690eed8d-0cf1abd9-243670775407,1762586078014,Sync,3254.06,1762586078013,21.0.3.24,false,128,2.26,InvokeFunction,,,LATEST,1-690eedde-0c49fa-a238412405b6,OnDemand,,,0.90,,"{""errorType"":""FunctionAbnormalExitError""}"
,342C1F773CD379DB41F0F3ADE9815760-12,1762586081,FCRequestMetrics:/n-matmul-128,297,297,,,0.11,n-matmul-128,true,54f5fbffcf0b,,c-690eed96-0cf1abd9-280bb0eca0e1,1762586075637,Sync,6184.82,1762586075637,21.0.3.19,false,128,4.09,InvokeFunction,,,LATEST,1-690eeddb-0c0a43-9674f85e90ab,OnDemand,,,0.50,,"{""errorType"":""FunctionAbnormalExitError""}"
,04F995287DA1DFFB1087C26FDCCA558E-11,1762586081,FCRequestMetrics:/n-matmul-128,297,297,,,0.04,n-matmul-128,true,ae45e8272254,,c-690eed96-0cf1abd9-4f0e71ad03f2,1762586075661,Sync,6494.62,1762586075464,21.0.3.14,false,128,3.09,InvokeFunction,,,LATEST,1-690eeddb-0c49fa-17ef756ab2af,OnDemand,,,197.29,,"{""errorType"":""FunctionAbnormalExitError""}"
,ED8A5D906254A8A3D3B49041BA3A12A8-11,1762586081,FCRequestMetrics:/n-matmul-128,297,297,,,0.03,n-matmul-128,true,c3153ac2927e,,c-690eed96-0cf1abd9-dd35abc0aac0,1762586075840,Sync,6028.34,1762586075839,21.0.3.16,false,128,2.23,InvokeFunction,,,LATEST,1-690eeddb-0c49fa-e55051e972d2,OnDemand,,,1.40,,"{""errorType"":""FunctionAbnormalExitError""}"
,BB4ED00B22F6D0F50600682ABF2615D9-14,1762586081,FCRequestMetrics:/n-matmul-128,288,288,,,14674.28,n-matmul-128,false,b56edd595e8c,,c-690eed85-0cf1abd9-7e6421936614,1762586066797,Sync,14682.79,1762586066796,21.0.3.15,false,128,22.40,InvokeFunction,,,LATEST,1-690eedd2-0c0a43-79255c5b0365,OnDemand,,,0.51,
,8BF05F1C242706C79550D7B32CA90C86-10,1762586081,FCRequestMetrics:/n-matmul-128,295,295,,,0.04,n-matmul-128,true,54332440cef2,,c-690eed96-0cf1abd9-e216e2341a60,1762586078963,Sync,2811.34,1762586078962,21.0.3.24,false,128,4.09,InvokeFunction,,,LATEST,1-690eedde-0c0a43-74940190036f,OnDemand,,,0.45,,"{""errorType"":""FunctionAbnormalExitError""}"
,2255CA33B5278BAE9F851AD47714358B-13,1762586081,FCRequestMetrics:/n-matmul-128,296,296,,,0.03,n-matmul-128,true,54cc386b80a2,,c-690eed96-0cf1abd9-3739867da5d5,1762586079346,Sync,2618.60,1762586079344,21.0.3.23,false,128,6.10,InvokeFunction,,,LATEST,1-690eeddf-0c49fa-83211f37bb55,OnDemand,,,1.36,,"{""errorType"":""FunctionAbnormalExitError""}"
,4918E550A646204E9DB0726A28549557-9,1762586081,FCRequestMetrics:/n-matmul-128,298,298,,,21026.52,n-matmul-128,false,0541fa6913b9,,c-690eedae-0cf1abd9-5f54346fcb4d,1762586059984,Sync,21246.75,1762586059765,21.0.3.15,false,128,27.48,InvokeFunction,,,LATEST,1-690eedcb-0c49fa-802e8dffcb37,OnDemand,,,218.47,
,3DBA81FE1FDC810A3B598CDA1A88AB60-12,1762586081,FCRequestMetrics:/n-matmul-128,295,295,,,0.04,n-matmul-128,true,6b13c5a9a7ea,,c-690eed8d-0cf1abd9-58271c35b033,1762586079013,Sync,2946.35,1762586079012,21.0.3.26,false,128,2.34,InvokeFunction,,,LATEST,1-690eeddf-0c49fa-503635fc1baa,OnDemand,,,0.89,,"{""errorType"":""FunctionAbnormalExitError""}"
,9E1E21E8F76F062BA9CB76E20C2B83A4-10,1762586082,FCRequestMetrics:/n-matmul-128,296,296,,,17473.38,n-matmul-128,false,59ec307a1758,,c-690eed96-0cf1abd9-aade4c0331ba,1762586064813,Sync,17503.29,1762586064812,21.0.3.8,false,128,62.79,InvokeFunction,,,LATEST,1-690eedd0-0c49fa-baaf61e807d3,OnDemand,,,0.78,
,8FC1EA84A8F746A3A0AA748C26C7B25A-F,1762586082,FCRequestMetrics:/n-matmul-128,298,298,,,17614.36,n-matmul-128,false,76321eba944f,,c-690eed96-0cf1abd9-5bffc956dbf7,1762586064953,Sync,17621.17,1762586064952,21.0.3.18,false,128,29.25,InvokeFunction,,,LATEST,1-690eedd0-0c0a43-804874dafd61,OnDemand,,,0.47,
,B42D85ACE4F13663143AFEF57EE4377B-10,1762586082,FCRequestMetrics:/n-matmul-128,299,299,,,17007.88,n-matmul-128,false,e86ce6f40d00,,c-690eed96-0cf1abd9-007038c1bcd0,1762586065128,Sync,17013.42,1762586065127,21.0.3.25,false,128,21.96,InvokeFunction,,,LATEST,1-690eedd1-0c49fa-0cd1b7e27d49,OnDemand,,,1.15,
,58CCD2DE8E2B0B4D1F6EB957F7930236-14,1762586082,FCRequestMetrics:/n-matmul-128,296,296,,,14975.60,n-matmul-128,false,6736357c0448,,c-690eed85-0cf1abd9-39066bb81db1,1762586067384,Sync,14978.23,1762586067383,21.0.3.23,false,128,24.24,InvokeFunction,,,LATEST,1-690eedd3-0c49fa-75c505974fcc,OnDemand,,,1.34,
,89A99D9D400C280F26AE53AA7EA46C06-B,1762586082,FCRequestMetrics:/n-matmul-128,298,298,,,17429.74,n-matmul-128,false,1c1689fc6c14,,c-690eeda8-0cf1abd9-538823368ffc,1762586065344,Sync,17450.59,1762586065343,21.0.3.8,false,128,80.58,InvokeFunction,,,LATEST,1-690eedd1-0c0a43-3d958afa9f50,OnDemand,,,0.46,
,02505EBA98BB6AB8D9121B3F590D5A1C-11,1762586082,FCRequestMetrics:/n-matmul-128,293,293,,,0.03,n-matmul-128,true,dc1a18d01eb5,,c-690eed96-0cf1abd9-15ddf20aa5f4,1762586076822,Sync,5590.78,1762586076820,21.0.3.23,false,128,2.21,InvokeFunction,,,LATEST,1-690eeddc-0c49fa-6063986364ea,OnDemand,,,1.48,,"{""errorType"":""FunctionAbnormalExitError""}"
,32B0F1D581F5E39EC6054F7F479A9133-11,1762586082,FCRequestMetrics:/n-matmul-128,296,296,,,0.06,n-matmul-128,true,0671b6afd97c,,c-690eed96-0cf1abd9-2fa702511747,1762586079431,Sync,3053.28,1762586079430,21.0.3.16,false,128,4.07,InvokeFunction,,,LATEST,1-690eeddf-0c0a43-044424a1e2af,OnDemand,,,0.51,,"{""errorType"":""FunctionAbnormalExitError""}"
,1E5A568CAB040985CEDDB2A885818A73-14,1762586082,FCRequestMetrics:/n-matmul-128,293,293,,,15870.93,n-matmul-128,false,9b8c773cba2a,,c-690eed85-0cf1abd9-1ba29434816d,1762586067033,Sync,15873.37,1762586067032,21.0.3.24,false,128,22.48,InvokeFunction,,,LATEST,1-690eedd3-0c49fa-a35f1ce920e0,OnDemand,,,0.83,
,5CA892A8CA0A24989C4731381529FB34-11,1762586082,FCRequestMetrics:/n-matmul-128,298,298,,,0.04,n-matmul-128,true,2e11fae8268d,,c-690eed96-0cf1abd9-77c3d2a5e2ce,1762586078418,Sync,3803.31,1762586078412,21.0.3.20,false,128,2.11,InvokeFunction,,,LATEST,1-690eedde-0c0a43-b74e3f50e7ec,OnDemand,,,0.57,,"{""errorType"":""FunctionAbnormalExitError""}"
,79733AC446DF412BC6F18C2B63B5677F-11,1762586082,FCRequestMetrics:/n-matmul-128,296,296,,,0.05,n-matmul-128,true,b193e3418700,,c-690eed96-0cf1abd9-647659e129ba,1762586077179,Sync,5408.59,1762586077178,21.0.3.15,false,128,4.16,InvokeFunction,,,LATEST,1-690eeddd-0c0a43-46bf032bac58,OnDemand,,,0.51,,"{""errorType"":""FunctionAbnormalExitError""}"
,76D617CB71485C23C9F7230DC75F302E-12,1762586082,FCRequestMetrics:/n-matmul-128,296,296,,,0.05,n-matmul-128,true,b7a64c32d5d5,,c-690eed8d-0cf1abd9-7d7906dde49b,1762586079353,Sync,3062.81,1762586079353,21.0.3.25,false,128,2.09,InvokeFunction,,,LATEST,1-690eeddf-0c0a43-b282521eb283,OnDemand,,,0.50,,"{""errorType"":""FunctionAbnormalExitError""}"
,AA4F50678A1127D06BAF7C6E1EB093FA-11,1762586082,FCRequestMetrics:/n-matmul-128,297,297,,,0.04,n-matmul-128,true,280167d0cedf,,c-690eed8d-0cf1abd9-a97014d5fff8,1762586079698,Sync,3245.34,1762586079049,21.0.3.27,false,128,2.21,InvokeFunction,,,LATEST,1-690eeddf-0c0a43-c6def0ff7120,OnDemand,,,648.87,,"{""errorType"":""FunctionAbnormalExitError""}"
,FA92B5D7385E5B2D4245077868CB9726-11,1762586082,FCRequestMetrics:/n-matmul-128,299,299,,,0.04,n-matmul-128,true,30720f53fe9b,,c-690eed96-0cf1abd9-67b09a4d191e,1762586077579,Sync,5137.13,1762586077579,21.0.3.22,false,128,2.02,InvokeFunction,,,LATEST,1-690eeddd-0c0a43-4acf437e3ab4,OnDemand,,,0.60,,"{""errorType"":""FunctionAbnormalExitError""}"
,3FA5063DFE5456024B083E53482C60F0-12,1762586082,FCRequestMetrics:/n-matmul-128,294,294,,,0.03,n-matmul-128,true,3222ec60138b,,c-690eed96-0cf1abd9-dee09d3a553a,1762586080290,Sync,2439.00,1762586080074,21.0.3.22,false,128,2.09,InvokeFunction,,,LATEST,1-690eede0-0c49fa-2c291f1d6e5c,OnDemand,,,214.57,,"{""errorType"":""FunctionAbnormalExitError""}"
,854208CFC0E05FFDDD72E5ADF6DFFFF4-14,1762586082,FCRequestMetrics:/n-matmul-128,297,297,,,15289.96,n-matmul-128,false,6fbf459d1081,,c-690eed85-0cf1abd9-ab34e7bc676a,1762586067493,Sync,15291.45,1762586067493,21.0.3.22,false,128,21.97,InvokeFunction,,,LATEST,1-690eedd3-0c0a43-ed9ba9858ee2,OnDemand,,,0.50,
,20BCED26DA3E73A35A0E0ACEF26F4645-11,1762586083,FCRequestMetrics:/n-matmul-128,294,294,,,19215.70,n-matmul-128,false,70809c61057c,,c-690eed96-0cf1abd9-b0cce505415f,1762586063906,Sync,19218.17,1762586063905,21.0.3.25,false,128,26.13,InvokeFunction,,,LATEST,1-690eedcf-0c0a43-9161b18c656f,OnDemand,,,0.59,
,DAF408D088DC4798F248EA82E4D57A5E-F,1762586083,FCRequestMetrics:/n-matmul-128,295,295,,,19342.16,n-matmul-128,false,4f9279990613,,c-690eed96-0cf1abd9-ada75fe8f4a4,1762586064099,Sync,19345.31,1762586064099,21.0.3.20,false,128,32.68,InvokeFunction,,,LATEST,1-690eedd0-0c0a43-d4ccae8309d3,OnDemand,,,0.52,
,53490AF45D0CAE7E1F17D51FAE4D1EBC-14,1762586083,FCRequestMetrics:/n-matmul-128,289,289,,,16465.31,n-matmul-128,false,7a0078b53609,,c-690eed85-0cf1abd9-fb724a08a16a,1762586066580,Sync,16469.58,1762586066579,21.0.3.20,false,128,22.21,InvokeFunction,,,LATEST,1-690eedd2-0c0a43-cb3ac883b1b3,OnDemand,,,0.50,
,CFF6118976523AD8F98948CDFB5A2CFF-14,1762586083,FCRequestMetrics:/n-matmul-128,295,295,,,15330.43,n-matmul-128,false,0fc3660777ab,,c-690eed85-0cf1abd9-4b579c30d7a8,1762586067877,Sync,15332.11,1762586067876,21.0.3.19,false,128,22.33,InvokeFunction,,,LATEST,1-690eedd3-0c0a43-766f3a0d5920,OnDemand,,,0.52,
,93707F44FB1ABD7F0A822267F35A408A-C,1762586083,FCRequestMetrics:/n-matmul-128,289,289,,,16948.06,n-matmul-128,false,5c8e9d42bd7e,,c-690eeda8-0cf1abd9-b92e6a52596f,1762586066605,Sync,16955.82,1762586066605,21.0.3.10,false,128,22.00,InvokeFunction,,,LATEST,1-690eedd2-0c0a43-cdcf14885780,OnDemand,,,0.52,
,869DF173F19FB37007A48145CD0630D0-11,1762586083,FCRequestMetrics:/n-matmul-128,296,296,,,0.02,n-matmul-128,true,f71765104eb6,,c-690eed96-0cf1abd9-4b21baf34b2d,1762586080140,Sync,3738.23,1762586080139,21.0.3.13,false,128,2.09,InvokeFunction,,,LATEST,1-690eede0-0c49fa-9fbbca15eb2d,OnDemand,,,1.36,,"{""errorType"":""FunctionAbnormalExitError""}"
,D146A4E091934A2DB3F52D2283250B9C-11,1762586083,FCRequestMetrics:/n-matmul-128,294,294,,,0.03,n-matmul-128,true,e11351b48c04,,c-690eed96-0cf1abd9-c0d64c44585a,1762586080284,Sync,3278.25,1762586080281,21.0.3.14,false,128,2.24,InvokeFunction,,,LATEST,1-690eede0-0c0a43-f59553df4ea3,OnDemand,,,0.47,,"{""errorType"":""FunctionAbnormalExitError""}"
,C850E9452F734C9D301E12F034A57295-11,1762586083,FCRequestMetrics:/n-matmul-128,298,298,,,0.03,n-matmul-128,true,81a96430e100,,c-690eed96-0cf1abd9-87344dd52402,1762586079436,Sync,3668.97,1762586079435,21.0.3.27,false,128,2.10,InvokeFunction,,,LATEST,1-690eeddf-0c49fa-8d6a32cef502,OnDemand,,,0.91,,"{""errorType"":""FunctionAbnormalExitError""}"
,B292BE044A2671902A084AE5890DA3F1-11,1762586083,FCRequestMetrics:/n-matmul-128,299,299,,,0.04,n-matmul-128,true,e59368e395e4,,c-690eed96-0cf1abd9-d4bd420ec297,1762586080416,Sync,3160.11,1762586080415,21.0.3.26,false,128,2.11,InvokeFunction,,,LATEST,1-690eede0-0c0a43-6e70fae542b6,OnDemand,,,0.46,,"{""errorType"":""FunctionAbnormalExitError""}"
,6103DB4D384590E61A6F2F19F6C5AA12-12,1762586083,FCRequestMetrics:/n-matmul-128,294,294,,,0.04,n-matmul-128,true,4bf26ccbfd63,,c-690eed96-0cf1abd9-33d753346913,1762586081180,Sync,2342.77,1762586081179,21.0.3.8,false,128,56.57,InvokeFunction,,,LATEST,1-690eede1-0c0a43-48fbdb3cf721,OnDemand,,,0.52,,"{""errorType"":""FunctionAbnormalExitError""}"
,138C4DD02091A1A0F89BE9AFE1D56E0D-11,1762586083,FCRequestMetrics:/n-matmul-128,299,299,,,0.05,n-matmul-128,true,e91af773f85a,,c-690eed96-0cf1abd9-3b29dfca5136,1762586080896,Sync,2911.98,1762586080896,21.0.3.18,false,128,4.09,InvokeFunction,,,LATEST,1-690eede0-0c0a43-b29c9e54d285,OnDemand,,,0.48,,"{""errorType"":""FunctionAbnormalExitError""}"
,6BF896C525BE933EC6E59BFBCE008212-C,1762586083,FCRequestMetrics:/n-matmul-128,295,295,,,14733.58,n-matmul-128,false,dbc99637c7cd,,c-690eeda9-0cf1abd9-06e97d5b5f54,1762586069207,Sync,14745.57,1762586069206,21.0.3.10,false,128,29.40,InvokeFunction,,,LATEST,1-690eedd5-0c49fa-57cc53da4270,OnDemand,,,1.18,
,C31476DF542E245E78D704DC5E57E050-10,1762586084,FCRequestMetrics:/n-matmul-128,298,298,,,19527.87,n-matmul-128,false,54727bc85c4b,,c-690eed96-0cf1abd9-8789b63ab3c5,1762586064642,Sync,19531.46,1762586064641,21.0.3.21,false,128,32.40,InvokeFunction,,,LATEST,1-690eedd0-0c49fa-c61ffdb37c81,OnDemand,,,1.39,
,0DF1BE08810C22DB47CE10C7D12D3B18-F,1762586084,FCRequestMetrics:/n-matmul-128,288,288,,,17523.49,n-matmul-128,false,054726ba05da,,c-690eed96-0cf1abd9-6259af999d66,1762586066769,Sync,17526.26,1762586066768,21.0.3.11,false,128,24.10,InvokeFunction,,,LATEST,1-690eedd2-0c0a43-42f3c5a4e541,OnDemand,,,0.52,
,449AAF96D79A79AF83974EE81F7DD00B-B,1762586084,FCRequestMetrics:/n-matmul-128,291,291,,,15945.38,n-matmul-128,false,93d7ca5c9fd9,,c-690eeda9-0cf1abd9-3515fa693e5b,1762586068706,Sync,15947.87,1762586068705,21.0.3.16,false,128,22.73,InvokeFunction,,,LATEST,1-690eedd4-0c49fa-0b16b136424b,OnDemand,,,1.11,
,CD41B0AD1C8EC375FCF48EF027FC064B-13,1762586084,FCRequestMetrics:/n-matmul-128,289,289,,,23092.78,n-matmul-128,false,83be9297cbaa,,c-690eed8d-0cf1abd9-ab9c8f59b975,1762586061632,Sync,23094.76,1762586061631,21.0.3.2,false,128,24.28,InvokeFunction,,,LATEST,1-690eedcd-0c49fa-e0ceed12095b,OnDemand,,,0.88,
,5DDEC1B94316434FE6602FC2B2B6A039-10,1762586084,FCRequestMetrics:/n-matmul-128,288,288,,,18014.19,n-matmul-128,false,34de976e0650,,c-690eed96-0cf1abd9-ee256dc17503,1762586066778,Sync,18016.69,1762586066776,21.0.3.11,false,128,28.72,InvokeFunction,,,LATEST,1-690eedd2-0c49fa-41f781b3de71,OnDemand,,,1.37,
,77A451B62F8AF08AF72FE07E1B84F5E0-B,1762586084,FCRequestMetrics:/n-matmul-128,299,299,,,15128.20,n-matmul-128,false,0dcdb5385733,,c-690eeda9-0cf1abd9-1346167bcac0,1762586069495,Sync,15130.11,1762586069494,21.0.3.14,false,128,27.47,InvokeFunction,,,LATEST,1-690eedd5-0c49fa-11e2a07a7cea,OnDemand,,,0.99,
,E98F2BCF2DED1F74ED59CCC9A89D0D4B-14,1762586084,FCRequestMetrics:/n-matmul-128,295,295,,,15292.49,n-matmul-128,false,8faa2a99de85,,c-690eed86-0cf1abd9-d8df9633eb55,1762586069168,Sync,15304.68,1762586069167,21.0.3.21,false,128,22.39,InvokeFunction,,,LATEST,1-690eedd5-0c0a43-fc40c7d082a5,OnDemand,,,0.51,
,54A8EF52FEEB808422ACE2DD57D8BC40-15,1762586084,FCRequestMetrics:/n-matmul-128,295,295,,,15390.94,n-matmul-128,false,8ea75ea0c289,,c-690eed85-0cf1abd9-e9c69a3d7dd0,1762586069157,Sync,15397.98,1762586069156,21.0.3.18,false,128,24.35,InvokeFunction,,,LATEST,1-690eedd5-0c49fa-5b0bd0738f15,OnDemand,,,1.18,
,8A2A2BA029F638783B43D48CB01B0C65-12,1762586084,FCRequestMetrics:/n-matmul-128,294,294,,,0.05,n-matmul-128,true,9f79c2d0c5f2,,c-690eed96-0cf1abd9-e99fca3da2c1,1762586081652,Sync,2482.97,1762586081651,21.0.3.9,false,128,25.83,InvokeFunction,,,LATEST,1-690eede1-0c0a43-18fcd3d99554,OnDemand,,,0.49,,"{""errorType"":""FunctionAbnormalExitError""}"
,3D503442E2C027292A5FED0054EF72C8-14,1762586084,FCRequestMetrics:/n-matmul-128,296,296,,,19808.26,n-matmul-128,false,f832bf8f4093,,c-690eed8d-0cf1abd9-03a276b4fee0,1762586064788,Sync,19815.47,1762586064787,21.0.3.5,false,128,23.83,InvokeFunction,,,LATEST,1-690eedd0-0c0a43-e79ae2029257,OnDemand,,,0.56,
,341217B393C4786CD864233CF7C20236-C,1762586084,FCRequestMetrics:/n-matmul-128,291,291,,,15729.13,n-matmul-128,false,ded7b9e2f367,,c-690eeda9-0cf1abd9-4a4f092aecb1,1762586068420,Sync,15735.67,1762586068420,21.0.3.13,false,128,24.12,InvokeFunction,,,LATEST,1-690eedd4-0c0a43-650921c07d9a,OnDemand,,,0.52,
,3DF53618FF507B28D295EA10C5C40468-B,1762586084,FCRequestMetrics:/n-matmul-128,293,293,,,17475.42,n-matmul-128,false,07dcf957ed19,,c-690eeda5-0cf1abd9-879c7e385fb6,1762586067223,Sync,17476.83,1762586067222,21.0.3.10,false,128,27.69,InvokeFunction,,,LATEST,1-690eedd3-0c0a43-722bc4ea4c8e,OnDemand,,,0.49,
,A0B4D1D12626D33FCDDA858055366E80-10,1762586085,FCRequestMetrics:/n-matmul-128,293,293,,,18368.76,n-matmul-128,false,2f79d5d6e1f2,,c-690eed96-0cf1abd9-aec373bfe9b2,1762586067186,Sync,18370.17,1762586067185,21.0.3.10,false,128,34.55,InvokeFunction,,,LATEST,1-690eedd3-0c0a43-d8ace66dd53d,OnDemand,,,0.52,
,3D18AA0F2F2BEC29E06D342ABCC8325D-F,1762586085,FCRequestMetrics:/n-matmul-128,294,294,,,17849.41,n-matmul-128,false,98fe8105b4b7,,c-690eed96-0cf1abd9-769da4154e8d,1762586067754,Sync,17851.38,1762586067753,21.0.3.17,false,128,22.02,InvokeFunction,,,LATEST,1-690eedd3-0c0a43-17c3af6aefff,OnDemand,,,0.53,
,ECE2A195B7556DEA0917BC84976EED68-14,1762586085,FCRequestMetrics:/n-matmul-128,295,295,,,16143.90,n-matmul-128,false,f7238f4600dd,,c-690eed85-0cf1abd9-5f1a2196a420,1762586069164,Sync,16145.30,1762586069163,21.0.3.25,false,128,22.56,InvokeFunction,,,LATEST,1-690eedd5-0c0a43-78040a8020e0,OnDemand,,,0.50,
,BA6BE48CA24D7511A087B82B6A3FBB19-10,1762586085,FCRequestMetrics:/n-matmul-128,295,295,,,18163.87,n-matmul-128,false,ebc029f9743a,,c-690eed96-0cf1abd9-266e64073192,1762586067282,Sync,18169.04,1762586067281,21.0.3.10,false,128,29.50,InvokeFunction,,,LATEST,1-690eedd3-0c49fa-b305d1471e3e,OnDemand,,,0.87,
,10CB9614FCA0A556028B38DC7845A739-10,1762586085,FCRequestMetrics:/n-matmul-128,288,288,,,18444.50,n-matmul-128,false,5a545ca9f709,,c-690eed96-0cf1abd9-95270fc2164f,1762586066653,Sync,18446.35,1762586066652,21.0.3.9,false,128,36.15,InvokeFunction,,,LATEST,1-690eedd2-0c49fa-1b678224fba8,OnDemand,,,0.91,
,FAAE9D66D514066559F6F43F02221FE3-10,1762586085,FCRequestMetrics:/n-matmul-128,294,294,,,18160.05,n-matmul-128,false,c90c3b43cf3a,,c-690eed96-0cf1abd9-dd88698fca86,1762586067802,Sync,18170.52,1762586067802,21.0.3.13,false,128,27.14,InvokeFunction,,,LATEST,1-690eedd3-0c0a43-fea5020bc8c4,OnDemand,,,0.50,
,A1FCC418CEE0A473F1F5238048A7B3E8-C,1762586085,FCRequestMetrics:/n-matmul-128,293,293,,,16639.98,n-matmul-128,false,a01070cabcf1,,c-690eeda5-0cf1abd9-e5a4210c2073,1762586068912,Sync,16643.20,1762586068911,21.0.3.15,false,128,24.99,InvokeFunction,,,LATEST,1-690eedd4-0c49fa-68ac47671fd0,OnDemand,,,1.27,
,EF722833BE499284BAB5B89F1A306194-C,1762586085,FCRequestMetrics:/n-matmul-128,290,290,,,17012.24,n-matmul-128,false,05f9081a497c,,c-690eeda8-0cf1abd9-1aac6742df61,1762586068771,Sync,17040.16,1762586068769,21.0.3.11,false,128,21.82,InvokeFunction,,,LATEST,1-690eedd4-0c0a43-8100a53c0ad9,OnDemand,,,0.54,
,FF409731039280436289D779E5C866F5-C,1762586085,FCRequestMetrics:/n-matmul-128,294,294,,,16412.66,n-matmul-128,false,e51e0a8a2425,,c-690eeda8-0cf1abd9-1c104b385d12,1762586069134,Sync,16418.10,1762586069132,21.0.3.12,false,128,27.27,InvokeFunction,,,LATEST,1-690eedd5-0c49fa-d20d69b36bcd,OnDemand,,,1.35,
,B9CC9A0372DA2782D1101E8A00146287-C,1762586085,FCRequestMetrics:/n-matmul-128,291,291,,,17239.10,n-matmul-128,false,7dc1ff934198,,c-690eeda5-0cf1abd9-f2a1a2bcfb08,1762586068688,Sync,17240.60,1762586068687,21.0.3.17,false,128,22.52,InvokeFunction,,,LATEST,1-690eedd4-0c0a43-17022b2e3d63,OnDemand,,,0.54,
,53C28B307BED561C14256185A7868301-B,1762586085,FCRequestMetrics:/n-matmul-128,298,298,,,16363.58,n-matmul-128,false,cd248e76553e,,c-690eeda5-0cf1abd9-46cd7b884194,1762586069264,Sync,16365.85,1762586069263,21.0.3.14,false,128,24.18,InvokeFunction,,,LATEST,1-690eedd5-0c49fa-057fd37c1aad,OnDemand,,,1.37,
,9DD0506AA2E1A2F0934A373557F44685-C,1762586085,FCRequestMetrics:/n-matmul-128,291,291,,,16770.03,n-matmul-128,false,9ff6c72d49d6,,c-690eeda8-0cf1abd9-230be3e98307,1762586068702,Sync,16771.99,1762586068701,21.0.3.13,false,128,22.24,InvokeFunction,,,LATEST,1-690eedd4-0c0a43-b36bc570bb0c,OnDemand,,,0.51,
,2FB49575A81022D2509F0B8C09E271EA-C,1762586085,FCRequestMetrics:/n-matmul-128,292,292,,,17308.12,n-matmul-128,false,583788c3d090,,c-690eeda5-0cf1abd9-2086298c7344,1762586068581,Sync,17309.47,1762586068580,21.0.3.19,false,128,27.39,InvokeFunction,,,LATEST,1-690eedd4-0c0a43-dae0c8288eba,OnDemand,,,0.56,
,9E1E21E8F76F062BA9CB76E20C2B83A4-13,1762586085,FCRequestMetrics:/n-matmul-128,298,298,,,0.04,n-matmul-128,true,59ec307a1758,,c-690eed96-0cf1abd9-aade4c0331ba,1762586082330,Sync,2909.94,1762586082158,21.0.3.8,false,128,36.84,InvokeFunction,,,LATEST,1-690eede2-0c49fa-36d6efa93d65,OnDemand,,,171.32,,"{""errorType"":""FunctionAbnormalExitError""}"
,C0840D5DBD9C524E4585C0BF295DBB3E-B,1762586085,FCRequestMetrics:/n-matmul-128,299,299,,,15576.02,n-matmul-128,false,25cf34898536,,c-690eeda9-0cf1abd9-9a1c5ad86428,1762586069639,Sync,15578.51,1762586069637,21.0.3.19,false,128,27.90,InvokeFunction,,,LATEST,1-690eedd5-0c49fa-7aa91c9a0471,OnDemand,,,1.41,
,2FB111C80D55ADD6741728DC024D9859-D,1762586085,FCRequestMetrics:/n-matmul-128,291,291,,,17060.85,n-matmul-128,false,e39bf72b32e8,,c-690eeda5-0cf1abd9-fff5328a1511,1762586068696,Sync,17065.93,1762586068695,21.0.3.20,false,128,22.20,InvokeFunction,,,LATEST,1-690eedd4-0c0a43-75d65b3be72b,OnDemand,,,0.51,
,20BCED26DA3E73A35A0E0ACEF26F4645-13,1762586085,FCRequestMetrics:/n-matmul-128,297,297,,,0.03,n-matmul-128,true,70809c61057c,,c-690eed96-0cf1abd9-b0cce505415f,1762586083139,Sync,2316.10,1762586083138,21.0.3.25,false,128,2.07,InvokeFunction,,,LATEST,1-690eede3-0c0a43-52b473ce5273,OnDemand,,,0.50,,"{""errorType"":""FunctionAbnormalExitError""}"
,BB17D3743CC1FDE60F1345598BDCEFD7-C,1762586085,FCRequestMetrics:/n-matmul-128,291,291,,,16655.87,n-matmul-128,false,82ac2eb2520e,,c-690eeda9-0cf1abd9-476f20890ba2,1762586068347,Sync,16657.53,1762586068346,21.0.3.11,false,128,27.64,InvokeFunction,,,LATEST,1-690eedd4-0c49fa-75bad01bd9ad,OnDemand,,,0.95,
,10ABC85774F8B9CC368A825065BA6401-C,1762586085,FCRequestMetrics:/n-matmul-128,295,295,,,16760.70,n-matmul-128,false,fc82228fa9b1,,c-690eeda5-0cf1abd9-1b827a888ff3,1762586069199,Sync,16766.82,1762586069197,21.0.3.13,false,128,21.75,InvokeFunction,,,LATEST,1-690eedd5-0c49fa-38be3976b555,OnDemand,,,1.38,
,8E2E03ED22CC6F2DFE55EB8B1A864060-F,1762586086,FCRequestMetrics:/n-matmul-128,291,291,,,17766.10,n-matmul-128,false,cff987abda6a,,c-690eed96-0cf1abd9-e42e31309781,1762586068403,Sync,17777.23,1762586068402,21.0.3.12,false,128,21.75,InvokeFunction,,,LATEST,1-690eedd4-0c0a43-e61520d01595,OnDemand,,,0.55,
,5665E0DE844D89BD77D4631CFD4DC931-C,1762586086,FCRequestMetrics:/n-matmul-128,295,295,,,16661.86,n-matmul-128,false,b490ef07d553,,c-690eeda5-0cf1abd9-69bf81304958,1762586069968,Sync,16663.37,1762586069968,21.0.3.16,false,128,22.00,InvokeFunction,,,LATEST,1-690eedd5-0c0a43-611f0e395582,OnDemand,,,0.54,
,CEE887FB037E821185889FBE8CB6AF77-B,1762586086,FCRequestMetrics:/n-matmul-128,293,293,,,15691.82,n-matmul-128,false,5d96d0e6f353,,c-690eeda9-0cf1abd9-eb584dd06982,1762586070991,Sync,15693.66,1762586070990,21.0.3.18,false,128,27.63,InvokeFunction,,,LATEST,1-690eedd6-0c49fa-34c1994b9122,OnDemand,,,0.95,
,793EEF9B741682B7CE08F12987FEEDB3-14,1762586086,FCRequestMetrics:/n-matmul-128,298,298,,,21845.43,n-matmul-128,false,752a8680e720,,c-690eed8d-0cf1abd9-b4396f6c1b61,1762586064556,Sync,21852.17,1762586064554,21.0.3.3,false,128,23.99,InvokeFunction,,,LATEST,1-690eedd0-0c49fa-6b8117f6a39e,OnDemand,,,1.35,
,781F1588896B086D7B9525CF26E327EB-C,1762586086,FCRequestMetrics:/n-matmul-128,290,290,,,17347.24,n-matmul-128,false,4caf80074898,,c-690eeda5-0cf1abd9-14bb1cc6f364,1762586068761,Sync,17349.35,1762586068759,21.0.3.24,false,128,31.72,InvokeFunction,,,LATEST,1-690eedd4-0c49fa-e5c706e9b390,OnDemand,,,1.18,
,84A28E40EAE4F1B9B438DA8F49770703-B,1762586086,FCRequestMetrics:/n-matmul-128,296,296,,,16060.94,n-matmul-128,false,e5434f6e0cce,,c-690eedaa-0cf1abd9-d51a3cdb5967,1762586070648,Sync,16063.75,1762586070647,21.0.3.23,false,128,27.59,InvokeFunction,,,LATEST,1-690eedd6-0c0a43-deba21ef305d,OnDemand,,,0.52,
,71B50CCCFCB17E1646B11A2BE0A08D93-10,1762586086,FCRequestMetrics:/n-matmul-128,295,295,,,18890.11,n-matmul-128,false,58ac22b3424d,,c-690eed96-0cf1abd9-7899d50458f3,1762586067921,Sync,18892.03,1762586067920,21.0.3.14,false,128,26.76,InvokeFunction,,,LATEST,1-690eedd3-0c49fa-dc27a70b2a95,OnDemand,,,1.13,
,9A69A015E836A893BB9F5FED7403265F-10,1762586086,FCRequestMetrics:/n-matmul-128,295,295,,,18798.27,n-matmul-128,false,8be9fbcef600,,c-690eed96-0cf1abd9-94394623246b,1762586067982,Sync,18800.59,1762586067981,21.0.3.12,false,128,32.62,InvokeFunction,,,LATEST,1-690eedd3-0c49fa-9ecb2de89f88,OnDemand,,,1.16,
,3B9C179DFD02BB282B27F2619A4251CD-B,1762586086,FCRequestMetrics:/n-matmul-128,293,293,,,15945.75,n-matmul-128,false,6eb553e5eaff,,c-690eedaa-0cf1abd9-7c5cd4bbc1a0,1762586071015,Sync,15947.32,1762586071014,21.0.3.26,false,128,27.76,InvokeFunction,,,LATEST,1-690eedd7-0c49fa-f678c41a3eab,OnDemand,,,0.86,
,CFAD3EAED3DA9F0681474476AA4BD35D-A,1762586086,FCRequestMetrics:/n-matmul-128,293,293,,,15939.89,n-matmul-128,false,d7b80d666e2b,,c-690eedaa-0cf1abd9-4d582ed6e2e0,1762586071033,Sync,15941.98,1762586071031,21.0.3.27,false,128,29.29,InvokeFunction,,,LATEST,1-690eedd7-0c49fa-9dcb4badea52,OnDemand,,,1.29,
,545DE9BD42C98B996C6808C99D114C47-B,1762586086,FCRequestMetrics:/n-matmul-128,295,295,,,16650.17,n-matmul-128,false,0a0aaa3564b0,,c-690eeda5-0cf1abd9-c9445681ee20,1762586070009,Sync,16850.86,1762586069812,21.0.3.22,false,128,27.62,InvokeFunction,,,LATEST,1-690eedd5-0c49fa-3a0f01bea54f,OnDemand,,,196.30,
,DC9E0E12CD6EBAC6FF4F0136C46C5547-10,1762586086,FCRequestMetrics:/n-matmul-128,291,291,,,18457.47,n-matmul-128,false,7e6212d1a18e,,c-690eed96-0cf1abd9-cdf69a3e83a5,1762586068242,Sync,18459.93,1762586068241,21.0.3.13,false,128,28.88,InvokeFunction,,,LATEST,1-690eedd4-0c49fa-179140d93bcb,OnDemand,,,1.48,
,B70395F3A021A5FF8871D46915C2FCC0-10,1762586086,FCRequestMetrics:/n-matmul-128,294,294,,,18870.25,n-matmul-128,false,88b44a48a990,,c-690eed96-0cf1abd9-7684f52346d2,1762586067792,Sync,18871.66,1762586067791,21.0.3.14,false,128,26.80,InvokeFunction,,,LATEST,1-690eedd3-0c0a43-5a14ab9347f6,OnDemand,,,0.57,
,D00197269011D75200F8878AB52887BF-12,1762586086,FCRequestMetrics:/n-matmul-128,293,293,,,0.04,n-matmul-128,true,efbe8cba4f7c,,c-690eed96-0cf1abd9-cb967da6ce67,1762586081544,Sync,4938.15,1762586081543,21.0.3.19,false,128,6.04,InvokeFunction,,,LATEST,1-690eede1-0c49fa-16e56bf61248,OnDemand,,,0.89,,"{""errorType"":""FunctionAbnormalExitError""}"
,7DD8F4E1BDDE2A8A13DEFA720B6E9373-14,1762586086,FCRequestMetrics:/n-matmul-128,291,291,,,19879.60,n-matmul-128,false,be49f65ae0f9,,c-690eed8d-0cf1abd9-053a84de8167,1762586066865,Sync,19882.83,1762586066864,21.0.3.8,false,128,22.23,InvokeFunction,,,LATEST,1-690eedd2-0c49fa-7db16fd1a183,OnDemand,,,1.00,
,E473C3EB473436CCADF8096E8D0D2C42-11,1762586086,FCRequestMetrics:/n-matmul-128,293,293,,,0.05,n-matmul-128,true,aa865b939cef,,c-690eed96-0cf1abd9-6da66350de26,1762586081621,Sync,5086.06,1762586081620,21.0.3.23,false,128,4.24,InvokeFunction,,,LATEST,1-690eede1-0c0a43-283af33754ed,OnDemand,,,0.49,,"{""errorType"":""FunctionAbnormalExitError""}"
,40DA133401D2DE8F12DE87799711FD83-12,1762586086,FCRequestMetrics:/n-matmul-128,294,294,,,0.05,n-matmul-128,true,f97fe124d699,,c-690eed96-0cf1abd9-bad3da0c0cfe,1762586081646,Sync,5269.73,1762586081645,21.0.3.15,false,128,2.61,InvokeFunction,,,LATEST,1-690eede1-0c0a43-d3b4672e8031,OnDemand,,,0.55,,"{""errorType"":""FunctionAbnormalExitError""}"
,CB6AE88BE08C9A42F2FD38BB7DE3D7AF-14,1762586086,FCRequestMetrics:/n-matmul-128,293,293,,,18778.59,n-matmul-128,false,480cb1ce5e18,,c-690eed8d-0cf1abd9-47404688a687,1762586067223,Sync,18779.93,1762586067223,21.0.3.8,false,128,22.30,InvokeFunction,,,LATEST,1-690eedd3-0c0a43-4fce0ae0302c,OnDemand,,,0.55,
,7803A2A1C0E49F606CC22E511FDE78DB-B,1762586086,FCRequestMetrics:/n-matmul-128,293,293,,,17481.02,n-matmul-128,false,49cf98612b59,,c-690eeda8-0cf1abd9-c7ba121b8278,1762586069028,Sync,17483.87,1762586069027,21.0.3.9,false,128,27.14,InvokeFunction,,,LATEST,1-690eedd5-0c0a43-269e5bdaeab6,OnDemand,,,0.55,
,22E1961764567BF39BC1317D4E5807AC-C,1762586086,FCRequestMetrics:/n-matmul-128,294,294,,,17917.45,n-matmul-128,false,93bd50466c24,,c-690eeda5-0cf1abd9-de9e4196dfb2,1762586069078,Sync,17918.94,1762586069078,21.0.3.12,false,128,29.47,InvokeFunction,,,LATEST,1-690eedd5-0c0a43-da7ff7e59da2,OnDemand,,,0.56,
,4EFFDB922E80D88EA45930E5C8CE9097-14,1762586086,FCRequestMetrics:/n-matmul-128,295,295,,,18802.60,n-matmul-128,false,cedb22a6eba0,,c-690eed8d-0cf1abd9-8518f5d4a430,1762586068012,Sync,18810.73,1762586068005,21.0.3.9,false,128,22.29,InvokeFunction,,,LATEST,1-690eedd3-0c49fa-ce38be786272,OnDemand,,,1.16,
,E4146AB491CEBDE523F487E441201B73-10,1762586087,FCRequestMetrics:/n-matmul-128,294,294,,,18125.74,n-matmul-128,false,efdf38e6c6e7,,c-690eed96-0cf1abd9-523def426250,1762586069120,Sync,18127.68,1762586069119,21.0.3.15,false,128,34.10,InvokeFunction,,,LATEST,1-690eedd5-0c49fa-b7a51e3b4fda,OnDemand,,,0.96,
,C63420212FACF8878D1CF0F4AB9F2B5B-C,1762586087,FCRequestMetrics:/n-matmul-128,295,295,,,17571.95,n-matmul-128,false,551a63055008,,c-690eeda8-0cf1abd9-bb4861715efd,1762586070011,Sync,17732.56,1762586069851,21.0.3.14,false,128,29.48,InvokeFunction,,,LATEST,1-690eedd5-0c49fa-e22c596ff35f,OnDemand,,,159.45,
,471A481607C500A90EF8B2AC1EAC6971-B,1762586087,FCRequestMetrics:/n-matmul-128,298,298,,,15078.83,n-matmul-128,false,a2663941b4ef,,c-690eeda9-0cf1abd9-11dd72d57456,1762586072483,Sync,15284.24,1762586072278,21.0.3.22,false,128,27.58,InvokeFunction,,,LATEST,1-690eedd8-0c49fa-99bd1160cde0,OnDemand,,,204.44,
,F4B8340AC50EC3E566ADB0C15725D8CD-C,1762586087,FCRequestMetrics:/n-matmul-128,299,299,,,17020.41,n-matmul-128,false,d01135b2ff24,,c-690eeda5-0cf1abd9-865fb5ea7d12,1762586070277,Sync,17645.35,1762586069652,21.0.3.23,false,128,23.37,InvokeFunction,,,LATEST,1-690eedd5-0c49fa-f7e9a822f28a,OnDemand,,,624.04,
,2471E95300325BB840CC834AD5A3C6B6-F,1762586087,FCRequestMetrics:/n-matmul-128,293,293,,,20296.00,n-matmul-128,false,9df121cea42b,,c-690eed96-0cf1abd9-2911da29056d,1762586067009,Sync,20297.67,1762586067008,21.0.3.22,false,128,26.91,InvokeFunction,,,LATEST,1-690eedd3-0c0a43-bae9028cdabb,OnDemand,,,0.62,
,64F0BBA7C58980066176C33658FB272D-10,1762586087,FCRequestMetrics:/n-matmul-128,293,293,,,18863.09,n-matmul-128,false,8f8cb0ae0fff,,c-690eed96-0cf1abd9-556eeff7996f,1762586068935,Sync,18865.48,1762586068935,21.0.3.16,false,128,26.75,InvokeFunction,,,LATEST,1-690eedd4-0c0a43-79a9b29075cc,OnDemand,,,0.54,
,79631A2B4FF88091BEDF80B60D44FB91-F,1762586087,FCRequestMetrics:/n-matmul-128,288,288,,,20519.00,n-matmul-128,false,8b5be02ffcf8,,c-690eed96-0cf1abd9-d03696729fbb,1762586066758,Sync,20521.87,1762586066756,21.0.3.27,false,128,26.96,InvokeFunction,,,LATEST,1-690eedd2-0c49fa-1f754388f01b,OnDemand,,,1.36,
,8F3A423823DC52F503BC724CE6C60804-B,1762586087,FCRequestMetrics:/n-matmul-128,293,293,,,16811.63,n-matmul-128,false,f5890c8c5a5b,,c-690eeda5-0cf1abd9-697fc0458885,1762586071006,Sync,16815.89,1762586071003,21.0.3.25,false,128,21.75,InvokeFunction,,,LATEST,1-690eedd7-0c49fa-5f7866324c8a,OnDemand,,,0.86,
,91991638294952C1215BFC323DBD0655-15,1762586087,FCRequestMetrics:/n-matmul-128,295,295,,,21003.42,n-matmul-128,false,5abe5fd26a6c,,c-690eed83-0cf1abd9-74cc7252fb9e,1762586066090,Sync,21004.96,1762586066089,21.0.3.2,false,128,22.25,InvokeFunction,,,LATEST,1-690eedd2-0c0a43-3eff88ad8e6c,OnDemand,,,0.51,
,8A7394BA0F304A206770530C84EA6636-16,1762586087,FCRequestMetrics:/n-matmul-128,291,291,,,20996.40,n-matmul-128,false,279fa08dbc62,,c-690eed83-0cf1abd9-0a463df434e5,1762586066866,Sync,21012.54,1762586066864,21.0.3.3,false,128,22.26,InvokeFunction,,,LATEST,1-690eedd2-0c0a43-1e80d216e8c0,OnDemand,,,0.50,
,0DF1BE08810C22DB47CE10C7D12D3B18-12,1762586087,FCRequestMetrics:/n-matmul-128,299,299,,,0.04,n-matmul-128,true,054726ba05da,,c-690eed96-0cf1abd9-6259af999d66,1762586084309,Sync,2794.46,1762586084308,21.0.3.11,false,128,4.35,InvokeFunction,,,LATEST,1-690eede4-0c49fa-537e88dd1bbe,OnDemand,,,1.19,,"{""errorType"":""FunctionAbnormalExitError""}"
,7B54E33FC4EF59F9EB611D0DD33DB1AD-16,1762586087,FCRequestMetrics:/n-matmul-128,289,289,,,21099.84,n-matmul-128,false,57decdb25f9e,,c-690eed83-0cf1abd9-0a57e9e3d12f,1762586066623,Sync,21113.62,1762586066621,21.0.3.8,false,128,21.95,InvokeFunction,,,LATEST,1-690eedd2-0c49fa-622b5fe451e3,OnDemand,,,1.24,
,1B5038221905746079340D2F785F7324-12,1762586087,FCRequestMetrics:/n-matmul-128,294,294,,,0.04,n-matmul-128,true,cba0726a55b5,,c-690eed96-0cf1abd9-0232b809e3a3,1762586082004,Sync,5197.61,1762586081825,21.0.3.24,false,128,4.21,InvokeFunction,,,LATEST,1-690eede1-0c49fa-8a8553a9672b,OnDemand,,,178.80,,"{""errorType"":""FunctionAbnormalExitError""}"
,5DDEC1B94316434FE6602FC2B2B6A039-12,1762586087,FCRequestMetrics:/n-matmul-128,296,296,,,0.03,n-matmul-128,true,34de976e0650,,c-690eed96-0cf1abd9-ee256dc17503,1762586084798,Sync,2936.09,1762586084382,21.0.3.11,false,128,4.11,InvokeFunction,,,LATEST,1-690eede4-0c0a43-34421ab81128,OnDemand,,,415.85,,"{""errorType"":""FunctionAbnormalExitError""}"
,B42D85ACE4F13663143AFEF57EE4377B-12,1762586087,FCRequestMetrics:/n-matmul-128,298,298,,,0.03,n-matmul-128,true,e86ce6f40d00,,c-690eed96-0cf1abd9-007038c1bcd0,1762586082354,Sync,5019.27,1762586082353,21.0.3.25,false,128,2.10,InvokeFunction,,,LATEST,1-690eede2-0c49fa-2ac6f2dc4b68,OnDemand,,,1.17,,"{""errorType"":""FunctionAbnormalExitError""}"
,A8D6FAD4E028404BF2BEFFDF098DE909-11,1762586087,FCRequestMetrics:/n-matmul-128,296,296,,,0.04,n-matmul-128,true,88656d0a707e,,c-690eed96-0cf1abd9-5f48bbab96ce,1762586082092,Sync,4935.17,1762586082091,21.0.3.26,false,128,4.22,InvokeFunction,,,LATEST,1-690eede2-0c0a43-18fffafdf38c,OnDemand,,,0.49,,"{""errorType"":""FunctionAbnormalExitError""}"
,8FC1EA84A8F746A3A0AA748C26C7B25A-11,1762586087,FCRequestMetrics:/n-matmul-128,299,299,,,0.04,n-matmul-128,true,76321eba944f,,c-690eed96-0cf1abd9-5bffc956dbf7,1762586082725,Sync,4988.30,1762586082714,21.0.3.18,false,128,4.08,InvokeFunction,,,LATEST,1-690eede2-0c0a43-f7dd6c8d7888,OnDemand,,,0.47,,"{""errorType"":""FunctionAbnormalExitError""}"
,F2FD34FA9CCCCC3E3DEB26A611CC4213-14,1762586087,FCRequestMetrics:/n-matmul-128,294,294,,,19328.32,n-matmul-128,false,8c49417d6c9f,,c-690eed8d-0cf1abd9-6bad1a022802,1762586067900,Sync,19459.55,1762586067775,21.0.3.10,false,128,22.25,InvokeFunction,,,LATEST,1-690eedd3-0c49fa-3c96ce02e001,OnDemand,,,0.93,
,C31476DF542E245E78D704DC5E57E050-13,1762586087,FCRequestMetrics:/n-matmul-128,299,299,,,0.04,n-matmul-128,true,54727bc85c4b,,c-690eed96-0cf1abd9-8789b63ab3c5,1762586084196,Sync,3781.65,1762586084195,21.0.3.21,false,128,2.26,InvokeFunction,,,LATEST,1-690eede4-0c0a43-081196fd55b9,OnDemand,,,0.60,,"{""errorType"":""FunctionAbnormalExitError""}"
,DAF408D088DC4798F248EA82E4D57A5E-12,1762586087,FCRequestMetrics:/n-matmul-128,299,299,,,0.03,n-matmul-128,true,4f9279990613,,c-690eed96-0cf1abd9-ada75fe8f4a4,1762586084292,Sync,3353.19,1762586084291,21.0.3.20,false,128,2.06,InvokeFunction,,,LATEST,1-690eede4-0c49fa-79ba554e605c,OnDemand,,,1.16,,"{""errorType"":""FunctionAbnormalExitError""}"
,2D78B9AAD7920726510731B3A33EE102-C,1762586088,FCRequestMetrics:/n-matmul-128,293,293,,,17331.91,n-matmul-128,false,09d6302afcc0,,c-690eeda5-0cf1abd9-72fae0c6b355,1762586070962,Sync,17333.94,1762586070961,21.0.3.18,false,128,29.59,InvokeFunction,,,LATEST,1-690eedd6-0c49fa-2d0fe28ee8d3,OnDemand,,,1.19,
,8E8ED45746BF551481A42C9EC0C0938D-C,1762586088,FCRequestMetrics:/n-matmul-128,299,299,,,17805.05,n-matmul-128,false,4e78e1f0ba00,,c-690eeda5-0cf1abd9-1766bd825c2f,1762586070210,Sync,17807.68,1762586070209,21.0.3.21,false,128,22.28,InvokeFunction,,,LATEST,1-690eedd6-0c49fa-b0d183223830,OnDemand,,,1.37,
,B4A81EAA9A610DB6D6C5F8ED3BF0C5D3-F,1762586088,FCRequestMetrics:/n-matmul-128,295,295,,,18108.58,n-matmul-128,false,5618ff7e0c38,,c-690eed96-0cf1abd9-fe06c54f6777,1762586069958,Sync,18110.96,1762586069956,21.0.3.20,false,128,21.87,InvokeFunction,,,LATEST,1-690eedd5-0c49fa-3d15ea14a91e,OnDemand,,,1.34,
,757982FB0EC94F0DBBC2760980FCB266-14,1762586088,FCRequestMetrics:/n-matmul-128,291,291,,,20393.69,n-matmul-128,false,6448ba91ff26,,c-690eed8d-0cf1abd9-28761e13241d,1762586068384,Sync,20401.32,1762586068378,21.0.3.10,false,128,24.29,InvokeFunction,,,LATEST,1-690eedd4-0c0a43-f06dd460b19e,OnDemand,,,0.57,
,81EF45F19FD54F5A67E812650F7D4DE6-14,1762586088,FCRequestMetrics:/n-matmul-128,290,290,,,19698.44,n-matmul-128,false,4c9cc9d70b19,,c-690eed8d-0cf1abd9-586cb2c3c780,1762586068444,Sync,19700.55,1762586068442,21.0.3.12,false,128,23.78,InvokeFunction,,,LATEST,1-690eedd4-0c49fa-083e2012e492,OnDemand,,,1.37,
,E9B4BB61A0BA18E9756EE7B0B19180D4-14,1762586088,FCRequestMetrics:/n-matmul-128,292,292,,,19413.14,n-matmul-128,false,b1fafcece7b1,,c-690eed8d-0cf1abd9-909a8a51e440,1762586068591,Sync,19428.42,1762586068590,21.0.3.11,false,128,22.69,InvokeFunction,,,LATEST,1-690eedd4-0c49fa-42d2d859232e,OnDemand,,,1.20,
,A0B4D1D12626D33FCDDA858055366E80-12,1762586088,FCRequestMetrics:/n-matmul-128,293,293,,,0.03,n-matmul-128,true,2f79d5d6e1f2,,c-690eed96-0cf1abd9-aec373bfe9b2,1762586085601,Sync,2855.82,1762586085600,21.0.3.10,false,128,2.11,InvokeFunction,,,LATEST,1-690eede5-0c49fa-0bd3ef0e25b1,OnDemand,,,0.85,,"{""errorType"":""FunctionAbnormalExitError""}"
,66F11D02496EEE1D7BA3A4E6AB8BA6A5-C,1762586088,FCRequestMetrics:/n-matmul-128,290,290,,,14569.90,n-matmul-128,false,bd9b5f0f3fc4,,c-690eeda9-0cf1abd9-f9f10a04e676,1762586073672,Sync,14573.08,1762586073671,21.0.3.21,false,128,23.90,InvokeFunction,,,LATEST,1-690eedd9-0c0a43-0ae8830a02d0,OnDemand,,,0.52,
,4E5B7CA35C1B228A64EA99D604E227AD-B,1762586088,FCRequestMetrics:/n-matmul-128,291,291,,,15652.15,n-matmul-128,false,a89245db7d99,,c-690eeda9-0cf1abd9-cae77ec22e72,1762586073155,Sync,15654.92,1762586073154,21.0.3.20,false,128,27.90,InvokeFunction,,,LATEST,1-690eedd9-0c0a43-07679f526c43,OnDemand,,,0.59,
,54257F6C2DE5D00C16409D9C28372284-14,1762586088,FCRequestMetrics:/n-matmul-128,298,298,,,19017.17,n-matmul-128,false,ebad9260b821,,c-690eed8d-0cf1abd9-196fc3cfa131,1762586069772,Sync,19209.10,1762586069586,21.0.3.11,false,128,22.27,InvokeFunction,,,LATEST,1-690eedd5-0c0a43-f17a02fd009a,OnDemand,,,185.87,
,8626C8650DFC2E84CC74995D61333E7E-C,1762586088,FCRequestMetrics:/n-matmul-128,296,296,,,15101.11,n-matmul-128,false,8662218ebba1,,c-690eeda9-0cf1abd9-3476b9c52160,1762586073822,Sync,15103.66,1762586073821,21.0.3.15,false,128,23.76,InvokeFunction,,,LATEST,1-690eedd9-0c49fa-9781804770f6,OnDemand,,,1.16,
,F049A05B05E229468359356494790421-C,1762586089,FCRequestMetrics:/n-matmul-128,292,292,,,15931.65,n-matmul-128,false,a743b3598854,,c-690eeda8-0cf1abd9-ed6740a826c3,1762586073333,Sync,15933.01,1762586073333,21.0.3.18,false,128,21.89,InvokeFunction,,,LATEST,1-690eedd9-0c0a43-965731b01a3f,OnDemand,,,0.52,
,25B8386746C0843F68CE6F453C7A50B6-15,1762586089,FCRequestMetrics:/n-matmul-128,288,288,,,22413.13,n-matmul-128,false,28749e3c833e,,c-690eed86-0cf1abd9-5fc5a1c95081,1762586066816,Sync,22415.55,1762586066815,21.0.3.2,false,128,23.88,InvokeFunction,,,LATEST,1-690eedd2-0c0a43-a9385ab1935c,OnDemand,,,0.55,
,ACC61EAFD65443D198A5177BAD7DDF02-11,1762586089,FCRequestMetrics:/n-matmul-128,298,298,,,19638.36,n-matmul-128,false,3174e9129044,,c-690eed96-0cf1abd9-645e4a0c60a8,1762586069762,Sync,19640.80,1762586069760,21.0.3.25,false,128,34.30,InvokeFunction,,,LATEST,1-690eedd5-0c49fa-0f9dafa57482,OnDemand,,,1.24,
,5A317EA240DC46C4E15B8D2E97337C21-14,1762586089,FCRequestMetrics:/n-matmul-128,295,295,,,22186.71,n-matmul-128,false,b656f39d8746,,c-690eed86-0cf1abd9-84d2db55a180,1762586067711,Sync,22188.12,1762586067710,21.0.3.3,false,128,21.74,InvokeFunction,,,LATEST,1-690eedd3-0c0a43-afaa5af24373,OnDemand,,,0.49,
,2E3A4B31C228B399B3B7DC20B5D681E8-C,1762586089,FCRequestMetrics:/n-matmul-128,295,295,,,17666.99,n-matmul-128,false,94116257bc76,,c-690eeda8-0cf1abd9-6efacfe9f712,1762586072317,Sync,17669.01,1762586072316,21.0.3.21,false,128,27.65,InvokeFunction,,,LATEST,1-690eedd8-0c49fa-bc138321c06a,OnDemand,,,0.86,
,4A03F83F646B3D7AC82B0CB38EE7F6F6-14,1762586089,FCRequestMetrics:/n-matmul-128,290,290,,,20913.79,n-matmul-128,false,d4ea97bb496c,,c-690eed84-0cf1abd9-bf53a1f50706,1762586068823,Sync,20950.97,1762586068804,21.0.3.3,false,128,22.49,InvokeFunction,,,LATEST,1-690eedd4-0c49fa-85422aa08214,OnDemand,,,1.05,
,8E2E03ED22CC6F2DFE55EB8B1A864060-11,1762586089,FCRequestMetrics:/n-matmul-128,299,299,,,0.06,n-matmul-128,true,cff987abda6a,,c-690eed96-0cf1abd9-e42e31309781,1762586086231,Sync,2779.08,1762586086230,21.0.3.12,false,128,2.06,InvokeFunction,,,LATEST,1-690eede6-0c0a43-ae3ef313fb78,OnDemand,,,0.51,,"{""errorType"":""FunctionAbnormalExitError""}"
,BA6BE48CA24D7511A087B82B6A3FBB19-12,1762586089,FCRequestMetrics:/n-matmul-128,291,291,,,0.04,n-matmul-128,true,ebc029f9743a,,c-690eed96-0cf1abd9-266e64073192,1762586085676,Sync,4097.08,1762586085675,21.0.3.10,false,128,4.11,InvokeFunction,,,LATEST,1-690eede5-0c0a43-42a869841bb2,OnDemand,,,0.52,,"{""errorType"":""FunctionAbnormalExitError""}"
,A171915879D3F1B14205997D3FDFD4B3-14,1762586089,FCRequestMetrics:/n-matmul-128,293,293,,,20441.42,n-matmul-128,false,eaf76bc529c5,,c-690eed83-0cf1abd9-30e9bae7a4cf,1762586068909,Sync,20456.95,1762586068908,21.0.3.9,false,128,22.22,InvokeFunction,,,LATEST,1-690eedd4-0c0a43-c3a8d01724a2,OnDemand,,,0.51,
,3D18AA0F2F2BEC29E06D342ABCC8325D-12,1762586089,FCRequestMetrics:/n-matmul-128,291,291,,,0.05,n-matmul-128,true,98fe8105b4b7,,c-690eed96-0cf1abd9-769da4154e8d,1762586085669,Sync,4275.08,1762586085668,21.0.3.17,false,128,2.11,InvokeFunction,,,LATEST,1-690eede5-0c49fa-4590984de8c6,OnDemand,,,1.19,,"{""errorType"":""FunctionAbnormalExitError""}"
,5A08AF7236E275AD0FB46D2B28AE710C-B,1762586089,FCRequestMetrics:/n-matmul-128,297,297,,,15195.41,n-matmul-128,false,2bfde648585e,,c-690eeda9-0cf1abd9-ebb8d38ed0cd,1762586074125,Sync,15198.83,1762586074124,21.0.3.24,false,128,22.32,InvokeFunction,,,LATEST,1-690eedda-0c0a43-b657331bfea7,OnDemand,,,0.44,
,DD2BC95C544ACAEDCAD224B59098EF74-14,1762586089,FCRequestMetrics:/n-matmul-128,299,299,,,18871.92,n-matmul-128,false,845e91b6cf6b,,c-690eed8d-0cf1abd9-2a8cc4f964bf,1762586070571,Sync,18890.52,1762586070567,21.0.3.13,false,128,22.04,InvokeFunction,,,LATEST,1-690eedd6-0c0a43-b64c2b953a95,OnDemand,,,0.57,
,F658B3CD8413B0D988AE185DF0BE18DD-13,1762586089,FCRequestMetrics:/n-matmul-128,289,289,,,18115.63,n-matmul-128,false,959cca596465,,c-690eed8d-0cf1abd9-0ed53fa70580,1762586071425,Sync,18123.87,1762586071424,21.0.3.13,false,128,23.95,InvokeFunction,,,LATEST,1-690eedd7-0c0a43-4341c8f75fdb,OnDemand,,,0.49,
,6C640CB721ED8B0BF85E5FE5C8E7D61E-14,1762586089,FCRequestMetrics:/n-matmul-128,289,289,,,18266.17,n-matmul-128,false,2f5080738346,,c-690eed8d-0cf1abd9-670e404d2849,1762586071389,Sync,18268.51,1762586071388,21.0.3.9,false,128,22.07,InvokeFunction,,,LATEST,1-690eedd7-0c0a43-e6986e8d79f6,OnDemand,,,0.43,
,BE75DB22015500E11A374D96AAD193DE-14,1762586090,FCRequestMetrics:/n-matmul-128,294,294,,,18113.30,n-matmul-128,false,14ce103419c8,,c-690eed8d-0cf1abd9-d2956975d9ee,1762586072212,Sync,18119.08,1762586072211,21.0.3.23,false,128,24.15,InvokeFunction,,,LATEST,1-690eedd8-0c0a43-536c572447b5,OnDemand,,,0.53,
,945898D0AF47D153C60C831EFEA93697-10,1762586090,FCRequestMetrics:/n-matmul-128,295,295,,,20218.92,n-matmul-128,false,175f45e7fcbd,,c-690eed96-0cf1abd9-9f8f06b7bb4c,1762586070002,Sync,20220.63,1762586070002,21.0.3.22,false,128,27.00,InvokeFunction,,,LATEST,1-690eedd6-0c0a43-4757399892d4,OnDemand,,,0.52,
,E0E0F357761D0248261EE2F10BB55343-10,1762586090,FCRequestMetrics:/n-matmul-128,299,299,,,20969.04,n-matmul-128,false,44413e12b2a5,,c-690eed96-0cf1abd9-2eb0d31dc6a8,1762586069381,Sync,20970.63,1762586069381,21.0.3.23,false,128,32.13,InvokeFunction,,,LATEST,1-690eedd5-0c0a43-c38894d67a75,OnDemand,,,0.54,
,EBC26A7000C29ACFC3147F56410DAFC8-10,1762586090,FCRequestMetrics:/n-matmul-128,293,293,,,19582.50,n-matmul-128,false,ec97bbe6dd57,,c-690eed96-0cf1abd9-da0cdb0222d5,1762586071001,Sync,19586.47,1762586071000,21.0.3.26,false,128,24.49,InvokeFunction,,,LATEST,1-690eedd6-0c49fa-bf9bcfcb5b5d,OnDemand,,,0.96,
,C81E0734A1BCCB9DA9FC914E1BF3266D-C,1762586090,FCRequestMetrics:/n-matmul-128,290,290,,,16843.89,n-matmul-128,false,7cce56c3fb65,,c-690eeda8-0cf1abd9-312a3a57ec79,1762586073339,Sync,16849.80,1762586073337,21.0.3.20,false,128,27.78,InvokeFunction,,,LATEST,1-690eedd9-0c49fa-90a359c6d7d2,OnDemand,,,1.35,
,B79079C424E0F07A8A390B193B002836-10,1762586090,FCRequestMetrics:/n-matmul-128,293,293,,,19870.77,n-matmul-128,false,692d15f70bf3,,c-690eed96-0cf1abd9-d94777f4e8e6,1762586071002,Sync,19874.62,1762586071001,21.0.3.24,false,128,34.25,InvokeFunction,,,LATEST,1-690eedd7-0c49fa-b217206c6c56,OnDemand,,,1.34,
,534BB234720EAF245D060C96880CE6E1-C,1762586090,FCRequestMetrics:/n-matmul-128,293,293,,,16886.52,n-matmul-128,false,b9d5a90e849c,,c-690eeda8-0cf1abd9-489697ff9fe3,1762586073491,Sync,16890.83,1762586073490,21.0.3.22,false,128,23.82,InvokeFunction,,,LATEST,1-690eedd9-0c49fa-73ea7c4a135b,OnDemand,,,1.21,
,9CC6FEA79C9A08269F04E5D7AC586D4D-11,1762586090,FCRequestMetrics:/n-matmul-128,299,299,,,21418.29,n-matmul-128,false,1341e9c3300b,,c-690eed96-0cf1abd9-88caba2e9de4,1762586069564,Sync,21420.51,1762586069563,21.0.3.17,false,128,28.71,InvokeFunction,,,LATEST,1-690eedd5-0c49fa-d0203ef947dd,OnDemand,,,1.08,
,6FC75B3DB8851234D07B138AD96FC0A5-14,1762586090,FCRequestMetrics:/n-matmul-128,293,293,,,21958.77,n-matmul-128,false,6b4a94db578b,,c-690eed84-0cf1abd9-be1633f0d0dd,1762586068070,Sync,21960.44,1762586068069,21.0.3.2,false,128,24.57,InvokeFunction,,,LATEST,1-690eedd4-0c0a43-b11f9898532f,OnDemand,,,0.59,
,0BC7559A97094DA3F46167601878453D-C,1762586090,FCRequestMetrics:/n-matmul-128,290,290,,,17220.03,n-matmul-128,false,75f4143da4af,,c-690eeda8-0cf1abd9-4970429639af,1762586073727,Sync,17225.85,1762586073727,21.0.3.19,false,128,27.66,InvokeFunction,,,LATEST,1-690eedd9-0c0a43-1ea2abe68499,OnDemand,,,0.53,
,3AFB20005AD9E6CC4003C7ADDF444DDF-C,1762586090,FCRequestMetrics:/n-matmul-128,290,290,,,16956.12,n-matmul-128,false,5f995ae01ec5,,c-690eeda9-0cf1abd9-1afd58826ae3,1762586073658,Sync,16962.69,1762586073657,21.0.3.25,false,128,27.64,InvokeFunction,,,LATEST,1-690eedd9-0c49fa-2d3d7f2ca995,OnDemand,,,1.14,
,E83713E0537D2729383D69DFF4C2841B-15,1762586090,FCRequestMetrics:/n-matmul-128,293,293,,,21651.68,n-matmul-128,false,1e9a879a9ce3,,c-690eed86-0cf1abd9-bf3f65b56cbd,1762586068854,Sync,21675.65,1762586068853,21.0.3.8,false,128,22.30,InvokeFunction,,,LATEST,1-690eedd4-0c0a43-307241ccc9cd,OnDemand,,,0.52,
,578636031DA9F9E4C1AEAEE036A2ED78-C,1762586090,FCRequestMetrics:/n-matmul-128,296,296,,,17044.63,n-matmul-128,false,d4e7bb540e9b,,c-690eeda9-0cf1abd9-cc7b57654f75,1762586073765,Sync,17046.39,1762586073764,21.0.3.27,false,128,27.64,InvokeFunction,,,LATEST,1-690eedd9-0c49fa-2baa4cf7a040,OnDemand,,,0.94,
,22F3F140A6723208B9E7ACF1561A6D49-C,1762586090,FCRequestMetrics:/n-matmul-128,288,288,,,15398.55,n-matmul-128,false,1bb1546b9f73,,c-690eedaa-0cf1abd9-9d39cd93389c,1762586074959,Sync,15402.08,1762586074957,21.0.3.25,false,128,27.59,InvokeFunction,,,LATEST,1-690eedda-0c49fa-c0a9081198c5,OnDemand,,,0.93,
,10CB9614FCA0A556028B38DC7845A739-12,1762586090,FCRequestMetrics:/n-matmul-128,295,295,,,0.03,n-matmul-128,true,5a545ca9f709,,c-690eed96-0cf1abd9-95270fc2164f,1762586086020,Sync,4502.84,1762586086018,21.0.3.9,false,128,5.82,InvokeFunction,,,LATEST,1-690eede6-0c49fa-0c0f8c1a60ca,OnDemand,,,1.33,,"{""errorType"":""FunctionAbnormalExitError""}"
,F1380D3BB03512FD19661F5DE4097BAA-13,1762586090,FCRequestMetrics:/n-matmul-128,293,293,,,19463.98,n-matmul-128,false,5c25a51ee6b0,,c-690eed8d-0cf1abd9-90163845d713,1762586071003,Sync,19473.88,1762586071002,21.0.3.18,false,128,22.47,InvokeFunction,,,LATEST,1-690eedd7-0c49fa-43e5742ea045,OnDemand,,,0.92,
,E4146AB491CEBDE523F487E441201B73-12,1762586090,FCRequestMetrics:/n-matmul-128,285,285,,,0.04,n-matmul-128,true,efdf38e6c6e7,,c-690eed96-0cf1abd9-523def426250,1762586087266,Sync,3318.01,1762586087265,21.0.3.15,false,128,4.26,InvokeFunction,,,LATEST,1-690eede7-0c0a43-b01d04f3fc99,OnDemand,,,0.55,,"{""errorType"":""FunctionAbnormalExitError""}"
,79631A2B4FF88091BEDF80B60D44FB91-12,1762586090,FCRequestMetrics:/n-matmul-128,283,283,,,0.05,n-matmul-128,true,8b5be02ffcf8,,c-690eed96-0cf1abd9-d03696729fbb,1762586087842,Sync,2645.07,1762586087841,21.0.3.27,false,128,2.11,InvokeFunction,,,LATEST,1-690eede7-0c0a43-cac850949c54,OnDemand,,,0.53,,"{""errorType"":""FunctionAbnormalExitError""}"
,2471E95300325BB840CC834AD5A3C6B6-12,1762586090,FCRequestMetrics:/n-matmul-128,281,281,,,0.03,n-matmul-128,true,9df121cea42b,,c-690eed96-0cf1abd9-2911da29056d,1762586087735,Sync,2896.27,1762586087735,21.0.3.22,false,128,2.07,InvokeFunction,,,LATEST,1-690eede7-0c0a43-5281f576e510,OnDemand,,,0.54,,"{""errorType"":""FunctionAbnormalExitError""}"
,A912C88EFEEFC4B218F7735CF74E673B-B,1762586090,FCRequestMetrics:/n-matmul-128,290,290,,,16825.89,n-matmul-128,false,c124df2e904b,,c-690eeda8-0cf1abd9-66b5ac8b3f4b,1762586073373,Sync,16841.76,1762586073372,21.0.3.16,false,128,21.89,InvokeFunction,,,LATEST,1-690eedd9-0c0a43-89ca5806f4d2,OnDemand,,,0.53,
,92B3129F074210C7D1784E258F56EC8E-14,1762586091,FCRequestMetrics:/n-matmul-128,299,299,,,18465.53,n-matmul-128,false,54fdf7469d4b,,c-690eed8d-0cf1abd9-e3d670f7e404,1762586072604,Sync,18467.58,1762586072602,21.0.3.16,false,128,24.27,InvokeFunction,,,LATEST,1-690eedd8-0c49fa-80be9c050a32,OnDemand,,,1.13,
,2B4625DA72F11748201D56C345F761CD-10,1762586091,FCRequestMetrics:/n-matmul-128,289,289,,,19718.95,n-matmul-128,false,83516cd0eb74,,c-690eed96-0cf1abd9-a41f892cdd8e,1762586071388,Sync,19721.78,1762586071387,21.0.3.26,false,128,26.68,InvokeFunction,,,LATEST,1-690eedd7-0c0a43-4059da0641a1,OnDemand,,,0.50,
,05FBCBF7797DF123D15EB0A6FCA5941A-C,1762586091,FCRequestMetrics:/n-matmul-128,291,291,,,17891.53,n-matmul-128,false,2c2a67e70617,,c-690eeda8-0cf1abd9-2e88da04d74b,1762586073553,Sync,17894.04,1762586073551,21.0.3.17,false,128,27.70,InvokeFunction,,,LATEST,1-690eedd9-0c49fa-0b7b5b094609,OnDemand,,,1.42,
,2F8E8E9909DF7E4E4F6C84108E3E6391-10,1762586091,FCRequestMetrics:/n-matmul-128,297,297,,,19607.35,n-matmul-128,false,cec312802329,,c-690eed96-0cf1abd9-acd053f7b558,1762586071458,Sync,19609.69,1762586071457,21.0.3.25,false,128,26.95,InvokeFunction,,,LATEST,1-690eedd7-0c0a43-995c767be06b,OnDemand,,,0.43,
,7F22DE67CC56E5CE60C18065760DFDF7-10,1762586091,FCRequestMetrics:/n-matmul-128,290,290,,,19789.61,n-matmul-128,false,6aafb671ccf7,,c-690eed96-0cf1abd9-e828e73f8bb0,1762586071277,Sync,19792.12,1762586071276,21.0.3.20,false,128,27.16,InvokeFunction,,,LATEST,1-690eedd7-0c0a43-9500b48a6208,OnDemand,,,0.53,
,92F96CFC59521BF63B429A4C99FA99CB-17,1762586091,FCRequestMetrics:/n-matmul-128,297,297,,,15784.90,n-matmul-128,false,b73e8dfdb3e1,,c-690eed85-0cf1abd9-c0e8aad62b67,1762586075637,Sync,15786.58,1762586075636,21.0.3.3,false,128,27.78,InvokeFunction,,,LATEST,1-690eeddb-0c0a43-5df72563631c,OnDemand,,,0.54,
,EC8C35753894B5B9AF0DA4DB7FE9A13B-C,1762586091,FCRequestMetrics:/n-matmul-128,292,292,,,18284.11,n-matmul-128,false,14f78ff3edc2,,c-690eeda8-0cf1abd9-dbfce724cac6,1762586073321,Sync,18286.50,1762586073319,21.0.3.23,false,128,27.58,InvokeFunction,,,LATEST,1-690eedd9-0c49fa-71ee0a979e00,OnDemand,,,1.42,
,9DB0B32669D9079C1BDD2E72F986F3FE-10,1762586091,FCRequestMetrics:/n-matmul-128,294,294,,,19809.87,n-matmul-128,false,dbf02729ce57,,c-690eed96-0cf1abd9-9cbaae6ba90d,1762586072143,Sync,19813.43,1762586072141,21.0.3.24,false,128,26.84,InvokeFunction,,,LATEST,1-690eedd8-0c49fa-60e563d5aaef,OnDemand,,,1.20,
,4E6EE341D6B7F4B5F00204E676B0421F-E,1762586091,FCRequestMetrics:/n-matmul-128,297,297,,,17206.09,n-matmul-128,false,511d80c68358,,c-690eed8d-0cf1abd9-efed7d33773f,1762586074068,Sync,17212.82,1762586074067,21.0.3.18,false,128,22.30,InvokeFunction,,,LATEST,1-690eedda-0c0a43-1a0e2bd481e2,OnDemand,,,0.54,
,F61B1071476942D4F7B55629DD659612-F,1762586091,FCRequestMetrics:/n-matmul-128,297,297,,,20459.07,n-matmul-128,false,b611341e3558,,c-690eed96-0cf1abd9-fa1cd72521fa,1762586071458,Sync,20461.07,1762586071457,21.0.3.17,false,128,28.89,InvokeFunction,,,LATEST,1-690eedd7-0c0a43-e63df365412b,OnDemand,,,0.72,
,1FD15FF44979A6A17B0CFCEC15F6978B-15,1762586091,FCRequestMetrics:/n-matmul-128,299,299,,,22077.94,n-matmul-128,false,8f75766f976d,,c-690eed84-0cf1abd9-3527f81881d1,1762586069424,Sync,22103.43,1762586069420,21.0.3.8,false,128,21.71,InvokeFunction,,,LATEST,1-690eedd5-0c49fa-860ea0157ad4,OnDemand,,,0.95,
,B521370D3A6E26470A494F1D2AAFFA3F-10,1762586091,FCRequestMetrics:/n-matmul-128,292,292,,,19305.55,n-matmul-128,false,602c844bf99d,,c-690eed96-0cf1abd9-1fcc961447a6,1762586072107,Sync,19354.07,1762586072106,21.0.3.22,false,128,24.07,InvokeFunction,,,LATEST,1-690eedd8-0c49fa-0a320b336715,OnDemand,,,1.34,
,623C01CD3A5A8B2E0F24E293BCB1A9E6-10,1762586091,FCRequestMetrics:/n-matmul-128,289,289,,,19990.01,n-matmul-128,false,28d5a40b4b5c,,c-690eed96-0cf1abd9-9c58647ab8e4,1762586071393,Sync,20041.70,1762586071392,21.0.3.21,false,128,28.64,InvokeFunction,,,LATEST,1-690eedd7-0c0a43-b23df7afad2d,OnDemand,,,0.50,
,E25E5AC81214735572C3101D35F1B078-14,1762586091,FCRequestMetrics:/n-matmul-128,288,288,,,16352.27,n-matmul-128,false,23a95b7b22dd,,c-690eed8d-0cf1abd9-05804b5e6825,1762586075011,Sync,16357.55,1762586075010,21.0.3.17,false,128,22.38,InvokeFunction,,,LATEST,1-690eeddb-0c0a43-955dece99215,OnDemand,,,0.49,
,803897D30563305B6DBC05E884EC8EC2-10,1762586091,FCRequestMetrics:/n-matmul-128,289,289,,,19956.95,n-matmul-128,false,2a6f3444e7b4,,c-690eed96-0cf1abd9-1ae336fb64b1,1762586071379,Sync,19960.50,1762586071378,21.0.3.18,false,128,21.91,InvokeFunction,,,LATEST,1-690eedd7-0c0a43-ee1794b31676,OnDemand,,,0.50,
,35B7CF1288747C19178530C01B71BAC3-10,1762586091,FCRequestMetrics:/n-matmul-128,296,296,,,21013.78,n-matmul-128,false,cf2bb21028d5,,c-690eed96-0cf1abd9-ca59a9a46279,1762586070666,Sync,21757.45,1762586069923,21.0.3.23,false,128,28.72,InvokeFunction,,,LATEST,1-690eedd5-0c49fa-390d2469a62c,OnDemand,,,742.43,
,529E5C7FB42ABB8742B7C8F9D897AD63-10,1762586091,FCRequestMetrics:/n-matmul-128,293,293,,,20257.24,n-matmul-128,false,f84b5136dce2,,c-690eed96-0cf1abd9-9ebb1a976fe6,1762586070997,Sync,20311.27,1762586070995,21.0.3.19,false,128,32.28,InvokeFunction,,,LATEST,1-690eedd6-0c49fa-8aa237bed6b6,OnDemand,,,1.13,
,BBD7AB4B6FCD8B52DAEF4384D3C02406-10,1762586091,FCRequestMetrics:/n-matmul-128,289,289,,,19828.23,n-matmul-128,false,4098b7dc32ba,,c-690eed96-0cf1abd9-f0166f4fef4a,1762586071397,Sync,19891.30,1762586071396,21.0.3.27,false,128,32.27,InvokeFunction,,,LATEST,1-690eedd7-0c0a43-d2963ed0b759,OnDemand,,,0.46,
,FAAE9D66D514066559F6F43F02221FE3-12,1762586091,FCRequestMetrics:/n-matmul-128,295,295,,,0.04,n-matmul-128,true,c90c3b43cf3a,,c-690eed96-0cf1abd9-dd88698fca86,1762586086019,Sync,5040.90,1762586086018,21.0.3.13,false,128,2.21,InvokeFunction,,,LATEST,1-690eede6-0c49fa-533b5c662786,OnDemand,,,1.09,,"{""errorType"":""FunctionAbnormalExitError""}"
,5631503C851C331FBCC55A7B595279F5-14,1762586091,FCRequestMetrics:/n-matmul-128,295,295,,,21156.53,n-matmul-128,false,dd31d4d13109,,c-690eed96-0cf1abd9-3b123f53c475,1762586069969,Sync,21165.78,1762586069967,21.0.3.2,false,128,22.11,InvokeFunction,,,LATEST,1-690eedd5-0c49fa-694e272ec01f,OnDemand,,,0.96,
,849194F1147E7DC7497DCF82D54F9C08-16,1762586091,FCRequestMetrics:/n-matmul-128,293,293,,,20673.85,n-matmul-128,false,f70324bffef3,,c-690eed84-0cf1abd9-74ad9309d09c,1762586070988,Sync,20675.72,1762586070987,21.0.3.9,false,128,24.23,InvokeFunction,,,LATEST,1-690eedd6-0c49fa-3043a77f13fa,OnDemand,,,1.18,
,101ABB01305ADAA1C15616E72BBCE7FA-14,1762586091,FCRequestMetrics:/n-matmul-128,293,293,,,20035.68,n-matmul-128,false,985167d20b2a,,c-690eed8d-0cf1abd9-0876abaa060f,1762586071022,Sync,20041.67,1762586071020,21.0.3.15,false,128,24.32,InvokeFunction,,,LATEST,1-690eedd7-0c49fa-d61bddeeeebe,OnDemand,,,1.31,
,64F0BBA7C58980066176C33658FB272D-12,1762586091,FCRequestMetrics:/n-matmul-128,281,281,,,0.04,n-matmul-128,true,8f8cb0ae0fff,,c-690eed96-0cf1abd9-556eeff7996f,1762586087837,Sync,3570.45,1762586087835,21.0.3.16,false,128,2.23,InvokeFunction,,,LATEST,1-690eede7-0c49fa-7643bf8d297c,OnDemand,,,0.93,,"{""errorType"":""FunctionAbnormalExitError""}"
,E73296BB4FF98C51BFC0649F2F271CC3-C,1762586091,FCRequestMetrics:/n-matmul-128,288,288,,,16420.99,n-matmul-128,false,59d36ceba10f,,c-690eeda8-0cf1abd9-e68ef267c2b5,1762586074960,Sync,16436.86,1762586074959,21.0.3.15,false,128,27.70,InvokeFunction,,,LATEST,1-690eedda-0c49fa-44b9f9d27729,OnDemand,,,1.16,
,DAE6BAF353C38FA45B5DF9AF0F86D659-15,1762586091,FCRequestMetrics:/n-matmul-128,294,294,,,19465.21,n-matmul-128,false,19a08086dcd9,,c-690eed83-0cf1abd9-9b3fcb822613,1762586072148,Sync,19475.37,1762586072146,21.0.3.10,false,128,24.05,InvokeFunction,,,LATEST,1-690eedd8-0c49fa-d25271454615,OnDemand,,,0.95,
,DC9E0E12CD6EBAC6FF4F0136C46C5547-12,1762586091,FCRequestMetrics:/n-matmul-128,294,294,,,0.05,n-matmul-128,true,7e6212d1a18e,,c-690eed96-0cf1abd9-cdf69a3e83a5,1762586088187,Sync,3440.85,1762586088186,21.0.3.13,false,128,4.10,InvokeFunction,,,LATEST,1-690eede8-0c49fa-db781c1ed50f,OnDemand,,,1.31,,"{""errorType"":""FunctionAbnormalExitError""}"
,C6012E9AF904BFC7F82B587139A7052F-14,1762586091,FCRequestMetrics:/n-matmul-128,290,290,,,19742.12,n-matmul-128,false,08ad0ef23948,,c-690eed96-0cf1abd9-776d52a791a0,1762586071332,Sync,19752.98,1762586071331,21.0.3.3,false,128,22.51,InvokeFunction,,,LATEST,1-690eedd7-0c0a43-a92931e0f02d,OnDemand,,,0.54,
,B70395F3A021A5FF8871D46915C2FCC0-11,1762586091,FCRequestMetrics:/n-matmul-128,297,297,,,0.04,n-matmul-128,true,88b44a48a990,,c-690eed96-0cf1abd9-7684f52346d2,1762586088424,Sync,3356.64,1762586088423,21.0.3.14,false,128,2.20,InvokeFunction,,,LATEST,1-690eede8-0c0a43-56236b405cce,OnDemand,,,0.62,,"{""errorType"":""FunctionAbnormalExitError""}"
,3C976305C481D3458F52892B2010ED59-14,1762586091,FCRequestMetrics:/n-matmul-128,292,292,,,19479.67,n-matmul-128,false,2413d1c7f8a6,,c-690eed8d-0cf1abd9-366b26390b4b,1762586072061,Sync,19487.57,1762586072060,21.0.3.14,false,128,24.27,InvokeFunction,,,LATEST,1-690eedd8-0c0a43-24a56c89bd9f,OnDemand,,,0.59,
,83A82314888ED1CF5E7B61964546AF33-C,1762586091,FCRequestMetrics:/n-matmul-128,296,296,,,17530.11,n-matmul-128,false,462f44a2c82a,,c-690eedad-0cf1abd9-7f3a36248a21,1762586073765,Sync,17538.60,1762586073764,21.0.3.10,false,128,21.77,InvokeFunction,,,LATEST,1-690eedd9-0c0a43-1e87cb4c22f9,OnDemand,,,0.48,
,8D8C440FC3E34DBB9F1F04BB26D5634E-17,1762586091,FCRequestMetrics:/n-matmul-128,295,295,,,16443.62,n-matmul-128,false,524d7b1ff122,,c-690eed85-0cf1abd9-5f56757a5335,1762586075374,Sync,16448.98,1762586075373,21.0.3.2,false,128,29.75,InvokeFunction,,,LATEST,1-690eeddb-0c0a43-27c6a0c285a2,OnDemand,,,0.52,
,938A8818D88FA899F8D8F52ADA1CFF6C-C,1762586091,FCRequestMetrics:/n-matmul-128,297,297,,,17108.11,n-matmul-128,false,7f4516a5f859,,c-690eeda9-0cf1abd9-4c7481869c13,1762586074084,Sync,17277.64,1762586073918,21.0.3.24,false,128,22.00,InvokeFunction,,,LATEST,1-690eedd9-0c0a43-f05eb8e294ef,OnDemand,,,165.64,
,5DAD0D54751340FDEB778E8C3D0BCA64-B,1762586091,FCRequestMetrics:/n-matmul-128,299,299,,,17581.13,n-matmul-128,false,5f6b4c786b41,,c-690eedae-0cf1abd9-b63dfe7543ed,1762586074139,Sync,17588.24,1762586074137,21.0.3.8,false,128,83.66,InvokeFunction,,,LATEST,1-690eedda-0c49fa-df4b0b05adc3,OnDemand,,,1.30,
,0BD475407873CF39B1CA595256226051-C,1762586092,FCRequestMetrics:/n-matmul-128,295,295,,,16604.02,n-matmul-128,false,83139df080ef,,c-690eeda9-0cf1abd9-42b948b2a68c,1762586075430,Sync,16607.88,1762586075429,21.0.3.26,false,128,29.70,InvokeFunction,,,LATEST,1-690eeddb-0c49fa-fdfafa4cb7d8,OnDemand,,,1.09,
,4145F5C147116C613F389F1FA1269B40-10,1762586092,FCRequestMetrics:/n-matmul-128,294,294,,,19864.82,n-matmul-128,false,a47c00754ae4,,c-690eed96-0cf1abd9-7ad5956d5a94,1762586072141,Sync,19866.38,1762586072140,21.0.3.18,false,128,24.84,InvokeFunction,,,LATEST,1-690eedd8-0c0a43-c91d62a346d6,OnDemand,,,0.53,
,32F6748B54E7C116ECBA713D52BB001A-10,1762586092,FCRequestMetrics:/n-matmul-128,290,290,,,20329.97,n-matmul-128,false,0d6fef3003c2,,c-690eed96-0cf1abd9-86fc813866d5,1762586071985,Sync,20332.08,1762586071984,21.0.3.21,false,128,21.83,InvokeFunction,,,LATEST,1-690eedd7-0c49fa-2a58f568dd81,OnDemand,,,1.15,
,1A862A83A1BC2442878624F07715F018-11,1762586092,FCRequestMetrics:/n-matmul-128,292,292,,,20054.32,n-matmul-128,false,efc22426a1fd,,c-690eed96-0cf1abd9-cf74302865f9,1762586072097,Sync,20056.05,1762586072096,21.0.3.19,false,128,28.31,InvokeFunction,,,LATEST,1-690eedd8-0c0a43-1763fdafe1a1,OnDemand,,,0.57,
,E70120467209C5072F9BAC96939FF425-17,1762586092,FCRequestMetrics:/n-matmul-128,299,299,,,15169.77,n-matmul-128,false,57a49bda52a7,,c-690eed85-0cf1abd9-89090d6612f0,1762586077595,Sync,15171.06,1762586077594,21.0.3.8,false,128,27.71,InvokeFunction,,,LATEST,1-690eeddd-0c0a43-1c8948a9cfeb,OnDemand,,,0.51,
,40D0187C79EB93AE6164DB021EB45BA3-14,1762586092,FCRequestMetrics:/n-matmul-128,295,295,,,16697.68,n-matmul-128,false,c2355a18488a,,c-690eed8d-0cf1abd9-4bc4ed912672,1762586075374,Sync,16702.58,1762586075373,21.0.3.19,false,128,24.12,InvokeFunction,,,LATEST,1-690eeddb-0c0a43-cda6d188b672,OnDemand,,,0.58,
,283F17FB9C9798583A913C144D41C342-15,1762586092,FCRequestMetrics:/n-matmul-128,293,293,,,21782.07,n-matmul-128,false,4703378e3174,,c-690eed86-0cf1abd9-4e796d80ba23,1762586071037,Sync,21784.11,1762586071036,21.0.3.9,false,128,22.03,InvokeFunction,,,LATEST,1-690eedd7-0c49fa-7ed3b3a0c249,OnDemand,,,0.93,
,35684BB25099CBEDA839F3453B345BB7-14,1762586092,FCRequestMetrics:/n-matmul-128,290,290,,,16446.26,n-matmul-128,false,4704e96ceb34,,c-690eed8d-0cf1abd9-0b031bc7876b,1762586076462,Sync,16456.89,1762586076461,21.0.3.16,false,128,22.29,InvokeFunction,,,LATEST,1-690eeddc-0c0a43-3a934741673d,OnDemand,,,0.58,
,3DBC61790B9142DDBEDCD6134BB09E3F-15,1762586092,FCRequestMetrics:/n-matmul-128,295,295,,,20218.57,n-matmul-128,false,a28f13fec6d7,,c-690eed84-0cf1abd9-47616b0fcd20,1762586072273,Sync,20223.72,1762586072273,21.0.3.10,false,128,22.39,InvokeFunction,,,LATEST,1-690eedd8-0c0a43-3f9fdb96b501,OnDemand,,,0.52,
,71B50CCCFCB17E1646B11A2BE0A08D93-12,1762586092,FCRequestMetrics:/n-matmul-128,290,290,,,0.05,n-matmul-128,true,58ac22b3424d,,c-690eed96-0cf1abd9-7899d50458f3,1762586087941,Sync,4245.83,1762586087939,21.0.3.14,false,128,2.24,InvokeFunction,,,LATEST,1-690eede7-0c49fa-1eca66724118,OnDemand,,,1.12,,"{""errorType"":""FunctionAbnormalExitError""}"
,B4A81EAA9A610DB6D6C5F8ED3BF0C5D3-12,1762586092,FCRequestMetrics:/n-matmul-128,291,291,,,0.03,n-matmul-128,true,5618ff7e0c38,,c-690eed96-0cf1abd9-fe06c54f6777,1762586088118,Sync,4302.48,1762586088117,21.0.3.20,false,128,2.20,InvokeFunction,,,LATEST,1-690eede8-0c49fa-958151309744,OnDemand,,,1.26,,"{""errorType"":""FunctionAbnormalExitError""}"
,9A69A015E836A893BB9F5FED7403265F-12,1762586092,FCRequestMetrics:/n-matmul-128,290,290,,,0.05,n-matmul-128,true,8be9fbcef600,,c-690eed96-0cf1abd9-94394623246b,1762586087957,Sync,4117.55,1762586087939,21.0.3.12,false,128,2.38,InvokeFunction,,,LATEST,1-690eede7-0c0a43-79da3ac5def2,OnDemand,,,0.52,,"{""errorType"":""FunctionAbnormalExitError""}"
,58100D8F3876904D781824C152698572-15,1762586092,FCRequestMetrics:/n-matmul-128,295,295,,,19255.35,n-matmul-128,false,59ce8020a236,,c-690eed84-0cf1abd9-0fe3463f746c,1762586073008,Sync,19842.37,1762586072421,21.0.3.11,false,128,22.50,InvokeFunction,,,LATEST,1-690eedd8-0c49fa-cc3a7acbd863,OnDemand,,,586.14,
,CACC3D6F9C6A2945DEADA5EDA3A09538-15,1762586092,FCRequestMetrics:/n-matmul-128,298,298,,,19537.07,n-matmul-128,false,d4758414a170,,c-690eed83-0cf1abd9-8480035f250f,1762586072492,Sync,19553.80,1762586072491,21.0.3.12,false,128,25.93,InvokeFunction,,,LATEST,1-690eedd8-0c49fa-396dfcd6b4f1,OnDemand,,,0.95,
,E94FAD7DFC0D7C430A1E1579F49C2CB6-15,1762586092,FCRequestMetrics:/n-matmul-128,294,294,,,20235.62,n-matmul-128,false,357862df7f73,,c-690eed86-0cf1abd9-f59485cce75a,1762586072223,Sync,20248.36,1762586072223,21.0.3.12,false,128,22.38,InvokeFunction,,,LATEST,1-690eedd8-0c0a43-49b52bec7d57,OnDemand,,,0.52,
,05CDE0418A06D09EAE4ADEC100CA68AB-C,1762586092,FCRequestMetrics:/n-matmul-128,297,297,,,18276.51,n-matmul-128,false,0737d63123d1,,c-690eedad-0cf1abd9-a9ddaa1500d5,1762586074110,Sync,18278.96,1762586074108,21.0.3.12,false,128,22.46,InvokeFunction,,,LATEST,1-690eedda-0c49fa-1dd79849becb,OnDemand,,,1.13,
,B6D50533180C70B5E0BB5DFAA393368E-B,1762586092,FCRequestMetrics:/n-matmul-128,295,295,,,17223.55,n-matmul-128,false,61f29b5aaa2a,,c-690eedae-0cf1abd9-d16ca912f1de,1762586075065,Sync,17227.88,1762586075063,21.0.3.9,false,128,22.75,InvokeFunction,,,LATEST,1-690eeddb-0c49fa-d57a08d6daee,OnDemand,,,1.36,
,4CE5B21E168E3B127D0FE1A088B9BCD9-15,1762586092,FCRequestMetrics:/n-matmul-128,296,296,,,18645.69,n-matmul-128,false,6c05632c40b6,,c-690eed84-0cf1abd9-2ca190cf5bc8,1762586073963,Sync,18835.96,1762586073778,21.0.3.13,false,128,22.50,InvokeFunction,,,LATEST,1-690eedd9-0c49fa-db6469943365,OnDemand,,,184.67,
,83CAB58307325447A4DEA26702BA5E90-10,1762586093,FCRequestMetrics:/n-matmul-128,295,295,,,20863.32,n-matmul-128,false,03045a14e1ff,,c-690eed96-0cf1abd9-278610150dd5,1762586072243,Sync,20864.60,1762586072242,21.0.3.16,false,128,26.92,InvokeFunction,,,LATEST,1-690eedd8-0c0a43-6f06f97a6e9c,OnDemand,,,0.51,
,E5B69284F91EC2DF605FC852F4441DE1-10,1762586093,FCRequestMetrics:/n-matmul-128,297,297,,,21859.61,n-matmul-128,false,a79ff7c252e4,,c-690eed96-0cf1abd9-ce2a7ce29ce5,1762586071437,Sync,21862.12,1762586071436,21.0.3.15,false,128,27.30,InvokeFunction,,,LATEST,1-690eedd7-0c0a43-340ac73c1394,OnDemand,,,0.48,
,609BB87232F313E7E1EE3C8255B3B0B3-17,1762586093,FCRequestMetrics:/n-matmul-128,296,296,,,16638.89,n-matmul-128,false,3722a439771f,,c-690eed85-0cf1abd9-2c911ea6008b,1762586077142,Sync,16642.56,1762586077140,21.0.3.10,false,128,27.51,InvokeFunction,,,LATEST,1-690eeddd-0c49fa-658da71c17a8,OnDemand,,,1.10,
,BC7D406DCB03E5F0740A7972675CF2F0-15,1762586093,FCRequestMetrics:/n-matmul-128,295,295,,,20754.66,n-matmul-128,false,fec3919de42b,,c-690eed86-0cf1abd9-a3cf507306a7,1762586072279,Sync,20757.93,1762586072278,21.0.3.10,false,128,22.25,InvokeFunction,,,LATEST,1-690eedd8-0c0a43-5e7e34236990,OnDemand,,,0.53,
,BBE4F3A04F21A9AAC989204381637DB0-D,1762586093,FCRequestMetrics:/n-matmul-128,295,295,,,18150.79,n-matmul-128,false,344f71de17a7,,c-690eedad-0cf1abd9-b220a1ec872a,1762586075052,Sync,18152.80,1762586075051,21.0.3.8,false,128,73.97,InvokeFunction,,,LATEST,1-690eeddb-0c49fa-fcf4415197d6,OnDemand,,,1.13,
,254CBF9330441C1ACFCB0F4AE9CBF4F1-C,1762586093,FCRequestMetrics:/n-matmul-128,297,297,,,18234.36,n-matmul-128,false,ab3447f5d4b9,,c-690eedad-0cf1abd9-bee0383146f8,1762586075727,Sync,18241.26,1762586075726,21.0.3.9,false,128,31.77,InvokeFunction,,,LATEST,1-690eeddb-0c0a43-1ee1f4e69620,OnDemand,,,0.54,
,7C3C6C39706B9E9A5E45EA0795F361E3-15,1762586093,FCRequestMetrics:/n-matmul-128,298,298,,,15984.52,n-matmul-128,false,daf840027305,,c-690eed8d-0cf1abd9-998f2d849ede,1762586077448,Sync,16218.92,1762586077215,21.0.3.14,false,128,20.23,InvokeFunction,,,LATEST,1-690eeddd-0c0a43-6033b1330a7a,OnDemand,,,233.34,
,7EE08DA56FC077A8FBD356D2C6053F3C-15,1762586093,FCRequestMetrics:/n-matmul-128,292,292,,,21752.83,n-matmul-128,false,88bd901e69d9,,c-690eed86-0cf1abd9-2ed67a1a0815,1762586072056,Sync,21755.03,1762586072055,21.0.3.11,false,128,22.13,InvokeFunction,,,LATEST,1-690eedd8-0c49fa-b7fd998b2e72,OnDemand,,,1.21,
,6A8383338392512084A14C3EC7DB7CCC-15,1762586093,FCRequestMetrics:/n-matmul-128,296,296,,,15898.51,n-matmul-128,false,d95f8edd3264,,c-690eed8d-0cf1abd9-54a1d269f410,1762586077227,Sync,15900.48,1762586077226,21.0.3.15,false,128,22.37,InvokeFunction,,,LATEST,1-690eeddd-0c49fa-8a0776cb27a2,OnDemand,,,1.13,
,B09D02D2736E63D8D189EBC1852D5FE0-15,1762586093,FCRequestMetrics:/n-matmul-128,295,295,,,21511.21,n-matmul-128,false,d93ff50fc499,,c-690eed86-0cf1abd9-16756c022540,1762586072245,Sync,21513.29,1762586072244,21.0.3.13,false,128,22.22,InvokeFunction,,,LATEST,1-690eedd8-0c49fa-029999932071,OnDemand,,,0.88,
,46452AD4646881BB08C6B59B48AEDFBA-14,1762586093,FCRequestMetrics:/n-matmul-128,298,298,,,16404.39,n-matmul-128,false,db5d7adaa422,,c-690eed8d-0cf1abd9-7d73f845b0a5,1762586077442,Sync,16592.66,1762586077254,21.0.3.12,false,128,24.32,InvokeFunction,,,LATEST,1-690eeddd-0c0a43-dc27f3458c12,OnDemand,,,186.96,
,8BD4AD9E3D09406FDF72A2C557E65602-14,1762586093,FCRequestMetrics:/n-matmul-128,299,299,,,16434.19,n-matmul-128,false,b921ac706f30,,c-690eed8d-0cf1abd9-a5d5bfafa5f0,1762586077375,Sync,16634.44,1762586077176,21.0.3.20,false,128,24.64,InvokeFunction,,,LATEST,1-690eeddd-0c0a43-f44b81955f1d,OnDemand,,,199.26,
,3641BD03B2EDD337A1E5E07D16D4DE1D-15,1762586093,FCRequestMetrics:/n-matmul-128,299,299,,,15889.03,n-matmul-128,false,74c2be7ed7bc,,c-690eed8d-0cf1abd9-611a2133a545,1762586077613,Sync,15890.65,1762586077612,21.0.3.24,false,128,22.46,InvokeFunction,,,LATEST,1-690eeddd-0c0a43-851e978d7a2e,OnDemand,,,0.52,
,0B2964543FFD9BF880FB835C7969E92C-C,1762586093,FCRequestMetrics:/n-matmul-128,297,297,,,17586.53,n-matmul-128,false,def6cb030cc0,,c-690eedad-0cf1abd9-ea42a99c6fe6,1762586075842,Sync,17757.28,1762586075681,21.0.3.13,false,128,21.66,InvokeFunction,,,LATEST,1-690eeddb-0c49fa-af7021c236eb,OnDemand,,,160.28,
,EBC26A7000C29ACFC3147F56410DAFC8-12,1762586093,FCRequestMetrics:/n-matmul-128,297,297,,,0.04,n-matmul-128,true,ec97bbe6dd57,,c-690eed96-0cf1abd9-da0cdb0222d5,1762586090663,Sync,2668.83,1762586090661,21.0.3.26,false,128,2.10,InvokeFunction,,,LATEST,1-690eedea-0c49fa-2e0d94e43844,OnDemand,,,1.16,,"{""errorType"":""FunctionAbnormalExitError""}"
,9CC6FEA79C9A08269F04E5D7AC586D4D-13,1762586093,FCRequestMetrics:/n-matmul-128,298,298,,,0.06,n-matmul-128,true,1341e9c3300b,,c-690eed96-0cf1abd9-88caba2e9de4,1762586091043,Sync,2203.33,1762586091042,21.0.3.17,false,128,4.20,InvokeFunction,,,LATEST,1-690eedeb-0c0a43-903ea95d96c6,OnDemand,,,0.53,,"{""errorType"":""FunctionAbnormalExitError""}"
,E3A10F33112D22B99CDFAE6B3DA5F427-18,1762586094,FCRequestMetrics:/n-matmul-128,296,296,,,17343.92,n-matmul-128,false,7c04ccbbdae4,,c-690eed85-0cf1abd9-4dc3fba76450,1762586077147,Sync,17345.65,1762586077146,21.0.3.9,false,128,27.44,InvokeFunction,,,LATEST,1-690eeddd-0c0a43-219ccbe5a2fe,OnDemand,,,0.51,
,C3D70BE59EDDE2E3BAD7D26871BEFCC2-14,1762586094,FCRequestMetrics:/n-matmul-128,296,296,,,17697.60,n-matmul-128,false,5c7d778afaae,,c-690eed8d-0cf1abd9-f42778f29da4,1762586077186,Sync,17699.74,1762586077184,21.0.3.17,false,128,22.21,InvokeFunction,,,LATEST,1-690eeddd-0c49fa-f1d7899c5f14,OnDemand,,,1.15,
,B3D0E276D29FCA59C6A2FD9A6053BFF8-14,1762586094,FCRequestMetrics:/n-matmul-128,292,292,,,17297.90,n-matmul-128,false,8f00d7dabb61,,c-690eed96-0cf1abd9-f9cad621699b,1762586077002,Sync,17301.83,1762586077001,21.0.3.19,false,128,23.91,InvokeFunction,,,LATEST,1-690eeddc-0c0a43-2521b7af30d1,OnDemand,,,0.50,
,CEBE4DE47CD58B3FB8C58509A1292CE6-17,1762586094,FCRequestMetrics:/n-matmul-128,294,294,,,14325.74,n-matmul-128,false,f06ea0952339,,c-690eed85-0cf1abd9-158fa1fe0ffd,1762586080265,Sync,14327.31,1762586080264,21.0.3.14,false,128,27.47,InvokeFunction,,,LATEST,1-690eede0-0c0a43-7d9037dac1dc,OnDemand,,,0.51,
,074001829727EFB7F7387CED9C5F68EC-B,1762586094,FCRequestMetrics:/n-matmul-128,297,297,,,18985.24,n-matmul-128,false,ee3e5731d648,,c-690eedad-0cf1abd9-2b773a14cfca,1762586075884,Sync,19014.79,1762586075883,21.0.3.11,false,128,21.57,InvokeFunction,,,LATEST,1-690eeddb-0c49fa-8e528ad72f1d,OnDemand,,,0.93,
,72B0763C812343F54C4768A450A14952-15,1762586094,FCRequestMetrics:/n-matmul-128,299,299,,,16712.46,n-matmul-128,false,cf26af28e3d5,,c-690eed8d-0cf1abd9-53316fbc9c29,1762586077751,Sync,17236.58,1762586077236,21.0.3.21,false,128,21.95,InvokeFunction,,,LATEST,1-690eeddd-0c0a43-1df36c6ed98e,OnDemand,,,514.60,
,FBD8C56E27722E3A762AD34A166289FF-13,1762586094,FCRequestMetrics:/n-matmul-128,296,296,,,21240.03,n-matmul-128,false,b0aff5fb1ab1,,c-690eed96-0cf1abd9-13352bc917ad,1762586073745,Sync,21246.27,1762586073743,21.0.3.2,false,128,24.12,InvokeFunction,,,LATEST,1-690eedd9-0c49fa-5daccf34472e,OnDemand,,,1.35,
,BA5A16F182CE3ABF620021ACFE7D7011-14,1762586094,FCRequestMetrics:/n-matmul-128,290,290,,,20525.41,n-matmul-128,false,bb393646e560,,c-690eed96-0cf1abd9-3dded35d4062,1762586073682,Sync,20528.00,1762586073680,21.0.3.8,false,128,21.95,InvokeFunction,,,LATEST,1-690eedd9-0c49fa-5302a965990a,OnDemand,,,1.12,
,80B2B247C9D9AF2A95FDD34F1640050C-15,1762586094,FCRequestMetrics:/n-matmul-128,295,295,,,19499.15,n-matmul-128,false,ce4127663c28,,c-690eed84-0cf1abd9-d4909224eec1,1762586075422,Sync,19501.31,1762586075420,21.0.3.11,false,128,21.92,InvokeFunction,,,LATEST,1-690eeddb-0c49fa-5874089cd347,OnDemand,,,1.16,
,B7D4D1DD2FC40780773A1A71845C5151-16,1762586094,FCRequestMetrics:/n-matmul-128,296,296,,,20413.01,n-matmul-128,false,767418f36457,,c-690eed84-0cf1abd9-5d4c970df804,1762586074021,Sync,20421.55,1762586074019,21.0.3.13,false,128,21.69,InvokeFunction,,,LATEST,1-690eedda-0c49fa-eee4c1ba5ea2,OnDemand,,,1.11,
,3264C158E2D5E5DEFE085BA619A247E7-14,1762586094,FCRequestMetrics:/n-matmul-128,299,299,,,15624.17,n-matmul-128,false,0f7eccb6ce30,,c-690eed96-0cf1abd9-e222a82ad173,1762586079213,Sync,15628.64,1762586079212,21.0.3.4,false,128,22.24,InvokeFunction,,,LATEST,1-690eeddf-0c0a43-65e937a74dfc,OnDemand,,,0.48,
,D2BCA0C8052D39835F68F2A25705BDC3-C,1762586094,FCRequestMetrics:/n-matmul-128,292,292,,,17758.82,n-matmul-128,false,6b0c8a7b5b7d,,c-690eedad-0cf1abd9-43af290c944d,1762586076646,Sync,17760.94,1762586076644,21.0.3.15,false,128,29.58,InvokeFunction,,,LATEST,1-690eeddc-0c49fa-46b23be23143,OnDemand,,,1.25,
,601984C4C767B3AE29155A0CBC717A02-15,1762586094,FCRequestMetrics:/n-matmul-128,290,290,,,19512.16,n-matmul-128,false,18fcdff65652,,c-690eed84-0cf1abd9-c1ce786e1019,1762586074928,Sync,19521.95,1762586074927,21.0.3.14,false,128,22.24,InvokeFunction,,,LATEST,1-690eedda-0c49fa-1ea5fcc10841,OnDemand,,,1.24,
,00F741ED552D957855AA9DEA31925A77-17,1762586094,FCRequestMetrics:/n-matmul-128,297,297,,,14611.17,n-matmul-128,false,478f63eb8cbf,,c-690eed85-0cf1abd9-026f6407b0f7,1762586079854,Sync,14612.46,1762586079854,21.0.3.17,false,128,27.70,InvokeFunction,,,LATEST,1-690eeddf-0c0a43-50bf7f50cb2a,OnDemand,,,0.46,
,C15BF1EC55206DC503800DA01C82FD0A-C,1762586094,FCRequestMetrics:/n-matmul-128,293,293,,,17420.79,n-matmul-128,false,3dea345b3806,,c-690eedae-0cf1abd9-2315151cf3eb,1762586076827,Sync,17422.21,1762586076827,21.0.3.11,false,128,24.40,InvokeFunction,,,LATEST,1-690eeddc-0c0a43-937c2ec2cff7,OnDemand,,,0.53,
,8AE5E5DD376D8B6BBC87B2F900A287DB-17,1762586095,FCRequestMetrics:/n-matmul-128,299,299,,,15211.59,n-matmul-128,false,7a13a20b921a,,c-690eed85-0cf1abd9-64d3ea47bde3,1762586079975,Sync,15215.13,1762586079974,21.0.3.13,false,128,28.02,InvokeFunction,,,LATEST,1-690eeddf-0c0a43-6137041fdb98,OnDemand,,,0.54,
,FD3DA8D46D8EFE79129F6DB831E2D004-14,1762586095,FCRequestMetrics:/n-matmul-128,296,296,,,21787.58,n-matmul-128,false,c5d7c67d012d,,c-690eed87-0cf1abd9-168efb1ce039,1762586073748,Sync,21806.03,1762586073747,21.0.3.14,false,128,22.26,InvokeFunction,,,LATEST,1-690eedd9-0c49fa-b17551152300,OnDemand,,,0.76,
,4D0C87630DE75182644B9E4D5295586B-16,1762586095,FCRequestMetrics:/n-matmul-128,298,298,,,14853.02,n-matmul-128,false,ce613473cf37,,c-690eed85-0cf1abd9-2f0a1317ca81,1762586080512,Sync,14883.62,1762586080511,21.0.3.11,false,128,27.41,InvokeFunction,,,LATEST,1-690eede0-0c0a43-f524e54fe3cb,OnDemand,,,0.57,
,06C1AECF0F54657A09035580DC6D0DB0-15,1762586095,FCRequestMetrics:/n-matmul-128,298,298,,,17253.48,n-matmul-128,false,d73180f2ad0e,,c-690eed8d-0cf1abd9-22bbe3b454d8,1762586078121,Sync,17455.61,1762586077927,21.0.3.22,false,128,21.95,InvokeFunction,,,LATEST,1-690eeddd-0c49fa-6159f175ec5c,OnDemand,,,194.27,
,42E890D6520D105A9B16A20A2B52D801-F,1762586095,FCRequestMetrics:/n-matmul-128,299,299,,,16298.77,n-matmul-128,false,94b02dd0f401,,c-690eeda9-0cf1abd9-9011fb8320b3,1762586079231,Sync,16317.68,1762586079230,21.0.3.8,false,128,43.12,InvokeFunction,,,LATEST,1-690eeddf-0c49fa-0149e393633a,OnDemand,,,1.14,
,D75FE03AF20DB179FE80EEBFA34D421E-10,1762586095,FCRequestMetrics:/n-matmul-128,299,299,,,22565.42,n-matmul-128,false,6e7425ff0dbc,,c-690eed96-0cf1abd9-51b4fedde737,1762586072555,Sync,22798.07,1762586072323,21.0.3.27,false,128,26.61,InvokeFunction,,,LATEST,1-690eedd8-0c0a43-4c9c89fc8a56,OnDemand,,,231.50,
,E3C9ED0B2534F08C4630863A71EE6115-14,1762586095,FCRequestMetrics:/n-matmul-128,295,295,,,16470.06,n-matmul-128,false,87674caf583b,,c-690eed96-0cf1abd9-ae05907d43ad,1762586078962,Sync,16475.49,1762586078961,21.0.3.12,false,128,22.07,InvokeFunction,,,LATEST,1-690eedde-0c0a43-32f5e4ba9f12,OnDemand,,,0.47,
,41C8E8C026B88A3FDC7027A22DD65441-17,1762586095,FCRequestMetrics:/n-matmul-128,295,295,,,16630.87,n-matmul-128,false,0e85519b1ae8,,c-690eed85-0cf1abd9-a830e80c9d58,1762586079009,Sync,16637.21,1762586079008,21.0.3.12,false,128,27.57,InvokeFunction,,,LATEST,1-690eeddf-0c49fa-648c6b7df3af,OnDemand,,,1.23,
,B0234B70AFAFEAEF517C2172ED2CFEB6-14,1762586095,FCRequestMetrics:/n-matmul-128,295,295,,,16770.71,n-matmul-128,false,9bfb01ae65a2,,c-690eed96-0cf1abd9-df0c068d62fa,1762586078936,Sync,16798.21,1762586078935,21.0.3.20,false,128,28.58,InvokeFunction,,,LATEST,1-690eedde-0c49fa-8b337a59bebe,OnDemand,,,0.83,
,C7D2A82C4522CA8A251B518A5412EBB2-14,1762586095,FCRequestMetrics:/n-matmul-128,297,297,,,16040.85,n-matmul-128,false,4b354849f527,,c-690eed96-0cf1abd9-72da89fa2b61,1762586079842,Sync,16056.42,1762586079841,21.0.3.21,false,128,24.25,InvokeFunction,,,LATEST,1-690eeddf-0c49fa-2cddcc906e15,OnDemand,,,1.15,
,29AE8E513B0BDFCBBE8182ECB0CB489D-C,1762586095,FCRequestMetrics:/n-matmul-128,291,291,,,19032.26,n-matmul-128,false,8aa0e1273cfd,,c-690eedae-0cf1abd9-d84c6a5e8f7f,1762586076837,Sync,19034.00,1762586076836,21.0.3.12,false,128,21.59,InvokeFunction,,,LATEST,1-690eeddc-0c49fa-b4824d56704f,OnDemand,,,0.94,
,ACC61EAFD65443D198A5177BAD7DDF02-13,1762586095,FCRequestMetrics:/n-matmul-128,295,295,,,0.05,n-matmul-128,true,3174e9129044,,c-690eed96-0cf1abd9-645e4a0c60a8,1762586090423,Sync,4825.85,1762586090421,21.0.3.25,false,128,4.20,InvokeFunction,,,LATEST,1-690eedea-0c49fa-d3787ec7e5ac,OnDemand,,,0.77,,"{""errorType"":""FunctionAbnormalExitError""}"
,945898D0AF47D153C60C831EFEA93697-12,1762586095,FCRequestMetrics:/n-matmul-128,293,293,,,0.04,n-matmul-128,true,175f45e7fcbd,,c-690eed96-0cf1abd9-9f8f06b7bb4c,1762586090232,Sync,5479.48,1762586090231,21.0.3.22,false,128,2.22,InvokeFunction,,,LATEST,1-690eedea-0c49fa-cb9d42e6e70c,OnDemand,,,1.21,,"{""errorType"":""FunctionAbnormalExitError""}"
,13012196C53F5375DA6D7E0B0AED40BD-13,1762586095,FCRequestMetrics:/n-matmul-128,295,295,,,20101.37,n-matmul-128,false,ced19e0e4fae,,c-690eed96-0cf1abd9-26d3f0e782b3,1762586075338,Sync,20110.12,1762586075337,21.0.3.9,false,128,22.26,InvokeFunction,,,LATEST,1-690eeddb-0c0a43-1ff34d4f96dc,OnDemand,,,0.65,
,90721D5DEA57FA959D79E839A2790822-C,1762586095,FCRequestMetrics:/n-matmul-128,296,296,,,18648.22,n-matmul-128,false,b03326c3717a,,c-690eedad-0cf1abd9-bb969c1ece47,1762586077232,Sync,18649.90,1762586077231,21.0.3.17,false,128,22.31,InvokeFunction,,,LATEST,1-690eeddd-0c0a43-bcbc340521f0,OnDemand,,,0.50,
,3E533AA8FAF2B84350E8C259DEC8E798-15,1762586095,FCRequestMetrics:/n-matmul-128,294,294,,,19994.59,n-matmul-128,false,04c7bf8df02f,,c-690eed96-0cf1abd9-474755af5c04,1762586075146,Sync,19996.89,1762586075145,21.0.3.10,false,128,22.06,InvokeFunction,,,LATEST,1-690eeddb-0c49fa-c0713b80dc59,OnDemand,,,1.18,
,1F631BBE3B0C3CBE62088E329F244AE4-D,1762586095,FCRequestMetrics:/n-matmul-128,299,299,,,17245.86,n-matmul-128,false,91167f95b002,,c-690eedae-0cf1abd9-978911f45f89,1762586077759,Sync,17248.19,1762586077757,21.0.3.10,false,128,27.46,InvokeFunction,,,LATEST,1-690eeddd-0c49fa-32d2f0fdc952,OnDemand,,,1.26,
,03AEEB1D9B7AD58C878D528779156747-B,1762586095,FCRequestMetrics:/n-matmul-128,295,295,,,18157.28,n-matmul-128,false,0df18e8c62e5,,c-690eedae-0cf1abd9-3b0257a32ea2,1762586077123,Sync,18159.01,1762586077122,21.0.3.13,false,128,22.79,InvokeFunction,,,LATEST,1-690eeddd-0c49fa-10ef6a084090,OnDemand,,,0.79,
,E0E0F357761D0248261EE2F10BB55343-12,1762586095,FCRequestMetrics:/n-matmul-128,295,295,,,0.04,n-matmul-128,true,44413e12b2a5,,c-690eed96-0cf1abd9-2eb0d31dc6a8,1762586090392,Sync,5267.62,1762586090390,21.0.3.23,false,128,2.09,InvokeFunction,,,LATEST,1-690eedea-0c49fa-2d90f08940b3,OnDemand,,,0.92,,"{""errorType"":""FunctionAbnormalExitError""}"
,B79079C424E0F07A8A390B193B002836-12,1762586095,FCRequestMetrics:/n-matmul-128,299,299,,,0.06,n-matmul-128,true,692d15f70bf3,,c-690eed96-0cf1abd9-d94777f4e8e6,1762586090905,Sync,4823.33,1762586090904,21.0.3.24,false,128,4.07,InvokeFunction,,,LATEST,1-690eedea-0c0a43-89edede3f694,OnDemand,,,0.48,,"{""errorType"":""FunctionAbnormalExitError""}"
,946B81964C060862F0648B190BC052AB-15,1762586095,FCRequestMetrics:/n-matmul-128,292,292,,,19595.67,n-matmul-128,false,34c40a6c9520,,c-690eed89-0cf1abd9-1687528dc8c2,1762586076372,Sync,19600.03,1762586076371,21.0.3.16,false,128,26.21,InvokeFunction,,,LATEST,1-690eeddc-0c0a43-aa7447a52d6a,OnDemand,,,0.54,
,D19DEB46D930B5FFB4880807275B0C84-14,1762586095,FCRequestMetrics:/n-matmul-128,292,292,,,18860.75,n-matmul-128,false,469834073b90,,c-690eed96-0cf1abd9-e8d8f0ec69a4,1762586076956,Sync,18868.36,1762586076954,21.0.3.11,false,128,23.93,InvokeFunction,,,LATEST,1-690eeddc-0c49fa-e353cb2446ea,OnDemand,,,1.37,
,69A54F516AD5DA2E071B4EDE812B37FB-D,1762586095,FCRequestMetrics:/n-matmul-128,298,298,,,17657.42,n-matmul-128,false,483d6d5a401b,,c-690eedae-0cf1abd9-23e27f7352eb,1762586078084,Sync,17663.55,1762586078082,21.0.3.16,false,128,26.98,InvokeFunction,,,LATEST,1-690eedde-0c49fa-3dc2acfc617f,OnDemand,,,1.61,
,21A4B0901367BD0C28B579B375001259-E,1762586096,FCRequestMetrics:/n-matmul-128,294,294,,,16344.38,n-matmul-128,false,387d318bc5da,,c-690eeda9-0cf1abd9-e3fe59758c3d,1762586080247,Sync,16346.96,1762586080245,21.0.3.7,false,128,68.25,InvokeFunction,,,LATEST,1-690eede0-0c49fa-03244bbedcc5,OnDemand,,,1.33,
,A9D18AD4109C30D5E34A6CADD737B686-17,1762586096,FCRequestMetrics:/n-matmul-128,299,299,,,16034.50,n-matmul-128,false,07c49809bd2c,,c-690eed85-0cf1abd9-a441473e8758,1762586080410,Sync,16036.72,1762586080408,21.0.3.16,false,128,27.41,InvokeFunction,,,LATEST,1-690eede0-0c49fa-bba478d44f7e,OnDemand,,,1.36,
,582B2FD610CE36EC9001D437122DA7DE-15,1762586096,FCRequestMetrics:/n-matmul-128,298,298,,,18210.01,n-matmul-128,false,6d8c2f880a16,,c-690eed84-0cf1abd9-51ea92789350,1762586078630,Sync,18215.24,1762586078628,21.0.3.17,false,128,24.64,InvokeFunction,,,LATEST,1-690eedde-0c0a43-15f3aaf41577,OnDemand,,,0.51,
,5C14CF48C5C22527111DB496942DC103-15,1762586096,FCRequestMetrics:/n-matmul-128,296,296,,,22053.83,n-matmul-128,false,07dabc2bb605,,c-690eed84-0cf1abd9-5a2627b82825,1762586074015,Sync,22058.09,1762586074014,21.0.3.12,false,128,22.20,InvokeFunction,,,LATEST,1-690eedda-0c0a43-05148917a09e,OnDemand,,,0.51,
,890DC515470C0D64B7BCB1DEAC8D6597-14,1762586096,FCRequestMetrics:/n-matmul-128,296,296,,,15915.62,n-matmul-128,false,ed39d36f7908,,c-690eed96-0cf1abd9-0e620186c5f3,1762586080173,Sync,15917.14,1762586080172,21.0.3.25,false,128,26.29,InvokeFunction,,,LATEST,1-690eede0-0c0a43-bf7e4a796327,OnDemand,,,0.52,
,7FCCE5A256910B58B56BBA3543AFB14E-15,1762586096,FCRequestMetrics:/n-matmul-128,294,294,,,21127.47,n-matmul-128,false,c5e4309ab4db,,c-690eed84-0cf1abd9-b684d4f05063,1762586075142,Sync,21130.52,1762586075140,21.0.3.15,false,128,21.90,InvokeFunction,,,LATEST,1-690eeddb-0c49fa-ac5df5ca61ba,OnDemand,,,1.16,
,D143AE44C19E26F9220F758DFE51775E-13,1762586096,FCRequestMetrics:/n-matmul-128,299,299,,,16312.50,n-matmul-128,false,7cc6d641bed2,,c-690eed96-0cf1abd9-0cb5743955c5,1762586080409,Sync,16314.29,1762586080408,21.0.3.17,false,128,22.24,InvokeFunction,,,LATEST,1-690eede0-0c0a43-90695a84475f,OnDemand,,,0.52,
,58CCD2DE8E2B0B4D1F6EB957F7930236-17,1762586096,FCRequestMetrics:/n-matmul-128,298,298,,,14453.25,n-matmul-128,false,6736357c0448,,c-690eed85-0cf1abd9-39066bb81db1,1762586082402,Sync,14457.41,1762586082400,21.0.3.23,false,128,29.97,InvokeFunction,,,LATEST,1-690eede2-0c49fa-46db7a91c34b,OnDemand,,,1.40,
,54FD7E1C16E33CD5A572B96CB27C6F6C-16,1762586096,FCRequestMetrics:/n-matmul-128,297,297,,,15456.06,n-matmul-128,false,e563746bf006,,c-690eed96-0cf1abd9-aba818b27a54,1762586080688,Sync,15680.58,1762586080464,21.0.3.25,false,128,22.21,InvokeFunction,,,LATEST,1-690eede0-0c0a43-5d8e61af9959,OnDemand,,,223.49,
,2B4625DA72F11748201D56C345F761CD-11,1762586096,FCRequestMetrics:/n-matmul-128,298,298,,,0.04,n-matmul-128,true,83516cd0eb74,,c-690eed96-0cf1abd9-a41f892cdd8e,1762586091138,Sync,5106.65,1762586091137,21.0.3.26,false,128,2.26,InvokeFunction,,,LATEST,1-690eedeb-0c0a43-d840f38e885f,OnDemand,,,0.50,,"{""errorType"":""FunctionAbnormalExitError""}"
,FE62E48614DA949DAF3789D4806A512D-16,1762586096,FCRequestMetrics:/n-matmul-128,296,296,,,19661.07,n-matmul-128,false,4823d83c18dc,,c-690eed89-0cf1abd9-5b9582f39990,1762586077171,Sync,19665.93,1762586077170,21.0.3.17,false,128,24.22,InvokeFunction,,,LATEST,1-690eeddd-0c0a43-c62a4dca5730,OnDemand,,,0.53,
,C1412826A6236A7731C90A92F9B4B0CE-15,1762586096,FCRequestMetrics:/n-matmul-128,292,292,,,19247.18,n-matmul-128,false,44ace84c5429,,c-690eed83-0cf1abd9-ef3a29fe5f2e,1762586076998,Sync,19253.37,1762586076997,21.0.3.16,false,128,22.39,InvokeFunction,,,LATEST,1-690eeddc-0c49fa-30bae76668dd,OnDemand,,,1.12,
,D475316053B4F3156CAFE637F1C8214E-B,1762586096,FCRequestMetrics:/n-matmul-128,296,296,,,18870.20,n-matmul-128,false,3440940bffc2,,c-690eedae-0cf1abd9-af64b33d51aa,1762586077935,Sync,19343.77,1762586077463,21.0.3.14,false,128,22.20,InvokeFunction,,,LATEST,1-690eeddd-0c49fa-0c6306545aef,OnDemand,,,472.00,
,53490AF45D0CAE7E1F17D51FAE4D1EBC-17,1762586096,FCRequestMetrics:/n-matmul-128,297,297,,,13425.58,n-matmul-128,false,7a0078b53609,,c-690eed85-0cf1abd9-fb724a08a16a,1762586083157,Sync,13588.30,1762586082995,21.0.3.20,false,128,22.65,InvokeFunction,,,LATEST,1-690eede2-0c0a43-4e45948e9c12,OnDemand,,,161.59,
,4AAB0B06936D72C3AF0ED63C41634FCE-15,1762586096,FCRequestMetrics:/n-matmul-128,295,295,,,19641.92,n-matmul-128,false,d7d879e92610,,c-690eed89-0cf1abd9-cbae37f356f4,1762586077045,Sync,19648.47,1762586077043,21.0.3.15,false,128,22.16,InvokeFunction,,,LATEST,1-690eeddd-0c49fa-c1e976dae9fd,OnDemand,,,1.43,
,BB4ED00B22F6D0F50600682ABF2615D9-17,1762586096,FCRequestMetrics:/n-matmul-128,292,292,,,15149.32,n-matmul-128,false,b56edd595e8c,,c-690eed85-0cf1abd9-7e6421936614,1762586081529,Sync,15151.80,1762586081527,21.0.3.15,false,128,27.03,InvokeFunction,,,LATEST,1-690eede1-0c49fa-b60cbd1e124b,OnDemand,,,0.95,
,AD2D061C819899739344C7154478FB9D-14,1762586096,FCRequestMetrics:/n-matmul-128,290,290,,,19567.48,n-matmul-128,false,3e0e6ec3c35c,,c-690eed89-0cf1abd9-2892cad8d6af,1762586076537,Sync,19574.93,1762586076533,21.0.3.18,false,128,22.14,InvokeFunction,,,LATEST,1-690eeddc-0c0a43-3fa9477f2e38,OnDemand,,,0.54,
,F4DFF4453A1625B22DE49E6316B744E7-15,1762586096,FCRequestMetrics:/n-matmul-128,291,291,,,20045.51,n-matmul-128,false,5ccd9a18e737,,c-690eed84-0cf1abd9-b1659118d275,1762586076913,Sync,20048.07,1762586076912,21.0.3.16,false,128,22.40,InvokeFunction,,,LATEST,1-690eeddc-0c0a43-25636ce7f90d,OnDemand,,,0.57,
,13CEFE53DDF944F177E0AA28B5E28265-15,1762586096,FCRequestMetrics:/n-matmul-128,291,291,,,19327.80,n-matmul-128,false,feed6d3496d7,,c-690eed84-0cf1abd9-08aca33fd588,1762586076880,Sync,19354.61,1762586076860,21.0.3.20,false,128,21.69,InvokeFunction,,,LATEST,1-690eeddc-0c0a43-c45a3babb8fc,OnDemand,,,0.54,
,C89BB40F9F2CADB4731EC7F783EB66CB-15,1762586096,FCRequestMetrics:/n-matmul-128,299,299,,,19054.36,n-matmul-128,false,bdcfaeabdc01,,c-690eed83-0cf1abd9-c120bfdd5d8b,1762586077372,Sync,19056.80,1762586077370,21.0.3.14,false,128,22.30,InvokeFunction,,,LATEST,1-690eeddd-0c49fa-e90f0f380a6d,OnDemand,,,1.48,
,766129AB7B6D0B09055969F465FC8A08-C,1762586096,FCRequestMetrics:/n-matmul-128,298,298,,,18049.89,n-matmul-128,false,df4dc26dbca2,,c-690eedad-0cf1abd9-3e9ecfe8951a,1762586078562,Sync,18054.87,1762586078561,21.0.3.16,false,128,22.08,InvokeFunction,,,LATEST,1-690eedde-0c0a43-a1528f1127d2,OnDemand,,,0.60,
,1A53D7BA4C6855BB7F6F66CB757FBC63-C,1762586096,FCRequestMetrics:/n-matmul-128,299,299,,,17598.93,n-matmul-128,false,a75e3f2d1f77,,c-690eedad-0cf1abd9-5a75b37e305c,1762586079194,Sync,17752.19,1762586079045,21.0.3.22,false,128,24.34,InvokeFunction,,,LATEST,1-690eeddf-0c49fa-9e537a43485d,OnDemand,,,148.90,
,0048D2107E68C0AF59F0E03E3C5D236C-F,1762586097,FCRequestMetrics:/n-matmul-128,299,299,,,17895.90,n-matmul-128,false,aeee4fbdde24,,c-690eeda9-0cf1abd9-80c24ee76e6d,1762586079141,Sync,17898.08,1762586079139,21.0.3.12,false,128,32.73,InvokeFunction,,,LATEST,1-690eeddf-0c49fa-f703f5bb67f6,OnDemand,,,1.38,
,B48DE1721A8D9F887D85EACFE463D9F5-C,1762586097,FCRequestMetrics:/n-matmul-128,297,297,,,17273.01,n-matmul-128,false,b2814d85c49e,,c-690eedaf-0cf1abd9-25241dcc866f,1762586079855,Sync,17275.05,1762586079853,21.0.3.26,false,128,27.38,InvokeFunction,,,LATEST,1-690eeddf-0c49fa-4a916f3101d6,OnDemand,,,0.85,
,DB24A72FC77702D7D653E666A3F5E890-15,1762586097,FCRequestMetrics:/n-matmul-128,296,296,,,18610.85,n-matmul-128,false,b1264e2772ef,,c-690eed83-0cf1abd9-7df724ab21a7,1762586079356,Sync,18613.06,1762586079355,21.0.3.17,false,128,24.02,InvokeFunction,,,LATEST,1-690eeddf-0c49fa-0c0df73f5181,OnDemand,,,1.19,
,62FA41B7FF8249B4D088B827B9DA2023-C,1762586097,FCRequestMetrics:/n-matmul-128,298,298,,,17229.93,n-matmul-128,false,556831e46ae8,,c-690eedb0-0cf1abd9-551cbd21126d,1762586080436,Sync,17232.52,1762586080435,21.0.3.27,false,128,28.00,InvokeFunction,,,LATEST,1-690eede0-0c49fa-b0640b16644b,OnDemand,,,1.03,
,B2D9766D97B902C7A31498DC152CD74A-15,1762586097,FCRequestMetrics:/n-matmul-128,297,297,,,17987.00,n-matmul-128,false,efd1785218e5,,c-690eed84-0cf1abd9-6314f848c25e,1762586079667,Sync,18601.03,1762586079064,21.0.3.18,false,128,24.36,InvokeFunction,,,LATEST,1-690eeddf-0c0a43-5c959fff188b,OnDemand,,,602.23,
,EB162AD5CEDC859E0500DC7BBAC4AEA6-15,1762586097,FCRequestMetrics:/n-matmul-128,299,299,,,18221.15,n-matmul-128,false,01cff2362e74,,c-690eed84-0cf1abd9-71a3383f4ef8,1762586079777,Sync,18223.71,1762586079775,21.0.3.24,false,128,22.24,InvokeFunction,,,LATEST,1-690eeddf-0c49fa-9e612144822c,OnDemand,,,1.14,
,3433EFF5035DFC81D88241B3272689AA-14,1762586097,FCRequestMetrics:/n-matmul-128,299,299,,,16790.90,n-matmul-128,false,c140f4eda296,,c-690eed96-0cf1abd9-4c27d9d9f1af,1762586080370,Sync,16805.70,1762586080368,21.0.3.13,false,128,21.70,InvokeFunction,,,LATEST,1-690eede0-0c49fa-a3797d6ca228,OnDemand,,,1.33,
,342C1F773CD379DB41F0F3ADE9815760-15,1762586097,FCRequestMetrics:/n-matmul-128,294,294,,,15510.88,n-matmul-128,false,54f5fbffcf0b,,c-690eed96-0cf1abd9-280bb0eca0e1,1762586081964,Sync,15517.43,1762586081960,21.0.3.19,false,128,22.40,InvokeFunction,,,LATEST,1-690eede1-0c49fa-eba1ed55d57f,OnDemand,,,0.86,
,ED8A5D906254A8A3D3B49041BA3A12A8-14,1762586097,FCRequestMetrics:/n-matmul-128,296,296,,,15451.49,n-matmul-128,false,c3153ac2927e,,c-690eed96-0cf1abd9-dd35abc0aac0,1762586081878,Sync,15454.09,1762586081875,21.0.3.16,false,128,22.26,InvokeFunction,,,LATEST,1-690eede1-0c49fa-cc88fdd73add,OnDemand,,,1.43,
,04F995287DA1DFFB1087C26FDCCA558E-14,1762586097,FCRequestMetrics:/n-matmul-128,294,294,,,15969.20,n-matmul-128,false,ae45e8272254,,c-690eed96-0cf1abd9-4f0e71ad03f2,1762586081979,Sync,16155.24,1762586081794,21.0.3.14,false,128,22.23,InvokeFunction,,,LATEST,1-690eede1-0c49fa-c698ba51c9eb,OnDemand,,,184.83,
,7F22DE67CC56E5CE60C18065760DFDF7-11,1762586097,FCRequestMetrics:/n-matmul-128,298,298,,,0.04,n-matmul-128,true,6aafb671ccf7,,c-690eed96-0cf1abd9-e828e73f8bb0,1762586091225,Sync,5860.50,1762586091194,21.0.3.20,false,128,2.23,InvokeFunction,,,LATEST,1-690eedeb-0c49fa-96d9d7ba9961,OnDemand,,,1.18,,"{""errorType"":""FunctionAbnormalExitError""}"
,7C93FF0D333DC21F7F2F36A9AB89B027-C,1762586097,FCRequestMetrics:/n-matmul-128,299,299,,,18373.75,n-matmul-128,false,7f50294cfbd1,,c-690eedad-0cf1abd9-a087dd1de86c,1762586079225,Sync,18536.16,1762586079063,21.0.3.18,false,128,27.45,InvokeFunction,,,LATEST,1-690eeddf-0c0a43-bbb2abdd9002,OnDemand,,,161.19,
,DFB2C1B044EC33FF240D44307D6249FE-15,1762586097,FCRequestMetrics:/n-matmul-128,292,292,,,20439.39,n-matmul-128,false,ecb9a7fba850,,c-690eed89-0cf1abd9-8077c2c72a30,1762586076724,Sync,20444.08,1762586076722,21.0.3.19,false,128,21.95,InvokeFunction,,,LATEST,1-690eeddc-0c49fa-31de5fb8f739,OnDemand,,,1.49,
,2255CA33B5278BAE9F851AD47714358B-16,1762586097,FCRequestMetrics:/n-matmul-128,294,294,,,15734.19,n-matmul-128,false,54cc386b80a2,,c-690eed96-0cf1abd9-3739867da5d5,1762586082027,Sync,15735.86,1762586082026,21.0.3.23,false,128,22.38,InvokeFunction,,,LATEST,1-690eede2-0c0a43-3a196229038a,OnDemand,,,0.60,
,2F8E8E9909DF7E4E4F6C84108E3E6391-12,1762586097,FCRequestMetrics:/n-matmul-128,298,298,,,0.04,n-matmul-128,true,cec312802329,,c-690eed96-0cf1abd9-acd053f7b558,1762586091173,Sync,6234.48,1762586091153,21.0.3.25,false,128,2.22,InvokeFunction,,,LATEST,1-690eedeb-0c49fa-25dd3ff10031,OnDemand,,,1.15,,"{""errorType"":""FunctionAbnormalExitError""}"
,1A862A83A1BC2442878624F07715F018-13,1762586097,FCRequestMetrics:/n-matmul-128,280,280,,,0.05,n-matmul-128,true,efc22426a1fd,,c-690eed96-0cf1abd9-cf74302865f9,1762586092361,Sync,5213.01,1762586092360,21.0.3.19,false,128,4.36,InvokeFunction,,,LATEST,1-690eedec-0c49fa-376a0a0fe41d,OnDemand,,,1.15,,"{""errorType"":""FunctionAbnormalExitError""}"
,5CA892A8CA0A24989C4731381529FB34-14,1762586097,FCRequestMetrics:/n-matmul-128,298,298,,,15222.68,n-matmul-128,false,2e11fae8268d,,c-690eed96-0cf1abd9-77c3d2a5e2ce,1762586082347,Sync,15388.43,1762586082184,21.0.3.20,false,128,21.95,InvokeFunction,,,LATEST,1-690eede2-0c49fa-85ffdb60860e,OnDemand,,,162.00,
,803897D30563305B6DBC05E884EC8EC2-12,1762586097,FCRequestMetrics:/n-matmul-128,292,292,,,0.61,n-matmul-128,true,2a6f3444e7b4,,c-690eed96-0cf1abd9-1ae336fb64b1,1762586092594,Sync,4798.63,1762586092593,21.0.3.18,false,128,2.24,InvokeFunction,,,LATEST,1-690eedec-0c0a43-36fc1187ffea,OnDemand,,,0.52,,"{""errorType"":""FunctionAbnormalExitError""}"
,32F6748B54E7C116ECBA713D52BB001A-12,1762586097,FCRequestMetrics:/n-matmul-128,281,281,,,0.04,n-matmul-128,true,0d6fef3003c2,,c-690eed96-0cf1abd9-86fc813866d5,1762586092344,Sync,5351.80,1762586092343,21.0.3.21,false,128,2.07,InvokeFunction,,,LATEST,1-690eedec-0c49fa-0f9b7dc11f3b,OnDemand,,,1.16,,"{""errorType"":""FunctionAbnormalExitError""}"
,83CAB58307325447A4DEA26702BA5E90-13,1762586097,FCRequestMetrics:/n-matmul-128,297,297,,,0.04,n-matmul-128,true,03045a14e1ff,,c-690eed96-0cf1abd9-278610150dd5,1762586093157,Sync,4595.75,1762586093150,21.0.3.16,false,128,2.23,InvokeFunction,,,LATEST,1-690eeded-0c0a43-79070d6a8d8b,OnDemand,,,6.82,,"{""errorType"":""FunctionAbnormalExitError""}"
,E5B69284F91EC2DF605FC852F4441DE1-13,1762586097,FCRequestMetrics:/n-matmul-128,298,298,,,0.05,n-matmul-128,true,a79ff7c252e4,,c-690eed96-0cf1abd9-ce2a7ce29ce5,1762586093402,Sync,3854.59,1762586093400,21.0.3.15,false,128,2.72,InvokeFunction,,,LATEST,1-690eeded-0c0a43-570a7909cc37,OnDemand,,,0.53,,"{""errorType"":""FunctionAbnormalExitError""}"
,9DB0B32669D9079C1BDD2E72F986F3FE-12,1762586097,FCRequestMetrics:/n-matmul-128,281,281,,,0.03,n-matmul-128,true,dbf02729ce57,,c-690eed96-0cf1abd9-9cbaae6ba90d,1762586091959,Sync,5709.22,1762586091958,21.0.3.24,false,128,4.23,InvokeFunction,,,LATEST,1-690eedeb-0c0a43-9af8e9802656,OnDemand,,,0.55,,"{""errorType"":""FunctionAbnormalExitError""}"
,F61B1071476942D4F7B55629DD659612-12,1762586097,FCRequestMetrics:/n-matmul-128,281,281,,,0.03,n-matmul-128,true,b611341e3558,,c-690eed96-0cf1abd9-fa1cd72521fa,1762586091996,Sync,5739.83,1762586091995,21.0.3.17,false,128,4.08,InvokeFunction,,,LATEST,1-690eedeb-0c49fa-0dae178c3826,OnDemand,,,1.21,,"{""errorType"":""FunctionAbnormalExitError""}"
,E6C8A3E89807930B60F307F6EAB50F00-C,1762586097,FCRequestMetrics:/n-matmul-128,295,295,,,18715.19,n-matmul-128,false,c9f8599ed144,,c-690eedad-0cf1abd9-33c85c00b730,1762586078929,Sync,18718.31,1762586078927,21.0.3.20,false,128,27.54,InvokeFunction,,,LATEST,1-690eedde-0c49fa-830223d529f6,OnDemand,,,1.52,
,2E495B2CAC791BF5DF5ED6AA835AFB7D-15,1762586097,FCRequestMetrics:/n-matmul-128,296,296,,,19856.24,n-matmul-128,false,a1e594fd58b9,,c-690eed96-0cf1abd9-438cb8917382,1762586077973,Sync,19866.96,1762586077972,21.0.3.3,false,128,22.24,InvokeFunction,,,LATEST,1-690eeddd-0c49fa-7a7121cd83c0,OnDemand,,,0.80,
,EE68EE4B972CEED0E744CF0F0F08C29D-C,1762586097,FCRequestMetrics:/n-matmul-128,296,296,,,17315.56,n-matmul-128,false,a70b2e0d4697,,c-690eedad-0cf1abd9-2896c0f9f5f0,1762586080145,Sync,17321.01,1762586080145,21.0.3.19,false,128,24.07,InvokeFunction,,,LATEST,1-690eede0-0c0a43-69a539d2829b,OnDemand,,,0.53,
,D51D20527F4C644906559B128F1C851C-B,1762586097,FCRequestMetrics:/n-matmul-128,299,299,,,17920.36,n-matmul-128,false,c1c1a459d69d,,c-690eedad-0cf1abd9-b4f03fd3a358,1762586079743,Sync,18643.73,1762586079026,21.0.3.27,false,128,22.12,InvokeFunction,,,LATEST,1-690eeddf-0c49fa-d960bb5d96e9,OnDemand,,,716.63,
,CFF6118976523AD8F98948CDFB5A2CFF-18,1762586097,FCRequestMetrics:/n-matmul-128,297,297,,,14596.18,n-matmul-128,false,0fc3660777ab,,c-690eed85-0cf1abd9-4b579c30d7a8,1762586083219,Sync,14852.87,1762586082964,21.0.3.19,false,128,27.79,InvokeFunction,,,LATEST,1-690eede2-0c0a43-45c4a30e3a40,OnDemand,,,255.38,
,D327063AE1B1A8A40B8F203869F3086F-C,1762586097,FCRequestMetrics:/n-matmul-128,294,294,,,17354.29,n-matmul-128,false,357f8c96fd4d,,c-690eedad-0cf1abd9-c9eee6f52450,1762586080266,Sync,17359.67,1762586080265,21.0.3.24,false,128,22.31,InvokeFunction,,,LATEST,1-690eede0-0c0a43-81167a4181a1,OnDemand,,,0.49,
,F8B25C5CA1AC44682E9155B471DB8F1A-C,1762586097,FCRequestMetrics:/n-matmul-128,299,299,,,17936.10,n-matmul-128,false,9f59c904e38b,,c-690eedad-0cf1abd9-c2fbfc23fb52,1762586079780,Sync,17940.89,1762586079779,21.0.3.21,false,128,27.39,InvokeFunction,,,LATEST,1-690eeddf-0c0a43-44841bc9777a,OnDemand,,,0.52,
,521189B198D6C67402E1ED4D6E9E659F-D,1762586097,FCRequestMetrics:/n-matmul-128,295,295,,,18607.74,n-matmul-128,false,727464a7e5d7,,c-690eedad-0cf1abd9-9ae3384bb76d,1762586078936,Sync,18609.38,1762586078935,21.0.3.26,false,128,27.74,InvokeFunction,,,LATEST,1-690eedde-0c0a43-0fb73d22143e,OnDemand,,,0.49,
,4145F5C147116C613F389F1FA1269B40-12,1762586097,FCRequestMetrics:/n-matmul-128,281,281,,,0.05,n-matmul-128,true,a47c00754ae4,,c-690eed96-0cf1abd9-7ad5956d5a94,1762586092042,Sync,5930.67,1762586092038,21.0.3.18,false,128,2.38,InvokeFunction,,,LATEST,1-690eedec-0c49fa-931b4fb6fc8d,OnDemand,,,1.24,,"{""errorType"":""FunctionAbnormalExitError""}"
,35B7CF1288747C19178530C01B71BAC3-12,1762586097,FCRequestMetrics:/n-matmul-128,280,280,,,0.03,n-matmul-128,true,cf2bb21028d5,,c-690eed96-0cf1abd9-ca59a9a46279,1762586092402,Sync,5503.01,1762586092401,21.0.3.23,false,128,4.07,InvokeFunction,,,LATEST,1-690eedec-0c49fa-6b19a00be46e,OnDemand,,,0.77,,"{""errorType"":""FunctionAbnormalExitError""}"
,1715E5CEAB8367704C4CBAEA4FB2B3A5-15,1762586097,FCRequestMetrics:/n-matmul-128,295,295,,,18817.46,n-matmul-128,false,d9e930eac608,,c-690eed83-0cf1abd9-acea5d3aee77,1762586079010,Sync,18820.20,1762586079008,21.0.3.22,false,128,24.13,InvokeFunction,,,LATEST,1-690eeddf-0c49fa-0c4b2eca1195,OnDemand,,,1.34,
,04AD457B2A4E5603A91424FD74D7D0F7-16,1762586097,FCRequestMetrics:/n-matmul-128,299,299,,,18140.56,n-matmul-128,false,c0065d925c86,,c-690eed83-0cf1abd9-e451cdc04672,1762586079800,Sync,18817.10,1762586079126,21.0.3.19,false,128,21.91,InvokeFunction,,,LATEST,1-690eeddf-0c49fa-399a618455f4,OnDemand,,,674.17,
,4144839320AC12CCDB04B923E734740F-16,1762586098,FCRequestMetrics:/n-matmul-128,298,298,,,18535.81,n-matmul-128,false,f2237be86146,,c-690eed84-0cf1abd9-d791d9e182fe,1762586079549,Sync,18537.20,1762586079548,21.0.3.25,false,128,22.00,InvokeFunction,,,LATEST,1-690eeddf-0c0a43-76f932cbc8b7,OnDemand,,,0.51,
,DC13127C12C05FE53A3C463F46560AE2-16,1762586098,FCRequestMetrics:/n-matmul-128,297,297,,,18459.59,n-matmul-128,false,23c185050e4f,,c-690eed83-0cf1abd9-42d2bc137d48,1762586079855,Sync,18461.79,1762586079854,21.0.3.15,false,128,22.34,InvokeFunction,,,LATEST,1-690eeddf-0c49fa-509f2f195a11,OnDemand,,,0.85,
,FD072B701FB25CCB50AFAA9BF1412E0E-10,1762586098,FCRequestMetrics:/n-matmul-128,293,293,,,16993.45,n-matmul-128,false,c65bba6f3cbb,,c-690eeda5-0cf1abd9-b8d6081b6434,1762586081260,Sync,16995.37,1762586081259,21.0.3.7,false,128,21.91,InvokeFunction,,,LATEST,1-690eede1-0c49fa-3006c2b8101a,OnDemand,,,0.92,
,726276DB65DF441CF9FFA978FD3617F1-10,1762586098,FCRequestMetrics:/n-matmul-128,294,294,,,18289.73,n-matmul-128,false,56d2cb735fb5,,c-690eeda5-0cf1abd9-411ea4a01e98,1762586080256,Sync,18292.06,1762586080254,21.0.3.6,false,128,85.60,InvokeFunction,,,LATEST,1-690eede0-0c49fa-3d25b6a6fa9e,OnDemand,,,1.14,
,A01F74AEDFA9F5E4A11A4BE6ACD824B6-F,1762586098,FCRequestMetrics:/n-matmul-128,294,294,,,17709.56,n-matmul-128,false,93947e474c66,,c-690eeda9-0cf1abd9-2c67b590b375,1762586081056,Sync,17711.16,1762586081056,21.0.3.9,false,128,27.41,InvokeFunction,,,LATEST,1-690eede1-0c0a43-f77096f5ef31,OnDemand,,,0.54,
,198BD0BFC963C7EBC003068011CD263F-15,1762586098,FCRequestMetrics:/n-matmul-128,299,299,,,17974.51,n-matmul-128,false,f2fc65392c05,,c-690eed84-0cf1abd9-020573621d1e,1762586080849,Sync,17982.16,1762586080848,21.0.3.24,false,128,22.26,InvokeFunction,,,LATEST,1-690eede0-0c0a43-3ec3ad1c7055,OnDemand,,,0.57,
,8BF05F1C242706C79550D7B32CA90C86-13,1762586098,FCRequestMetrics:/n-matmul-128,296,296,,,16233.61,n-matmul-128,false,54332440cef2,,c-690eed96-0cf1abd9-e216e2341a60,1762586082117,Sync,16243.81,1762586082116,21.0.3.24,false,128,22.05,InvokeFunction,,,LATEST,1-690eede2-0c49fa-df55566317fd,OnDemand,,,0.80,
,02505EBA98BB6AB8D9121B3F590D5A1C-14,1762586098,FCRequestMetrics:/n-matmul-128,299,299,,,16157.93,n-matmul-128,false,dc1a18d01eb5,,c-690eed96-0cf1abd9-15ddf20aa5f4,1762586082475,Sync,16159.58,1762586082474,21.0.3.21,false,128,24.13,InvokeFunction,,,LATEST,1-690eede2-0c49fa-849cead89650,OnDemand,,,0.93,
,4918E550A646204E9DB0726A28549557-C,1762586098,FCRequestMetrics:/n-matmul-128,294,294,,,16783.66,n-matmul-128,false,0541fa6913b9,,c-690eedae-0cf1abd9-5f54346fcb4d,1762586081650,Sync,16785.11,1762586081649,21.0.3.15,false,128,22.15,InvokeFunction,,,LATEST,1-690eede1-0c0a43-5d5b8896f5c0,OnDemand,,,0.52,
,1E5A568CAB040985CEDDB2A885818A73-17,1762586098,FCRequestMetrics:/n-matmul-128,299,299,,,15179.48,n-matmul-128,false,9b8c773cba2a,,c-690eed85-0cf1abd9-1ba29434816d,1762586082918,Sync,15181.98,1762586082916,21.0.3.24,false,128,27.92,InvokeFunction,,,LATEST,1-690eede2-0c49fa-e72c834d4ec7,OnDemand,,,1.32,
,DBD9CA05BB5AF635A4D2F2706778DAAB-B,1762586098,FCRequestMetrics:/n-matmul-128,298,298,,,18054.87,n-matmul-128,false,afa22b97568b,,c-690eedad-0cf1abd9-3f62736c6e5e,1762586080820,Sync,18056.67,1762586080819,21.0.3.14,false,128,29.65,InvokeFunction,,,LATEST,1-690eede0-0c0a43-6815f89a734f,OnDemand,,,0.56,
,79733AC446DF412BC6F18C2B63B5677F-14,1762586098,FCRequestMetrics:/n-matmul-128,298,298,,,16042.78,n-matmul-128,false,b193e3418700,,c-690eed96-0cf1abd9-647659e129ba,1762586082626,Sync,16047.72,1762586082625,21.0.3.15,false,128,22.32,InvokeFunction,,,LATEST,1-690eede2-0c0a43-7a3037a07164,OnDemand,,,0.57,
,FA92B5D7385E5B2D4245077868CB9726-14,1762586098,FCRequestMetrics:/n-matmul-128,299,299,,,15846.67,n-matmul-128,false,30720f53fe9b,,c-690eed96-0cf1abd9-67b09a4d191e,1762586082918,Sync,15859.70,1762586082917,21.0.3.22,false,128,22.34,InvokeFunction,,,LATEST,1-690eede2-0c0a43-5c4ab08b3ce7,OnDemand,,,0.54,
,5D3028635C095A703267EC741BCFD73F-C,1762586098,FCRequestMetrics:/n-matmul-128,294,294,,,18093.83,n-matmul-128,false,dcf997b4a460,,c-690eedad-0cf1abd9-22285122ab78,1762586080247,Sync,18350.80,1762586079990,21.0.3.23,false,128,22.46,InvokeFunction,,,LATEST,1-690eeddf-0c49fa-616b8af062de,OnDemand,,,255.99,
,63DE596157EC5C3204595F887449B280-15,1762586098,FCRequestMetrics:/n-matmul-128,299,299,,,20488.10,n-matmul-128,false,1ee48239c919,,c-690eed96-0cf1abd9-7fba4a37caaa,1762586078175,Sync,21176.42,1762586077498,21.0.3.8,false,128,20.23,InvokeFunction,,,LATEST,1-690eeddd-0c49fa-c5eaf91e59dd,OnDemand,,,676.78,
,3FA5063DFE5456024B083E53482C60F0-15,1762586098,FCRequestMetrics:/n-matmul-128,298,298,,,16114.04,n-matmul-128,false,3222ec60138b,,c-690eed96-0cf1abd9-dee09d3a553a,1762586082562,Sync,16323.08,1762586082354,21.0.3.22,false,128,22.40,InvokeFunction,,,LATEST,1-690eede2-0c49fa-021123286b48,OnDemand,,,207.47,
,1CEDCBDB1E088C8CB4C3FA3109C6E820-C,1762586098,FCRequestMetrics:/n-matmul-128,298,298,,,17695.49,n-matmul-128,false,923fec13e813,,c-690eedad-0cf1abd9-b681c919879f,1762586080442,Sync,17697.55,1762586080441,21.0.3.25,false,128,27.25,InvokeFunction,,,LATEST,1-690eede0-0c49fa-263172331c1d,OnDemand,,,0.79,
,C850E9452F734C9D301E12F034A57295-14,1762586098,FCRequestMetrics:/n-matmul-128,297,297,,,15844.69,n-matmul-128,false,81a96430e100,,c-690eed96-0cf1abd9-87344dd52402,1762586083153,Sync,16048.67,1762586082950,21.0.3.23,false,128,22.51,InvokeFunction,,,LATEST,1-690eede2-0c0a43-5159dca3d586,OnDemand,,,203.18,
,3BEF1FB49BB1EEA673FE9EF39C7658DF-C,1762586098,FCRequestMetrics:/n-matmul-128,299,299,,,17903.44,n-matmul-128,false,bd8589a527e0,,c-690eedaf-0cf1abd9-f823ec7b2052,1762586080930,Sync,17931.09,1762586080929,21.0.3.18,false,128,22.07,InvokeFunction,,,LATEST,1-690eede0-0c0a43-b2fb064d6309,OnDemand,,,0.51,
,BBD7AB4B6FCD8B52DAEF4384D3C02406-12,1762586098,FCRequestMetrics:/n-matmul-128,292,292,,,0.04,n-matmul-128,true,4098b7dc32ba,,c-690eed96-0cf1abd9-f0166f4fef4a,1762586092563,Sync,5619.63,1762586092561,21.0.3.27,false,128,2.19,InvokeFunction,,,LATEST,1-690eedec-0c0a43-cbf446801b28,OnDemand,,,0.47,,"{""errorType"":""FunctionAbnormalExitError""}"
,B521370D3A6E26470A494F1D2AAFFA3F-13,1762586098,FCRequestMetrics:/n-matmul-128,285,285,,,0.04,n-matmul-128,true,602c844bf99d,,c-690eed96-0cf1abd9-1fcc961447a6,1762586092520,Sync,5573.45,1762586092516,21.0.3.22,false,128,4.23,InvokeFunction,,,LATEST,1-690eedec-0c49fa-88ac987d2104,OnDemand,,,1.09,,"{""errorType"":""FunctionAbnormalExitError""}"
,623C01CD3A5A8B2E0F24E293BCB1A9E6-14,1762586098,FCRequestMetrics:/n-matmul-128,285,285,,,0.05,n-matmul-128,true,28d5a40b4b5c,,c-690eed96-0cf1abd9-9c58647ab8e4,1762586092591,Sync,5740.70,1762586092516,21.0.3.21,false,128,4.20,InvokeFunction,,,LATEST,1-690eedec-0c0a43-c0710e03e07b,OnDemand,,,0.48,,"{""errorType"":""FunctionAbnormalExitError""}"
,529E5C7FB42ABB8742B7C8F9D897AD63-12,1762586098,FCRequestMetrics:/n-matmul-128,292,292,,,0.04,n-matmul-128,true,f84b5136dce2,,c-690eed96-0cf1abd9-9ebb1a976fe6,1762586092575,Sync,5695.16,1762586092570,21.0.3.19,false,128,2.07,InvokeFunction,,,LATEST,1-690eedec-0c49fa-fd651524c655,OnDemand,,,1.14,,"{""errorType"":""FunctionAbnormalExitError""}"
,138C4DD02091A1A0F89BE9AFE1D56E0D-14,1762586098,FCRequestMetrics:/n-matmul-128,298,298,,,14713.00,n-matmul-128,false,e91af773f85a,,c-690eed96-0cf1abd9-3b29dfca5136,1762586083863,Sync,14715.84,1762586083862,21.0.3.18,false,128,22.20,InvokeFunction,,,LATEST,1-690eede3-0c0a43-de8657ee26da,OnDemand,,,0.62,
,C6D042B3AA8F55B11A4AF85F00682BEA-15,1762586098,FCRequestMetrics:/n-matmul-128,298,298,,,19129.21,n-matmul-128,false,7399f831961f,,c-690eed84-0cf1abd9-757f054c6418,1762586079510,Sync,19382.03,1762586079258,21.0.3.19,false,128,22.33,InvokeFunction,,,LATEST,1-690eeddf-0c0a43-41cc780b47d1,OnDemand,,,251.74,
,D75FE03AF20DB179FE80EEBFA34D421E-13,1762586098,FCRequestMetrics:/n-matmul-128,298,298,,,0.05,n-matmul-128,true,6e7425ff0dbc,,c-690eed96-0cf1abd9-51b4fedde737,1762586096657,Sync,2021.03,1762586096656,21.0.3.27,false,128,4.20,InvokeFunction,,,LATEST,1-690eedf0-0c0a43-79cb4c077acf,OnDemand,,,0.56,,"{""errorType"":""FunctionAbnormalExitError""}"
,6119C18E1BE462F8234B40F7752AC57D-C,1762586098,FCRequestMetrics:/n-matmul-128,293,293,,,17266.26,n-matmul-128,false,19e9b19f0963,,c-690eedaf-0cf1abd9-3747d5e10ccc,1762586081597,Sync,17268.55,1762586081595,21.0.3.22,false,128,22.01,InvokeFunction,,,LATEST,1-690eede1-0c49fa-3c0e851a8531,OnDemand,,,1.39,
,B9CC31614084CD73FC6E2CD9504361BE-15,1762586098,FCRequestMetrics:/n-matmul-128,297,297,,,18928.50,n-matmul-128,false,6211d0e2f318,,c-690eed84-0cf1abd9-9c5b9e84230e,1762586079653,Sync,18930.79,1762586079651,21.0.3.18,false,128,21.93,InvokeFunction,,,LATEST,1-690eeddf-0c49fa-c7db58891024,OnDemand,,,1.12,
,4DF5713F052ED08D8FF3A9FDE56D7F83-15,1762586098,FCRequestMetrics:/n-matmul-128,298,298,,,18725.31,n-matmul-128,false,be9fec8342f8,,c-690eed83-0cf1abd9-b75a5db2845a,1762586079522,Sync,18731.59,1762586079522,21.0.3.21,false,128,24.25,InvokeFunction,,,LATEST,1-690eeddf-0c0a43-10d5dfbe20ba,OnDemand,,,0.43,
,D18734D858301861EC9B1A728F760677-B,1762586098,FCRequestMetrics:/n-matmul-128,298,298,,,18003.65,n-matmul-128,false,c5bf669e63a0,,c-690eedaf-0cf1abd9-3f99b24b664d,1762586080783,Sync,18240.66,1762586080575,21.0.3.20,false,128,27.59,InvokeFunction,,,LATEST,1-690eede0-0c0a43-40675c0da0c6,OnDemand,,,207.73,
,0DE5178D46C5303D6977161F8DE7542A-14,1762586098,FCRequestMetrics:/n-matmul-128,297,297,,,18793.01,n-matmul-128,false,38bd945bd6ee,,c-690eed84-0cf1abd9-eaac368eb58c,1762586079696,Sync,18799.27,1762586079695,21.0.3.23,false,128,22.43,InvokeFunction,,,LATEST,1-690eeddf-0c49fa-0e1a995c2967,OnDemand,,,0.86,
,89A99D9D400C280F26AE53AA7EA46C06-F,1762586099,FCRequestMetrics:/n-matmul-128,299,299,,,16222.92,n-matmul-128,false,1c1689fc6c14,,c-690eeda8-0cf1abd9-538823368ffc,1762586082828,Sync,16226.35,1762586082827,21.0.3.8,false,128,80.58,InvokeFunction,,,LATEST,1-690eede2-0c0a43-637bd2c13dc2,OnDemand,,,0.56,
,A8FF43E92F4D978DEA7FF72424BA415A-15,1762586099,FCRequestMetrics:/n-matmul-128,294,294,,,17936.96,n-matmul-128,false,00a0b8d7795c,,c-690eed84-0cf1abd9-d5f620461f53,1762586081659,Sync,17951.41,1762586081657,21.0.3.25,false,128,22.37,InvokeFunction,,,LATEST,1-690eede1-0c49fa-ab614ff6553a,OnDemand,,,1.37,
,4FAE5B4F008068850E6D6E0BE6E4223E-10,1762586099,FCRequestMetrics:/n-matmul-128,294,294,,,17910.07,n-matmul-128,false,aeecc0ec331a,,c-690eeda5-0cf1abd9-8673b5017294,1762586081945,Sync,17915.39,1762586081944,21.0.3.11,false,128,27.07,InvokeFunction,,,LATEST,1-690eede1-0c49fa-7e7b69a9b151,OnDemand,,,0.96,
,ADA2C4513DB513B16C4AA68C1E56B16B-10,1762586099,FCRequestMetrics:/n-matmul-128,292,292,,,18309.32,n-matmul-128,false,2e0db407e217,,c-690eeda5-0cf1abd9-e05cdb244a89,1762586081461,Sync,18311.23,1762586081460,21.0.3.9,false,128,23.36,InvokeFunction,,,LATEST,1-690eede1-0c49fa-e0715d9f37bb,OnDemand,,,0.84,
,E98F2BCF2DED1F74ED59CCC9A89D0D4B-17,1762586099,FCRequestMetrics:/n-matmul-128,299,299,,,15045.90,n-matmul-128,false,8faa2a99de85,,c-690eed86-0cf1abd9-d8df9633eb55,1762586084571,Sync,15284.22,1762586084334,21.0.3.21,false,128,27.97,InvokeFunction,,,LATEST,1-690eede4-0c0a43-34ffc218aa8f,OnDemand,,,237.08,
,854208CFC0E05FFDDD72E5ADF6DFFFF4-17,1762586099,FCRequestMetrics:/n-matmul-128,299,299,,,16475.18,n-matmul-128,false,6fbf459d1081,,c-690eed85-0cf1abd9-ab34e7bc676a,1762586082833,Sync,16485.10,1762586082833,21.0.3.22,false,128,27.66,InvokeFunction,,,LATEST,1-690eede2-0c0a43-6034e5ba626f,OnDemand,,,0.53,
,54A8EF52FEEB808422ACE2DD57D8BC40-18,1762586099,FCRequestMetrics:/n-matmul-128,299,299,,,14540.29,n-matmul-128,false,8ea75ea0c289,,c-690eed85-0cf1abd9-e9c69a3d7dd0,1762586084562,Sync,14699.12,1762586084422,21.0.3.18,false,128,29.93,InvokeFunction,,,LATEST,1-690eede4-0c49fa-f1a22e04ebcc,OnDemand,,,139.20,
,A06E7E0CFCC4CBB6E3216BDC51950A35-B,1762586099,FCRequestMetrics:/n-matmul-128,293,293,,,18440.22,n-matmul-128,false,3c1958efb8c7,,c-690eedaf-0cf1abd9-0cfd58b0d20a,1762586081392,Sync,18443.02,1762586081391,21.0.3.21,false,128,22.16,InvokeFunction,,,LATEST,1-690eede1-0c49fa-c7c8d0e9ba87,OnDemand,,,0.94,
,B292BE044A2671902A084AE5890DA3F1-14,1762586099,FCRequestMetrics:/n-matmul-128,298,298,,,15556.99,n-matmul-128,false,e59368e395e4,,c-690eed96-0cf1abd9-d4bd420ec297,1762586083587,Sync,15558.55,1762586083586,21.0.3.24,false,128,28.23,InvokeFunction,,,LATEST,1-690eede3-0c0a43-575f59618837,OnDemand,,,0.56,
,7CD416EB1ACE12AA7AC4343AE959C347-C,1762586099,FCRequestMetrics:/n-matmul-128,294,294,,,17475.36,n-matmul-128,false,ae49e46b8d18,,c-690eedaf-0cf1abd9-be78ecad56f3,1762586081941,Sync,17477.14,1762586081940,21.0.3.17,false,128,21.96,InvokeFunction,,,LATEST,1-690eede1-0c0a43-3068b027de41,OnDemand,,,0.59,
,42E890D6520D105A9B16A20A2B52D801-10,1762586099,FCRequestMetrics:/n-matmul-128,290,290,,,0.04,n-matmul-128,true,94b02dd0f401,,c-690eeda9-0cf1abd9-9011fb8320b3,1762586096245,Sync,2846.52,1762586096244,21.0.3.8,false,128,17.88,InvokeFunction,,,LATEST,1-690eedf0-0c49fa-1e434ca9a3e3,OnDemand,,,1.24,,"{""errorType"":""FunctionAbnormalExitError""}"
,534453451D1297DCF31D88EE6739800C-D,1762586099,FCRequestMetrics:/n-matmul-128,293,293,,,17658.89,n-matmul-128,false,ecc43da18039,,c-690eedaf-0cf1abd9-a039e34a4c5a,1762586081575,Sync,17663.49,1762586081574,21.0.3.19,false,128,21.94,InvokeFunction,,,LATEST,1-690eede1-0c49fa-a7bc3f6e3d5e,OnDemand,,,1.13,
,CBEBEE735FA2FF6333D0144E3B04208F-C,1762586099,FCRequestMetrics:/n-matmul-128,294,294,,,18576.99,n-matmul-128,false,5205f404b91e,,c-690eedaf-0cf1abd9-dbdd1b76a908,1762586081154,Sync,18578.35,1762586081153,21.0.3.24,false,128,27.72,InvokeFunction,,,LATEST,1-690eede1-0c0a43-f5c46de0e83e,OnDemand,,,0.56,
,21A4B0901367BD0C28B579B375001259-12,1762586099,FCRequestMetrics:/n-matmul-128,299,299,,,0.03,n-matmul-128,true,387d318bc5da,,c-690eeda9-0cf1abd9-e3fe59758c3d,1762586096617,Sync,2995.46,1762586096615,21.0.3.7,false,128,42.73,InvokeFunction,,,LATEST,1-690eedf0-0c49fa-1f788fea0322,OnDemand,,,0.96,,"{""errorType"":""FunctionAbnormalExitError""}"
,0D0B5399E6C73F2546BD22845DA04E21-15,1762586099,FCRequestMetrics:/n-matmul-128,294,294,,,18952.74,n-matmul-128,false,47a596ce3adb,,c-690eed84-0cf1abd9-1234c0f5f235,1762586080277,Sync,18957.65,1762586080275,21.0.3.20,false,128,22.30,InvokeFunction,,,LATEST,1-690eede0-0c49fa-b85b4fbd00d9,OnDemand,,,1.15,
,C7EF96C9FA36BA4241E0BBE4133D0AE3-15,1762586099,FCRequestMetrics:/n-matmul-128,298,298,,,18544.46,n-matmul-128,false,143002e59623,,c-690eed8d-0cf1abd9-5277dcd6704a,1762586080735,Sync,18546.11,1762586080734,21.0.3.20,false,128,24.49,InvokeFunction,,,LATEST,1-690eede0-0c0a43-0318c9edb9cc,OnDemand,,,0.63,
,5FA82E0D11A2F01A283861FD9A436B86-14,1762586099,FCRequestMetrics:/n-matmul-128,294,294,,,18297.22,n-matmul-128,false,47b6a53f01e9,,c-690eed8d-0cf1abd9-3ba5efb311dc,1762586081662,Sync,18306.79,1762586081660,21.0.3.21,false,128,22.32,InvokeFunction,,,LATEST,1-690eede1-0c49fa-ee233bf02b06,OnDemand,,,1.15,
,268F3D3C46E38184A5EB5CF616A731E0-15,1762586099,FCRequestMetrics:/n-matmul-128,298,298,,,18954.52,n-matmul-128,false,0833dc1a5c1e,,c-690eed84-0cf1abd9-aec18b43eff0,1762586080775,Sync,19131.96,1762586080599,21.0.3.21,false,128,22.38,InvokeFunction,,,LATEST,1-690eede0-0c0a43-2658ad790d89,OnDemand,,,174.95,
,D3A5ACAA170AA2F73392865F0C2D539D-15,1762586099,FCRequestMetrics:/n-matmul-128,294,294,,,18171.79,n-matmul-128,false,6c683a9ba932,,c-690eed84-0cf1abd9-d44cbd427b7e,1762586081659,Sync,18173.33,1762586081658,21.0.3.23,false,128,22.32,InvokeFunction,,,LATEST,1-690eede1-0c0a43-07e8681dd515,OnDemand,,,0.51,
,530FE0259011E1488EC5E3B38AE725E0-17,1762586099,FCRequestMetrics:/n-matmul-128,297,297,,,19002.99,n-matmul-128,false,84f6be032d7a,,c-690eed84-0cf1abd9-3f0610e48d26,1762586080939,Sync,19010.86,1762586080938,21.0.3.22,false,128,26.19,InvokeFunction,,,LATEST,1-690eede0-0c0a43-74007ebfcbe6,OnDemand,,,0.51,
,93707F44FB1ABD7F0A822267F35A408A-F,1762586100,FCRequestMetrics:/n-matmul-128,298,298,,,16719.61,n-matmul-128,false,5c8e9d42bd7e,,c-690eeda8-0cf1abd9-b92e6a52596f,1762586083619,Sync,16725.98,1762586083617,21.0.3.10,false,128,26.96,InvokeFunction,,,LATEST,1-690eede3-0c49fa-47bcde9d3038,OnDemand,,,0.94,
,3DBA81FE1FDC810A3B598CDA1A88AB60-15,1762586100,FCRequestMetrics:/n-matmul-128,296,296,,,18132.36,n-matmul-128,false,6b13c5a9a7ea,,c-690eed8d-0cf1abd9-58271c35b033,1762586082054,Sync,18144.37,1762586082053,21.0.3.23,false,128,22.08,InvokeFunction,,,LATEST,1-690eede2-0c0a43-9577b4ab29dd,OnDemand,,,0.56,
,76D617CB71485C23C9F7230DC75F302E-15,1762586100,FCRequestMetrics:/n-matmul-128,298,298,,,18409.25,n-matmul-128,false,b7a64c32d5d5,,c-690eed8d-0cf1abd9-7d7906dde49b,1762586082423,Sync,18411.44,1762586082422,21.0.3.24,false,128,22.38,InvokeFunction,,,LATEST,1-690eede2-0c49fa-da9b69d38b0f,OnDemand,,,0.75,
,ECE2A195B7556DEA0917BC84976EED68-17,1762586100,FCRequestMetrics:/n-matmul-128,294,294,,,15022.77,n-matmul-128,false,f7238f4600dd,,c-690eed85-0cf1abd9-5f1a2196a420,1762586085930,Sync,15026.36,1762586085929,21.0.3.25,false,128,27.92,InvokeFunction,,,LATEST,1-690eede5-0c0a43-a8ae37bac3df,OnDemand,,,0.54,
,AA4F50678A1127D06BAF7C6E1EB093FA-15,1762586100,FCRequestMetrics:/n-matmul-128,298,298,,,18207.95,n-matmul-128,false,280167d0cedf,,c-690eed8d-0cf1abd9-a97014d5fff8,1762586082316,Sync,18346.33,1762586082178,21.0.3.25,false,128,22.19,InvokeFunction,,,LATEST,1-690eede2-0c49fa-5c734bcd62eb,OnDemand,,,137.59,
,45C231C50F27C559EE3EBEA6F712A3AA-10,1762586100,FCRequestMetrics:/n-matmul-128,296,296,,,18692.77,n-matmul-128,false,0d4cb4afdc65,,c-690eeda5-0cf1abd9-4b4673a66774,1762586082055,Sync,18695.16,1762586082053,21.0.3.8,false,128,34.21,InvokeFunction,,,LATEST,1-690eede2-0c49fa-4404db4bf0d8,OnDemand,,,1.22,
,6175108D96D0CF70554B3773E70F8DCB-C,1762586100,FCRequestMetrics:/n-matmul-128,292,292,,,18590.40,n-matmul-128,false,e9351adb9afb,,c-690eedaf-0cf1abd9-548ac2e2b910,1762586081522,Sync,18592.08,1762586081521,21.0.3.23,false,128,29.56,InvokeFunction,,,LATEST,1-690eede1-0c0a43-7a7da0898f8c,OnDemand,,,0.64,
,1B5486964AC6624C37E4AC052D573C0C-C,1762586100,FCRequestMetrics:/n-matmul-128,296,296,,,18279.61,n-matmul-128,false,e1d941687761,,c-690eedaf-0cf1abd9-f376d98bdc18,1762586081853,Sync,18284.75,1762586081852,21.0.3.25,false,128,21.75,InvokeFunction,,,LATEST,1-690eede1-0c0a43-c4bc92c4d613,OnDemand,,,0.53,
,3D503442E2C027292A5FED0054EF72C8-18,1762586100,FCRequestMetrics:/n-matmul-128,299,299,,,15476.11,n-matmul-128,false,f832bf8f4093,,c-690eed8d-0cf1abd9-03a276b4fee0,1762586084622,Sync,15721.72,1762586084378,21.0.3.5,false,128,29.41,InvokeFunction,,,LATEST,1-690eede4-0c0a43-67c1cd5fbfb2,OnDemand,,,243.56,
,1643C472A4A9C9E7636975D61997BF49-14,1762586100,FCRequestMetrics:/n-matmul-128,297,297,,,20479.10,n-matmul-128,false,587857d87fe7,,c-690eed96-0cf1abd9-9d1eba3d67bf,1762586079701,Sync,20484.69,1762586079699,21.0.3.10,false,128,23.97,InvokeFunction,,,LATEST,1-690eeddf-0c49fa-934507d5a342,OnDemand,,,1.12,
,0048D2107E68C0AF59F0E03E3C5D236C-10,1762586100,FCRequestMetrics:/n-matmul-128,299,299,,,0.04,n-matmul-128,true,aeee4fbdde24,,c-690eeda9-0cf1abd9-80c24ee76e6d,1762586097094,Sync,3052.13,1762586097093,21.0.3.12,false,128,2.25,InvokeFunction,,,LATEST,1-690eedf1-0c0a43-d437998680d8,OnDemand,,,0.58,,"{""errorType"":""FunctionAbnormalExitError""}"
,2BD77D43468911AB831A8F7E54DB0C85-13,1762586100,FCRequestMetrics:/n-matmul-128,299,299,,,20713.93,n-matmul-128,false,b7def3b75118,,c-690eed96-0cf1abd9-52afc540c138,1762586079997,Sync,20723.86,1762586079995,21.0.3.9,false,128,22.41,InvokeFunction,,,LATEST,1-690eeddf-0c49fa-0dd10c0954c3,OnDemand,,,1.07,
,40091B2BA89130F46C3ED4AE484A882F-15,1762586100,FCRequestMetrics:/n-matmul-128,293,293,,,18767.62,n-matmul-128,false,2764cfd363fa,,c-690eed8d-0cf1abd9-243670775407,1762586081550,Sync,18806.44,1762586081549,21.0.3.22,false,128,22.18,InvokeFunction,,,LATEST,1-690eede1-0c0a43-ae6000447e1e,OnDemand,,,0.53,
,D146A4E091934A2DB3F52D2283250B9C-14,1762586101,FCRequestMetrics:/n-matmul-128,297,297,,,18093.48,n-matmul-128,false,e11351b48c04,,c-690eed96-0cf1abd9-c0d64c44585a,1762586083691,Sync,18097.27,1762586083690,21.0.3.13,false,128,24.14,InvokeFunction,,,LATEST,1-690eede3-0c49fa-91ce3d05c3b3,OnDemand,,,0.94,
,341217B393C4786CD864233CF7C20236-F,1762586101,FCRequestMetrics:/n-matmul-128,299,299,,,17447.63,n-matmul-128,false,ded7b9e2f367,,c-690eeda9-0cf1abd9-4a4f092aecb1,1762586084218,Sync,17450.05,1762586084216,21.0.3.13,false,128,29.90,InvokeFunction,,,LATEST,1-690eede4-0c49fa-633471cf312f,OnDemand,,,1.20,
,449AAF96D79A79AF83974EE81F7DD00B-F,1762586101,FCRequestMetrics:/n-matmul-128,296,296,,,17017.58,n-matmul-128,false,93d7ca5c9fd9,,c-690eeda9-0cf1abd9-3515fa693e5b,1762586084767,Sync,17020.58,1762586084765,21.0.3.16,false,128,27.18,InvokeFunction,,,LATEST,1-690eede4-0c49fa-4fb3db806c50,OnDemand,,,1.13,
,793EEF9B741682B7CE08F12987FEEDB3-18,1762586101,FCRequestMetrics:/n-matmul-128,299,299,,,15158.06,n-matmul-128,false,752a8680e720,,c-690eed8d-0cf1abd9-b4396f6c1b61,1762586086447,Sync,15160.41,1762586086446,21.0.3.3,false,128,29.58,InvokeFunction,,,LATEST,1-690eede6-0c49fa-239af4430174,OnDemand,,,1.36,
,20BCED26DA3E73A35A0E0ACEF26F4645-16,1762586101,FCRequestMetrics:/n-matmul-128,291,291,,,15451.22,n-matmul-128,false,70809c61057c,,c-690eed96-0cf1abd9-b0cce505415f,1762586085675,Sync,15459.25,1762586085674,21.0.3.25,false,128,22.36,InvokeFunction,,,LATEST,1-690eede5-0c49fa-0e9cfe8a35a1,OnDemand,,,0.89,
,FD072B701FB25CCB50AFAA9BF1412E0E-12,1762586101,FCRequestMetrics:/n-matmul-128,284,284,,,0.03,n-matmul-128,true,c65bba6f3cbb,,c-690eeda5-0cf1abd9-b8d6081b6434,1762586098296,Sync,2877.01,1762586098295,21.0.3.7,false,128,2.30,InvokeFunction,,,LATEST,1-690eedf2-0c49fa-d93ab772cbfe,OnDemand,,,1.11,,"{""errorType"":""FunctionAbnormalExitError""}"
,CD41B0AD1C8EC375FCF48EF027FC064B-17,1762586101,FCRequestMetrics:/n-matmul-128,296,296,,,16255.68,n-matmul-128,false,83be9297cbaa,,c-690eed8d-0cf1abd9-ab9c8f59b975,1762586084747,Sync,16257.85,1762586084745,21.0.3.2,false,128,29.47,InvokeFunction,,,LATEST,1-690eede4-0c49fa-4501e0691239,OnDemand,,,1.17,
,A01F74AEDFA9F5E4A11A4BE6ACD824B6-11,1762586101,FCRequestMetrics:/n-matmul-128,293,293,,,0.03,n-matmul-128,true,93947e474c66,,c-690eeda9-0cf1abd9-2c67b590b375,1762586098808,Sync,2369.08,1762586098807,21.0.3.9,false,128,2.21,InvokeFunction,,,LATEST,1-690eedf2-0c0a43-cd17b7d21a33,OnDemand,,,0.54,,"{""errorType"":""FunctionAbnormalExitError""}"
,726276DB65DF441CF9FFA978FD3617F1-11,1762586101,FCRequestMetrics:/n-matmul-128,285,285,,,0.03,n-matmul-128,true,56d2cb735fb5,,c-690eeda5-0cf1abd9-411ea4a01e98,1762586098551,Sync,3339.10,1762586098550,21.0.3.6,false,128,60.35,InvokeFunction,,,LATEST,1-690eedf2-0c49fa-70c78f0db8a0,OnDemand,,,0.88,,"{""errorType"":""FunctionAbnormalExitError""}"
,89A99D9D400C280F26AE53AA7EA46C06-12,1762586101,FCRequestMetrics:/n-matmul-128,299,299,,,0.03,n-matmul-128,true,1c1689fc6c14,,c-690eeda8-0cf1abd9-538823368ffc,1762586099199,Sync,2619.84,1762586098944,21.0.3.8,false,128,55.06,InvokeFunction,,,LATEST,1-690eedf2-0c0a43-7d703da71f21,OnDemand,,,255.12,,"{""errorType"":""FunctionAbnormalExitError""}"
,77A451B62F8AF08AF72FE07E1B84F5E0-F,1762586101,FCRequestMetrics:/n-matmul-128,296,296,,,16756.78,n-matmul-128,false,0dcdb5385733,,c-690eeda9-0cf1abd9-1346167bcac0,1762586084771,Sync,16758.17,1762586084770,21.0.3.14,false,128,32.33,InvokeFunction,,,LATEST,1-690eede4-0c0a43-9b59e736cb51,OnDemand,,,0.52,
,32B0F1D581F5E39EC6054F7F479A9133-14,1762586101,FCRequestMetrics:/n-matmul-128,298,298,,,18619.34,n-matmul-128,false,0671b6afd97c,,c-690eed96-0cf1abd9-2fa702511747,1762586082578,Sync,18794.15,1762586082407,21.0.3.11,false,128,24.19,InvokeFunction,,,LATEST,1-690eede2-0c49fa-8a825c8589e0,OnDemand,,,171.01,
,6BF896C525BE933EC6E59BFBCE008212-10,1762586102,FCRequestMetrics:/n-matmul-128,298,298,,,18416.71,n-matmul-128,false,dbc99637c7cd,,c-690eeda9-0cf1abd9-06e97d5b5f54,1762586083986,Sync,18418.76,1762586083984,21.0.3.10,false,128,24.94,InvokeFunction,,,LATEST,1-690eede3-0c49fa-cbf5bf9032af,OnDemand,,,0.92,
,9DD0506AA2E1A2F0934A373557F44685-F,1762586102,FCRequestMetrics:/n-matmul-128,295,295,,,17355.30,n-matmul-128,false,9ff6c72d49d6,,c-690eeda8-0cf1abd9-230be3e98307,1762586085494,Sync,17357.40,1762586085492,21.0.3.13,false,128,22.26,InvokeFunction,,,LATEST,1-690eede5-0c49fa-b2aa2130fbb7,OnDemand,,,1.38,
,CB6AE88BE08C9A42F2FD38BB7DE3D7AF-18,1762586102,FCRequestMetrics:/n-matmul-128,295,295,,,16302.67,n-matmul-128,false,480cb1ce5e18,,c-690eed8d-0cf1abd9-47404688a687,1762586086020,Sync,16305.44,1762586086019,21.0.3.8,false,128,27.94,InvokeFunction,,,LATEST,1-690eede6-0c49fa-9242ee5b26f7,OnDemand,,,0.78,
,93707F44FB1ABD7F0A822267F35A408A-12,1762586102,FCRequestMetrics:/n-matmul-128,294,294,,,0.03,n-matmul-128,true,5c8e9d42bd7e,,c-690eeda8-0cf1abd9-b92e6a52596f,1762586100402,Sync,2376.06,1762586100401,21.0.3.10,false,128,2.08,InvokeFunction,,,LATEST,1-690eedf4-0c0a43-078167055f16,OnDemand,,,0.61,,"{""errorType"":""FunctionAbnormalExitError""}"
,4FAE5B4F008068850E6D6E0BE6E4223E-11,1762586102,FCRequestMetrics:/n-matmul-128,297,297,,,0.04,n-matmul-128,true,aeecc0ec331a,,c-690eeda5-0cf1abd9-8673b5017294,1762586099879,Sync,2980.18,1762586099878,21.0.3.11,false,128,2.21,InvokeFunction,,,LATEST,1-690eedf3-0c49fa-b52f1b29a8ca,OnDemand,,,1.22,,"{""errorType"":""FunctionAbnormalExitError""}"
,ADA2C4513DB513B16C4AA68C1E56B16B-12,1762586102,FCRequestMetrics:/n-matmul-128,296,296,,,0.03,n-matmul-128,true,2e0db407e217,,c-690eeda5-0cf1abd9-e05cdb244a89,1762586100024,Sync,3150.02,1762586099815,21.0.3.9,false,128,2.29,InvokeFunction,,,LATEST,1-690eedf3-0c49fa-e14005a67508,OnDemand,,,209.04,,"{""errorType"":""FunctionAbnormalExitError""}"
,FF409731039280436289D779E5C866F5-10,1762586103,FCRequestMetrics:/n-matmul-128,293,293,,,17571.91,n-matmul-128,false,e51e0a8a2425,,c-690eeda8-0cf1abd9-1c104b385d12,1762586085600,Sync,17574.51,1762586085598,21.0.3.12,false,128,25.85,InvokeFunction,,,LATEST,1-690eede5-0c49fa-61f5a2156288,OnDemand,,,1.37,
,7803A2A1C0E49F606CC22E511FDE78DB-10,1762586103,FCRequestMetrics:/n-matmul-128,299,299,,,16896.64,n-matmul-128,false,49cf98612b59,,c-690eeda8-0cf1abd9-c7ba121b8278,1762586086534,Sync,17135.07,1762586086300,21.0.3.9,false,128,27.17,InvokeFunction,,,LATEST,1-690eede6-0c49fa-752da16850e0,OnDemand,,,234.13,
,3DF53618FF507B28D295EA10C5C40468-10,1762586103,FCRequestMetrics:/n-matmul-128,296,296,,,18678.85,n-matmul-128,false,07dcf957ed19,,c-690eeda5-0cf1abd9-879c7e385fb6,1762586084755,Sync,18681.55,1762586084754,21.0.3.10,false,128,21.98,InvokeFunction,,,LATEST,1-690eede4-0c0a43-3b2f83b96abe,OnDemand,,,0.51,
,A1FCC418CEE0A473F1F5238048A7B3E8-10,1762586103,FCRequestMetrics:/n-matmul-128,293,293,,,17834.43,n-matmul-128,false,a01070cabcf1,,c-690eeda5-0cf1abd9-e5a4210c2073,1762586085596,Sync,17840.50,1762586085595,21.0.3.15,false,128,29.04,InvokeFunction,,,LATEST,1-690eede5-0c0a43-55a6afb22d85,OnDemand,,,0.61,
,C0840D5DBD9C524E4585C0BF295DBB3E-F,1762586103,FCRequestMetrics:/n-matmul-128,295,295,,,17661.07,n-matmul-128,false,25cf34898536,,c-690eeda9-0cf1abd9-9a1c5ad86428,1762586086008,Sync,17662.89,1762586086007,21.0.3.19,false,128,27.61,InvokeFunction,,,LATEST,1-690eede6-0c0a43-457555021528,OnDemand,,,0.50,
,D00197269011D75200F8878AB52887BF-15,1762586103,FCRequestMetrics:/n-matmul-128,299,299,,,17347.45,n-matmul-128,false,efbe8cba4f7c,,c-690eed96-0cf1abd9-cb967da6ce67,1762586086484,Sync,17486.84,1762586086346,21.0.3.14,false,128,22.41,InvokeFunction,,,LATEST,1-690eede6-0c49fa-025cd6a5a7fa,OnDemand,,,138.36,
,BB17D3743CC1FDE60F1345598BDCEFD7-F,1762586103,FCRequestMetrics:/n-matmul-128,299,299,,,17818.89,n-matmul-128,false,82ac2eb2520e,,c-690eeda9-0cf1abd9-476f20890ba2,1762586086057,Sync,17821.34,1762586086056,21.0.3.11,false,128,32.46,InvokeFunction,,,LATEST,1-690eede6-0c0a43-b9e968018cd7,OnDemand,,,0.53,
,7DD8F4E1BDDE2A8A13DEFA720B6E9373-18,1762586103,FCRequestMetrics:/n-matmul-128,290,290,,,15730.31,n-matmul-128,false,be49f65ae0f9,,c-690eed8d-0cf1abd9-053a84de8167,1762586087972,Sync,15742.81,1762586087964,21.0.3.8,false,128,27.90,InvokeFunction,,,LATEST,1-690eede7-0c0a43-06fd4332d453,OnDemand,,,0.49,
,A8D6FAD4E028404BF2BEFFDF098DE909-13,1762586103,FCRequestMetrics:/n-matmul-128,281,281,,,16620.08,n-matmul-128,false,88656d0a707e,,c-690eed96-0cf1abd9-5f48bbab96ce,1762586087188,Sync,16621.59,1762586087187,21.0.3.23,false,128,20.23,InvokeFunction,,,LATEST,1-690eede7-0c0a43-dfadcf841e75,OnDemand,,,0.60,
,869DF173F19FB37007A48145CD0630D0-13,1762586103,FCRequestMetrics:/n-matmul-128,298,298,,,19272.07,n-matmul-128,false,f71765104eb6,,c-690eed96-0cf1abd9-4b21baf34b2d,1762586083997,Sync,19277.14,1762586083996,21.0.3.12,false,128,24.37,InvokeFunction,,,LATEST,1-690eede3-0c49fa-f60eef313a2d,OnDemand,,,1.17,
,45C231C50F27C559EE3EBEA6F712A3AA-12,1762586103,FCRequestMetrics:/n-matmul-128,293,293,,,0.04,n-matmul-128,true,0d4cb4afdc65,,c-690eeda5-0cf1abd9-4b4673a66774,1762586100803,Sync,2243.22,1762586100802,21.0.3.8,false,128,4.21,InvokeFunction,,,LATEST,1-690eedf4-0c49fa-cbcecc4a4e64,OnDemand,,,1.64,,"{""errorType"":""FunctionAbnormalExitError""}"
,2FB49575A81022D2509F0B8C09E271EA-10,1762586104,FCRequestMetrics:/n-matmul-128,294,294,,,18111.97,n-matmul-128,false,583788c3d090,,c-690eeda5-0cf1abd9-2086298c7344,1762586085897,Sync,18120.53,1762586085896,21.0.3.19,false,128,26.70,InvokeFunction,,,LATEST,1-690eede5-0c49fa-3d9171c82f39,OnDemand,,,1.38,
,EF722833BE499284BAB5B89F1A306194-10,1762586104,FCRequestMetrics:/n-matmul-128,294,294,,,18587.13,n-matmul-128,false,05f9081a497c,,c-690eeda8-0cf1abd9-1aac6742df61,1762586085852,Sync,18594.16,1762586085849,21.0.3.11,false,128,26.70,InvokeFunction,,,LATEST,1-690eede5-0c0a43-a4e394e44e09,OnDemand,,,0.54,
,10ABC85774F8B9CC368A825065BA6401-10,1762586104,FCRequestMetrics:/n-matmul-128,295,295,,,18326.74,n-matmul-128,false,fc82228fa9b1,,c-690eeda5-0cf1abd9-1b827a888ff3,1762586085972,Sync,18337.56,1762586085971,21.0.3.13,false,128,21.70,InvokeFunction,,,LATEST,1-690eede5-0c0a43-cba5d0626e9e,OnDemand,,,0.50,
,B9CC9A0372DA2782D1101E8A00146287-10,1762586104,FCRequestMetrics:/n-matmul-128,295,295,,,18419.62,n-matmul-128,false,7dc1ff934198,,c-690eeda5-0cf1abd9-f2a1a2bcfb08,1762586086007,Sync,18421.97,1762586086006,21.0.3.17,false,128,27.45,InvokeFunction,,,LATEST,1-690eede6-0c49fa-1e6db1cb29d4,OnDemand,,,1.17,
,C6012E9AF904BFC7F82B587139A7052F-18,1762586104,FCRequestMetrics:/n-matmul-128,298,298,,,13007.63,n-matmul-128,false,08ad0ef23948,,c-690eed96-0cf1abd9-776d52a791a0,1762586091105,Sync,13197.69,1762586090915,21.0.3.3,false,128,22.71,InvokeFunction,,,LATEST,1-690eedea-0c49fa-6827759286d5,OnDemand,,,188.89,
,53C28B307BED561C14256185A7868301-10,1762586104,FCRequestMetrics:/n-matmul-128,291,291,,,18866.63,n-matmul-128,false,cd248e76553e,,c-690eeda5-0cf1abd9-46cd7b884194,1762586085647,Sync,18868.86,1762586085647,21.0.3.14,false,128,28.98,InvokeFunction,,,LATEST,1-690eede5-0c0a43-8d4cb8d35057,OnDemand,,,0.49,
,22E1961764567BF39BC1317D4E5807AC-10,1762586104,FCRequestMetrics:/n-matmul-128,283,283,,,16777.72,n-matmul-128,false,93bd50466c24,,c-690eeda5-0cf1abd9-de9e4196dfb2,1762586087860,Sync,16784.96,1762586087858,21.0.3.12,false,128,24.29,InvokeFunction,,,LATEST,1-690eede7-0c49fa-6a306686b63e,OnDemand,,,1.39,
,1B5038221905746079340D2F785F7324-15,1762586104,FCRequestMetrics:/n-matmul-128,281,281,,,16887.50,n-matmul-128,false,cba0726a55b5,,c-690eed96-0cf1abd9-0232b809e3a3,1762586087192,Sync,16889.44,1762586087191,21.0.3.19,false,128,22.27,InvokeFunction,,,LATEST,1-690eede7-0c0a43-82bedb1e57e6,OnDemand,,,0.55,
,757982FB0EC94F0DBBC2760980FCB266-18,1762586104,FCRequestMetrics:/n-matmul-128,297,297,,,15464.26,n-matmul-128,false,6448ba91ff26,,c-690eed8d-0cf1abd9-28761e13241d,1762586088851,Sync,15465.77,1762586088850,21.0.3.10,false,128,24.79,InvokeFunction,,,LATEST,1-690eede8-0c0a43-11dac545c2b4,OnDemand,,,0.52,
,4EFFDB922E80D88EA45930E5C8CE9097-18,1762586104,FCRequestMetrics:/n-matmul-128,283,283,,,16856.07,n-matmul-128,false,cedb22a6eba0,,c-690eed8d-0cf1abd9-8518f5d4a430,1762586087918,Sync,16857.59,1762586087917,21.0.3.9,false,128,27.82,InvokeFunction,,,LATEST,1-690eede7-0c0a43-f11f000d6e82,OnDemand,,,0.41,
,F2FD34FA9CCCCC3E3DEB26A611CC4213-18,1762586104,FCRequestMetrics:/n-matmul-128,283,283,,,16328.63,n-matmul-128,false,8c49417d6c9f,,c-690eed8d-0cf1abd9-6bad1a022802,1762586087858,Sync,16335.64,1762586087857,21.0.3.10,false,128,27.36,InvokeFunction,,,LATEST,1-690eede7-0c49fa-edc2fdf820e6,OnDemand,,,0.94,
,DAF408D088DC4798F248EA82E4D57A5E-15,1762586104,FCRequestMetrics:/n-matmul-128,281,281,,,16371.34,n-matmul-128,false,4f9279990613,,c-690eed96-0cf1abd9-ada75fe8f4a4,1762586087684,Sync,16373.39,1762586087683,21.0.3.20,false,128,24.04,InvokeFunction,,,LATEST,1-690eede7-0c49fa-5998fdfa3df7,OnDemand,,,0.95,
,C31476DF542E245E78D704DC5E57E050-16,1762586104,FCRequestMetrics:/n-matmul-128,291,291,,,16908.82,n-matmul-128,false,54727bc85c4b,,c-690eed96-0cf1abd9-8789b63ab3c5,1762586088062,Sync,16910.57,1762586088062,21.0.3.21,false,128,22.32,InvokeFunction,,,LATEST,1-690eede8-0c0a43-156d20c08ded,OnDemand,,,0.50,
,E9B4BB61A0BA18E9756EE7B0B19180D4-18,1762586104,FCRequestMetrics:/n-matmul-128,291,291,,,16379.43,n-matmul-128,false,b1fafcece7b1,,c-690eed8d-0cf1abd9-909a8a51e440,1762586088057,Sync,16383.52,1762586088056,21.0.3.11,false,128,27.39,InvokeFunction,,,LATEST,1-690eede8-0c49fa-5c24cbcb964c,OnDemand,,,1.36,
,449AAF96D79A79AF83974EE81F7DD00B-11,1762586104,FCRequestMetrics:/n-matmul-128,291,291,,,0.03,n-matmul-128,true,93d7ca5c9fd9,,c-690eeda9-0cf1abd9-3515fa693e5b,1762586101829,Sync,2789.84,1762586101828,21.0.3.16,false,128,2.09,InvokeFunction,,,LATEST,1-690eedf5-0c49fa-002bbed5460f,OnDemand,,,1.55,,"{""errorType"":""FunctionAbnormalExitError""}"
,54257F6C2DE5D00C16409D9C28372284-18,1762586104,FCRequestMetrics:/n-matmul-128,297,297,,,15885.45,n-matmul-128,false,ebad9260b821,,c-690eed8d-0cf1abd9-196fc3cfa131,1762586088843,Sync,15886.99,1762586088842,21.0.3.11,false,128,27.38,InvokeFunction,,,LATEST,1-690eede8-0c49fa-b91e2698d87f,OnDemand,,,0.75,
,341217B393C4786CD864233CF7C20236-12,1762586104,FCRequestMetrics:/n-matmul-128,290,290,,,0.03,n-matmul-128,true,ded7b9e2f367,,c-690eeda9-0cf1abd9-4a4f092aecb1,1762586101707,Sync,3023.89,1762586101706,21.0.3.13,false,128,4.08,InvokeFunction,,,LATEST,1-690eedf5-0c49fa-1b537fae60a8,OnDemand,,,1.42,,"{""errorType"":""FunctionAbnormalExitError""}"
,2FB111C80D55ADD6741728DC024D9859-11,1762586104,FCRequestMetrics:/n-matmul-128,295,295,,,18365.59,n-matmul-128,false,e39bf72b32e8,,c-690eeda5-0cf1abd9-fff5328a1511,1762586085802,Sync,18367.04,1762586085802,21.0.3.20,false,128,27.06,InvokeFunction,,,LATEST,1-690eede5-0c0a43-dda33c9fe1d9,OnDemand,,,0.55,
,5631503C851C331FBCC55A7B595279F5-18,1762586104,FCRequestMetrics:/n-matmul-128,299,299,,,13754.66,n-matmul-128,false,dd31d4d13109,,c-690eed96-0cf1abd9-3b123f53c475,1762586091155,Sync,13759.68,1762586091155,21.0.3.2,false,128,22.64,InvokeFunction,,,LATEST,1-690eedeb-0c0a43-a69503e7262e,OnDemand,,,0.42,
,B42D85ACE4F13663143AFEF57EE4377B-15,1762586105,FCRequestMetrics:/n-matmul-128,280,280,,,17528.93,n-matmul-128,false,e86ce6f40d00,,c-690eed96-0cf1abd9-007038c1bcd0,1762586087521,Sync,17532.46,1762586087521,21.0.3.24,false,128,24.27,InvokeFunction,,,LATEST,1-690eede7-0c0a43-3931f7ae2175,OnDemand,,,0.65,
,8FC1EA84A8F746A3A0AA748C26C7B25A-14,1762586105,FCRequestMetrics:/n-matmul-128,281,281,,,17470.51,n-matmul-128,false,76321eba944f,,c-690eed96-0cf1abd9-5bffc956dbf7,1762586087723,Sync,17473.71,1762586087722,21.0.3.18,false,128,24.46,InvokeFunction,,,LATEST,1-690eede7-0c0a43-f1f885733188,OnDemand,,,0.57,
,471A481607C500A90EF8B2AC1EAC6971-F,1762586105,FCRequestMetrics:/n-matmul-128,281,281,,,18309.71,n-matmul-128,false,a2663941b4ef,,c-690eeda9-0cf1abd9-11dd72d57456,1762586087626,Sync,18312.47,1762586087624,21.0.3.22,false,128,32.37,InvokeFunction,,,LATEST,1-690eede7-0c49fa-e12ae20fedc8,OnDemand,,,1.48,
,81EF45F19FD54F5A67E812650F7D4DE6-18,1762586105,FCRequestMetrics:/n-matmul-128,294,294,,,17017.73,n-matmul-128,false,4c9cc9d70b19,,c-690eed8d-0cf1abd9-586cb2c3c780,1762586088168,Sync,17023.42,1762586088167,21.0.3.12,false,128,29.31,InvokeFunction,,,LATEST,1-690eede8-0c0a43-fd23ea098d31,OnDemand,,,0.65,
,8A2A2BA029F638783B43D48CB01B0C65-15,1762586105,FCRequestMetrics:/n-matmul-128,299,299,,,21318.26,n-matmul-128,false,9f79c2d0c5f2,,c-690eed96-0cf1abd9-e99fca3da2c1,1762586084224,Sync,21319.59,1762586084223,21.0.3.2,false,128,24.26,InvokeFunction,,,LATEST,1-690eede4-0c0a43-75df1c984083,OnDemand,,,0.54,
,781F1588896B086D7B9525CF26E327EB-10,1762586105,FCRequestMetrics:/n-matmul-128,299,299,,,19340.08,n-matmul-128,false,4caf80074898,,c-690eeda5-0cf1abd9-14bb1cc6f364,1762586086150,Sync,19342.25,1762586086149,21.0.3.24,false,128,30.66,InvokeFunction,,,LATEST,1-690eede6-0c49fa-f48c6559f533,OnDemand,,,1.40,
,DD2BC95C544ACAEDCAD224B59098EF74-18,1762586105,FCRequestMetrics:/n-matmul-128,294,294,,,15887.92,n-matmul-128,false,845e91b6cf6b,,c-690eed8d-0cf1abd9-2a8cc4f964bf,1762586089541,Sync,15889.55,1762586089540,21.0.3.13,false,128,27.35,InvokeFunction,,,LATEST,1-690eede9-0c49fa-84cdd1d52f73,OnDemand,,,0.86,
,6BF896C525BE933EC6E59BFBCE008212-12,1762586105,FCRequestMetrics:/n-matmul-128,289,289,,,0.06,n-matmul-128,true,dbc99637c7cd,,c-690eeda9-0cf1abd9-06e97d5b5f54,1762586102449,Sync,2899.09,1762586102448,21.0.3.10,false,128,4.21,InvokeFunction,,,LATEST,1-690eedf6-0c49fa-a986659116de,OnDemand,,,1.50,,"{""errorType"":""FunctionAbnormalExitError""}"
,E473C3EB473436CCADF8096E8D0D2C42-13,1762586105,FCRequestMetrics:/n-matmul-128,294,294,,,17591.10,n-matmul-128,false,aa865b939cef,,c-690eed96-0cf1abd9-6da66350de26,1762586088168,Sync,17594.83,1762586088167,21.0.3.16,false,128,22.39,InvokeFunction,,,LATEST,1-690eede8-0c49fa-dbb4d9f0ee1e,OnDemand,,,1.26,
,C63420212FACF8878D1CF0F4AB9F2B5B-10,1762586106,FCRequestMetrics:/n-matmul-128,281,281,,,18792.03,n-matmul-128,false,551a63055008,,c-690eeda8-0cf1abd9-bb4861715efd,1762586087605,Sync,18795.71,1762586087604,21.0.3.14,false,128,23.88,InvokeFunction,,,LATEST,1-690eede7-0c49fa-5b0936fe4b7f,OnDemand,,,1.43,
,84A28E40EAE4F1B9B438DA8F49770703-F,1762586106,FCRequestMetrics:/n-matmul-128,291,291,,,18460.06,n-matmul-128,false,e5434f6e0cce,,c-690eedaa-0cf1abd9-d51a3cdb5967,1762586088078,Sync,18480.27,1762586088067,21.0.3.23,false,128,26.56,InvokeFunction,,,LATEST,1-690eede8-0c49fa-c5fb53f64e47,OnDemand,,,1.17,
,CFAD3EAED3DA9F0681474476AA4BD35D-E,1762586106,FCRequestMetrics:/n-matmul-128,283,283,,,18737.56,n-matmul-128,false,d7b80d666e2b,,c-690eedaa-0cf1abd9-4d582ed6e2e0,1762586087860,Sync,18739.03,1762586087859,21.0.3.27,false,128,34.11,InvokeFunction,,,LATEST,1-690eede7-0c49fa-31d3832c355c,OnDemand,,,0.73,
,6103DB4D384590E61A6F2F19F6C5AA12-15,1762586106,FCRequestMetrics:/n-matmul-128,297,297,,,22613.04,n-matmul-128,false,4bf26ccbfd63,,c-690eed96-0cf1abd9-33d753346913,1762586083715,Sync,23292.12,1762586083044,21.0.3.2,false,128,21.86,InvokeFunction,,,LATEST,1-690eede3-0c0a43-e9d10c5299c9,OnDemand,,,670.86,
,8626C8650DFC2E84CC74995D61333E7E-F,1762586106,FCRequestMetrics:/n-matmul-128,299,299,,,17938.83,n-matmul-128,false,8662218ebba1,,c-690eeda9-0cf1abd9-3476b9c52160,1762586088953,Sync,18094.51,1762586088798,21.0.3.15,false,128,28.94,InvokeFunction,,,LATEST,1-690eede8-0c0a43-0d6374dbc90f,OnDemand,,,154.14,
,E70120467209C5072F9BAC96939FF425-1B,1762586106,FCRequestMetrics:/n-matmul-128,298,298,,,13214.04,n-matmul-128,false,57a49bda52a7,,c-690eed85-0cf1abd9-89090d6612f0,1762586092865,Sync,13220.48,1762586092864,21.0.3.8,false,128,27.50,InvokeFunction,,,LATEST,1-690eedec-0c49fa-8a5a0afd0c0b,OnDemand,,,0.79,
,3B9C179DFD02BB282B27F2619A4251CD-10,1762586106,FCRequestMetrics:/n-matmul-128,283,283,,,18370.40,n-matmul-128,false,6eb553e5eaff,,c-690eedaa-0cf1abd9-7c5cd4bbc1a0,1762586087860,Sync,18372.98,1762586087859,21.0.3.26,false,128,32.55,InvokeFunction,,,LATEST,1-690eede7-0c0a43-72983713221c,OnDemand,,,0.43,
,F1380D3BB03512FD19661F5DE4097BAA-17,1762586106,FCRequestMetrics:/n-matmul-128,296,296,,,16259.75,n-matmul-128,false,5c25a51ee6b0,,c-690eed8d-0cf1abd9-90163845d713,1762586090507,Sync,16261.42,1762586090507,21.0.3.18,false,128,27.69,InvokeFunction,,,LATEST,1-690eedea-0c0a43-b5de964c5fd3,OnDemand,,,0.53,
,FF409731039280436289D779E5C866F5-12,1762586106,FCRequestMetrics:/n-matmul-128,286,286,,,0.04,n-matmul-128,true,e51e0a8a2425,,c-690eeda8-0cf1abd9-1c104b385d12,1762586103215,Sync,3116.20,1762586103214,21.0.3.12,false,128,2.11,InvokeFunction,,,LATEST,1-690eedf7-0c49fa-df3fdb8d23e6,OnDemand,,,1.32,,"{""errorType"":""FunctionAbnormalExitError""}"
,101ABB01305ADAA1C15616E72BBCE7FA-18,1762586106,FCRequestMetrics:/n-matmul-128,298,298,,,15166.80,n-matmul-128,false,985167d20b2a,,c-690eed8d-0cf1abd9-0876abaa060f,1762586091114,Sync,15178.70,1762586091113,21.0.3.15,false,128,29.80,InvokeFunction,,,LATEST,1-690eedeb-0c0a43-462e8e556880,OnDemand,,,0.53,
,7803A2A1C0E49F606CC22E511FDE78DB-12,1762586106,FCRequestMetrics:/n-matmul-128,286,286,,,0.04,n-matmul-128,true,49cf98612b59,,c-690eeda8-0cf1abd9-c7ba121b8278,1762586103475,Sync,2838.33,1762586103474,21.0.3.9,false,128,7.39,InvokeFunction,,,LATEST,1-690eedf7-0c0a43-bd204c2a82af,OnDemand,,,0.50,,"{""errorType"":""FunctionAbnormalExitError""}"
,C0840D5DBD9C524E4585C0BF295DBB3E-11,1762586106,FCRequestMetrics:/n-matmul-128,285,285,,,0.03,n-matmul-128,true,25cf34898536,,c-690eeda9-0cf1abd9-9a1c5ad86428,1762586103748,Sync,2987.52,1762586103747,21.0.3.19,false,128,2.06,InvokeFunction,,,LATEST,1-690eedf7-0c0a43-a54f63755e36,OnDemand,,,0.70,,"{""errorType"":""FunctionAbnormalExitError""}"
,40DA133401D2DE8F12DE87799711FD83-15,1762586106,FCRequestMetrics:/n-matmul-128,283,283,,,18228.75,n-matmul-128,false,f97fe124d699,,c-690eed96-0cf1abd9-bad3da0c0cfe,1762586087918,Sync,18231.08,1762586087917,21.0.3.15,false,128,22.27,InvokeFunction,,,LATEST,1-690eede7-0c49fa-96264203891d,OnDemand,,,1.22,
,8D8C440FC3E34DBB9F1F04BB26D5634E-1A,1762586106,FCRequestMetrics:/n-matmul-128,281,281,,,14418.51,n-matmul-128,false,524d7b1ff122,,c-690eed85-0cf1abd9-5f56757a5335,1762586091863,Sync,14421.18,1762586091862,21.0.3.2,false,128,29.55,InvokeFunction,,,LATEST,1-690eedeb-0c0a43-e50bfb3e2557,OnDemand,,,0.60,
,92B3129F074210C7D1784E258F56EC8E-18,1762586106,FCRequestMetrics:/n-matmul-128,298,298,,,15355.30,n-matmul-128,false,54fdf7469d4b,,c-690eed8d-0cf1abd9-e3d670f7e404,1762586091113,Sync,15361.14,1762586091112,21.0.3.16,false,128,29.77,InvokeFunction,,,LATEST,1-690eedeb-0c0a43-e004f95f2c6f,OnDemand,,,0.51,
,F4B8340AC50EC3E566ADB0C15725D8CD-10,1762586107,FCRequestMetrics:/n-matmul-128,281,281,,,19280.07,n-matmul-128,false,d01135b2ff24,,c-690eeda5-0cf1abd9-865fb5ea7d12,1762586087831,Sync,19284.48,1762586087831,21.0.3.23,false,128,27.09,InvokeFunction,,,LATEST,1-690eede7-0c0a43-90a0c242354c,OnDemand,,,0.49,
,8E8ED45746BF551481A42C9EC0C0938D-10,1762586107,FCRequestMetrics:/n-matmul-128,290,290,,,19035.00,n-matmul-128,false,4e78e1f0ba00,,c-690eeda5-0cf1abd9-1766bd825c2f,1762586088027,Sync,19039.05,1762586088026,21.0.3.21,false,128,27.41,InvokeFunction,,,LATEST,1-690eede8-0c49fa-855a642a2bc7,OnDemand,,,0.94,
,5665E0DE844D89BD77D4631CFD4DC931-11,1762586107,FCRequestMetrics:/n-matmul-128,297,297,,,18887.27,n-matmul-128,false,b490ef07d553,,c-690eeda5-0cf1abd9-69bf81304958,1762586088425,Sync,18889.60,1762586088423,21.0.3.16,false,128,26.96,InvokeFunction,,,LATEST,1-690eede8-0c49fa-0a2af970fead,OnDemand,,,0.94,
,4E5B7CA35C1B228A64EA99D604E227AD-F,1762586107,FCRequestMetrics:/n-matmul-128,297,297,,,18304.12,n-matmul-128,false,a89245db7d99,,c-690eeda9-0cf1abd9-cae77ec22e72,1762586088836,Sync,18305.83,1762586088835,21.0.3.20,false,128,22.15,InvokeFunction,,,LATEST,1-690eede8-0c0a43-92979aac0911,OnDemand,,,0.56,
,CEE887FB037E821185889FBE8CB6AF77-10,1762586107,FCRequestMetrics:/n-matmul-128,294,294,,,19050.08,n-matmul-128,false,5d96d0e6f353,,c-690eeda9-0cf1abd9-eb584dd06982,1762586088211,Sync,19052.14,1762586088210,21.0.3.18,false,128,32.28,InvokeFunction,,,LATEST,1-690eede8-0c49fa-13dac1689c98,OnDemand,,,0.99,
,66F11D02496EEE1D7BA3A4E6AB8BA6A5-F,1762586107,FCRequestMetrics:/n-matmul-128,297,297,,,19245.62,n-matmul-128,false,bd9b5f0f3fc4,,c-690eeda9-0cf1abd9-f9f10a04e676,1762586088285,Sync,19247.54,1762586088284,21.0.3.21,false,128,28.81,InvokeFunction,,,LATEST,1-690eede8-0c0a43-40a9987338fc,OnDemand,,,0.80,
,9E1E21E8F76F062BA9CB76E20C2B83A4-16,1762586107,FCRequestMetrics:/n-matmul-128,295,295,,,21038.04,n-matmul-128,false,59ec307a1758,,c-690eed96-0cf1abd9-aade4c0331ba,1762586086026,Sync,21039.90,1762586086025,21.0.3.3,false,128,22.06,InvokeFunction,,,LATEST,1-690eede6-0c0a43-f611fc42324f,OnDemand,,,0.49,
,F658B3CD8413B0D988AE185DF0BE18DD-17,1762586107,FCRequestMetrics:/n-matmul-128,292,292,,,16827.33,n-matmul-128,false,959cca596465,,c-690eed8d-0cf1abd9-0ed53fa70580,1762586090262,Sync,16842.34,1762586090261,21.0.3.13,false,128,29.35,InvokeFunction,,,LATEST,1-690eedea-0c0a43-93d40f8069bb,OnDemand,,,0.48,
,79631A2B4FF88091BEDF80B60D44FB91-15,1762586107,FCRequestMetrics:/n-matmul-128,296,296,,,16531.92,n-matmul-128,false,8b5be02ffcf8,,c-690eed96-0cf1abd9-d03696729fbb,1762586090491,Sync,16541.83,1762586090490,21.0.3.25,false,128,24.55,InvokeFunction,,,LATEST,1-690eedea-0c49fa-830f33c11652,OnDemand,,,0.95,
,2471E95300325BB840CC834AD5A3C6B6-15,1762586107,FCRequestMetrics:/n-matmul-128,297,297,,,16705.80,n-matmul-128,false,9df121cea42b,,c-690eed96-0cf1abd9-2911da29056d,1762586090648,Sync,16716.36,1762586090647,21.0.3.22,false,128,24.36,InvokeFunction,,,LATEST,1-690eedea-0c0a43-1f761f752394,OnDemand,,,0.48,
,6C640CB721ED8B0BF85E5FE5C8E7D61E-18,1762586107,FCRequestMetrics:/n-matmul-128,293,293,,,17271.30,n-matmul-128,false,2f5080738346,,c-690eed8d-0cf1abd9-670e404d2849,1762586090166,Sync,17273.58,1762586090165,21.0.3.9,false,128,27.58,InvokeFunction,,,LATEST,1-690eedea-0c49fa-7007ce6cf81b,OnDemand,,,1.29,
,91991638294952C1215BFC323DBD0655-19,1762586107,FCRequestMetrics:/n-matmul-128,281,281,,,19929.63,n-matmul-128,false,5abe5fd26a6c,,c-690eed83-0cf1abd9-74cc7252fb9e,1762586087160,Sync,19936.04,1762586087158,21.0.3.2,false,128,22.44,InvokeFunction,,,LATEST,1-690eede7-0c49fa-c8c8af7b3736,OnDemand,,,1.39,
,3C976305C481D3458F52892B2010ED59-18,1762586107,FCRequestMetrics:/n-matmul-128,287,287,,,16251.92,n-matmul-128,false,2413d1c7f8a6,,c-690eed8d-0cf1abd9-366b26390b4b,1762586091589,Sync,16260.17,1762586091589,21.0.3.14,false,128,29.95,InvokeFunction,,,LATEST,1-690eedeb-0c0a43-cc6a3c1bc4d9,OnDemand,,,0.62,
,BB17D3743CC1FDE60F1345598BDCEFD7-12,1762586107,FCRequestMetrics:/n-matmul-128,285,285,,,0.04,n-matmul-128,true,82ac2eb2520e,,c-690eeda9-0cf1abd9-476f20890ba2,1762586103920,Sync,3138.17,1762586103919,21.0.3.11,false,128,2.11,InvokeFunction,,,LATEST,1-690eedf7-0c0a43-539ead709b1b,OnDemand,,,0.65,,"{""errorType"":""FunctionAbnormalExitError""}"
,BE75DB22015500E11A374D96AAD193DE-18,1762586107,FCRequestMetrics:/n-matmul-128,295,295,,,17104.81,n-matmul-128,false,14ce103419c8,,c-690eed8d-0cf1abd9-d2956975d9ee,1762586090418,Sync,17106.13,1762586090418,21.0.3.23,false,128,29.55,InvokeFunction,,,LATEST,1-690eedea-0c0a43-4b86b64c2927,OnDemand,,,0.47,
,EF722833BE499284BAB5B89F1A306194-11,1762586107,FCRequestMetrics:/n-matmul-128,286,286,,,0.04,n-matmul-128,true,05f9081a497c,,c-690eeda8-0cf1abd9-1aac6742df61,1762586104485,Sync,2931.86,1762586104484,21.0.3.11,false,128,2.11,InvokeFunction,,,LATEST,1-690eedf8-0c0a43-7d7911248b94,OnDemand,,,0.60,,"{""errorType"":""FunctionAbnormalExitError""}"
,9DD0506AA2E1A2F0934A373557F44685-12,1762586107,FCRequestMetrics:/n-matmul-128,283,283,,,0.05,n-matmul-128,true,9ff6c72d49d6,,c-690eeda8-0cf1abd9-230be3e98307,1762586104854,Sync,2776.67,1762586104854,21.0.3.13,false,128,2.22,InvokeFunction,,,LATEST,1-690eedf8-0c0a43-b30ea2b3c7cb,OnDemand,,,0.47,,"{""errorType"":""FunctionAbnormalExitError""}"
,77A451B62F8AF08AF72FE07E1B84F5E0-12,1762586107,FCRequestMetrics:/n-matmul-128,283,283,,,0.07,n-matmul-128,true,0dcdb5385733,,c-690eeda9-0cf1abd9-1346167bcac0,1762586104857,Sync,2854.24,1762586104856,21.0.3.14,false,128,2.24,InvokeFunction,,,LATEST,1-690eedf8-0c49fa-f8cc286cd607,OnDemand,,,0.81,,"{""errorType"":""FunctionAbnormalExitError""}"
,2D78B9AAD7920726510731B3A33EE102-10,1762586108,FCRequestMetrics:/n-matmul-128,297,297,,,19874.65,n-matmul-128,false,09d6302afcc0,,c-690eeda5-0cf1abd9-72fae0c6b355,1762586088316,Sync,19876.09,1762586088315,21.0.3.18,false,128,34.32,InvokeFunction,,,LATEST,1-690eede8-0c0a43-4e5ab0e73f13,OnDemand,,,0.64,
,8F3A423823DC52F503BC724CE6C60804-10,1762586108,FCRequestMetrics:/n-matmul-128,281,281,,,20260.53,n-matmul-128,false,f5890c8c5a5b,,c-690eeda5-0cf1abd9-697fc0458885,1762586087829,Sync,20261.99,1762586087828,21.0.3.25,false,128,26.68,InvokeFunction,,,LATEST,1-690eede7-0c49fa-ef881fc241a8,OnDemand,,,0.80,
,545DE9BD42C98B996C6808C99D114C47-F,1762586108,FCRequestMetrics:/n-matmul-128,297,297,,,19912.78,n-matmul-128,false,0a0aaa3564b0,,c-690eeda5-0cf1abd9-c9445681ee20,1762586088347,Sync,19921.91,1762586088345,21.0.3.22,false,128,26.20,InvokeFunction,,,LATEST,1-690eede8-0c49fa-45d1ec35f85a,OnDemand,,,1.39,
,40D0187C79EB93AE6164DB021EB45BA3-18,1762586108,FCRequestMetrics:/n-matmul-128,281,281,,,16085.15,n-matmul-128,false,c2355a18488a,,c-690eed8d-0cf1abd9-4bc4ed912672,1762586092087,Sync,16095.16,1762586092086,21.0.3.19,false,128,29.69,InvokeFunction,,,LATEST,1-690eedec-0c49fa-cc99edb6c9e9,OnDemand,,,1.36,
,A912C88EFEEFC4B218F7735CF74E673B-10,1762586108,FCRequestMetrics:/n-matmul-128,292,292,,,18515.09,n-matmul-128,false,c124df2e904b,,c-690eeda8-0cf1abd9-66b5ac8b3f4b,1762586090249,Sync,18516.76,1762586090248,21.0.3.16,false,128,26.91,InvokeFunction,,,LATEST,1-690eedea-0c0a43-3970e5147bca,OnDemand,,,0.60,
,2E3A4B31C228B399B3B7DC20B5D681E8-10,1762586108,FCRequestMetrics:/n-matmul-128,291,291,,,18739.46,n-matmul-128,false,94116257bc76,,c-690eeda8-0cf1abd9-6efacfe9f712,1762586090026,Sync,18742.08,1762586090024,21.0.3.21,false,128,21.89,InvokeFunction,,,LATEST,1-690eedea-0c49fa-43ca1642f089,OnDemand,,,1.47,
,609BB87232F313E7E1EE3C8255B3B0B3-1B,1762586108,FCRequestMetrics:/n-matmul-128,297,297,,,13715.56,n-matmul-128,false,3722a439771f,,c-690eed85-0cf1abd9-2c911ea6008b,1762586094534,Sync,13716.91,1762586094533,21.0.3.10,false,128,27.64,InvokeFunction,,,LATEST,1-690eedee-0c0a43-5767ba0f31d0,OnDemand,,,0.59,
,0DF1BE08810C22DB47CE10C7D12D3B18-15,1762586108,FCRequestMetrics:/n-matmul-128,281,281,,,21551.78,n-matmul-128,false,054726ba05da,,c-690eed96-0cf1abd9-6259af999d66,1762586087141,Sync,21557.90,1762586087136,21.0.3.3,false,128,21.81,InvokeFunction,,,LATEST,1-690eede7-0c0a43-4c97427eed95,OnDemand,,,0.68,
,5DDEC1B94316434FE6602FC2B2B6A039-15,1762586108,FCRequestMetrics:/n-matmul-128,280,280,,,20882.28,n-matmul-128,false,34de976e0650,,c-690eed96-0cf1abd9-ee256dc17503,1762586087348,Sync,20887.08,1762586087347,21.0.3.8,false,128,22.75,InvokeFunction,,,LATEST,1-690eede7-0c0a43-1f8afa63a079,OnDemand,,,0.56,
,CEBE4DE47CD58B3FB8C58509A1292CE6-1B,1762586108,FCRequestMetrics:/n-matmul-128,299,299,,,13845.26,n-matmul-128,false,f06ea0952339,,c-690eed85-0cf1abd9-158fa1fe0ffd,1762586094625,Sync,13847.83,1762586094623,21.0.3.14,false,128,27.41,InvokeFunction,,,LATEST,1-690eedee-0c49fa-76c745cecc54,OnDemand,,,0.93,
,4A03F83F646B3D7AC82B0CB38EE7F6F6-18,1762586108,FCRequestMetrics:/n-matmul-128,290,290,,,18719.88,n-matmul-128,false,d4ea97bb496c,,c-690eed84-0cf1abd9-bf53a1f50706,1762586090109,Sync,18722.21,1762586090107,21.0.3.3,false,128,27.58,InvokeFunction,,,LATEST,1-690eedea-0c49fa-82dd684f3435,OnDemand,,,1.28,
,3DF53618FF507B28D295EA10C5C40468-12,1762586108,FCRequestMetrics:/n-matmul-128,286,286,,,0.03,n-matmul-128,true,07dcf957ed19,,c-690eeda5-0cf1abd9-879c7e385fb6,1762586103475,Sync,4942.02,1762586103475,21.0.3.10,false,128,2.12,InvokeFunction,,,LATEST,1-690eedf7-0c0a43-db5e79012d71,OnDemand,,,0.55,,"{""errorType"":""FunctionAbnormalExitError""}"
,A0B4D1D12626D33FCDDA858055366E80-15,1762586108,FCRequestMetrics:/n-matmul-128,299,299,,,20110.22,n-matmul-128,false,2f79d5d6e1f2,,c-690eed96-0cf1abd9-aec373bfe9b2,1762586088582,Sync,20119.17,1762586088581,21.0.3.9,false,128,22.02,InvokeFunction,,,LATEST,1-690eede8-0c0a43-4d7d6c3d7a14,OnDemand,,,0.65,
,92F96CFC59521BF63B429A4C99FA99CB-1C,1762586108,FCRequestMetrics:/n-matmul-128,292,292,,,15606.53,n-matmul-128,false,b73e8dfdb3e1,,c-690eed85-0cf1abd9-c0e8aad62b67,1762586092537,Sync,15611.18,1762586092536,21.0.3.3,false,128,22.97,InvokeFunction,,,LATEST,1-690eedec-0c0a43-01a655e66a35,OnDemand,,,0.49,
,2FB49575A81022D2509F0B8C09E271EA-12,1762586108,FCRequestMetrics:/n-matmul-128,285,285,,,0.04,n-matmul-128,true,583788c3d090,,c-690eeda5-0cf1abd9-2086298c7344,1762586104156,Sync,4194.32,1762586104155,21.0.3.19,false,128,2.09,InvokeFunction,,,LATEST,1-690eedf8-0c49fa-439ea1f8f46c,OnDemand,,,1.31,,"{""errorType"":""FunctionAbnormalExitError""}"
,A1FCC418CEE0A473F1F5238048A7B3E8-12,1762586108,FCRequestMetrics:/n-matmul-128,286,286,,,0.02,n-matmul-128,true,a01070cabcf1,,c-690eeda5-0cf1abd9-e5a4210c2073,1762586103476,Sync,5096.40,1762586103475,21.0.3.15,false,128,4.09,InvokeFunction,,,LATEST,1-690eedf7-0c49fa-4218172da958,OnDemand,,,0.87,,"{""errorType"":""FunctionAbnormalExitError""}"
,BA5A16F182CE3ABF620021ACFE7D7011-18,1762586108,FCRequestMetrics:/n-matmul-128,295,295,,,14224.35,n-matmul-128,false,bb393646e560,,c-690eed96-0cf1abd9-3dded35d4062,1762586094249,Sync,14229.50,1762586094248,21.0.3.8,false,128,27.25,InvokeFunction,,,LATEST,1-690eedee-0c49fa-df67d431423a,OnDemand,,,1.42,
,E83713E0537D2729383D69DFF4C2841B-19,1762586108,FCRequestMetrics:/n-matmul-128,298,298,,,18134.89,n-matmul-128,false,1e9a879a9ce3,,c-690eed86-0cf1abd9-bf3f65b56cbd,1762586090539,Sync,18162.18,1762586090538,21.0.3.8,false,128,27.89,InvokeFunction,,,LATEST,1-690eedea-0c49fa-6abcde197c02,OnDemand,,,1.12,
,4E6EE341D6B7F4B5F00204E676B0421F-13,1762586108,FCRequestMetrics:/n-matmul-128,298,298,,,15882.11,n-matmul-128,false,511d80c68358,,c-690eed8d-0cf1abd9-efed7d33773f,1762586092662,Sync,15885.50,1762586092661,21.0.3.18,false,128,27.95,InvokeFunction,,,LATEST,1-690eedec-0c49fa-73a0fd220568,OnDemand,,,1.34,
,C63420212FACF8878D1CF0F4AB9F2B5B-11,1762586108,FCRequestMetrics:/n-matmul-128,289,289,,,0.04,n-matmul-128,true,551a63055008,,c-690eeda8-0cf1abd9-bb4861715efd,1762586106442,Sync,1983.99,1762586106441,21.0.3.14,false,128,4.05,InvokeFunction,,,LATEST,1-690eedfa-0c49fa-e6c9e1eb3660,OnDemand,,,1.20,,"{""errorType"":""FunctionAbnormalExitError""}"
,35684BB25099CBEDA839F3453B345BB7-17,1762586109,FCRequestMetrics:/n-matmul-128,299,299,,,16367.22,n-matmul-128,false,4704e96ceb34,,c-690eed8d-0cf1abd9-0b031bc7876b,1762586092942,Sync,16509.37,1762586092805,21.0.3.16,false,128,27.47,InvokeFunction,,,LATEST,1-690eedec-0c0a43-a78a2dd4651c,OnDemand,,,136.69,
,534BB234720EAF245D060C96880CE6E1-10,1762586109,FCRequestMetrics:/n-matmul-128,295,295,,,18838.76,n-matmul-128,false,b9d5a90e849c,,c-690eeda8-0cf1abd9-489697ff9fe3,1762586090401,Sync,18847.29,1762586090399,21.0.3.22,false,128,27.20,InvokeFunction,,,LATEST,1-690eedea-0c49fa-5278fe1092d8,OnDemand,,,1.36,
,5DAD0D54751340FDEB778E8C3D0BCA64-10,1762586109,FCRequestMetrics:/n-matmul-128,282,282,,,17537.33,n-matmul-128,false,5f6b4c786b41,,c-690eedae-0cf1abd9-b63dfe7543ed,1762586091746,Sync,17539.91,1762586091744,21.0.3.8,false,128,83.59,InvokeFunction,,,LATEST,1-690eedeb-0c49fa-fd91620af8ee,OnDemand,,,1.27,
,5A08AF7236E275AD0FB46D2B28AE710C-10,1762586109,FCRequestMetrics:/n-matmul-128,296,296,,,18839.39,n-matmul-128,false,2bfde648585e,,c-690eeda9-0cf1abd9-ebb8d38ed0cd,1762586090475,Sync,18841.26,1762586090474,21.0.3.24,false,128,27.22,InvokeFunction,,,LATEST,1-690eedea-0c0a43-e9456329f4c3,OnDemand,,,0.55,
,25B8386746C0843F68CE6F453C7A50B6-1A,1762586109,FCRequestMetrics:/n-matmul-128,296,296,,,18597.74,n-matmul-128,false,28749e3c833e,,c-690eed86-0cf1abd9-5fc5a1c95081,1762586090517,Sync,18602.25,1762586090515,21.0.3.2,false,128,29.44,InvokeFunction,,,LATEST,1-690eedea-0c49fa-f903da821510,OnDemand,,,1.16,
,E3A10F33112D22B99CDFAE6B3DA5F427-1B,1762586109,FCRequestMetrics:/n-matmul-128,297,297,,,14540.85,n-matmul-128,false,7c04ccbbdae4,,c-690eed85-0cf1abd9-4dc3fba76450,1762586094508,Sync,14542.04,1762586094507,21.0.3.9,false,128,27.27,InvokeFunction,,,LATEST,1-690eedee-0c0a43-00c56b1cb914,OnDemand,,,0.51,
,8A7394BA0F304A206770530C84EA6636-1A,1762586109,FCRequestMetrics:/n-matmul-128,283,283,,,21631.67,n-matmul-128,false,279fa08dbc62,,c-690eed83-0cf1abd9-0a463df434e5,1762586087883,Sync,21656.14,1762586087882,21.0.3.3,false,128,27.73,InvokeFunction,,,LATEST,1-690eede7-0c0a43-be3755a42662,OnDemand,,,0.48,
,22F3F140A6723208B9E7ACF1561A6D49-10,1762586109,FCRequestMetrics:/n-matmul-128,295,295,,,19432.98,n-matmul-128,false,1bb1546b9f73,,c-690eedaa-0cf1abd9-9d39cd93389c,1762586090381,Sync,19434.83,1762586090380,21.0.3.25,false,128,26.86,InvokeFunction,,,LATEST,1-690eedea-0c0a43-e96af17ffa2a,OnDemand,,,0.58,
,938A8818D88FA899F8D8F52ADA1CFF6C-10,1762586109,FCRequestMetrics:/n-matmul-128,299,299,,,18596.23,n-matmul-128,false,7f4516a5f859,,c-690eeda9-0cf1abd9-4c7481869c13,1762586091201,Sync,18598.77,1762586091199,21.0.3.24,false,128,27.19,InvokeFunction,,,LATEST,1-690eedeb-0c49fa-52cb667d597f,OnDemand,,,1.32,
,F049A05B05E229468359356494790421-11,1762586109,FCRequestMetrics:/n-matmul-128,296,296,,,19367.91,n-matmul-128,false,a743b3598854,,c-690eeda8-0cf1abd9-ed6740a826c3,1762586090516,Sync,19369.06,1762586090516,21.0.3.18,false,128,26.80,InvokeFunction,,,LATEST,1-690eedea-0c0a43-39347c9809ca,OnDemand,,,0.45,
,3AFB20005AD9E6CC4003C7ADDF444DDF-10,1762586109,FCRequestMetrics:/n-matmul-128,298,298,,,19352.85,n-matmul-128,false,5f995ae01ec5,,c-690eeda9-0cf1abd9-1afd58826ae3,1762586090628,Sync,19359.92,1762586090627,21.0.3.25,false,128,26.68,InvokeFunction,,,LATEST,1-690eedea-0c49fa-ecfc7aa12432,OnDemand,,,1.12,
,7C3C6C39706B9E9A5E45EA0795F361E3-18,1762586109,FCRequestMetrics:/n-matmul-128,297,297,,,16152.02,n-matmul-128,false,daf840027305,,c-690eed8d-0cf1abd9-998f2d849ede,1762586093569,Sync,16153.43,1762586093569,21.0.3.14,false,128,25.84,InvokeFunction,,,LATEST,1-690eeded-0c0a43-c66fb97247bf,OnDemand,,,0.45,
,7B54E33FC4EF59F9EB611D0DD33DB1AD-1A,1762586109,FCRequestMetrics:/n-matmul-128,281,281,,,22007.37,n-matmul-128,false,57decdb25f9e,,c-690eed83-0cf1abd9-0a57e9e3d12f,1762586087775,Sync,22011.25,1762586087774,21.0.3.8,false,128,27.23,InvokeFunction,,,LATEST,1-690eede7-0c49fa-c5bde557a48e,OnDemand,,,1.42,
,46452AD4646881BB08C6B59B48AEDFBA-17,1762586109,FCRequestMetrics:/n-matmul-128,296,296,,,15534.20,n-matmul-128,false,db5d7adaa422,,c-690eed8d-0cf1abd9-7d73f845b0a5,1762586093894,Sync,15535.61,1762586093894,21.0.3.12,false,128,30.09,InvokeFunction,,,LATEST,1-690eeded-0c0a43-18d49fd83baf,OnDemand,,,0.58,
,C81E0734A1BCCB9DA9FC914E1BF3266D-10,1762586109,FCRequestMetrics:/n-matmul-128,292,292,,,18968.41,n-matmul-128,false,7cce56c3fb65,,c-690eeda8-0cf1abd9-312a3a57ec79,1762586090254,Sync,18970.23,1762586090253,21.0.3.20,false,128,32.40,InvokeFunction,,,LATEST,1-690eedea-0c0a43-9620441e2458,OnDemand,,,0.58,
,3641BD03B2EDD337A1E5E07D16D4DE1D-18,1762586109,FCRequestMetrics:/n-matmul-128,297,297,,,15849.44,n-matmul-128,false,74c2be7ed7bc,,c-690eed8d-0cf1abd9-611a2133a545,1762586093543,Sync,15851.05,1762586093542,21.0.3.24,false,128,28.07,InvokeFunction,,,LATEST,1-690eeded-0c0a43-7d490732f8ea,OnDemand,,,0.52,
,4D0C87630DE75182644B9E4D5295586B-1C,1762586109,FCRequestMetrics:/n-matmul-128,290,290,,,13614.52,n-matmul-128,false,ce613473cf37,,c-690eed85-0cf1abd9-2f0a1317ca81,1762586096325,Sync,13616.75,1762586096323,21.0.3.11,false,128,27.43,InvokeFunction,,,LATEST,1-690eedf0-0c49fa-123919b0fbb1,OnDemand,,,1.36,
,5A317EA240DC46C4E15B8D2E97337C21-18,1762586109,FCRequestMetrics:/n-matmul-128,291,291,,,19080.85,n-matmul-128,false,b656f39d8746,,c-690eed86-0cf1abd9-84d2db55a180,1762586089946,Sync,19090.45,1762586089939,21.0.3.3,false,128,27.67,InvokeFunction,,,LATEST,1-690eede9-0c0a43-233ca55f65ed,OnDemand,,,0.66,
,72B0763C812343F54C4768A450A14952-18,1762586109,FCRequestMetrics:/n-matmul-128,297,297,,,14822.25,n-matmul-128,false,cf26af28e3d5,,c-690eed8d-0cf1abd9-53316fbc9c29,1762586094482,Sync,14827.15,1762586094480,21.0.3.21,false,128,22.47,InvokeFunction,,,LATEST,1-690eedee-0c49fa-a1d842ac564f,OnDemand,,,1.37,
,6FC75B3DB8851234D07B138AD96FC0A5-18,1762586109,FCRequestMetrics:/n-matmul-128,290,290,,,19582.65,n-matmul-128,false,6b4a94db578b,,c-690eed84-0cf1abd9-be1633f0d0dd,1762586090069,Sync,19586.78,1762586090069,21.0.3.2,false,128,29.32,InvokeFunction,,,LATEST,1-690eedea-0c0a43-1b452820df81,OnDemand,,,0.61,
,9CC6FEA79C9A08269F04E5D7AC586D4D-16,1762586109,FCRequestMetrics:/n-matmul-128,299,299,,,16187.88,n-matmul-128,false,1341e9c3300b,,c-690eed96-0cf1abd9-88caba2e9de4,1762586093258,Sync,16667.44,1762586092790,21.0.3.17,false,128,21.93,InvokeFunction,,,LATEST,1-690eedec-0c49fa-c92a3741cbd6,OnDemand,,,467.48,
,8E2E03ED22CC6F2DFE55EB8B1A864060-14,1762586109,FCRequestMetrics:/n-matmul-128,299,299,,,20129.38,n-matmul-128,false,cff987abda6a,,c-690eed96-0cf1abd9-e42e31309781,1762586089113,Sync,20226.97,1762586089026,21.0.3.10,false,128,22.09,InvokeFunction,,,LATEST,1-690eede9-0c49fa-b6533c6f8b4d,OnDemand,,,0.92,
,41C8E8C026B88A3FDC7027A22DD65441-1B,1762586109,FCRequestMetrics:/n-matmul-128,286,286,,,13364.59,n-matmul-128,false,0e85519b1ae8,,c-690eed85-0cf1abd9-a830e80c9d58,1762586096189,Sync,13366.39,1762586096188,21.0.3.12,false,128,27.85,InvokeFunction,,,LATEST,1-690eedf0-0c0a43-bda7fa0ea7c8,OnDemand,,,0.60,
,471A481607C500A90EF8B2AC1EAC6971-12,1762586109,FCRequestMetrics:/n-matmul-128,292,292,,,0.04,n-matmul-128,true,a2663941b4ef,,c-690eeda9-0cf1abd9-11dd72d57456,1762586105979,Sync,3311.87,1762586105977,21.0.3.22,false,128,2.23,InvokeFunction,,,LATEST,1-690eedf9-0c49fa-200d64243e60,OnDemand,,,1.45,,"{""errorType"":""FunctionAbnormalExitError""}"
,B9CC9A0372DA2782D1101E8A00146287-12,1762586109,FCRequestMetrics:/n-matmul-128,286,286,,,0.04,n-matmul-128,true,7dc1ff934198,,c-690eeda5-0cf1abd9-f2a1a2bcfb08,1762586104505,Sync,4979.89,1762586104502,21.0.3.17,false,128,2.25,InvokeFunction,,,LATEST,1-690eedf8-0c49fa-2b69846d48f0,OnDemand,,,0.91,,"{""errorType"":""FunctionAbnormalExitError""}"
,E25E5AC81214735572C3101D35F1B078-18,1762586109,FCRequestMetrics:/n-matmul-128,292,292,,,17308.51,n-matmul-128,false,23a95b7b22dd,,c-690eed8d-0cf1abd9-05804b5e6825,1762586092555,Sync,17314.11,1762586092554,21.0.3.17,false,128,27.43,InvokeFunction,,,LATEST,1-690eedec-0c49fa-6f7104d5d907,OnDemand,,,0.94,
,22E1961764567BF39BC1317D4E5807AC-12,1762586109,FCRequestMetrics:/n-matmul-128,285,285,,,0.04,n-matmul-128,true,93bd50466c24,,c-690eeda5-0cf1abd9-de9e4196dfb2,1762586104713,Sync,4528.57,1762586104699,21.0.3.12,false,128,4.12,InvokeFunction,,,LATEST,1-690eedf8-0c49fa-2214076c78d2,OnDemand,,,1.30,,"{""errorType"":""FunctionAbnormalExitError""}"
,00F741ED552D957855AA9DEA31925A77-1B,1762586109,FCRequestMetrics:/n-matmul-128,297,297,,,14627.43,n-matmul-128,false,478f63eb8cbf,,c-690eed85-0cf1abd9-026f6407b0f7,1762586094491,Sync,14637.07,1762586094489,21.0.3.17,false,128,27.65,InvokeFunction,,,LATEST,1-690eedee-0c49fa-9c9a4f0ec147,OnDemand,,,1.35,
,10ABC85774F8B9CC368A825065BA6401-12,1762586109,FCRequestMetrics:/n-matmul-128,284,284,,,0.03,n-matmul-128,true,fc82228fa9b1,,c-690eeda5-0cf1abd9-1b827a888ff3,1762586104357,Sync,5420.22,1762586104357,21.0.3.13,false,128,2.11,InvokeFunction,,,LATEST,1-690eedf8-0c0a43-30988a5a4926,OnDemand,,,0.49,,"{""errorType"":""FunctionAbnormalExitError""}"
,83A82314888ED1CF5E7B61964546AF33-10,1762586110,FCRequestMetrics:/n-matmul-128,292,292,,,17942.97,n-matmul-128,false,462f44a2c82a,,c-690eedad-0cf1abd9-7f3a36248a21,1762586092593,Sync,17944.55,1762586092592,21.0.3.10,false,128,27.26,InvokeFunction,,,LATEST,1-690eedec-0c0a43-70107960304f,OnDemand,,,0.41,
,E94FAD7DFC0D7C430A1E1579F49C2CB6-19,1762586110,FCRequestMetrics:/n-matmul-128,285,285,,,18388.11,n-matmul-128,false,357862df7f73,,c-690eed86-0cf1abd9-f59485cce75a,1762586092513,Sync,18389.80,1762586092512,21.0.3.12,false,128,28.02,InvokeFunction,,,LATEST,1-690eedec-0c0a43-7e9650b6aabe,OnDemand,,,0.45,
,8AE5E5DD376D8B6BBC87B2F900A287DB-1C,1762586110,FCRequestMetrics:/n-matmul-128,296,296,,,13971.46,n-matmul-128,false,7a13a20b921a,,c-690eed85-0cf1abd9-64d3ea47bde3,1762586096474,Sync,13984.62,1762586096472,21.0.3.13,false,128,27.53,InvokeFunction,,,LATEST,1-690eedf0-0c49fa-7ff05f045ebf,OnDemand,,,1.16,
,8BD4AD9E3D09406FDF72A2C557E65602-17,1762586110,FCRequestMetrics:/n-matmul-128,296,296,,,15892.42,n-matmul-128,false,b921ac706f30,,c-690eed8d-0cf1abd9-a5d5bfafa5f0,1762586094373,Sync,15897.44,1762586094371,21.0.3.20,false,128,29.98,InvokeFunction,,,LATEST,1-690eedee-0c49fa-80adca60762e,OnDemand,,,1.11,
,B6D50533180C70B5E0BB5DFAA393368E-10,1762586110,FCRequestMetrics:/n-matmul-128,281,281,,,18408.21,n-matmul-128,false,61f29b5aaa2a,,c-690eedae-0cf1abd9-d16ca912f1de,1762586092312,Sync,18410.57,1762586092311,21.0.3.9,false,128,28.15,InvokeFunction,,,LATEST,1-690eedec-0c49fa-d4c45111a87f,OnDemand,,,1.23,
,05CDE0418A06D09EAE4ADEC100CA68AB-F,1762586110,FCRequestMetrics:/n-matmul-128,280,280,,,18477.35,n-matmul-128,false,0737d63123d1,,c-690eedad-0cf1abd9-a9ddaa1500d5,1762586092399,Sync,18480.55,1762586092398,21.0.3.12,false,128,27.31,InvokeFunction,,,LATEST,1-690eedec-0c49fa-74c97e3c874f,OnDemand,,,1.25,
,578636031DA9F9E4C1AEAEE036A2ED78-10,1762586110,FCRequestMetrics:/n-matmul-128,299,299,,,20011.54,n-matmul-128,false,d4e7bb540e9b,,c-690eeda9-0cf1abd9-cc7b57654f75,1762586090852,Sync,20014.62,1762586090850,21.0.3.27,false,128,32.34,InvokeFunction,,,LATEST,1-690eedea-0c49fa-92ebaa30c731,OnDemand,,,1.33,
,0BD475407873CF39B1CA595256226051-10,1762586110,FCRequestMetrics:/n-matmul-128,281,281,,,18758.57,n-matmul-128,false,83139df080ef,,c-690eeda9-0cf1abd9-42b948b2a68c,1762586092047,Sync,18762.49,1762586092046,21.0.3.26,false,128,28.79,InvokeFunction,,,LATEST,1-690eedec-0c0a43-477bfa004e51,OnDemand,,,0.54,
,BA6BE48CA24D7511A087B82B6A3FBB19-15,1762586110,FCRequestMetrics:/n-matmul-128,293,293,,,20849.00,n-matmul-128,false,ebc029f9743a,,c-690eed96-0cf1abd9-266e64073192,1762586089802,Sync,20866.92,1762586089800,21.0.3.10,false,128,22.05,InvokeFunction,,,LATEST,1-690eede9-0c49fa-72638530fee0,OnDemand,,,1.46,
,1FD15FF44979A6A17B0CFCEC15F6978B-19,1762586110,FCRequestMetrics:/n-matmul-128,285,285,,,18350.67,n-matmul-128,false,8f75766f976d,,c-690eed84-0cf1abd9-3527f81881d1,1762586092467,Sync,18352.24,1762586092466,21.0.3.8,false,128,27.12,InvokeFunction,,,LATEST,1-690eedec-0c0a43-db17e48f9b84,OnDemand,,,0.48,
,13012196C53F5375DA6D7E0B0AED40BD-17,1762586110,FCRequestMetrics:/n-matmul-128,290,290,,,14656.71,n-matmul-128,false,ced19e0e4fae,,c-690eed96-0cf1abd9-26d3f0e782b3,1762586096291,Sync,14658.94,1762586096289,21.0.3.9,false,128,27.96,InvokeFunction,,,LATEST,1-690eedf0-0c49fa-524fa9ca528e,OnDemand,,,1.16,
,D143AE44C19E26F9220F758DFE51775E-17,1762586110,FCRequestMetrics:/n-matmul-128,298,298,,,14205.51,n-matmul-128,false,7cc6d641bed2,,c-690eed96-0cf1abd9-0cb5743955c5,1762586096732,Sync,14207.74,1762586096731,21.0.3.17,false,128,27.95,InvokeFunction,,,LATEST,1-690eedf0-0c49fa-96d474e226a6,OnDemand,,,1.32,
,53C28B307BED561C14256185A7868301-12,1762586110,FCRequestMetrics:/n-matmul-128,285,285,,,0.04,n-matmul-128,true,cd248e76553e,,c-690eeda5-0cf1abd9-46cd7b884194,1762586104557,Sync,5479.80,1762586104556,21.0.3.14,false,128,4.20,InvokeFunction,,,LATEST,1-690eedf8-0c0a43-a5707e7c4f65,OnDemand,,,0.75,,"{""errorType"":""FunctionAbnormalExitError""}"
,283F17FB9C9798583A913C144D41C342-19,1762586110,FCRequestMetrics:/n-matmul-128,298,298,,,17590.22,n-matmul-128,false,4703378e3174,,c-690eed86-0cf1abd9-4e796d80ba23,1762586092837,Sync,17595.86,1762586092836,21.0.3.9,false,128,22.75,InvokeFunction,,,LATEST,1-690eedec-0c0a43-d6499cf7620b,OnDemand,,,0.52,
,3DBC61790B9142DDBEDCD6134BB09E3F-19,1762586110,FCRequestMetrics:/n-matmul-128,285,285,,,17938.40,n-matmul-128,false,a28f13fec6d7,,c-690eed84-0cf1abd9-47616b0fcd20,1762586092511,Sync,17940.33,1762586092510,21.0.3.10,false,128,27.42,InvokeFunction,,,LATEST,1-690eedec-0c49fa-0e4bf08fe7e8,OnDemand,,,1.11,
,D19DEB46D930B5FFB4880807275B0C84-18,1762586110,FCRequestMetrics:/n-matmul-128,284,284,,,14368.73,n-matmul-128,false,469834073b90,,c-690eed96-0cf1abd9-e8d8f0ec69a4,1762586095835,Sync,14373.41,1762586095834,21.0.3.11,false,128,29.52,InvokeFunction,,,LATEST,1-690eedef-0c0a43-462e0cfc293f,OnDemand,,,0.62,
,C3D70BE59EDDE2E3BAD7D26871BEFCC2-18,1762586110,FCRequestMetrics:/n-matmul-128,296,296,,,15785.49,n-matmul-128,false,5c7d778afaae,,c-690eed8d-0cf1abd9-f42778f29da4,1762586094944,Sync,15787.39,1762586094942,21.0.3.17,false,128,27.54,InvokeFunction,,,LATEST,1-690eedee-0c49fa-1654eb7da913,OnDemand,,,0.87,
,BB4ED00B22F6D0F50600682ABF2615D9-1B,1762586110,FCRequestMetrics:/n-matmul-128,298,298,,,13851.04,n-matmul-128,false,b56edd595e8c,,c-690eed85-0cf1abd9-7e6421936614,1762586096722,Sync,13863.43,1762586096721,21.0.3.15,false,128,27.10,InvokeFunction,,,LATEST,1-690eedf0-0c49fa-bd5886a861be,OnDemand,,,0.80,
,BBE4F3A04F21A9AAC989204381637DB0-10,1762586111,FCRequestMetrics:/n-matmul-128,299,299,,,17921.16,n-matmul-128,false,344f71de17a7,,c-690eedad-0cf1abd9-b220a1ec872a,1762586093236,Sync,18498.16,1762586092665,21.0.3.8,false,128,72.93,InvokeFunction,,,LATEST,1-690eedec-0c49fa-2227e3150a95,OnDemand,,,570.95,
,A9D18AD4109C30D5E34A6CADD737B686-1B,1762586111,FCRequestMetrics:/n-matmul-128,296,296,,,14534.01,n-matmul-128,false,07c49809bd2c,,c-690eed85-0cf1abd9-a441473e8758,1762586096461,Sync,14552.93,1762586096460,21.0.3.16,false,128,27.47,InvokeFunction,,,LATEST,1-690eedf0-0c49fa-bc31e57209ca,OnDemand,,,1.26,
,EC8C35753894B5B9AF0DA4DB7FE9A13B-11,1762586111,FCRequestMetrics:/n-matmul-128,285,285,,,18948.33,n-matmul-128,false,14f78ff3edc2,,c-690eeda8-0cf1abd9-dbfce724cac6,1762586092451,Sync,18949.83,1762586092450,21.0.3.23,false,128,21.82,InvokeFunction,,,LATEST,1-690eedec-0c0a43-081005e15028,OnDemand,,,0.44,
,3264C158E2D5E5DEFE085BA619A247E7-17,1762586111,FCRequestMetrics:/n-matmul-128,296,296,,,16592.93,n-matmul-128,false,0f7eccb6ce30,,c-690eed96-0cf1abd9-e222a82ad173,1762586094954,Sync,16769.42,1762586094780,21.0.3.4,false,128,27.98,InvokeFunction,,,LATEST,1-690eedee-0c0a43-ea2217777247,OnDemand,,,173.51,
,B0234B70AFAFEAEF517C2172ED2CFEB6-17,1762586111,FCRequestMetrics:/n-matmul-128,285,285,,,15743.29,n-matmul-128,false,9bfb01ae65a2,,c-690eed96-0cf1abd9-df0c068d62fa,1762586095786,Sync,15745.31,1762586095785,21.0.3.20,false,128,33.35,InvokeFunction,,,LATEST,1-690eedef-0c49fa-ee31bdca6f88,OnDemand,,,0.97,
,3D18AA0F2F2BEC29E06D342ABCC8325D-15,1762586111,FCRequestMetrics:/n-matmul-128,290,290,,,21833.73,n-matmul-128,false,98fe8105b4b7,,c-690eed96-0cf1abd9-769da4154e8d,1762586090090,Sync,21835.17,1762586090090,21.0.3.8,false,128,22.26,InvokeFunction,,,LATEST,1-690eedea-0c0a43-84c176f78c58,OnDemand,,,0.49,
,C7D2A82C4522CA8A251B518A5412EBB2-17,1762586111,FCRequestMetrics:/n-matmul-128,284,284,,,15360.46,n-matmul-128,false,4b354849f527,,c-690eed96-0cf1abd9-72da89fa2b61,1762586095917,Sync,15367.53,1762586095916,21.0.3.21,false,128,29.51,InvokeFunction,,,LATEST,1-690eedef-0c49fa-4ea7f3775310,OnDemand,,,1.23,
,890DC515470C0D64B7BCB1DEAC8D6597-17,1762586111,FCRequestMetrics:/n-matmul-128,287,287,,,15147.61,n-matmul-128,false,ed39d36f7908,,c-690eed96-0cf1abd9-0e620186c5f3,1762586096131,Sync,15153.40,1762586096131,21.0.3.25,false,128,31.99,InvokeFunction,,,LATEST,1-690eedf0-0c0a43-5c4a939d10f8,OnDemand,,,0.52,
,3E533AA8FAF2B84350E8C259DEC8E798-18,1762586111,FCRequestMetrics:/n-matmul-128,296,296,,,14831.08,n-matmul-128,false,04c7bf8df02f,,c-690eed96-0cf1abd9-474755af5c04,1762586096492,Sync,14833.44,1762586096490,21.0.3.10,false,128,27.56,InvokeFunction,,,LATEST,1-690eedf0-0c49fa-36d77a5143ae,OnDemand,,,1.20,
,10CB9614FCA0A556028B38DC7845A739-15,1762586111,FCRequestMetrics:/n-matmul-128,298,298,,,21425.96,n-matmul-128,false,5a545ca9f709,,c-690eed96-0cf1abd9-95270fc2164f,1762586090545,Sync,21429.10,1762586090544,21.0.3.11,false,128,22.26,InvokeFunction,,,LATEST,1-690eedea-0c49fa-80059ea9ee92,OnDemand,,,1.35,
,FAAE9D66D514066559F6F43F02221FE3-15,1762586111,FCRequestMetrics:/n-matmul-128,298,298,,,20520.41,n-matmul-128,false,c90c3b43cf3a,,c-690eed96-0cf1abd9-dd88698fca86,1762586091137,Sync,21079.95,1762586090578,21.0.3.9,false,128,22.68,InvokeFunction,,,LATEST,1-690eedea-0c49fa-79fdb2b7f0e8,OnDemand,,,555.84,
,3433EFF5035DFC81D88241B3272689AA-17,1762586111,FCRequestMetrics:/n-matmul-128,297,297,,,14236.83,n-matmul-128,false,c140f4eda296,,c-690eed96-0cf1abd9-4c27d9d9f1af,1762586097285,Sync,14238.76,1762586097283,21.0.3.13,false,128,27.39,InvokeFunction,,,LATEST,1-690eedf1-0c49fa-367f9b7af417,OnDemand,,,0.90,
,58CCD2DE8E2B0B4D1F6EB957F7930236-1B,1762586111,FCRequestMetrics:/n-matmul-128,298,298,,,14610.45,n-matmul-128,false,6736357c0448,,c-690eed85-0cf1abd9-39066bb81db1,1762586096878,Sync,14615.22,1762586096877,21.0.3.23,false,128,29.48,InvokeFunction,,,LATEST,1-690eedf0-0c49fa-2da5a692fd78,OnDemand,,,0.90,
,E4146AB491CEBDE523F487E441201B73-15,1762586111,FCRequestMetrics:/n-matmul-128,297,297,,,20557.19,n-matmul-128,false,efdf38e6c6e7,,c-690eed96-0cf1abd9-523def426250,1762586090727,Sync,20713.67,1762586090571,21.0.3.11,false,128,22.03,InvokeFunction,,,LATEST,1-690eedea-0c0a43-d9e2c24b6700,OnDemand,,,155.47,
,849194F1147E7DC7497DCF82D54F9C08-1A,1762586111,FCRequestMetrics:/n-matmul-128,280,280,,,18725.93,n-matmul-128,false,f70324bffef3,,c-690eed84-0cf1abd9-74ad9309d09c,1762586092430,Sync,18728.38,1762586092429,21.0.3.9,false,128,29.48,InvokeFunction,,,LATEST,1-690eedec-0c49fa-d4424548c32d,OnDemand,,,1.34,
,8626C8650DFC2E84CC74995D61333E7E-11,1762586111,FCRequestMetrics:/n-matmul-128,289,289,,,0.06,n-matmul-128,true,8662218ebba1,,c-690eeda9-0cf1abd9-3476b9c52160,1762586106935,Sync,4490.97,1762586106934,21.0.3.15,false,128,4.19,InvokeFunction,,,LATEST,1-690eedfa-0c0a43-370147c9345b,OnDemand,,,0.66,,"{""errorType"":""FunctionAbnormalExitError""}"
,84A28E40EAE4F1B9B438DA8F49770703-11,1762586111,FCRequestMetrics:/n-matmul-128,290,290,,,0.04,n-matmul-128,true,e5434f6e0cce,,c-690eedaa-0cf1abd9-d51a3cdb5967,1762586106592,Sync,4695.34,1762586106591,21.0.3.23,false,128,2.22,InvokeFunction,,,LATEST,1-690eedfa-0c49fa-335e0799a9e2,OnDemand,,,1.32,,"{""errorType"":""FunctionAbnormalExitError""}"
,53490AF45D0CAE7E1F17D51FAE4D1EBC-1B,1762586111,FCRequestMetrics:/n-matmul-128,298,298,,,14616.09,n-matmul-128,false,7a0078b53609,,c-690eed85-0cf1abd9-fb724a08a16a,1762586096634,Sync,14618.18,1762586096633,21.0.3.20,false,128,27.27,InvokeFunction,,,LATEST,1-690eedf0-0c49fa-3dbe52f08330,OnDemand,,,1.12,
,ED8A5D906254A8A3D3B49041BA3A12A8-17,1762586111,FCRequestMetrics:/n-matmul-128,298,298,,,13851.11,n-matmul-128,false,c3153ac2927e,,c-690eed96-0cf1abd9-dd35abc0aac0,1762586097343,Sync,14008.71,1762586097186,21.0.3.16,false,128,27.57,InvokeFunction,,,LATEST,1-690eedf1-0c49fa-39dd24cb6771,OnDemand,,,156.39,
,DC9E0E12CD6EBAC6FF4F0136C46C5547-15,1762586111,FCRequestMetrics:/n-matmul-128,285,285,,,19757.05,n-matmul-128,false,7e6212d1a18e,,c-690eed96-0cf1abd9-cdf69a3e83a5,1762586091648,Sync,19761.98,1762586091645,21.0.3.13,false,128,22.30,InvokeFunction,,,LATEST,1-690eedeb-0c49fa-46d01c79e718,OnDemand,,,1.42,
,B70395F3A021A5FF8871D46915C2FCC0-15,1762586111,FCRequestMetrics:/n-matmul-128,280,280,,,19273.17,n-matmul-128,false,88b44a48a990,,c-690eed96-0cf1abd9-7684f52346d2,1762586092373,Sync,19283.55,1762586092371,21.0.3.14,false,128,23.80,InvokeFunction,,,LATEST,1-690eedec-0c49fa-86e84c42b533,OnDemand,,,1.35,
,B3D0E276D29FCA59C6A2FD9A6053BFF8-18,1762586111,FCRequestMetrics:/n-matmul-128,295,295,,,16984.73,n-matmul-128,false,8f00d7dabb61,,c-690eed96-0cf1abd9-f9cad621699b,1762586094330,Sync,16985.99,1762586094329,21.0.3.19,false,128,29.27,InvokeFunction,,,LATEST,1-690eedee-0c0a43-d810ba7ef077,OnDemand,,,0.48,
,5DAD0D54751340FDEB778E8C3D0BCA64-11,1762586111,FCRequestMetrics:/n-matmul-128,279,279,,,0.02,n-matmul-128,true,5f6b4c786b41,,c-690eedae-0cf1abd9-b63dfe7543ed,1762586109294,Sync,2532.46,1762586109292,21.0.3.8,false,128,57.78,InvokeFunction,,,LATEST,1-690eedfd-0c49fa-9176fdca4219,OnDemand,,,1.35,,"{""errorType"":""FunctionAbnormalExitError""}"
,06C1AECF0F54657A09035580DC6D0DB0-19,1762586111,FCRequestMetrics:/n-matmul-128,294,294,,,15348.94,n-matmul-128,false,d73180f2ad0e,,c-690eed8d-0cf1abd9-22bbe3b454d8,1762586096356,Sync,15351.16,1762586096354,21.0.3.22,false,128,27.38,InvokeFunction,,,LATEST,1-690eedf0-0c49fa-1ef4ef750926,OnDemand,,,1.14,
,CFF6118976523AD8F98948CDFB5A2CFF-1C,1762586111,FCRequestMetrics:/n-matmul-128,289,289,,,13727.63,n-matmul-128,false,0fc3660777ab,,c-690eed85-0cf1abd9-4b579c30d7a8,1762586097827,Sync,13730.25,1762586097827,21.0.3.19,false,128,27.53,InvokeFunction,,,LATEST,1-690eedf1-0c0a43-839db0f7189d,OnDemand,,,0.55,
,C15BF1EC55206DC503800DA01C82FD0A-10,1762586112,FCRequestMetrics:/n-matmul-128,295,295,,,17706.31,n-matmul-128,false,3dea345b3806,,c-690eedae-0cf1abd9-2315151cf3eb,1762586094298,Sync,17710.18,1762586094297,21.0.3.11,false,128,24.49,InvokeFunction,,,LATEST,1-690eedee-0c0a43-1d3b8c9215c7,OnDemand,,,0.58,
,B7D4D1DD2FC40780773A1A71845C5151-1A,1762586112,FCRequestMetrics:/n-matmul-128,297,297,,,18033.61,n-matmul-128,false,767418f36457,,c-690eed84-0cf1abd9-5d4c970df804,1762586094447,Sync,18037.37,1762586094445,21.0.3.13,false,128,27.46,InvokeFunction,,,LATEST,1-690eedee-0c49fa-07ca3fb8f09a,OnDemand,,,0.96,
,0B2964543FFD9BF880FB835C7969E92C-10,1762586112,FCRequestMetrics:/n-matmul-128,297,297,,,18518.47,n-matmul-128,false,def6cb030cc0,,c-690eedad-0cf1abd9-ea42a99c6fe6,1762586093590,Sync,18544.49,1762586093583,21.0.3.13,false,128,27.09,InvokeFunction,,,LATEST,1-690eeded-0c0a43-e6e7e7095fef,OnDemand,,,0.48,
,0BC7559A97094DA3F46167601878453D-10,1762586112,FCRequestMetrics:/n-matmul-128,299,299,,,20979.80,n-matmul-128,false,75f4143da4af,,c-690eeda8-0cf1abd9-4970429639af,1762586091144,Sync,20982.35,1762586091143,21.0.3.19,false,128,32.50,InvokeFunction,,,LATEST,1-690eedeb-0c49fa-78ce2d75f81f,OnDemand,,,1.01,
,05FBCBF7797DF123D15EB0A6FCA5941A-11,1762586112,FCRequestMetrics:/n-matmul-128,285,285,,,19780.14,n-matmul-128,false,2c2a67e70617,,c-690eeda8-0cf1abd9-2e88da04d74b,1762586092515,Sync,19782.00,1762586092514,21.0.3.17,false,128,32.39,InvokeFunction,,,LATEST,1-690eedec-0c0a43-d69e70a541f0,OnDemand,,,0.49,
,E73296BB4FF98C51BFC0649F2F271CC3-10,1762586112,FCRequestMetrics:/n-matmul-128,292,292,,,19709.47,n-matmul-128,false,59d36ceba10f,,c-690eeda8-0cf1abd9-e68ef267c2b5,1762586092543,Sync,19715.56,1762586092542,21.0.3.15,false,128,22.16,InvokeFunction,,,LATEST,1-690eedec-0c0a43-e358506a4abb,OnDemand,,,0.42,
,54FD7E1C16E33CD5A572B96CB27C6F6C-19,1762586112,FCRequestMetrics:/n-matmul-128,286,286,,,16043.22,n-matmul-128,false,e563746bf006,,c-690eed96-0cf1abd9-aba818b27a54,1762586096150,Sync,16044.64,1762586096149,21.0.3.25,false,128,27.76,InvokeFunction,,,LATEST,1-690eedf0-0c0a43-35df82fac8eb,OnDemand,,,0.55,
,64F0BBA7C58980066176C33658FB272D-15,1762586112,FCRequestMetrics:/n-matmul-128,285,285,,,20047.57,n-matmul-128,false,8f8cb0ae0fff,,c-690eed96-0cf1abd9-556eeff7996f,1762586092517,Sync,20052.82,1762586092516,21.0.3.12,false,128,24.06,InvokeFunction,,,LATEST,1-690eedec-0c49fa-e1a337ab3c28,OnDemand,,,0.86,
,04F995287DA1DFFB1087C26FDCCA558E-18,1762586112,FCRequestMetrics:/n-matmul-128,285,285,,,14809.78,n-matmul-128,false,ae45e8272254,,c-690eed96-0cf1abd9-4f0e71ad03f2,1762586098040,Sync,14812.37,1762586098038,21.0.3.14,false,128,27.62,InvokeFunction,,,LATEST,1-690eedf2-0c49fa-453f27aa7cf2,OnDemand,,,1.25,
,71B50CCCFCB17E1646B11A2BE0A08D93-14,1762586112,FCRequestMetrics:/n-matmul-128,282,282,,,19919.90,n-matmul-128,false,58ac22b3424d,,c-690eed96-0cf1abd9-7899d50458f3,1762586092199,Sync,19921.69,1762586092198,21.0.3.13,false,128,22.16,InvokeFunction,,,LATEST,1-690eedec-0c0a43-0ab8c13873d1,OnDemand,,,0.53,
,BC7D406DCB03E5F0740A7972675CF2F0-19,1762586112,FCRequestMetrics:/n-matmul-128,297,297,,,19084.14,n-matmul-128,false,fec3919de42b,,c-690eed86-0cf1abd9-a3cf507306a7,1762586093173,Sync,19086.95,1762586093171,21.0.3.10,false,128,27.88,InvokeFunction,,,LATEST,1-690eeded-0c49fa-3d0914ecaec2,OnDemand,,,1.44,
,B4A81EAA9A610DB6D6C5F8ED3BF0C5D3-15,1762586112,FCRequestMetrics:/n-matmul-128,280,280,,,19924.59,n-matmul-128,false,5618ff7e0c38,,c-690eed96-0cf1abd9-fe06c54f6777,1762586092423,Sync,19927.66,1762586092422,21.0.3.14,false,128,22.12,InvokeFunction,,,LATEST,1-690eedec-0c0a43-4ebc861bdc0f,OnDemand,,,0.50,
,9A69A015E836A893BB9F5FED7403265F-15,1762586112,FCRequestMetrics:/n-matmul-128,281,281,,,19962.14,n-matmul-128,false,8be9fbcef600,,c-690eed96-0cf1abd9-94394623246b,1762586092078,Sync,19968.21,1762586092076,21.0.3.12,false,128,21.90,InvokeFunction,,,LATEST,1-690eedec-0c49fa-affb2863fbd3,OnDemand,,,1.40,
,2255CA33B5278BAE9F851AD47714358B-19,1762586112,FCRequestMetrics:/n-matmul-128,286,286,,,14780.84,n-matmul-128,false,54cc386b80a2,,c-690eed96-0cf1abd9-3739867da5d5,1762586097881,Sync,14787.45,1762586097878,21.0.3.23,false,128,22.60,InvokeFunction,,,LATEST,1-690eedf1-0c49fa-4d4947dd47ad,OnDemand,,,1.35,
,F4B8340AC50EC3E566ADB0C15725D8CD-12,1762586112,FCRequestMetrics:/n-matmul-128,285,285,,,0.03,n-matmul-128,true,d01135b2ff24,,c-690eeda5-0cf1abd9-865fb5ea7d12,1762586107140,Sync,5151.60,1762586107139,21.0.3.23,false,128,2.12,InvokeFunction,,,LATEST,1-690eedfb-0c49fa-e003534b742d,OnDemand,,,1.41,,"{""errorType"":""FunctionAbnormalExitError""}"
,7EE08DA56FC077A8FBD356D2C6053F3C-18,1762586112,FCRequestMetrics:/n-matmul-128,296,296,,,18567.37,n-matmul-128,false,88bd901e69d9,,c-690eed86-0cf1abd9-2ed67a1a0815,1762586094352,Sync,18572.99,1762586094351,21.0.3.11,false,128,27.40,InvokeFunction,,,LATEST,1-690eedee-0c0a43-65c7fd1726b8,OnDemand,,,0.54,
,1E5A568CAB040985CEDDB2A885818A73-1B,1762586112,FCRequestMetrics:/n-matmul-128,285,285,,,14406.00,n-matmul-128,false,9b8c773cba2a,,c-690eed85-0cf1abd9-1ba29434816d,1762586098127,Sync,14409.40,1762586098126,21.0.3.24,false,128,27.39,InvokeFunction,,,LATEST,1-690eedf2-0c0a43-054f2f5dd166,OnDemand,,,0.62,
,6A8383338392512084A14C3EC7DB7CCC-19,1762586112,FCRequestMetrics:/n-matmul-128,297,297,,,18915.67,n-matmul-128,false,d95f8edd3264,,c-690eed8d-0cf1abd9-54a1d269f410,1762586093147,Sync,19108.26,1762586092958,21.0.3.15,false,128,28.06,InvokeFunction,,,LATEST,1-690eedec-0c0a43-4c8b4ee75db2,OnDemand,,,188.70,
,8E8ED45746BF551481A42C9EC0C0938D-12,1762586112,FCRequestMetrics:/n-matmul-128,285,285,,,0.03,n-matmul-128,true,4e78e1f0ba00,,c-690eeda5-0cf1abd9-1766bd825c2f,1762586107144,Sync,5689.54,1762586107144,21.0.3.21,false,128,2.15,InvokeFunction,,,LATEST,1-690eedfb-0c0a43-03d88336e262,OnDemand,,,0.51,,"{""errorType"":""FunctionAbnormalExitError""}"
,5665E0DE844D89BD77D4631CFD4DC931-13,1762586112,FCRequestMetrics:/n-matmul-128,287,287,,,0.04,n-matmul-128,true,b490ef07d553,,c-690eeda5-0cf1abd9-69bf81304958,1762586107356,Sync,5223.58,1762586107354,21.0.3.16,false,128,2.21,InvokeFunction,,,LATEST,1-690eedfb-0c49fa-a56c88b1214c,OnDemand,,,1.46,,"{""errorType"":""FunctionAbnormalExitError""}"
,CFAD3EAED3DA9F0681474476AA4BD35D-12,1762586112,FCRequestMetrics:/n-matmul-128,289,289,,,0.07,n-matmul-128,true,d7b80d666e2b,,c-690eedaa-0cf1abd9-4d582ed6e2e0,1762586106642,Sync,6013.15,1762586106641,21.0.3.27,false,128,4.22,InvokeFunction,,,LATEST,1-690eedfa-0c49fa-8f1d08bf2283,OnDemand,,,0.87,,"{""errorType"":""FunctionAbnormalExitError""}"
,8F3A423823DC52F503BC724CE6C60804-11,1762586112,FCRequestMetrics:/n-matmul-128,285,285,,,0.03,n-matmul-128,true,f5890c8c5a5b,,c-690eeda5-0cf1abd9-697fc0458885,1762586108133,Sync,4282.30,1762586108131,21.0.3.25,false,128,2.11,InvokeFunction,,,LATEST,1-690eedfc-0c49fa-350a2d5b10a6,OnDemand,,,1.53,,"{""errorType"":""FunctionAbnormalExitError""}"
,66F11D02496EEE1D7BA3A4E6AB8BA6A5-12,1762586112,FCRequestMetrics:/n-matmul-128,286,286,,,0.04,n-matmul-128,true,bd9b5f0f3fc4,,c-690eeda9-0cf1abd9-f9f10a04e676,1762586107569,Sync,5234.36,1762586107568,21.0.3.21,false,128,4.23,InvokeFunction,,,LATEST,1-690eedfb-0c0a43-825e96cc4f42,OnDemand,,,0.57,,"{""errorType"":""FunctionAbnormalExitError""}"
,E98F2BCF2DED1F74ED59CCC9A89D0D4B-1B,1762586112,FCRequestMetrics:/n-matmul-128,297,297,,,12935.73,n-matmul-128,false,8faa2a99de85,,c-690eed86-0cf1abd9-d8df9633eb55,1762586099649,Sync,12939.20,1762586099647,21.0.3.21,false,128,27.49,InvokeFunction,,,LATEST,1-690eedf3-0c49fa-b042d7b0157a,OnDemand,,,1.41,
,CEE887FB037E821185889FBE8CB6AF77-13,1762586112,FCRequestMetrics:/n-matmul-128,288,288,,,0.04,n-matmul-128,true,5d96d0e6f353,,c-690eeda9-0cf1abd9-eb584dd06982,1762586107312,Sync,5470.28,1762586107310,21.0.3.18,false,128,2.18,InvokeFunction,,,LATEST,1-690eedfb-0c49fa-d5cc2c334bfa,OnDemand,,,1.25,,"{""errorType"":""FunctionAbnormalExitError""}"
,2E495B2CAC791BF5DF5ED6AA835AFB7D-19,1762586112,FCRequestMetrics:/n-matmul-128,286,286,,,15029.92,n-matmul-128,false,a1e594fd58b9,,c-690eed96-0cf1abd9-438cb8917382,1762586097856,Sync,15035.86,1762586097855,21.0.3.3,false,128,22.29,InvokeFunction,,,LATEST,1-690eedf1-0c0a43-534c6fa48894,OnDemand,,,0.51,
,2D78B9AAD7920726510731B3A33EE102-13,1762586112,FCRequestMetrics:/n-matmul-128,285,285,,,0.04,n-matmul-128,true,09d6302afcc0,,c-690eeda5-0cf1abd9-72fae0c6b355,1762586108222,Sync,4617.72,1762586108221,21.0.3.18,false,128,4.23,InvokeFunction,,,LATEST,1-690eedfc-0c49fa-79de493619c6,OnDemand,,,0.88,,"{""errorType"":""FunctionAbnormalExitError""}"
,854208CFC0E05FFDDD72E5ADF6DFFFF4-1B,1762586112,FCRequestMetrics:/n-matmul-128,298,298,,,13090.15,n-matmul-128,false,6fbf459d1081,,c-690eed85-0cf1abd9-ab34e7bc676a,1762586099479,Sync,13092.46,1762586099478,21.0.3.22,false,128,27.36,InvokeFunction,,,LATEST,1-690eedf3-0c49fa-8c3ea43bf40d,OnDemand,,,0.88,
,4E5B7CA35C1B228A64EA99D604E227AD-12,1762586112,FCRequestMetrics:/n-matmul-128,285,285,,,0.04,n-matmul-128,true,a89245db7d99,,c-690eeda9-0cf1abd9-cae77ec22e72,1762586107156,Sync,5786.28,1762586107155,21.0.3.20,false,128,2.34,InvokeFunction,,,LATEST,1-690eedfb-0c0a43-c9eff35fd008,OnDemand,,,0.50,,"{""errorType"":""FunctionAbnormalExitError""}"
,54A8EF52FEEB808422ACE2DD57D8BC40-1C,1762586112,FCRequestMetrics:/n-matmul-128,299,299,,,13181.85,n-matmul-128,false,8ea75ea0c289,,c-690eed85-0cf1abd9-e9c69a3d7dd0,1762586099286,Sync,13188.62,1762586099281,21.0.3.18,false,128,29.56,InvokeFunction,,,LATEST,1-690eedf3-0c49fa-1dfac1001fa5,OnDemand,,,1.34,
,545DE9BD42C98B996C6808C99D114C47-13,1762586112,FCRequestMetrics:/n-matmul-128,285,285,,,0.06,n-matmul-128,true,0a0aaa3564b0,,c-690eeda5-0cf1abd9-c9445681ee20,1762586108282,Sync,4550.65,1762586108281,21.0.3.22,false,128,2.25,InvokeFunction,,,LATEST,1-690eedfc-0c0a43-64efccebc9b4,OnDemand,,,0.51,,"{""errorType"":""FunctionAbnormalExitError""}"
,FBD8C56E27722E3A762AD34A166289FF-17,1762586112,FCRequestMetrics:/n-matmul-128,299,299,,,17277.45,n-matmul-128,false,b0aff5fb1ab1,,c-690eed96-0cf1abd9-13352bc917ad,1762586095047,Sync,17279.12,1762586095046,21.0.3.2,false,128,29.65,InvokeFunction,,,LATEST,1-690eedef-0c0a43-cade1906bac9,OnDemand,,,0.53,
,C850E9452F734C9D301E12F034A57295-17,1762586112,FCRequestMetrics:/n-matmul-128,299,299,,,13633.02,n-matmul-128,false,81a96430e100,,c-690eed96-0cf1abd9-87344dd52402,1762586099043,Sync,13638.22,1762586099042,21.0.3.23,false,128,27.79,InvokeFunction,,,LATEST,1-690eedf3-0c0a43-5bd608610944,OnDemand,,,0.64,
,80B2B247C9D9AF2A95FDD34F1640050C-19,1762586112,FCRequestMetrics:/n-matmul-128,296,296,,,17582.86,n-matmul-128,false,ce4127663c28,,c-690eed84-0cf1abd9-d4909224eec1,1762586094942,Sync,17585.54,1762586094940,21.0.3.11,false,128,22.59,InvokeFunction,,,LATEST,1-690eedee-0c49fa-a425c1da23f3,OnDemand,,,1.19,
,E3C9ED0B2534F08C4630863A71EE6115-18,1762586112,FCRequestMetrics:/n-matmul-128,290,290,,,16134.53,n-matmul-128,false,87674caf583b,,c-690eed96-0cf1abd9-ae05907d43ad,1762586096314,Sync,16136.66,1762586096313,21.0.3.12,false,128,27.16,InvokeFunction,,,LATEST,1-690eedf0-0c49fa-f21a015c6199,OnDemand,,,1.18,
,138C4DD02091A1A0F89BE9AFE1D56E0D-17,1762586112,FCRequestMetrics:/n-matmul-128,285,285,,,13987.60,n-matmul-128,false,e91af773f85a,,c-690eed96-0cf1abd9-3b29dfca5136,1762586098621,Sync,13989.51,1762586098620,21.0.3.18,false,128,28.04,InvokeFunction,,,LATEST,1-690eedf2-0c0a43-9dc639259042,OnDemand,,,0.61,
,601984C4C767B3AE29155A0CBC717A02-19,1762586113,FCRequestMetrics:/n-matmul-128,297,297,,,18494.40,n-matmul-128,false,18fcdff65652,,c-690eed84-0cf1abd9-c1ce786e1019,1762586094512,Sync,18503.04,1762586094511,21.0.3.14,false,128,27.45,InvokeFunction,,,LATEST,1-690eedee-0c0a43-d4ca4c83b16d,OnDemand,,,0.51,
,1F631BBE3B0C3CBE62088E329F244AE4-10,1762586113,FCRequestMetrics:/n-matmul-128,296,296,,,18572.44,n-matmul-128,false,91167f95b002,,c-690eedae-0cf1abd9-978911f45f89,1762586095030,Sync,18746.51,1762586094886,21.0.3.10,false,128,26.31,InvokeFunction,,,LATEST,1-690eedee-0c0a43-9902d32d2618,OnDemand,,,143.60,
,D2BCA0C8052D39835F68F2A25705BDC3-F,1762586113,FCRequestMetrics:/n-matmul-128,297,297,,,19009.86,n-matmul-128,false,6b0c8a7b5b7d,,c-690eedad-0cf1abd9-43af290c944d,1762586094453,Sync,19011.23,1762586094452,21.0.3.15,false,128,34.24,InvokeFunction,,,LATEST,1-690eedee-0c0a43-90dc96e96889,OnDemand,,,0.53,
,254CBF9330441C1ACFCB0F4AE9CBF4F1-10,1762586113,FCRequestMetrics:/n-matmul-128,296,296,,,19586.79,n-matmul-128,false,ab3447f5d4b9,,c-690eedad-0cf1abd9-bee0383146f8,1762586093983,Sync,19591.98,1762586093982,21.0.3.9,false,128,36.68,InvokeFunction,,,LATEST,1-690eeded-0c49fa-42842e467b60,OnDemand,,,1.35,
,29AE8E513B0BDFCBBE8182ECB0CB489D-10,1762586113,FCRequestMetrics:/n-matmul-128,285,285,,,17782.59,n-matmul-128,false,8aa0e1273cfd,,c-690eedae-0cf1abd9-d84c6a5e8f7f,1762586095941,Sync,17784.60,1762586095940,21.0.3.12,false,128,21.64,InvokeFunction,,,LATEST,1-690eedef-0c49fa-b4ed882d3c8a,OnDemand,,,0.87,
,AD2D061C819899739344C7154478FB9D-18,1762586113,FCRequestMetrics:/n-matmul-128,287,287,,,17379.12,n-matmul-128,false,3e0e6ec3c35c,,c-690eed89-0cf1abd9-2892cad8d6af,1762586096113,Sync,17381.96,1762586096112,21.0.3.18,false,128,22.76,InvokeFunction,,,LATEST,1-690eedf0-0c0a43-1c34b5c3eee8,OnDemand,,,0.61,
,02505EBA98BB6AB8D9121B3F590D5A1C-16,1762586113,FCRequestMetrics:/n-matmul-128,288,288,,,15102.18,n-matmul-128,false,dc1a18d01eb5,,c-690eed96-0cf1abd9-15ddf20aa5f4,1762586098693,Sync,15108.10,1762586098691,21.0.3.21,false,128,29.69,InvokeFunction,,,LATEST,1-690eedf2-0c49fa-b93a734e6f89,OnDemand,,,1.33,
,5CA892A8CA0A24989C4731381529FB34-17,1762586113,FCRequestMetrics:/n-matmul-128,293,293,,,14527.29,n-matmul-128,false,2e11fae8268d,,c-690eed96-0cf1abd9-77c3d2a5e2ce,1762586098743,Sync,14529.81,1762586098742,21.0.3.20,false,128,27.70,InvokeFunction,,,LATEST,1-690eedf2-0c0a43-cb4c53aa6a5b,OnDemand,,,0.57,
,B09D02D2736E63D8D189EBC1852D5FE0-19,1762586113,FCRequestMetrics:/n-matmul-128,299,299,,,18781.66,n-matmul-128,false,d93ff50fc499,,c-690eed86-0cf1abd9-16756c022540,1762586094555,Sync,18783.56,1762586094554,21.0.3.13,false,128,27.25,InvokeFunction,,,LATEST,1-690eedee-0c49fa-fb20edf9d905,OnDemand,,,0.77,
,79733AC446DF412BC6F18C2B63B5677F-18,1762586113,FCRequestMetrics:/n-matmul-128,288,288,,,14293.72,n-matmul-128,false,b193e3418700,,c-690eed96-0cf1abd9-647659e129ba,1762586098720,Sync,14295.73,1762586098719,21.0.3.15,false,128,27.94,InvokeFunction,,,LATEST,1-690eedf2-0c49fa-615a2e6b0132,OnDemand,,,0.93,
,FA92B5D7385E5B2D4245077868CB9726-17,1762586113,FCRequestMetrics:/n-matmul-128,293,293,,,14556.66,n-matmul-128,false,30720f53fe9b,,c-690eed96-0cf1abd9-67b09a4d191e,1762586098822,Sync,14560.20,1762586098820,21.0.3.22,false,128,27.87,InvokeFunction,,,LATEST,1-690eedf2-0c49fa-464ac117beb4,OnDemand,,,1.14,
,3FA5063DFE5456024B083E53482C60F0-18,1762586113,FCRequestMetrics:/n-matmul-128,288,288,,,14776.70,n-matmul-128,false,3222ec60138b,,c-690eed96-0cf1abd9-dee09d3a553a,1762586098702,Sync,14779.13,1762586098701,21.0.3.22,false,128,27.60,InvokeFunction,,,LATEST,1-690eedf2-0c0a43-e7dc1120d1f7,OnDemand,,,0.50,
,A912C88EFEEFC4B218F7735CF74E673B-12,1762586113,FCRequestMetrics:/n-matmul-128,278,278,,,0.04,n-matmul-128,true,c124df2e904b,,c-690eeda8-0cf1abd9-66b5ac8b3f4b,1762586108807,Sync,4356.74,1762586108806,21.0.3.16,false,128,2.18,InvokeFunction,,,LATEST,1-690eedfc-0c49fa-bc19f5c3a920,OnDemand,,,1.14,,"{""errorType"":""FunctionAbnormalExitError""}"
,B6D50533180C70B5E0BB5DFAA393368E-12,1762586113,FCRequestMetrics:/n-matmul-128,275,275,,,0.04,n-matmul-128,true,61f29b5aaa2a,,c-690eedae-0cf1abd9-d16ca912f1de,1762586110726,Sync,2514.43,1762586110725,21.0.3.9,false,128,2.77,InvokeFunction,,,LATEST,1-690eedfe-0c49fa-11044c904f02,OnDemand,,,1.05,,"{""errorType"":""FunctionAbnormalExitError""}"
,83A82314888ED1CF5E7B61964546AF33-12,1762586113,FCRequestMetrics:/n-matmul-128,275,275,,,0.04,n-matmul-128,true,462f44a2c82a,,c-690eedad-0cf1abd9-7f3a36248a21,1762586110658,Sync,3069.47,1762586110656,21.0.3.10,false,128,2.40,InvokeFunction,,,LATEST,1-690eedfe-0c49fa-4000ac757877,OnDemand,,,1.43,,"{""errorType"":""FunctionAbnormalExitError""}"
,2E3A4B31C228B399B3B7DC20B5D681E8-12,1762586113,FCRequestMetrics:/n-matmul-128,278,278,,,0.02,n-matmul-128,true,94116257bc76,,c-690eeda8-0cf1abd9-6efacfe9f712,1762586108807,Sync,4534.05,1762586108806,21.0.3.21,false,128,2.09,InvokeFunction,,,LATEST,1-690eedfc-0c0a43-770165298fcc,OnDemand,,,0.57,,"{""errorType"":""FunctionAbnormalExitError""}"
,5A08AF7236E275AD0FB46D2B28AE710C-12,1762586113,FCRequestMetrics:/n-matmul-128,276,276,,,0.06,n-matmul-128,true,2bfde648585e,,c-690eeda9-0cf1abd9-ebb8d38ed0cd,1762586109348,Sync,3931.62,1762586109347,21.0.3.24,false,128,2.23,InvokeFunction,,,LATEST,1-690eedfd-0c49fa-3673caf0272c,OnDemand,,,1.19,,"{""errorType"":""FunctionAbnormalExitError""}"
,22F3F140A6723208B9E7ACF1561A6D49-12,1762586113,FCRequestMetrics:/n-matmul-128,274,274,,,0.04,n-matmul-128,true,1bb1546b9f73,,c-690eedaa-0cf1abd9-9d39cd93389c,1762586109847,Sync,3511.59,1762586109845,21.0.3.25,false,128,2.27,InvokeFunction,,,LATEST,1-690eedfd-0c49fa-f996ef264d94,OnDemand,,,1.42,,"{""errorType"":""FunctionAbnormalExitError""}"
,EBC26A7000C29ACFC3147F56410DAFC8-15,1762586113,FCRequestMetrics:/n-matmul-128,298,298,,,19695.22,n-matmul-128,false,ec97bbe6dd57,,c-690eed96-0cf1abd9-da0cdb0222d5,1762586093339,Sync,19697.12,1762586093338,21.0.3.15,false,128,22.25,InvokeFunction,,,LATEST,1-690eeded-0c0a43-1b06caf8bf41,OnDemand,,,0.54,
,534BB234720EAF245D060C96880CE6E1-12,1762586113,FCRequestMetrics:/n-matmul-128,279,279,,,0.04,n-matmul-128,true,b9d5a90e849c,,c-690eeda8-0cf1abd9-489697ff9fe3,1762586109267,Sync,4391.58,1762586109266,21.0.3.22,false,128,2.11,InvokeFunction,,,LATEST,1-690eedfd-0c0a43-2e28fda7c38a,OnDemand,,,0.55,,"{""errorType"":""FunctionAbnormalExitError""}"
,B292BE044A2671902A084AE5890DA3F1-17,1762586113,FCRequestMetrics:/n-matmul-128,299,299,,,14209.39,n-matmul-128,false,e59368e395e4,,c-690eed96-0cf1abd9-d4bd420ec297,1762586099187,Sync,14210.90,1762586099186,21.0.3.24,false,128,33.96,InvokeFunction,,,LATEST,1-690eedf3-0c0a43-6be7cd3cfb7e,OnDemand,,,0.61,
,781F1588896B086D7B9525CF26E327EB-12,1762586113,FCRequestMetrics:/n-matmul-128,275,275,,,0.04,n-matmul-128,true,4caf80074898,,c-690eeda5-0cf1abd9-14bb1cc6f364,1762586110699,Sync,2743.59,1762586110698,21.0.3.24,false,128,6.22,InvokeFunction,,,LATEST,1-690eedfe-0c49fa-95295cd6155f,OnDemand,,,0.85,,"{""errorType"":""FunctionAbnormalExitError""}"
,938A8818D88FA899F8D8F52ADA1CFF6C-11,1762586113,FCRequestMetrics:/n-matmul-128,274,274,,,0.04,n-matmul-128,true,7f4516a5f859,,c-690eeda9-0cf1abd9-4c7481869c13,1762586109858,Sync,4068.32,1762586109858,21.0.3.24,false,128,2.28,InvokeFunction,,,LATEST,1-690eedfd-0c0a43-c3a9061514a9,OnDemand,,,0.53,,"{""errorType"":""FunctionAbnormalExitError""}"
,3B9C179DFD02BB282B27F2619A4251CD-12,1762586113,FCRequestMetrics:/n-matmul-128,275,275,,,0.04,n-matmul-128,true,6eb553e5eaff,,c-690eedaa-0cf1abd9-7c5cd4bbc1a0,1762586110699,Sync,2750.78,1762586110697,21.0.3.26,false,128,2.41,InvokeFunction,,,LATEST,1-690eedfe-0c0a43-b0cfc73ea55d,OnDemand,,,0.52,,"{""errorType"":""FunctionAbnormalExitError""}"
,946B81964C060862F0648B190BC052AB-19,1762586114,FCRequestMetrics:/n-matmul-128,285,285,,,18623.95,n-matmul-128,false,34c40a6c9520,,c-690eed89-0cf1abd9-1687528dc8c2,1762586096012,Sync,18625.51,1762586096011,21.0.3.16,false,128,31.72,InvokeFunction,,,LATEST,1-690eedf0-0c0a43-e76b36ed5955,OnDemand,,,0.66,
,074001829727EFB7F7387CED9C5F68EC-10,1762586114,FCRequestMetrics:/n-matmul-128,296,296,,,19392.34,n-matmul-128,false,ee3e5731d648,,c-690eedad-0cf1abd9-2b773a14cfca,1762586094943,Sync,19393.95,1762586094942,21.0.3.11,false,128,21.75,InvokeFunction,,,LATEST,1-690eedee-0c0a43-de739e1ecf4f,OnDemand,,,0.54,
,342C1F773CD379DB41F0F3ADE9815760-17,1762586114,FCRequestMetrics:/n-matmul-128,293,293,,,15394.98,n-matmul-128,false,54f5fbffcf0b,,c-690eed96-0cf1abd9-280bb0eca0e1,1762586098758,Sync,15396.33,1762586098757,21.0.3.19,false,128,27.72,InvokeFunction,,,LATEST,1-690eedf2-0c0a43-0c4b244ac3eb,OnDemand,,,0.44,
,03AEEB1D9B7AD58C878D528779156747-10,1762586114,FCRequestMetrics:/n-matmul-128,294,294,,,18442.39,n-matmul-128,false,0df18e8c62e5,,c-690eedae-0cf1abd9-3b0257a32ea2,1762586096357,Sync,18443.82,1762586096356,21.0.3.13,false,128,27.03,InvokeFunction,,,LATEST,1-690eedf0-0c0a43-12ac65811954,OnDemand,,,0.52,
,8BF05F1C242706C79550D7B32CA90C86-17,1762586114,FCRequestMetrics:/n-matmul-128,281,281,,,16361.27,n-matmul-128,false,54332440cef2,,c-690eed96-0cf1abd9-e216e2341a60,1762586098382,Sync,16363.70,1762586098380,21.0.3.24,false,128,27.70,InvokeFunction,,,LATEST,1-690eedf2-0c49fa-9c0f0e9dacf2,OnDemand,,,1.44,
,63DE596157EC5C3204595F887449B280-19,1762586114,FCRequestMetrics:/n-matmul-128,288,288,,,15686.13,n-matmul-128,false,1ee48239c919,,c-690eed96-0cf1abd9-7fba4a37caaa,1762586098703,Sync,15688.16,1762586098702,21.0.3.8,false,128,20.57,InvokeFunction,,,LATEST,1-690eedf2-0c0a43-f92207f7200f,OnDemand,,,0.47,
,582B2FD610CE36EC9001D437122DA7DE-19,1762586114,FCRequestMetrics:/n-matmul-128,298,298,,,18096.34,n-matmul-128,false,6d8c2f880a16,,c-690eed84-0cf1abd9-51ea92789350,1762586096849,Sync,18112.00,1762586096847,21.0.3.17,false,128,29.50,InvokeFunction,,,LATEST,1-690eedf0-0c49fa-2eca93d3f0b0,OnDemand,,,1.38,
,BBE4F3A04F21A9AAC989204381637DB0-13,1762586114,FCRequestMetrics:/n-matmul-128,291,291,,,0.04,n-matmul-128,true,344f71de17a7,,c-690eedad-0cf1abd9-b220a1ec872a,1762586111200,Sync,3109.57,1762586111198,21.0.3.8,false,128,48.64,InvokeFunction,,,LATEST,1-690eedff-0c49fa-6f6b800ce711,OnDemand,,,1.26,,"{""errorType"":""FunctionAbnormalExitError""}"
,5C14CF48C5C22527111DB496942DC103-19,1762586114,FCRequestMetrics:/n-matmul-128,286,286,,,18209.42,n-matmul-128,false,07dabc2bb605,,c-690eed84-0cf1abd9-5a2627b82825,1762586096159,Sync,18217.13,1762586096157,21.0.3.12,false,128,27.37,InvokeFunction,,,LATEST,1-690eedf0-0c0a43-17a4e3f48352,OnDemand,,,0.54,
,C15BF1EC55206DC503800DA01C82FD0A-12,1762586114,FCRequestMetrics:/n-matmul-128,292,292,,,0.03,n-matmul-128,true,3dea345b3806,,c-690eedae-0cf1abd9-2315151cf3eb,1762586112016,Sync,2599.05,1762586112015,21.0.3.11,false,128,4.20,InvokeFunction,,,LATEST,1-690eee00-0c49fa-479caa315157,OnDemand,,,1.12,,"{""errorType"":""FunctionAbnormalExitError""}"
,945898D0AF47D153C60C831EFEA93697-15,1762586114,FCRequestMetrics:/n-matmul-128,285,285,,,18796.33,n-matmul-128,false,175f45e7fcbd,,c-690eed96-0cf1abd9-9f8f06b7bb4c,1762586096016,Sync,18798.83,1762586096015,21.0.3.17,false,128,22.39,InvokeFunction,,,LATEST,1-690eedf0-0c49fa-5b473d32eaf2,OnDemand,,,1.14,
,4AAB0B06936D72C3AF0ED63C41634FCE-19,1762586115,FCRequestMetrics:/n-matmul-128,298,298,,,18279.47,n-matmul-128,false,d7d879e92610,,c-690eed89-0cf1abd9-cbae37f356f4,1762586096720,Sync,18281.48,1762586096719,21.0.3.15,false,128,27.61,InvokeFunction,,,LATEST,1-690eedf0-0c0a43-bf229962a9b9,OnDemand,,,0.57,
,69A54F516AD5DA2E071B4EDE812B37FB-10,1762586115,FCRequestMetrics:/n-matmul-128,285,285,,,19286.54,n-matmul-128,false,483d6d5a401b,,c-690eedae-0cf1abd9-23e27f7352eb,1762586095774,Sync,19291.24,1762586095772,21.0.3.16,false,128,32.10,InvokeFunction,,,LATEST,1-690eedef-0c49fa-bf6c7da7e38c,OnDemand,,,1.42,
,DFB2C1B044EC33FF240D44307D6249FE-19,1762586115,FCRequestMetrics:/n-matmul-128,298,298,,,18259.12,n-matmul-128,false,ecb9a7fba850,,c-690eed89-0cf1abd9-8077c2c72a30,1762586097348,Sync,18261.62,1762586097347,21.0.3.19,false,128,27.48,InvokeFunction,,,LATEST,1-690eedf1-0c49fa-7e050ec40d76,OnDemand,,,1.11,
,766129AB7B6D0B09055969F465FC8A08-10,1762586115,FCRequestMetrics:/n-matmul-128,299,299,,,18693.09,n-matmul-128,false,df4dc26dbca2,,c-690eedad-0cf1abd9-3e9ecfe8951a,1762586096631,Sync,18694.82,1762586096630,21.0.3.16,false,128,22.15,InvokeFunction,,,LATEST,1-690eedf0-0c0a43-09e1efae0747,OnDemand,,,0.53,
,E5B69284F91EC2DF605FC852F4441DE1-16,1762586115,FCRequestMetrics:/n-matmul-128,297,297,,,18584.66,n-matmul-128,false,a79ff7c252e4,,c-690eed96-0cf1abd9-ce2a7ce29ce5,1762586097283,Sync,18587.87,1762586097282,21.0.3.16,false,128,22.43,InvokeFunction,,,LATEST,1-690eedf1-0c49fa-96810f09d4c4,OnDemand,,,0.93,
,ECE2A195B7556DEA0917BC84976EED68-1B,1762586115,FCRequestMetrics:/n-matmul-128,294,294,,,14679.54,n-matmul-128,false,f7238f4600dd,,c-690eed85-0cf1abd9-5f1a2196a420,1762586101002,Sync,14681.23,1762586101001,21.0.3.25,false,128,27.43,InvokeFunction,,,LATEST,1-690eedf4-0c0a43-571f28f807ba,OnDemand,,,0.66,
,D475316053B4F3156CAFE637F1C8214E-10,1762586115,FCRequestMetrics:/n-matmul-128,298,298,,,18593.31,n-matmul-128,false,3440940bffc2,,c-690eedae-0cf1abd9-af64b33d51aa,1762586096838,Sync,18595.27,1762586096836,21.0.3.14,false,128,27.44,InvokeFunction,,,LATEST,1-690eedf0-0c49fa-35ecea74c26c,OnDemand,,,1.21,
,FD3DA8D46D8EFE79129F6DB831E2D004-18,1762586115,FCRequestMetrics:/n-matmul-128,286,286,,,19150.85,n-matmul-128,false,c5d7c67d012d,,c-690eed87-0cf1abd9-168efb1ce039,1762586096208,Sync,19159.74,1762586096204,21.0.3.14,false,128,27.65,InvokeFunction,,,LATEST,1-690eedf0-0c49fa-8ab431262d51,OnDemand,,,1.41,
,90721D5DEA57FA959D79E839A2790822-10,1762586115,FCRequestMetrics:/n-matmul-128,284,284,,,20030.08,n-matmul-128,false,b03326c3717a,,c-690eedad-0cf1abd9-bb969c1ece47,1762586095926,Sync,20033.69,1762586095925,21.0.3.17,false,128,26.88,InvokeFunction,,,LATEST,1-690eedef-0c0a43-d7b6874695ac,OnDemand,,,0.58,
,ACC61EAFD65443D198A5177BAD7DDF02-16,1762586115,FCRequestMetrics:/n-matmul-128,294,294,,,19441.19,n-matmul-128,false,3174e9129044,,c-690eed96-0cf1abd9-645e4a0c60a8,1762586096359,Sync,19444.44,1762586096358,21.0.3.22,false,128,22.15,InvokeFunction,,,LATEST,1-690eedf0-0c0a43-9bf605206b93,OnDemand,,,0.51,
,0B2964543FFD9BF880FB835C7969E92C-13,1762586115,FCRequestMetrics:/n-matmul-128,290,290,,,0.06,n-matmul-128,true,def6cb030cc0,,c-690eedad-0cf1abd9-ea42a99c6fe6,1762586112162,Sync,3320.73,1762586112161,21.0.3.13,false,128,2.21,InvokeFunction,,,LATEST,1-690eee00-0c0a43-fb4f9bcaa12e,OnDemand,,,0.57,,"{""errorType"":""FunctionAbnormalExitError""}"
,F049A05B05E229468359356494790421-13,1762586115,FCRequestMetrics:/n-matmul-128,274,274,,,0.04,n-matmul-128,true,a743b3598854,,c-690eeda8-0cf1abd9-ed6740a826c3,1762586109911,Sync,5539.48,1762586109910,21.0.3.18,false,128,2.20,InvokeFunction,,,LATEST,1-690eedfd-0c49fa-6fb6471ea854,OnDemand,,,1.23,,"{""errorType"":""FunctionAbnormalExitError""}"
,E0E0F357761D0248261EE2F10BB55343-15,1762586115,FCRequestMetrics:/n-matmul-128,286,286,,,19073.30,n-matmul-128,false,44413e12b2a5,,c-690eed96-0cf1abd9-2eb0d31dc6a8,1762586096184,Sync,19077.97,1762586096182,21.0.3.20,false,128,22.39,InvokeFunction,,,LATEST,1-690eedf0-0c0a43-805e808b2f82,OnDemand,,,0.62,
,B79079C424E0F07A8A390B193B002836-15,1762586115,FCRequestMetrics:/n-matmul-128,284,284,,,19349.36,n-matmul-128,false,692d15f70bf3,,c-690eed96-0cf1abd9-d94777f4e8e6,1762586095864,Sync,19356.60,1762586095863,21.0.3.23,false,128,24.72,InvokeFunction,,,LATEST,1-690eedef-0c49fa-2cb33695d991,OnDemand,,,1.00,
,2B4625DA72F11748201D56C345F761CD-14,1762586115,FCRequestMetrics:/n-matmul-128,290,290,,,18736.13,n-matmul-128,false,83516cd0eb74,,c-690eed96-0cf1abd9-a41f892cdd8e,1762586096290,Sync,18739.79,1762586096289,21.0.3.24,false,128,22.34,InvokeFunction,,,LATEST,1-690eedf0-0c0a43-fba1b521c470,OnDemand,,,0.49,
,FE62E48614DA949DAF3789D4806A512D-1A,1762586115,FCRequestMetrics:/n-matmul-128,298,298,,,18510.10,n-matmul-128,false,4823d83c18dc,,c-690eed89-0cf1abd9-5b9582f39990,1762586096858,Sync,18685.88,1762586096683,21.0.3.17,false,128,29.56,InvokeFunction,,,LATEST,1-690eedf0-0c49fa-70b46d2f5c4b,OnDemand,,,174.74,
,CD41B0AD1C8EC375FCF48EF027FC064B-1B,1762586115,FCRequestMetrics:/n-matmul-128,293,293,,,14639.45,n-matmul-128,false,83be9297cbaa,,c-690eed8d-0cf1abd9-ab9c8f59b975,1762586101045,Sync,14641.97,1762586101043,21.0.3.2,false,128,29.43,InvokeFunction,,,LATEST,1-690eedf5-0c49fa-a97cca68cb5c,OnDemand,,,1.46,
,7F22DE67CC56E5CE60C18065760DFDF7-14,1762586115,FCRequestMetrics:/n-matmul-128,299,299,,,18813.46,n-matmul-128,false,6aafb671ccf7,,c-690eed96-0cf1abd9-e828e73f8bb0,1762586097085,Sync,18820.53,1762586097084,21.0.3.20,false,128,22.14,InvokeFunction,,,LATEST,1-690eedf1-0c49fa-ef8398c196d0,OnDemand,,,1.23,
,F4DFF4453A1625B22DE49E6316B744E7-19,1762586115,FCRequestMetrics:/n-matmul-128,299,299,,,18406.72,n-matmul-128,false,5ccd9a18e737,,c-690eed84-0cf1abd9-b1659118d275,1762586097101,Sync,18610.12,1762586096899,21.0.3.16,false,128,27.49,InvokeFunction,,,LATEST,1-690eedf0-0c49fa-37f6516f4ed0,OnDemand,,,201.24,
,B48DE1721A8D9F887D85EACFE463D9F5-10,1762586116,FCRequestMetrics:/n-matmul-128,298,298,,,19112.53,n-matmul-128,false,b2814d85c49e,,c-690eedaf-0cf1abd9-25241dcc866f,1762586097363,Sync,19273.35,1762586097205,21.0.3.26,false,128,22.02,InvokeFunction,,,LATEST,1-690eedf1-0c49fa-5017defdc6d4,OnDemand,,,157.28,
,623C01CD3A5A8B2E0F24E293BCB1A9E6-17,1762586116,FCRequestMetrics:/n-matmul-128,281,281,,,18448.05,n-matmul-128,false,28d5a40b4b5c,,c-690eed96-0cf1abd9-9c58647ab8e4,1762586098402,Sync,18453.93,1762586098400,21.0.3.19,false,128,22.00,InvokeFunction,,,LATEST,1-690eedf2-0c49fa-04d78424f736,OnDemand,,,1.36,
,C6D042B3AA8F55B11A4AF85F00682BEA-19,1762586116,FCRequestMetrics:/n-matmul-128,288,288,,,17789.13,n-matmul-128,false,7399f831961f,,c-690eed84-0cf1abd9-757f054c6418,1762586098648,Sync,17798.78,1762586098647,21.0.3.19,false,128,27.48,InvokeFunction,,,LATEST,1-690eedf2-0c49fa-6ef1dac71313,OnDemand,,,0.94,
,A171915879D3F1B14205997D3FDFD4B3-19,1762586116,FCRequestMetrics:/n-matmul-128,296,296,,,26189.83,n-matmul-128,false,eaf76bc529c5,,c-690eed83-0cf1abd9-30e9bae7a4cf,1762586090471,Sync,26191.51,1762586090470,21.0.3.9,false,128,27.86,InvokeFunction,,,LATEST,1-690eedea-0c0a43-30bc4bca624f,OnDemand,,,0.49,
,B9CC31614084CD73FC6E2CD9504361BE-19,1762586116,FCRequestMetrics:/n-matmul-128,285,285,,,18275.81,n-matmul-128,false,6211d0e2f318,,c-690eed84-0cf1abd9-9c5b9e84230e,1762586098588,Sync,18287.92,1762586098586,21.0.3.18,false,128,27.77,InvokeFunction,,,LATEST,1-690eedf2-0c49fa-486fce894c22,OnDemand,,,1.37,
,793EEF9B741682B7CE08F12987FEEDB3-1A,1762586116,FCRequestMetrics:/n-matmul-128,290,290,,,14672.85,n-matmul-128,false,752a8680e720,,c-690eed8d-0cf1abd9-b4396f6c1b61,1762586101652,Sync,14675.66,1762586101650,21.0.3.3,false,128,24.21,InvokeFunction,,,LATEST,1-690eedf5-0c49fa-9f15e469587c,OnDemand,,,1.54,
,7FCCE5A256910B58B56BBA3543AFB14E-19,1762586116,FCRequestMetrics:/n-matmul-128,290,290,,,19774.54,n-matmul-128,false,c5e4309ab4db,,c-690eed84-0cf1abd9-b684d4f05063,1762586096287,Sync,19776.71,1762586096286,21.0.3.15,false,128,27.36,InvokeFunction,,,LATEST,1-690eedf0-0c0a43-ba8246dbb178,OnDemand,,,0.48,
,05CDE0418A06D09EAE4ADEC100CA68AB-13,1762586116,FCRequestMetrics:/n-matmul-128,294,294,,,0.04,n-matmul-128,true,0737d63123d1,,c-690eedad-0cf1abd9-a9ddaa1500d5,1762586112739,Sync,3304.68,1762586112738,21.0.3.12,false,128,2.12,InvokeFunction,,,LATEST,1-690eee00-0c0a43-8ee1f4b613b9,OnDemand,,,0.48,,"{""errorType"":""FunctionAbnormalExitError""}"
,29AE8E513B0BDFCBBE8182ECB0CB489D-13,1762586116,FCRequestMetrics:/n-matmul-128,286,286,,,0.04,n-matmul-128,true,8aa0e1273cfd,,c-690eedae-0cf1abd9-d84c6a5e8f7f,1762586113767,Sync,2495.98,1762586113765,21.0.3.12,false,128,2.20,InvokeFunction,,,LATEST,1-690eee01-0c49fa-00ee2772845a,OnDemand,,,1.26,,"{""errorType"":""FunctionAbnormalExitError""}"
,C81E0734A1BCCB9DA9FC914E1BF3266D-12,1762586116,FCRequestMetrics:/n-matmul-128,275,275,,,0.05,n-matmul-128,true,7cce56c3fb65,,c-690eeda8-0cf1abd9-312a3a57ec79,1762586110681,Sync,5904.59,1762586110680,21.0.3.20,false,128,2.09,InvokeFunction,,,LATEST,1-690eedfe-0c0a43-332a23942c06,OnDemand,,,0.47,,"{""errorType"":""FunctionAbnormalExitError""}"
,3AFB20005AD9E6CC4003C7ADDF444DDF-12,1762586116,FCRequestMetrics:/n-matmul-128,277,277,,,0.04,n-matmul-128,true,5f995ae01ec5,,c-690eeda9-0cf1abd9-1afd58826ae3,1762586110028,Sync,6534.49,1762586110027,21.0.3.25,false,128,2.07,InvokeFunction,,,LATEST,1-690eedfe-0c49fa-778ec4e734bd,OnDemand,,,0.92,,"{""errorType"":""FunctionAbnormalExitError""}"
,EC8C35753894B5B9AF0DA4DB7FE9A13B-14,1762586116,FCRequestMetrics:/n-matmul-128,285,285,,,0.04,n-matmul-128,true,14f78ff3edc2,,c-690eeda8-0cf1abd9-dbfce724cac6,1762586111673,Sync,4976.06,1762586111672,21.0.3.23,false,128,2.08,InvokeFunction,,,LATEST,1-690eedff-0c0a43-99264db1ad4e,OnDemand,,,0.52,,"{""errorType"":""FunctionAbnormalExitError""}"
,254CBF9330441C1ACFCB0F4AE9CBF4F1-13,1762586116,FCRequestMetrics:/n-matmul-128,288,288,,,0.03,n-matmul-128,true,ab3447f5d4b9,,c-690eedad-0cf1abd9-bee0383146f8,1762586113619,Sync,3057.46,1762586113617,21.0.3.9,false,128,11.93,InvokeFunction,,,LATEST,1-690eee01-0c49fa-dae4432c6b4e,OnDemand,,,1.53,,"{""errorType"":""FunctionAbnormalExitError""}"
,32B0F1D581F5E39EC6054F7F479A9133-18,1762586116,FCRequestMetrics:/n-matmul-128,291,291,,,15111.92,n-matmul-128,false,0671b6afd97c,,c-690eed96-0cf1abd9-2fa702511747,1762586101242,Sync,15114.21,1762586101240,21.0.3.11,false,128,24.19,InvokeFunction,,,LATEST,1-690eedf5-0c49fa-61c9b702e7be,OnDemand,,,1.32,
,1A862A83A1BC2442878624F07715F018-16,1762586116,FCRequestMetrics:/n-matmul-128,293,293,,,18235.02,n-matmul-128,false,efc22426a1fd,,c-690eed96-0cf1abd9-cf74302865f9,1762586098744,Sync,18237.19,1762586098743,21.0.3.21,false,128,22.22,InvokeFunction,,,LATEST,1-690eedf2-0c49fa-774f274cb906,OnDemand,,,0.91,
,32F6748B54E7C116ECBA713D52BB001A-16,1762586116,FCRequestMetrics:/n-matmul-128,291,291,,,18427.69,n-matmul-128,false,0d6fef3003c2,,c-690eed96-0cf1abd9-86fc813866d5,1762586097706,Sync,18432.11,1762586097705,21.0.3.19,false,128,24.38,InvokeFunction,,,LATEST,1-690eedf1-0c0a43-895800f17a21,OnDemand,,,0.57,
,83CAB58307325447A4DEA26702BA5E90-16,1762586116,FCRequestMetrics:/n-matmul-128,289,289,,,18574.33,n-matmul-128,false,03045a14e1ff,,c-690eed96-0cf1abd9-278610150dd5,1762586097763,Sync,18581.10,1762586097762,21.0.3.15,false,128,24.76,InvokeFunction,,,LATEST,1-690eedf1-0c0a43-c1b75d1955c2,OnDemand,,,0.56,
,BBD7AB4B6FCD8B52DAEF4384D3C02406-15,1762586117,FCRequestMetrics:/n-matmul-128,283,283,,,18611.14,n-matmul-128,false,4098b7dc32ba,,c-690eed96-0cf1abd9-f0166f4fef4a,1762586098484,Sync,18614.68,1762586098483,21.0.3.25,false,128,22.59,InvokeFunction,,,LATEST,1-690eedf2-0c0a43-a26547c6d7bd,OnDemand,,,0.56,
,B521370D3A6E26470A494F1D2AAFFA3F-16,1762586117,FCRequestMetrics:/n-matmul-128,284,284,,,18932.92,n-matmul-128,false,602c844bf99d,,c-690eed96-0cf1abd9-1fcc961447a6,1762586098181,Sync,18935.66,1762586098179,21.0.3.23,false,128,24.69,InvokeFunction,,,LATEST,1-690eedf2-0c49fa-2c3db6b7da1a,OnDemand,,,1.46,
,1A53D7BA4C6855BB7F6F66CB757FBC63-10,1762586117,FCRequestMetrics:/n-matmul-128,298,298,,,20420.58,n-matmul-128,false,a75e3f2d1f77,,c-690eedad-0cf1abd9-5a75b37e305c,1762586096888,Sync,20422.41,1762586096887,21.0.3.22,false,128,28.74,InvokeFunction,,,LATEST,1-690eedf0-0c0a43-957053163cb0,OnDemand,,,0.58,
,F8B25C5CA1AC44682E9155B471DB8F1A-10,1762586117,FCRequestMetrics:/n-matmul-128,291,291,,,20021.87,n-matmul-128,false,9f59c904e38b,,c-690eedad-0cf1abd9-c2fbfc23fb52,1762586097733,Sync,20026.41,1762586097732,21.0.3.21,false,128,32.35,InvokeFunction,,,LATEST,1-690eedf1-0c0a43-253c3bef9e72,OnDemand,,,0.55,
,1643C472A4A9C9E7636975D61997BF49-18,1762586117,FCRequestMetrics:/n-matmul-128,297,297,,,17376.32,n-matmul-128,false,587857d87fe7,,c-690eed96-0cf1abd9-9d1eba3d67bf,1762586100227,Sync,17384.24,1762586100225,21.0.3.10,false,128,29.57,InvokeFunction,,,LATEST,1-690eedf4-0c49fa-5663722733de,OnDemand,,,1.26,
,198BD0BFC963C7EBC003068011CD263F-19,1762586117,FCRequestMetrics:/n-matmul-128,297,297,,,18641.59,n-matmul-128,false,f2fc65392c05,,c-690eed84-0cf1abd9-020573621d1e,1762586098855,Sync,18644.29,1762586098853,21.0.3.24,false,128,27.40,InvokeFunction,,,LATEST,1-690eedf2-0c49fa-35c9aa2fe9f9,OnDemand,,,1.39,
,A8FF43E92F4D978DEA7FF72424BA415A-19,1762586117,FCRequestMetrics:/n-matmul-128,297,297,,,18260.91,n-matmul-128,false,00a0b8d7795c,,c-690eed84-0cf1abd9-d5f620461f53,1762586099721,Sync,18262.91,1762586099720,21.0.3.25,false,128,27.40,InvokeFunction,,,LATEST,1-690eedf3-0c0a43-9ba82d79aad0,OnDemand,,,0.69,
,CACC3D6F9C6A2945DEADA5EDA3A09538-1A,1762586117,FCRequestMetrics:/n-matmul-128,281,281,,,25069.31,n-matmul-128,false,d4758414a170,,c-690eed83-0cf1abd9-8480035f250f,1762586092115,Sync,25071.69,1762586092114,21.0.3.12,false,128,31.61,InvokeFunction,,,LATEST,1-690eedec-0c0a43-162fcce6a33f,OnDemand,,,0.49,
,2F8E8E9909DF7E4E4F6C84108E3E6391-15,1762586117,FCRequestMetrics:/n-matmul-128,297,297,,,18643.04,n-matmul-128,false,cec312802329,,c-690eed96-0cf1abd9-acd053f7b558,1762586098921,Sync,18644.61,1762586098921,21.0.3.16,false,128,21.79,InvokeFunction,,,LATEST,1-690eedf2-0c0a43-d50d8a252ecf,OnDemand,,,0.52,
,CB6AE88BE08C9A42F2FD38BB7DE3D7AF-1B,1762586117,FCRequestMetrics:/n-matmul-128,289,289,,,14920.54,n-matmul-128,false,480cb1ce5e18,,c-690eed8d-0cf1abd9-47404688a687,1762586102366,Sync,14943.05,1762586102364,21.0.3.8,false,128,27.56,InvokeFunction,,,LATEST,1-690eedf6-0c49fa-b600c1ca18f3,OnDemand,,,1.51,
,0BC7559A97094DA3F46167601878453D-13,1762586117,FCRequestMetrics:/n-matmul-128,290,290,,,0.03,n-matmul-128,true,75f4143da4af,,c-690eeda8-0cf1abd9-4970429639af,1762586112166,Sync,5196.81,1762586112165,21.0.3.19,false,128,2.20,InvokeFunction,,,LATEST,1-690eee00-0c49fa-5f35312f3289,OnDemand,,,1.16,,"{""errorType"":""FunctionAbnormalExitError""}"
,D2BCA0C8052D39835F68F2A25705BDC3-13,1762586117,FCRequestMetrics:/n-matmul-128,288,288,,,0.03,n-matmul-128,true,6b0c8a7b5b7d,,c-690eedad-0cf1abd9-43af290c944d,1762586113537,Sync,3608.65,1762586113536,21.0.3.15,false,128,4.08,InvokeFunction,,,LATEST,1-690eee01-0c0a43-030352c1bede,OnDemand,,,0.55,,"{""errorType"":""FunctionAbnormalExitError""}"
,803897D30563305B6DBC05E884EC8EC2-15,1762586117,FCRequestMetrics:/n-matmul-128,293,293,,,18569.57,n-matmul-128,false,2a6f3444e7b4,,c-690eed96-0cf1abd9-1ae336fb64b1,1762586098817,Sync,18578.48,1762586098816,21.0.3.18,false,128,22.24,InvokeFunction,,,LATEST,1-690eedf2-0c0a43-7699588363a6,OnDemand,,,0.50,
,074001829727EFB7F7387CED9C5F68EC-13,1762586117,FCRequestMetrics:/n-matmul-128,284,284,,,0.04,n-matmul-128,true,ee3e5731d648,,c-690eedad-0cf1abd9-2b773a14cfca,1762586114439,Sync,3170.75,1762586114438,21.0.3.11,false,128,2.27,InvokeFunction,,,LATEST,1-690eee02-0c0a43-88c5bbbab7c4,OnDemand,,,0.49,,"{""errorType"":""FunctionAbnormalExitError""}"
,9DB0B32669D9079C1BDD2E72F986F3FE-15,1762586117,FCRequestMetrics:/n-matmul-128,288,288,,,19057.18,n-matmul-128,false,dbf02729ce57,,c-690eed96-0cf1abd9-9cbaae6ba90d,1762586098708,Sync,19061.82,1762586098707,21.0.3.24,false,128,24.51,InvokeFunction,,,LATEST,1-690eedf2-0c0a43-81d6a905de51,OnDemand,,,0.43,
,05FBCBF7797DF123D15EB0A6FCA5941A-14,1762586117,FCRequestMetrics:/n-matmul-128,290,290,,,0.06,n-matmul-128,true,2c2a67e70617,,c-690eeda8-0cf1abd9-2e88da04d74b,1762586112393,Sync,5045.87,1762586112392,21.0.3.17,false,128,2.25,InvokeFunction,,,LATEST,1-690eee00-0c0a43-c124b34dfd79,OnDemand,,,0.50,,"{""errorType"":""FunctionAbnormalExitError""}"
,F61B1071476942D4F7B55629DD659612-15,1762586117,FCRequestMetrics:/n-matmul-128,288,288,,,19057.78,n-matmul-128,false,b611341e3558,,c-690eed96-0cf1abd9-fa1cd72521fa,1762586098678,Sync,19060.17,1762586098676,21.0.3.17,false,128,22.01,InvokeFunction,,,LATEST,1-690eedf2-0c49fa-4871f4f7aaae,OnDemand,,,0.96,
,578636031DA9F9E4C1AEAEE036A2ED78-13,1762586117,FCRequestMetrics:/n-matmul-128,294,294,,,0.05,n-matmul-128,true,d4e7bb540e9b,,c-690eeda9-0cf1abd9-cc7b57654f75,1762586112753,Sync,4914.94,1762586112750,21.0.3.27,false,128,2.08,InvokeFunction,,,LATEST,1-690eee00-0c49fa-4ae49b5b3c23,OnDemand,,,1.03,,"{""errorType"":""FunctionAbnormalExitError""}"
,E73296BB4FF98C51BFC0649F2F271CC3-13,1762586117,FCRequestMetrics:/n-matmul-128,289,289,,,0.05,n-matmul-128,true,59d36ceba10f,,c-690eeda8-0cf1abd9-e68ef267c2b5,1762586112733,Sync,5067.65,1762586112729,21.0.3.15,false,128,2.28,InvokeFunction,,,LATEST,1-690eee00-0c49fa-62847ae0636a,OnDemand,,,0.93,,"{""errorType"":""FunctionAbnormalExitError""}"
,0BD475407873CF39B1CA595256226051-13,1762586117,FCRequestMetrics:/n-matmul-128,294,294,,,0.05,n-matmul-128,true,83139df080ef,,c-690eeda9-0cf1abd9-42b948b2a68c,1762586112753,Sync,4846.38,1762586112751,21.0.3.26,false,128,4.05,InvokeFunction,,,LATEST,1-690eee00-0c0a43-5d32c7650078,OnDemand,,,0.44,,"{""errorType"":""FunctionAbnormalExitError""}"
,757982FB0EC94F0DBBC2760980FCB266-1B,1762586117,FCRequestMetrics:/n-matmul-128,284,284,,,13455.31,n-matmul-128,false,6448ba91ff26,,c-690eed8d-0cf1abd9-28761e13241d,1762586104352,Sync,13456.85,1762586104351,21.0.3.10,false,128,29.69,InvokeFunction,,,LATEST,1-690eedf8-0c0a43-6e994de67d88,OnDemand,,,0.68,
,4145F5C147116C613F389F1FA1269B40-15,1762586117,FCRequestMetrics:/n-matmul-128,287,287,,,19188.39,n-matmul-128,false,a47c00754ae4,,c-690eed96-0cf1abd9-7ad5956d5a94,1762586097986,Sync,19197.65,1762586097984,21.0.3.18,false,128,23.91,InvokeFunction,,,LATEST,1-690eedf1-0c49fa-dc301d40aa2c,OnDemand,,,1.46,
,35B7CF1288747C19178530C01B71BAC3-15,1762586117,FCRequestMetrics:/n-matmul-128,285,285,,,18755.09,n-matmul-128,false,cf2bb21028d5,,c-690eed96-0cf1abd9-ca59a9a46279,1762586098623,Sync,18757.86,1762586098621,21.0.3.22,false,128,22.29,InvokeFunction,,,LATEST,1-690eedf2-0c49fa-5328d33dd2bf,OnDemand,,,1.41,
,529E5C7FB42ABB8742B7C8F9D897AD63-17,1762586117,FCRequestMetrics:/n-matmul-128,284,284,,,19059.60,n-matmul-128,false,f84b5136dce2,,c-690eed96-0cf1abd9-9ebb1a976fe6,1762586098294,Sync,19064.51,1762586098293,21.0.3.21,false,128,21.80,InvokeFunction,,,LATEST,1-690eedf2-0c0a43-63ca49a9f321,OnDemand,,,0.60,
,2BD77D43468911AB831A8F7E54DB0C85-18,1762586118,FCRequestMetrics:/n-matmul-128,293,293,,,17351.93,n-matmul-128,false,b7def3b75118,,c-690eed96-0cf1abd9-52afc540c138,1762586100760,Sync,17359.68,1762586100758,21.0.3.9,false,128,27.36,InvokeFunction,,,LATEST,1-690eedf4-0c49fa-e67eaa600446,OnDemand,,,1.50,
,62FA41B7FF8249B4D088B827B9DA2023-11,1762586118,FCRequestMetrics:/n-matmul-128,288,288,,,19458.22,n-matmul-128,false,556831e46ae8,,c-690eedb0-0cf1abd9-551cbd21126d,1762586098705,Sync,19460.05,1762586098704,21.0.3.27,false,128,28.01,InvokeFunction,,,LATEST,1-690eedf2-0c0a43-349902bc0113,OnDemand,,,0.52,
,C7EF96C9FA36BA4241E0BBE4133D0AE3-19,1762586118,FCRequestMetrics:/n-matmul-128,299,299,,,19032.45,n-matmul-128,false,143002e59623,,c-690eed8d-0cf1abd9-5277dcd6704a,1762586099330,Sync,19034.10,1762586099329,21.0.3.20,false,128,29.60,InvokeFunction,,,LATEST,1-690eedf3-0c0a43-96a32b640be1,OnDemand,,,0.57,
,D51D20527F4C644906559B128F1C851C-10,1762586118,FCRequestMetrics:/n-matmul-128,291,291,,,20562.83,n-matmul-128,false,c1c1a459d69d,,c-690eedad-0cf1abd9-b4f03fd3a358,1762586097673,Sync,21235.64,1762586097001,21.0.3.27,false,128,27.20,InvokeFunction,,,LATEST,1-690eedf1-0c0a43-f000631ca225,OnDemand,,,671.73,
,D327063AE1B1A8A40B8F203869F3086F-10,1762586118,FCRequestMetrics:/n-matmul-128,291,291,,,20571.86,n-matmul-128,false,357f8c96fd4d,,c-690eedad-0cf1abd9-c9eee6f52450,1762586097644,Sync,20586.16,1762586097641,21.0.3.24,false,128,26.90,InvokeFunction,,,LATEST,1-690eedf1-0c0a43-9680c9beb589,OnDemand,,,0.61,
,5FA82E0D11A2F01A283861FD9A436B86-19,1762586118,FCRequestMetrics:/n-matmul-128,296,296,,,18989.13,n-matmul-128,false,47b6a53f01e9,,c-690eed8d-0cf1abd9-3ba5efb311dc,1762586100004,Sync,19252.27,1762586099742,21.0.3.21,false,128,27.93,InvokeFunction,,,LATEST,1-690eedf3-0c49fa-eacabe98cf79,OnDemand,,,262.03,
,534453451D1297DCF31D88EE6739800C-10,1762586118,FCRequestMetrics:/n-matmul-128,299,299,,,19564.51,n-matmul-128,false,ecc43da18039,,c-690eedaf-0cf1abd9-a039e34a4c5a,1762586099252,Sync,19566.65,1762586099250,21.0.3.19,false,128,26.93,InvokeFunction,,,LATEST,1-690eedf3-0c49fa-df35cbb8f366,OnDemand,,,1.32,
,D3A5ACAA170AA2F73392865F0C2D539D-19,1762586118,FCRequestMetrics:/n-matmul-128,296,296,,,18277.99,n-matmul-128,false,6c683a9ba932,,c-690eed84-0cf1abd9-d44cbd427b7e,1762586100009,Sync,18280.01,1762586100008,21.0.3.23,false,128,27.45,InvokeFunction,,,LATEST,1-690eedf4-0c49fa-ae464cba5d8d,OnDemand,,,0.91,
,40091B2BA89130F46C3ED4AE484A882F-19,1762586118,FCRequestMetrics:/n-matmul-128,294,294,,,18114.90,n-matmul-128,false,2764cfd363fa,,c-690eed8d-0cf1abd9-243670775407,1762586100386,Sync,18117.41,1762586100384,21.0.3.22,false,128,27.78,InvokeFunction,,,LATEST,1-690eedf4-0c49fa-d950c22f4037,OnDemand,,,1.26,
,530FE0259011E1488EC5E3B38AE725E0-1B,1762586118,FCRequestMetrics:/n-matmul-128,296,296,,,18321.51,n-matmul-128,false,84f6be032d7a,,c-690eed84-0cf1abd9-3f0610e48d26,1762586099967,Sync,18934.90,1762586099360,21.0.3.22,false,128,31.66,InvokeFunction,,,LATEST,1-690eedf3-0c49fa-b09a1ffcddeb,OnDemand,,,606.25,
,DAE6BAF353C38FA45B5DF9AF0F86D659-1A,1762586118,FCRequestMetrics:/n-matmul-128,285,285,,,25631.92,n-matmul-128,false,19a08086dcd9,,c-690eed83-0cf1abd9-9b3fcb822613,1762586092449,Sync,25640.69,1762586092448,21.0.3.10,false,128,24.08,InvokeFunction,,,LATEST,1-690eedec-0c49fa-2f3af74fcdb9,OnDemand,,,1.12,
,C6012E9AF904BFC7F82B587139A7052F-1B,1762586118,FCRequestMetrics:/n-matmul-128,285,285,,,14227.49,n-matmul-128,false,08ad0ef23948,,c-690eed96-0cf1abd9-776d52a791a0,1762586104123,Sync,14229.09,1762586104122,21.0.3.3,false,128,27.94,InvokeFunction,,,LATEST,1-690eedf8-0c0a43-f11e44c56a6a,OnDemand,,,0.64,
,03AEEB1D9B7AD58C878D528779156747-12,1762586118,FCRequestMetrics:/n-matmul-128,282,282,,,0.04,n-matmul-128,true,0df18e8c62e5,,c-690eedae-0cf1abd9-3b0257a32ea2,1762586114854,Sync,3524.82,1762586114853,21.0.3.13,false,128,2.18,InvokeFunction,,,LATEST,1-690eee02-0c49fa-1ca098739d5c,OnDemand,,,1.17,,"{""errorType"":""FunctionAbnormalExitError""}"
,F2FD34FA9CCCCC3E3DEB26A611CC4213-1A,1762586118,FCRequestMetrics:/n-matmul-128,285,285,,,14755.02,n-matmul-128,false,8c49417d6c9f,,c-690eed8d-0cf1abd9-6bad1a022802,1762586104212,Sync,14756.67,1762586104211,21.0.3.10,false,128,27.40,InvokeFunction,,,LATEST,1-690eedf8-0c0a43-7444320d6a70,OnDemand,,,0.60,
,E9B4BB61A0BA18E9756EE7B0B19180D4-1B,1762586118,FCRequestMetrics:/n-matmul-128,286,286,,,13740.94,n-matmul-128,false,b1fafcece7b1,,c-690eed8d-0cf1abd9-909a8a51e440,1762586104473,Sync,13745.45,1762586104472,21.0.3.11,false,128,23.07,InvokeFunction,,,LATEST,1-690eedf8-0c49fa-02f1bd2a9a9e,OnDemand,,,1.46,
,766129AB7B6D0B09055969F465FC8A08-12,1762586118,FCRequestMetrics:/n-matmul-128,283,283,,,0.04,n-matmul-128,true,df4dc26dbca2,,c-690eedad-0cf1abd9-3e9ecfe8951a,1762586115366,Sync,3406.71,1762586115365,21.0.3.16,false,128,2.08,InvokeFunction,,,LATEST,1-690eee03-0c0a43-53ceedf2412c,OnDemand,,,0.52,,"{""errorType"":""FunctionAbnormalExitError""}"
,69A54F516AD5DA2E071B4EDE812B37FB-13,1762586118,FCRequestMetrics:/n-matmul-128,282,282,,,0.03,n-matmul-128,true,483d6d5a401b,,c-690eedae-0cf1abd9-23e27f7352eb,1762586115070,Sync,3785.41,1762586115070,21.0.3.16,false,128,2.20,InvokeFunction,,,LATEST,1-690eee03-0c0a43-b1a46aec6aa5,OnDemand,,,0.55,,"{""errorType"":""FunctionAbnormalExitError""}"
,D146A4E091934A2DB3F52D2283250B9C-18,1762586118,FCRequestMetrics:/n-matmul-128,290,290,,,16227.77,n-matmul-128,false,e11351b48c04,,c-690eed96-0cf1abd9-c0d64c44585a,1762586101836,Sync,16236.27,1762586101835,21.0.3.13,false,128,29.63,InvokeFunction,,,LATEST,1-690eedf5-0c49fa-66e653feaa8f,OnDemand,,,1.26,
,4CE5B21E168E3B127D0FE1A088B9BCD9-1A,1762586118,FCRequestMetrics:/n-matmul-128,298,298,,,25812.24,n-matmul-128,false,6c05632c40b6,,c-690eed84-0cf1abd9-2ca190cf5bc8,1762586092659,Sync,25816.02,1762586092657,21.0.3.13,false,128,22.62,InvokeFunction,,,LATEST,1-690eedec-0c49fa-72cc5f82d375,OnDemand,,,1.38,
,D75FE03AF20DB179FE80EEBFA34D421E-16,1762586118,FCRequestMetrics:/n-matmul-128,288,288,,,19608.08,n-matmul-128,false,6e7425ff0dbc,,c-690eed96-0cf1abd9-51b4fedde737,1762586098681,Sync,19615.18,1762586098679,21.0.3.25,false,128,24.29,InvokeFunction,,,LATEST,1-690eedf2-0c0a43-41c1743f2254,OnDemand,,,0.53,
,42E890D6520D105A9B16A20A2B52D801-13,1762586118,FCRequestMetrics:/n-matmul-128,299,299,,,19868.21,n-matmul-128,false,94b02dd0f401,,c-690eeda9-0cf1abd9-9011fb8320b3,1762586099094,Sync,19872.49,1762586099093,21.0.3.3,false,128,22.39,InvokeFunction,,,LATEST,1-690eedf3-0c0a43-f0224e286d86,OnDemand,,,0.65,
,3D503442E2C027292A5FED0054EF72C8-1D,1762586118,FCRequestMetrics:/n-matmul-128,283,283,,,14105.91,n-matmul-128,false,f832bf8f4093,,c-690eed8d-0cf1abd9-03a276b4fee0,1762586104866,Sync,14109.14,1762586104864,21.0.3.5,false,128,29.14,InvokeFunction,,,LATEST,1-690eedf8-0c49fa-403f0a4b7cfc,OnDemand,,,1.26,
,21A4B0901367BD0C28B579B375001259-15,1762586118,FCRequestMetrics:/n-matmul-128,297,297,,,18907.27,n-matmul-128,false,387d318bc5da,,c-690eeda9-0cf1abd9-e3fe59758c3d,1762586099661,Sync,18908.80,1762586099660,21.0.3.7,false,128,22.24,InvokeFunction,,,LATEST,1-690eedf3-0c0a43-96f7342ba07e,OnDemand,,,0.55,
,20BCED26DA3E73A35A0E0ACEF26F4645-1A,1762586119,FCRequestMetrics:/n-matmul-128,283,283,,,14298.53,n-matmul-128,false,70809c61057c,,c-690eed96-0cf1abd9-b0cce505415f,1762586104859,Sync,14304.71,1762586104858,21.0.3.25,false,128,27.95,InvokeFunction,,,LATEST,1-690eedf8-0c0a43-0ba5c2c5d7af,OnDemand,,,0.49,
,7DD8F4E1BDDE2A8A13DEFA720B6E9373-1B,1762586119,FCRequestMetrics:/n-matmul-128,286,286,,,15857.75,n-matmul-128,false,be49f65ae0f9,,c-690eed8d-0cf1abd9-053a84de8167,1762586103711,Sync,15864.01,1762586103710,21.0.3.8,false,128,27.49,InvokeFunction,,,LATEST,1-690eedf7-0c0a43-d36a79bf9625,OnDemand,,,0.55,
,6119C18E1BE462F8234B40F7752AC57D-10,1762586119,FCRequestMetrics:/n-matmul-128,297,297,,,20137.94,n-matmul-128,false,19e9b19f0963,,c-690eedaf-0cf1abd9-3747d5e10ccc,1762586098914,Sync,20141.36,1762586098912,21.0.3.22,false,128,22.11,InvokeFunction,,,LATEST,1-690eedf2-0c49fa-ca6bc9718945,OnDemand,,,1.41,
,E6C8A3E89807930B60F307F6EAB50F00-10,1762586119,FCRequestMetrics:/n-matmul-128,291,291,,,21365.89,n-matmul-128,false,c9f8599ed144,,c-690eedad-0cf1abd9-33c85c00b730,1762586097665,Sync,21368.09,1762586097664,21.0.3.20,false,128,26.10,InvokeFunction,,,LATEST,1-690eedf1-0c0a43-bad653b1cfc7,OnDemand,,,0.58,
,1CEDCBDB1E088C8CB4C3FA3109C6E820-10,1762586119,FCRequestMetrics:/n-matmul-128,284,284,,,21180.64,n-matmul-128,false,923fec13e813,,c-690eedad-0cf1abd9-b681c919879f,1762586098148,Sync,21188.86,1762586098147,21.0.3.25,false,128,32.28,InvokeFunction,,,LATEST,1-690eedf2-0c49fa-539540e8c75a,OnDemand,,,1.44,
,5D3028635C095A703267EC741BCFD73F-10,1762586119,FCRequestMetrics:/n-matmul-128,281,281,,,21128.02,n-matmul-128,false,dcf997b4a460,,c-690eedad-0cf1abd9-22285122ab78,1762586098360,Sync,21131.26,1762586098358,21.0.3.23,false,128,26.88,InvokeFunction,,,LATEST,1-690eedf2-0c49fa-125debedffca,OnDemand,,,1.28,
,7C93FF0D333DC21F7F2F36A9AB89B027-10,1762586119,FCRequestMetrics:/n-matmul-128,288,288,,,20942.89,n-matmul-128,false,7f50294cfbd1,,c-690eedad-0cf1abd9-a087dd1de86c,1762586098719,Sync,20948.32,1762586098718,21.0.3.18,false,128,21.93,InvokeFunction,,,LATEST,1-690eedf2-0c49fa-d1fc1c4b6a52,OnDemand,,,1.47,
,DBD9CA05BB5AF635A4D2F2706778DAAB-10,1762586119,FCRequestMetrics:/n-matmul-128,297,297,,,20726.94,n-matmul-128,false,afa22b97568b,,c-690eedad-0cf1abd9-3f62736c6e5e,1762586098900,Sync,20728.65,1762586098899,21.0.3.14,false,128,28.24,InvokeFunction,,,LATEST,1-690eedf2-0c0a43-c78f87b1b6ca,OnDemand,,,0.56,
,3BEF1FB49BB1EEA673FE9EF39C7658DF-10,1762586119,FCRequestMetrics:/n-matmul-128,297,297,,,20913.69,n-matmul-128,false,bd8589a527e0,,c-690eedaf-0cf1abd9-f823ec7b2052,1762586098872,Sync,20916.82,1762586098870,21.0.3.18,false,128,27.02,InvokeFunction,,,LATEST,1-690eedf2-0c49fa-2ef9e8fb1891,OnDemand,,,1.36,
,4918E550A646204E9DB0726A28549557-10,1762586119,FCRequestMetrics:/n-matmul-128,283,283,,,20981.24,n-matmul-128,false,0541fa6913b9,,c-690eedae-0cf1abd9-5f54346fcb4d,1762586098448,Sync,20989.94,1762586098448,21.0.3.15,false,128,27.49,InvokeFunction,,,LATEST,1-690eedf2-0c0a43-6b939fe27b6e,OnDemand,,,0.56,
,58100D8F3876904D781824C152698572-1A,1762586119,FCRequestMetrics:/n-matmul-128,280,280,,,27504.83,n-matmul-128,false,59ce8020a236,,c-690eed84-0cf1abd9-0fe3463f746c,1762586092342,Sync,27506.51,1762586092341,21.0.3.11,false,128,27.68,InvokeFunction,,,LATEST,1-690eedec-0c0a43-ad91aa10ce92,OnDemand,,,0.52,
,CBEBEE735FA2FF6333D0144E3B04208F-10,1762586119,FCRequestMetrics:/n-matmul-128,298,298,,,19869.40,n-matmul-128,false,5205f404b91e,,c-690eedaf-0cf1abd9-dbdd1b76a908,1762586100079,Sync,20358.79,1762586099595,21.0.3.24,false,128,26.55,InvokeFunction,,,LATEST,1-690eedf3-0c49fa-59df6b32248f,OnDemand,,,483.39,
,76D617CB71485C23C9F7230DC75F302E-19,1762586119,FCRequestMetrics:/n-matmul-128,294,294,,,18582.47,n-matmul-128,false,b7a64c32d5d5,,c-690eed8d-0cf1abd9-7d7906dde49b,1762586100875,Sync,18589.63,1762586100873,21.0.3.24,false,128,27.34,InvokeFunction,,,LATEST,1-690eedf4-0c49fa-3543992c472d,OnDemand,,,1.39,
,AA4F50678A1127D06BAF7C6E1EB093FA-19,1762586119,FCRequestMetrics:/n-matmul-128,293,293,,,18531.88,n-matmul-128,false,280167d0cedf,,c-690eed8d-0cf1abd9-a97014d5fff8,1762586100568,Sync,18535.27,1762586100566,21.0.3.25,false,128,27.16,InvokeFunction,,,LATEST,1-690eedf4-0c49fa-75bef9684006,OnDemand,,,1.58,
,4EFFDB922E80D88EA45930E5C8CE9097-1B,1762586119,FCRequestMetrics:/n-matmul-128,283,283,,,14860.01,n-matmul-128,false,cedb22a6eba0,,c-690eed8d-0cf1abd9-8518f5d4a430,1762586104841,Sync,14874.86,1762586104840,21.0.3.9,false,128,22.07,InvokeFunction,,,LATEST,1-690eedf8-0c0a43-5f7b3dea99f9,OnDemand,,,0.68,
,D475316053B4F3156CAFE637F1C8214E-13,1762586119,FCRequestMetrics:/n-matmul-128,281,281,,,0.14,n-matmul-128,true,3440940bffc2,,c-690eedae-0cf1abd9-af64b33d51aa,1762586115736,Sync,3788.19,1762586115735,21.0.3.14,false,128,2.21,InvokeFunction,,,LATEST,1-690eee03-0c49fa-2839c89bd5a7,OnDemand,,,0.91,,"{""errorType"":""FunctionAbnormalExitError""}"
,1F631BBE3B0C3CBE62088E329F244AE4-13,1762586119,FCRequestMetrics:/n-matmul-128,284,284,,,0.04,n-matmul-128,true,91167f95b002,,c-690eedae-0cf1abd9-978911f45f89,1762586115759,Sync,4159.64,1762586115753,21.0.3.10,false,128,2.13,InvokeFunction,,,LATEST,1-690eee03-0c0a43-b7842d58b35a,OnDemand,,,0.58,,"{""errorType"":""FunctionAbnormalExitError""}"
,B48DE1721A8D9F887D85EACFE463D9F5-12,1762586119,FCRequestMetrics:/n-matmul-128,291,291,,,0.04,n-matmul-128,true,b2814d85c49e,,c-690eedaf-0cf1abd9-25241dcc866f,1762586116490,Sync,3422.83,1762586116489,21.0.3.26,false,128,2.23,InvokeFunction,,,LATEST,1-690eee04-0c49fa-206116de3056,OnDemand,,,0.86,,"{""errorType"":""FunctionAbnormalExitError""}"
,54257F6C2DE5D00C16409D9C28372284-1B,1762586119,FCRequestMetrics:/n-matmul-128,283,283,,,15038.77,n-matmul-128,false,ebad9260b821,,c-690eed8d-0cf1abd9-196fc3cfa131,1762586104772,Sync,15041.40,1762586104770,21.0.3.11,false,128,27.58,InvokeFunction,,,LATEST,1-690eedf8-0c49fa-34a5139d0a16,OnDemand,,,1.45,
,0D0B5399E6C73F2546BD22845DA04E21-19,1762586119,FCRequestMetrics:/n-matmul-128,299,299,,,19861.96,n-matmul-128,false,47a596ce3adb,,c-690eed84-0cf1abd9-1234c0f5f235,1762586099274,Sync,19864.55,1762586099273,21.0.3.20,false,128,27.53,InvokeFunction,,,LATEST,1-690eedf3-0c49fa-fd43d9b09891,OnDemand,,,1.21,
,D00197269011D75200F8878AB52887BF-19,1762586119,FCRequestMetrics:/n-matmul-128,285,285,,,16145.37,n-matmul-128,false,efbe8cba4f7c,,c-690eed96-0cf1abd9-cb967da6ce67,1762586103848,Sync,16147.26,1762586103848,21.0.3.14,false,128,28.07,InvokeFunction,,,LATEST,1-690eedf7-0c0a43-f9647815cc92,OnDemand,,,0.70,
,101ABB01305ADAA1C15616E72BBCE7FA-1B,1762586119,FCRequestMetrics:/n-matmul-128,292,292,,,13522.92,n-matmul-128,false,985167d20b2a,,c-690eed8d-0cf1abd9-0876abaa060f,1762586106300,Sync,13524.48,1762586106299,21.0.3.15,false,128,29.31,InvokeFunction,,,LATEST,1-690eedfa-0c0a43-7a0c5b96218d,OnDemand,,,0.57,
,EE68EE4B972CEED0E744CF0F0F08C29D-10,1762586120,FCRequestMetrics:/n-matmul-128,293,293,,,21339.18,n-matmul-128,false,a70b2e0d4697,,c-690eedad-0cf1abd9-2896c0f9f5f0,1762586098768,Sync,21347.00,1762586098763,21.0.3.19,false,128,28.87,InvokeFunction,,,LATEST,1-690eedf2-0c49fa-efc9497a75de,OnDemand,,,0.78,
,1B5038221905746079340D2F785F7324-18,1762586120,FCRequestMetrics:/n-matmul-128,285,285,,,16522.00,n-matmul-128,false,cba0726a55b5,,c-690eed96-0cf1abd9-0232b809e3a3,1762586104098,Sync,16535.85,1762586104096,21.0.3.19,false,128,27.83,InvokeFunction,,,LATEST,1-690eedf8-0c49fa-5b5396d718da,OnDemand,,,1.47,
,D18734D858301861EC9B1A728F760677-10,1762586120,FCRequestMetrics:/n-matmul-128,297,297,,,21704.09,n-matmul-128,false,c5bf669e63a0,,c-690eedaf-0cf1abd9-3f99b24b664d,1762586098856,Sync,21706.92,1762586098855,21.0.3.20,false,128,22.00,InvokeFunction,,,LATEST,1-690eedf2-0c0a43-74f16284f5af,OnDemand,,,0.56,
,DAF408D088DC4798F248EA82E4D57A5E-18,1762586120,FCRequestMetrics:/n-matmul-128,285,285,,,16385.54,n-matmul-128,false,4f9279990613,,c-690eed96-0cf1abd9-ada75fe8f4a4,1762586104062,Sync,16387.46,1762586104061,21.0.3.20,false,128,29.60,InvokeFunction,,,LATEST,1-690eedf8-0c49fa-abfeda0e5808,OnDemand,,,0.99,
,521189B198D6C67402E1ED4D6E9E659F-10,1762586120,FCRequestMetrics:/n-matmul-128,293,293,,,21616.25,n-matmul-128,false,727464a7e5d7,,c-690eedad-0cf1abd9-9ae3384bb76d,1762586098760,Sync,21623.47,1762586098757,21.0.3.26,false,128,28.08,InvokeFunction,,,LATEST,1-690eedf2-0c49fa-ad3ae61cbc9f,OnDemand,,,1.14,
,90721D5DEA57FA959D79E839A2790822-13,1762586120,FCRequestMetrics:/n-matmul-128,293,293,,,0.04,n-matmul-128,true,b03326c3717a,,c-690eedad-0cf1abd9-bb969c1ece47,1762586117042,Sync,3604.45,1762586117041,21.0.3.17,false,128,2.10,InvokeFunction,,,LATEST,1-690eee05-0c0a43-a5000e87ad66,OnDemand,,,0.60,,"{""errorType"":""FunctionAbnormalExitError""}"
,FD072B701FB25CCB50AFAA9BF1412E0E-15,1762586120,FCRequestMetrics:/n-matmul-128,294,294,,,19206.75,n-matmul-128,false,c65bba6f3cbb,,c-690eeda5-0cf1abd9-b8d6081b6434,1762586101175,Sync,19210.19,1762586101174,21.0.3.7,false,128,22.27,InvokeFunction,,,LATEST,1-690eedf5-0c49fa-eaf719474fc8,OnDemand,,,1.48,
,4FAE5B4F008068850E6D6E0BE6E4223E-14,1762586121,FCRequestMetrics:/n-matmul-128,289,289,,,18626.16,n-matmul-128,false,aeecc0ec331a,,c-690eeda5-0cf1abd9-8673b5017294,1762586102891,Sync,18628.24,1762586102889,21.0.3.11,false,128,22.43,InvokeFunction,,,LATEST,1-690eedf6-0c49fa-6caa30b1c29d,OnDemand,,,1.24,
,869DF173F19FB37007A48145CD0630D0-16,1762586121,FCRequestMetrics:/n-matmul-128,286,286,,,17873.91,n-matmul-128,false,f71765104eb6,,c-690eed96-0cf1abd9-4b21baf34b2d,1762586103314,Sync,17883.65,1762586103312,21.0.3.12,false,128,29.82,InvokeFunction,,,LATEST,1-690eedf7-0c49fa-153ac92dd81d,OnDemand,,,1.29,
,7CD416EB1ACE12AA7AC4343AE959C347-10,1762586121,FCRequestMetrics:/n-matmul-128,298,298,,,21841.10,n-matmul-128,false,ae49e46b8d18,,c-690eedaf-0cf1abd9-be78ecad56f3,1762586099459,Sync,21842.62,1762586099458,21.0.3.17,false,128,26.84,InvokeFunction,,,LATEST,1-690eedf3-0c0a43-ebbe5c57fe5f,OnDemand,,,0.64,
,BA5A16F182CE3ABF620021ACFE7D7011-1B,1762586121,FCRequestMetrics:/n-matmul-128,282,282,,,13055.20,n-matmul-128,false,bb393646e560,,c-690eed96-0cf1abd9-3dded35d4062,1762586108516,Sync,13060.76,1762586108514,21.0.3.8,false,128,27.24,InvokeFunction,,,LATEST,1-690eedfc-0c49fa-141c81c5585b,OnDemand,,,1.27,
,E70120467209C5072F9BAC96939FF425-1E,1762586121,FCRequestMetrics:/n-matmul-128,292,292,,,15772.13,n-matmul-128,false,57a49bda52a7,,c-690eed85-0cf1abd9-89090d6612f0,1762586106125,Sync,15774.32,1762586106124,21.0.3.8,false,128,32.20,InvokeFunction,,,LATEST,1-690eedfa-0c49fa-3d3bc56fdaf6,OnDemand,,,1.26,
,40D0187C79EB93AE6164DB021EB45BA3-1B,1762586121,FCRequestMetrics:/n-matmul-128,285,285,,,13630.16,n-matmul-128,false,c2355a18488a,,c-690eed8d-0cf1abd9-4bc4ed912672,1762586108188,Sync,13634.60,1762586108187,21.0.3.19,false,128,29.44,InvokeFunction,,,LATEST,1-690eedfc-0c0a43-5775b448e1a8,OnDemand,,,0.60,
,F1380D3BB03512FD19661F5DE4097BAA-1A,1762586121,FCRequestMetrics:/n-matmul-128,290,290,,,14771.50,n-matmul-128,false,5c25a51ee6b0,,c-690eed8d-0cf1abd9-90163845d713,1762586106809,Sync,14773.08,1762586106808,21.0.3.18,false,128,27.48,InvokeFunction,,,LATEST,1-690eedfa-0c0a43-0f60bcb3b9e2,OnDemand,,,0.61,
,6C640CB721ED8B0BF85E5FE5C8E7D61E-1B,1762586121,FCRequestMetrics:/n-matmul-128,287,287,,,14307.22,n-matmul-128,false,2f5080738346,,c-690eed8d-0cf1abd9-670e404d2849,1762586107482,Sync,14309.49,1762586107480,21.0.3.9,false,128,27.85,InvokeFunction,,,LATEST,1-690eedfb-0c49fa-dc9346884688,OnDemand,,,1.29,
,62FA41B7FF8249B4D088B827B9DA2023-14,1762586121,FCRequestMetrics:/n-matmul-128,299,299,,,0.04,n-matmul-128,true,556831e46ae8,,c-690eedb0-0cf1abd9-551cbd21126d,1762586118204,Sync,3322.24,1762586118203,21.0.3.27,false,128,2.12,InvokeFunction,,,LATEST,1-690eee06-0c0a43-cb0a9dad381e,OnDemand,,,0.64,,"{""errorType"":""FunctionAbnormalExitError""}"
,1A53D7BA4C6855BB7F6F66CB757FBC63-13,1762586121,FCRequestMetrics:/n-matmul-128,293,293,,,0.04,n-matmul-128,true,a75e3f2d1f77,,c-690eedad-0cf1abd9-5a75b37e305c,1762586117348,Sync,3808.32,1762586117347,21.0.3.22,false,128,4.21,InvokeFunction,,,LATEST,1-690eee05-0c49fa-f548d9daac36,OnDemand,,,1.43,,"{""errorType"":""FunctionAbnormalExitError""}"
,A01F74AEDFA9F5E4A11A4BE6ACD824B6-15,1762586121,FCRequestMetrics:/n-matmul-128,283,283,,,17092.32,n-matmul-128,false,93947e474c66,,c-690eeda9-0cf1abd9-2c67b590b375,1762586104862,Sync,17096.83,1762586104861,21.0.3.9,false,128,21.91,InvokeFunction,,,LATEST,1-690eedf8-0c49fa-0e5f14736f95,OnDemand,,,1.31,
,A8D6FAD4E028404BF2BEFFDF098DE909-18,1762586121,FCRequestMetrics:/n-matmul-128,285,285,,,17500.76,n-matmul-128,false,88656d0a707e,,c-690eed96-0cf1abd9-5f48bbab96ce,1762586103873,Sync,17510.70,1762586103871,21.0.3.23,false,128,25.93,InvokeFunction,,,LATEST,1-690eedf7-0c49fa-e183986d39be,OnDemand,,,1.42,
,92B3129F074210C7D1784E258F56EC8E-1B,1762586121,FCRequestMetrics:/n-matmul-128,289,289,,,14938.19,n-matmul-128,false,54fdf7469d4b,,c-690eed8d-0cf1abd9-e3d670f7e404,1762586106513,Sync,14939.67,1762586106512,21.0.3.16,false,128,29.52,InvokeFunction,,,LATEST,1-690eedfa-0c0a43-b37751b82cba,OnDemand,,,0.57,
,A06E7E0CFCC4CBB6E3216BDC51950A35-10,1762586122,FCRequestMetrics:/n-matmul-128,297,297,,,22723.36,n-matmul-128,false,3c1958efb8c7,,c-690eedaf-0cf1abd9-0cfd58b0d20a,1762586099901,Sync,22726.58,1762586099899,21.0.3.21,false,128,26.80,InvokeFunction,,,LATEST,1-690eedf3-0c49fa-bddf9e5bccce,OnDemand,,,1.41,
,449AAF96D79A79AF83974EE81F7DD00B-15,1762586122,FCRequestMetrics:/n-matmul-128,283,283,,,17401.14,n-matmul-128,false,93d7ca5c9fd9,,c-690eeda9-0cf1abd9-3515fa693e5b,1762586104853,Sync,17403.35,1762586104851,21.0.3.13,false,128,21.64,InvokeFunction,,,LATEST,1-690eedf8-0c49fa-9a0830628beb,OnDemand,,,0.99,
,609BB87232F313E7E1EE3C8255B3B0B3-1E,1762586122,FCRequestMetrics:/n-matmul-128,285,285,,,14517.06,n-matmul-128,false,3722a439771f,,c-690eed85-0cf1abd9-2c911ea6008b,1762586108293,Sync,14527.99,1762586108292,21.0.3.10,false,128,32.36,InvokeFunction,,,LATEST,1-690eedfc-0c0a43-dc5fe555b731,OnDemand,,,0.56,
,0048D2107E68C0AF59F0E03E3C5D236C-14,1762586122,FCRequestMetrics:/n-matmul-128,283,283,,,17207.95,n-matmul-128,false,aeee4fbdde24,,c-690eeda9-0cf1abd9-80c24ee76e6d,1762586104862,Sync,17209.64,1762586104861,21.0.3.8,false,128,22.00,InvokeFunction,,,LATEST,1-690eedf8-0c0a43-33123c473864,OnDemand,,,0.53,
,F658B3CD8413B0D988AE185DF0BE18DD-1A,1762586122,FCRequestMetrics:/n-matmul-128,289,289,,,15106.89,n-matmul-128,false,959cca596465,,c-690eed8d-0cf1abd9-0ed53fa70580,1762586107109,Sync,15109.10,1762586107107,21.0.3.13,false,128,29.14,InvokeFunction,,,LATEST,1-690eedfb-0c49fa-134c92d47887,OnDemand,,,1.36,
,3C976305C481D3458F52892B2010ED59-1B,1762586122,FCRequestMetrics:/n-matmul-128,285,285,,,14694.90,n-matmul-128,false,2413d1c7f8a6,,c-690eed8d-0cf1abd9-366b26390b4b,1762586107891,Sync,14699.30,1762586107890,21.0.3.14,false,128,29.61,InvokeFunction,,,LATEST,1-690eedfb-0c0a43-1f35c3775a0f,OnDemand,,,0.63,
,89A99D9D400C280F26AE53AA7EA46C06-15,1762586122,FCRequestMetrics:/n-matmul-128,291,291,,,20554.01,n-matmul-128,false,1c1689fc6c14,,c-690eeda8-0cf1abd9-538823368ffc,1762586101573,Sync,20561.56,1762586101572,21.0.3.2,false,128,22.04,InvokeFunction,,,LATEST,1-690eedf5-0c0a43-3de76e647274,OnDemand,,,0.75,
,BE75DB22015500E11A374D96AAD193DE-1C,1762586122,FCRequestMetrics:/n-matmul-128,286,286,,,15022.37,n-matmul-128,false,14ce103419c8,,c-690eed8d-0cf1abd9-d2956975d9ee,1762586107578,Sync,15024.08,1762586107577,21.0.3.23,false,128,23.77,InvokeFunction,,,LATEST,1-690eedfb-0c0a43-67c91df0cd05,OnDemand,,,0.55,
,3DBA81FE1FDC810A3B598CDA1A88AB60-1A,1762586122,FCRequestMetrics:/n-matmul-128,283,283,,,17990.50,n-matmul-128,false,6b13c5a9a7ea,,c-690eed8d-0cf1abd9-58271c35b033,1762586104860,Sync,17992.61,1762586104859,21.0.3.23,false,128,27.76,InvokeFunction,,,LATEST,1-690eedf8-0c49fa-4c3688f755fd,OnDemand,,,1.12,
,341217B393C4786CD864233CF7C20236-15,1762586123,FCRequestMetrics:/n-matmul-128,283,283,,,18170.35,n-matmul-128,false,ded7b9e2f367,,c-690eeda9-0cf1abd9-4a4f092aecb1,1762586104853,Sync,18172.88,1762586104851,21.0.3.12,false,128,22.65,InvokeFunction,,,LATEST,1-690eedf8-0c49fa-925c395676cf,OnDemand,,,1.15,
,00F741ED552D957855AA9DEA31925A77-1E,1762586123,FCRequestMetrics:/n-matmul-128,279,279,,,13892.72,n-matmul-128,false,478f63eb8cbf,,c-690eed85-0cf1abd9-026f6407b0f7,1762586109158,Sync,13895.10,1762586109156,21.0.3.17,false,128,22.36,InvokeFunction,,,LATEST,1-690eedfd-0c49fa-2e231afea546,OnDemand,,,1.40,
,92F96CFC59521BF63B429A4C99FA99CB-20,1762586123,FCRequestMetrics:/n-matmul-128,285,285,,,14958.77,n-matmul-128,false,b73e8dfdb3e1,,c-690eed85-0cf1abd9-c0e8aad62b67,1762586108234,Sync,14961.06,1762586108233,21.0.3.3,false,128,27.30,InvokeFunction,,,LATEST,1-690eedfc-0c0a43-3c7e583a27c4,OnDemand,,,0.55,
,268F3D3C46E38184A5EB5CF616A731E0-1A,1762586123,FCRequestMetrics:/n-matmul-128,283,283,,,18994.82,n-matmul-128,false,0833dc1a5c1e,,c-690eed84-0cf1abd9-aec18b43eff0,1762586104867,Sync,19008.32,1762586104866,21.0.3.21,false,128,27.06,InvokeFunction,,,LATEST,1-690eedf8-0c0a43-a8153a365e1c,OnDemand,,,0.46,
,E473C3EB473436CCADF8096E8D0D2C42-18,1762586123,FCRequestMetrics:/n-matmul-128,292,292,,,17227.82,n-matmul-128,false,aa865b939cef,,c-690eed96-0cf1abd9-6da66350de26,1762586105822,Sync,17232.81,1762586105819,21.0.3.16,false,128,28.13,InvokeFunction,,,LATEST,1-690eedf9-0c49fa-77723166b955,OnDemand,,,1.52,
,C1412826A6236A7731C90A92F9B4B0CE-1A,1762586123,FCRequestMetrics:/n-matmul-128,290,290,,,26862.05,n-matmul-128,false,44ace84c5429,,c-690eed83-0cf1abd9-ef3a29fe5f2e,1762586096257,Sync,26864.85,1762586096257,21.0.3.16,false,128,27.38,InvokeFunction,,,LATEST,1-690eedf0-0c0a43-bad342d90149,OnDemand,,,0.49,
,D19DEB46D930B5FFB4880807275B0C84-1B,1762586123,FCRequestMetrics:/n-matmul-128,275,275,,,13556.49,n-matmul-128,false,469834073b90,,c-690eed96-0cf1abd9-e8d8f0ec69a4,1762586110248,Sync,13558.45,1762586110247,21.0.3.11,false,128,29.82,InvokeFunction,,,LATEST,1-690eedfe-0c0a43-c9dd45a582cf,OnDemand,,,0.65,
,726276DB65DF441CF9FFA978FD3617F1-15,1762586123,FCRequestMetrics:/n-matmul-128,283,283,,,18902.67,n-matmul-128,false,56d2cb735fb5,,c-690eeda5-0cf1abd9-411ea4a01e98,1762586104861,Sync,18904.64,1762586104860,21.0.3.6,false,128,24.23,InvokeFunction,,,LATEST,1-690eedf8-0c0a43-3da1043638d2,OnDemand,,,0.47,
,40DA133401D2DE8F12DE87799711FD83-19,1762586123,FCRequestMetrics:/n-matmul-128,292,292,,,17363.95,n-matmul-128,false,f97fe124d699,,c-690eed96-0cf1abd9-bad3da0c0cfe,1762586106189,Sync,17368.82,1762586106187,21.0.3.15,false,128,27.54,InvokeFunction,,,LATEST,1-690eedfa-0c49fa-d4f00e53a2d1,OnDemand,,,1.26,
,7C3C6C39706B9E9A5E45EA0795F361E3-1C,1762586123,FCRequestMetrics:/n-matmul-128,277,277,,,14065.13,n-matmul-128,false,daf840027305,,c-690eed8d-0cf1abd9-998f2d849ede,1762586109768,Sync,14066.97,1762586109767,21.0.3.14,false,128,25.68,InvokeFunction,,,LATEST,1-690eedfd-0c0a43-9490a45e645c,OnDemand,,,0.63,
,13CEFE53DDF944F177E0AA28B5E28265-1A,1762586123,FCRequestMetrics:/n-matmul-128,286,286,,,26886.73,n-matmul-128,false,feed6d3496d7,,c-690eed84-0cf1abd9-08aca33fd588,1762586096226,Sync,26888.79,1762586096225,21.0.3.20,false,128,21.93,InvokeFunction,,,LATEST,1-690eedf0-0c49fa-ae1622d847e6,OnDemand,,,0.91,
,C89BB40F9F2CADB4731EC7F783EB66CB-19,1762586123,FCRequestMetrics:/n-matmul-128,296,296,,,27378.51,n-matmul-128,false,bdcfaeabdc01,,c-690eed83-0cf1abd9-c120bfdd5d8b,1762586096468,Sync,27384.34,1762586096466,21.0.3.14,false,128,27.78,InvokeFunction,,,LATEST,1-690eedf0-0c49fa-10537be9b6be,OnDemand,,,1.37,
,534453451D1297DCF31D88EE6739800C-13,1762586123,FCRequestMetrics:/n-matmul-128,294,294,,,0.04,n-matmul-128,true,ecc43da18039,,c-690eedaf-0cf1abd9-a039e34a4c5a,1762586118868,Sync,4135.21,1762586118867,21.0.3.19,false,128,2.24,InvokeFunction,,,LATEST,1-690eee06-0c49fa-b63c9cbb5040,OnDemand,,,0.90,,"{""errorType"":""FunctionAbnormalExitError""}"
,3641BD03B2EDD337A1E5E07D16D4DE1D-1C,1762586123,FCRequestMetrics:/n-matmul-128,276,276,,,14118.14,n-matmul-128,false,74c2be7ed7bc,,c-690eed8d-0cf1abd9-611a2133a545,1762586109433,Sync,14119.59,1762586109432,21.0.3.24,false,128,27.59,InvokeFunction,,,LATEST,1-690eedfd-0c0a43-3a31feea69a8,OnDemand,,,0.56,
,F8B25C5CA1AC44682E9155B471DB8F1A-12,1762586123,FCRequestMetrics:/n-matmul-128,288,288,,,0.04,n-matmul-128,true,9f59c904e38b,,c-690eedad-0cf1abd9-c2fbfc23fb52,1762586117845,Sync,5213.03,1762586117844,21.0.3.21,false,128,2.08,InvokeFunction,,,LATEST,1-690eee05-0c49fa-7d1d2dc3ed7e,OnDemand,,,1.13,,"{""errorType"":""FunctionAbnormalExitError""}"
,6119C18E1BE462F8234B40F7752AC57D-13,1762586123,FCRequestMetrics:/n-matmul-128,296,296,,,0.04,n-matmul-128,true,19e9b19f0963,,c-690eedaf-0cf1abd9-3747d5e10ccc,1762586119113,Sync,4024.61,1762586119112,21.0.3.22,false,128,2.25,InvokeFunction,,,LATEST,1-690eee07-0c0a43-d43e4b910876,OnDemand,,,0.58,,"{""errorType"":""FunctionAbnormalExitError""}"
,72B0763C812343F54C4768A450A14952-1C,1762586123,FCRequestMetrics:/n-matmul-128,276,276,,,14592.32,n-matmul-128,false,cf26af28e3d5,,c-690eed8d-0cf1abd9-53316fbc9c29,1762586109357,Sync,14594.57,1762586109357,21.0.3.21,false,128,27.81,InvokeFunction,,,LATEST,1-690eedfd-0c0a43-b5c330ddf796,OnDemand,,,0.51,
,ADA2C4513DB513B16C4AA68C1E56B16B-15,1762586123,FCRequestMetrics:/n-matmul-128,283,283,,,18375.83,n-matmul-128,false,2e0db407e217,,c-690eeda5-0cf1abd9-e05cdb244a89,1762586104855,Sync,18384.38,1762586104855,21.0.3.9,false,128,24.18,InvokeFunction,,,LATEST,1-690eedf8-0c0a43-20ff05e5b1b5,OnDemand,,,0.60,
,45C231C50F27C559EE3EBEA6F712A3AA-15,1762586123,FCRequestMetrics:/n-matmul-128,283,283,,,18390.20,n-matmul-128,false,0d4cb4afdc65,,c-690eeda5-0cf1abd9-4b4673a66774,1762586104855,Sync,18395.43,1762586104854,21.0.3.8,false,128,22.24,InvokeFunction,,,LATEST,1-690eedf8-0c49fa-7ca93d2b2c2e,OnDemand,,,0.77,
,E3A10F33112D22B99CDFAE6B3DA5F427-1F,1762586124,FCRequestMetrics:/n-matmul-128,280,280,,,15688.06,n-matmul-128,false,7c04ccbbdae4,,c-690eed85-0cf1abd9-4dc3fba76450,1762586109071,Sync,15689.77,1762586109070,21.0.3.9,false,128,31.83,InvokeFunction,,,LATEST,1-690eedfd-0c0a43-c62bcdff31c4,OnDemand,,,0.60,
,BB17D3743CC1FDE60F1345598BDCEFD7-15,1762586124,FCRequestMetrics:/n-matmul-128,285,285,,,17788.29,n-matmul-128,false,82ac2eb2520e,,c-690eeda9-0cf1abd9-476f20890ba2,1762586107183,Sync,17793.14,1762586107182,21.0.3.11,false,128,24.14,InvokeFunction,,,LATEST,1-690eedfb-0c0a43-c34f51980ca9,OnDemand,,,0.45,
,CEBE4DE47CD58B3FB8C58509A1292CE6-1E,1762586124,FCRequestMetrics:/n-matmul-128,282,282,,,16374.98,n-matmul-128,false,f06ea0952339,,c-690eed85-0cf1abd9-158fa1fe0ffd,1762586108517,Sync,16376.77,1762586108516,21.0.3.14,false,128,32.68,InvokeFunction,,,LATEST,1-690eedfc-0c49fa-90033cf800b4,OnDemand,,,0.92,
,46452AD4646881BB08C6B59B48AEDFBA-1B,1762586124,FCRequestMetrics:/n-matmul-128,275,275,,,14279.34,n-matmul-128,false,db5d7adaa422,,c-690eed8d-0cf1abd9-7d73f845b0a5,1762586110679,Sync,14281.90,1762586110678,21.0.3.12,false,128,29.75,InvokeFunction,,,LATEST,1-690eedfe-0c49fa-d66da73da3d2,OnDemand,,,1.14,
,8BD4AD9E3D09406FDF72A2C557E65602-1B,1762586124,FCRequestMetrics:/n-matmul-128,275,275,,,13821.65,n-matmul-128,false,b921ac706f30,,c-690eed8d-0cf1abd9-a5d5bfafa5f0,1762586110311,Sync,13826.33,1762586110309,21.0.3.20,false,128,29.48,InvokeFunction,,,LATEST,1-690eedfe-0c49fa-7200eef8ab5a,OnDemand,,,1.47,
,81EF45F19FD54F5A67E812650F7D4DE6-1D,1762586124,FCRequestMetrics:/n-matmul-128,275,275,,,13644.54,n-matmul-128,false,4c9cc9d70b19,,c-690eed8d-0cf1abd9-586cb2c3c780,1762586110701,Sync,13650.01,1762586110700,21.0.3.12,false,128,23.70,InvokeFunction,,,LATEST,1-690eedfe-0c49fa-511c0fcdf9c8,OnDemand,,,1.24,
,6103DB4D384590E61A6F2F19F6C5AA12-1A,1762586124,FCRequestMetrics:/n-matmul-128,290,290,,,18515.63,n-matmul-128,false,4bf26ccbfd63,,c-690eed96-0cf1abd9-33d753346913,1762586106376,Sync,18517.43,1762586106375,21.0.3.2,false,128,27.49,InvokeFunction,,,LATEST,1-690eedfa-0c0a43-9eba4289f2e1,OnDemand,,,0.55,
,D51D20527F4C644906559B128F1C851C-13,1762586124,FCRequestMetrics:/n-matmul-128,298,298,,,0.10,n-matmul-128,true,c1c1a459d69d,,c-690eedad-0cf1abd9-b4f03fd3a358,1762586118245,Sync,5948.30,1762586118068,21.0.3.27,false,128,2.12,InvokeFunction,,,LATEST,1-690eee06-0c49fa-5688f4a70862,OnDemand,,,176.39,,"{""errorType"":""FunctionAbnormalExitError""}"
,D327063AE1B1A8A40B8F203869F3086F-13,1762586124,FCRequestMetrics:/n-matmul-128,298,298,,,0.10,n-matmul-128,true,357f8c96fd4d,,c-690eedad-0cf1abd9-c9eee6f52450,1762586118260,Sync,5990.56,1762586118258,21.0.3.24,false,128,2.12,InvokeFunction,,,LATEST,1-690eee06-0c49fa-89d577e7e6a8,OnDemand,,,1.35,,"{""errorType"":""FunctionAbnormalExitError""}"
,8A2A2BA029F638783B43D48CB01B0C65-19,1762586124,FCRequestMetrics:/n-matmul-128,292,292,,,18665.88,n-matmul-128,false,9f79c2d0c5f2,,c-690eed96-0cf1abd9-e99fca3da2c1,1762586105583,Sync,18677.23,1762586105582,21.0.3.2,false,128,29.45,InvokeFunction,,,LATEST,1-690eedf9-0c0a43-7b0547ecd3f9,OnDemand,,,0.58,
,E25E5AC81214735572C3101D35F1B078-1B,1762586124,FCRequestMetrics:/n-matmul-128,274,274,,,14093.66,n-matmul-128,false,23a95b7b22dd,,c-690eed8d-0cf1abd9-05804b5e6825,1762586109928,Sync,14095.00,1762586109927,21.0.3.17,false,128,21.88,InvokeFunction,,,LATEST,1-690eedfd-0c0a43-03802188bac2,OnDemand,,,0.55,
,E70120467209C5072F9BAC96939FF425-21,1762586124,FCRequestMetrics:/n-matmul-128,296,296,,,0.07,n-matmul-128,true,57a49bda52a7,,c-690eed85-0cf1abd9-89090d6612f0,1762586121939,Sync,2775.72,1762586121937,21.0.3.8,false,128,2.18,InvokeFunction,,,LATEST,1-690eee09-0c49fa-cbdbd7a6bb8b,OnDemand,,,1.52,,"{""errorType"":""FunctionAbnormalExitError""}"
,E6C8A3E89807930B60F307F6EAB50F00-13,1762586124,FCRequestMetrics:/n-matmul-128,296,296,,,0.03,n-matmul-128,true,c9f8599ed144,,c-690eedad-0cf1abd9-33c85c00b730,1762586119101,Sync,5587.57,1762586119099,21.0.3.20,false,128,2.11,InvokeFunction,,,LATEST,1-690eee07-0c49fa-0c065f19c133,OnDemand,,,1.36,,"{""errorType"":""FunctionAbnormalExitError""}"
,1CEDCBDB1E088C8CB4C3FA3109C6E820-13,1762586124,FCRequestMetrics:/n-matmul-128,297,297,,,0.03,n-matmul-128,true,923fec13e813,,c-690eedad-0cf1abd9-b681c919879f,1762586119377,Sync,5341.23,1762586119376,21.0.3.25,false,128,2.21,InvokeFunction,,,LATEST,1-690eee07-0c49fa-ba81e5138bba,OnDemand,,,1.41,,"{""errorType"":""FunctionAbnormalExitError""}"
,CBEBEE735FA2FF6333D0144E3B04208F-13,1762586124,FCRequestMetrics:/n-matmul-128,297,297,,,0.04,n-matmul-128,true,5205f404b91e,,c-690eedaf-0cf1abd9-dbdd1b76a908,1762586120038,Sync,4607.51,1762586120037,21.0.3.24,false,128,2.08,InvokeFunction,,,LATEST,1-690eee08-0c0a43-b751faff01a9,OnDemand,,,0.59,,"{""errorType"":""FunctionAbnormalExitError""}"
,3BEF1FB49BB1EEA673FE9EF39C7658DF-13,1762586124,FCRequestMetrics:/n-matmul-128,293,293,,,0.03,n-matmul-128,true,bd8589a527e0,,c-690eedaf-0cf1abd9-f823ec7b2052,1762586119890,Sync,4654.57,1762586119889,21.0.3.18,false,128,2.08,InvokeFunction,,,LATEST,1-690eee07-0c0a43-c5652c6d5bae,OnDemand,,,0.50,,"{""errorType"":""FunctionAbnormalExitError""}"
,4918E550A646204E9DB0726A28549557-13,1762586124,FCRequestMetrics:/n-matmul-128,293,293,,,0.03,n-matmul-128,true,0541fa6913b9,,c-690eedae-0cf1abd9-5f54346fcb4d,1762586119895,Sync,5029.98,1762586119894,21.0.3.15,false,128,2.25,InvokeFunction,,,LATEST,1-690eee07-0c0a43-f5864bea416a,OnDemand,,,0.45,,"{""errorType"":""FunctionAbnormalExitError""}"
,D18734D858301861EC9B1A728F760677-12,1762586124,FCRequestMetrics:/n-matmul-128,295,295,,,0.05,n-matmul-128,true,c5bf669e63a0,,c-690eedaf-0cf1abd9-3f99b24b664d,1762586120921,Sync,3970.23,1762586120919,21.0.3.20,false,128,2.20,InvokeFunction,,,LATEST,1-690eee08-0c0a43-6bf411f43704,OnDemand,,,0.62,,"{""errorType"":""FunctionAbnormalExitError""}"
,5631503C851C331FBCC55A7B595279F5-1D,1762586124,FCRequestMetrics:/n-matmul-128,275,275,,,14146.50,n-matmul-128,false,dd31d4d13109,,c-690eed96-0cf1abd9-3b123f53c475,1762586110704,Sync,14148.75,1762586110702,21.0.3.2,false,128,27.39,InvokeFunction,,,LATEST,1-690eedfe-0c49fa-ffd43c9afb88,OnDemand,,,1.11,
,35684BB25099CBEDA839F3453B345BB7-1B,1762586124,FCRequestMetrics:/n-matmul-128,279,279,,,15182.33,n-matmul-128,false,4704e96ceb34,,c-690eed8d-0cf1abd9-0b031bc7876b,1762586109325,Sync,15184.62,1762586109323,21.0.3.16,false,128,27.65,InvokeFunction,,,LATEST,1-690eedfd-0c49fa-1495ce80d8e1,OnDemand,,,1.38,
,B3D0E276D29FCA59C6A2FD9A6053BFF8-1B,1762586125,FCRequestMetrics:/n-matmul-128,285,285,,,13875.46,n-matmul-128,false,8f00d7dabb61,,c-690eed96-0cf1abd9-f9cad621699b,1762586111366,Sync,13877.35,1762586111364,21.0.3.19,false,128,29.21,InvokeFunction,,,LATEST,1-690eedff-0c49fa-807ae1c7e632,OnDemand,,,1.03,
,41C8E8C026B88A3FDC7027A22DD65441-1E,1762586125,FCRequestMetrics:/n-matmul-128,278,278,,,15464.17,n-matmul-128,false,0e85519b1ae8,,c-690eed85-0cf1abd9-a830e80c9d58,1762586109578,Sync,15478.72,1762586109578,21.0.3.12,false,128,31.99,InvokeFunction,,,LATEST,1-690eedfd-0c0a43-f449b899e153,OnDemand,,,0.54,
,4D0C87630DE75182644B9E4D5295586B-1F,1762586125,FCRequestMetrics:/n-matmul-128,277,277,,,15499.07,n-matmul-128,false,ce613473cf37,,c-690eed85-0cf1abd9-2f0a1317ca81,1762586109988,Sync,15513.29,1762586109987,21.0.3.11,false,128,32.11,InvokeFunction,,,LATEST,1-690eedfd-0c49fa-52f2eeda314d,OnDemand,,,1.41,
,06C1AECF0F54657A09035580DC6D0DB0-1C,1762586125,FCRequestMetrics:/n-matmul-128,292,292,,,14180.04,n-matmul-128,false,d73180f2ad0e,,c-690eed8d-0cf1abd9-22bbe3b454d8,1762586111746,Sync,14182.38,1762586111745,21.0.3.22,false,128,27.10,InvokeFunction,,,LATEST,1-690eedff-0c49fa-5f9344ef06d3,OnDemand,,,1.36,
,93707F44FB1ABD7F0A822267F35A408A-16,1762586125,FCRequestMetrics:/n-matmul-128,283,283,,,20285.13,n-matmul-128,false,5c8e9d42bd7e,,c-690eeda8-0cf1abd9-b92e6a52596f,1762586104857,Sync,20301.08,1762586104855,21.0.3.3,false,128,24.28,InvokeFunction,,,LATEST,1-690eedf8-0c49fa-9345ecbd220c,OnDemand,,,1.04,
,E3C9ED0B2534F08C4630863A71EE6115-1B,1762586125,FCRequestMetrics:/n-matmul-128,291,291,,,12716.92,n-matmul-128,false,87674caf583b,,c-690eed96-0cf1abd9-ae05907d43ad,1762586112523,Sync,12719.04,1762586112522,21.0.3.12,false,128,27.34,InvokeFunction,,,LATEST,1-690eee00-0c49fa-8da06674c0b4,OnDemand,,,1.16,
,1715E5CEAB8367704C4CBAEA4FB2B3A5-1A,1762586125,FCRequestMetrics:/n-matmul-128,286,286,,,27198.78,n-matmul-128,false,d9e930eac608,,c-690eed83-0cf1abd9-acea5d3aee77,1762586097869,Sync,27203.19,1762586097867,21.0.3.22,false,128,23.98,InvokeFunction,,,LATEST,1-690eedf1-0c49fa-b36f318652b4,OnDemand,,,1.43,
,4E6EE341D6B7F4B5F00204E676B0421F-16,1762586125,FCRequestMetrics:/n-matmul-128,275,275,,,15097.08,n-matmul-128,false,511d80c68358,,c-690eed8d-0cf1abd9-efed7d33773f,1762586110683,Sync,15099.14,1762586110682,21.0.3.18,false,128,27.58,InvokeFunction,,,LATEST,1-690eedfe-0c49fa-e2c509cc01b0,OnDemand,,,1.10,
,3264C158E2D5E5DEFE085BA619A247E7-1B,1762586125,FCRequestMetrics:/n-matmul-128,283,283,,,14197.07,n-matmul-128,false,0f7eccb6ce30,,c-690eed96-0cf1abd9-e222a82ad173,1762586111570,Sync,14199.38,1762586111569,21.0.3.4,false,128,27.61,InvokeFunction,,,LATEST,1-690eedff-0c49fa-173d9ac6ae50,OnDemand,,,1.14,
,471A481607C500A90EF8B2AC1EAC6971-14,1762586125,FCRequestMetrics:/n-matmul-128,279,279,,,16496.37,n-matmul-128,false,a2663941b4ef,,c-690eeda9-0cf1abd9-11dd72d57456,1762586109294,Sync,16500.27,1762586109293,21.0.3.17,false,128,22.14,InvokeFunction,,,LATEST,1-690eedfd-0c49fa-bbd5bcc9d32a,OnDemand,,,1.15,
,DB24A72FC77702D7D653E666A3F5E890-1A,1762586125,FCRequestMetrics:/n-matmul-128,287,287,,,27091.09,n-matmul-128,false,b1264e2772ef,,c-690eed83-0cf1abd9-7df724ab21a7,1762586097992,Sync,27096.33,1762586097990,21.0.3.17,false,128,29.46,InvokeFunction,,,LATEST,1-690eedf1-0c49fa-d64ff72d0c12,OnDemand,,,1.38,
,4DF5713F052ED08D8FF3A9FDE56D7F83-1A,1762586125,FCRequestMetrics:/n-matmul-128,283,283,,,27180.89,n-matmul-128,false,be9fec8342f8,,c-690eed83-0cf1abd9-b75a5db2845a,1762586098476,Sync,27183.52,1762586098475,21.0.3.21,false,128,29.41,InvokeFunction,,,LATEST,1-690eedf2-0c49fa-f44e774549ad,OnDemand,,,0.86,
,C7D2A82C4522CA8A251B518A5412EBB2-1B,1762586125,FCRequestMetrics:/n-matmul-128,285,285,,,14291.02,n-matmul-128,false,4b354849f527,,c-690eed96-0cf1abd9-72da89fa2b61,1762586111670,Sync,14294.04,1762586111669,21.0.3.21,false,128,29.63,InvokeFunction,,,LATEST,1-690eedff-0c0a43-83294257c4bf,OnDemand,,,0.54,
,4144839320AC12CCDB04B923E734740F-1C,1762586125,FCRequestMetrics:/n-matmul-128,285,285,,,26830.84,n-matmul-128,false,f2237be86146,,c-690eed84-0cf1abd9-d791d9e182fe,1762586098536,Sync,26832.94,1762586098535,21.0.3.25,false,128,27.48,InvokeFunction,,,LATEST,1-690eedf2-0c49fa-c55c528b9b49,OnDemand,,,1.22,
,890DC515470C0D64B7BCB1DEAC8D6597-1B,1762586125,FCRequestMetrics:/n-matmul-128,289,289,,,13988.61,n-matmul-128,false,ed39d36f7908,,c-690eed96-0cf1abd9-0e620186c5f3,1762586111326,Sync,13989.90,1762586111325,21.0.3.25,false,128,31.71,InvokeFunction,,,LATEST,1-690eedff-0c0a43-226733e92e21,OnDemand,,,0.53,
,B2D9766D97B902C7A31498DC152CD74A-1B,1762586125,FCRequestMetrics:/n-matmul-128,288,288,,,26739.74,n-matmul-128,false,efd1785218e5,,c-690eed84-0cf1abd9-6314f848c25e,1762586098715,Sync,26742.89,1762586098714,21.0.3.18,false,128,29.37,InvokeFunction,,,LATEST,1-690eedf2-0c49fa-5b9ac9d59d11,OnDemand,,,1.35,
,9E1E21E8F76F062BA9CB76E20C2B83A4-1A,1762586125,FCRequestMetrics:/n-matmul-128,289,289,,,18789.09,n-matmul-128,false,59ec307a1758,,c-690eed96-0cf1abd9-aade4c0331ba,1762586107076,Sync,18793.73,1762586107074,21.0.3.3,false,128,27.59,InvokeFunction,,,LATEST,1-690eedfb-0c49fa-4abdc9b7a90d,OnDemand,,,1.38,
,7CD416EB1ACE12AA7AC4343AE959C347-13,1762586125,FCRequestMetrics:/n-matmul-128,297,297,,,0.03,n-matmul-128,true,ae49e46b8d18,,c-690eedaf-0cf1abd9-be78ecad56f3,1762586121348,Sync,3820.13,1762586121348,21.0.3.17,false,128,2.17,InvokeFunction,,,LATEST,1-690eee09-0c0a43-26767bb62359,OnDemand,,,0.57,,"{""errorType"":""FunctionAbnormalExitError""}"
,3E533AA8FAF2B84350E8C259DEC8E798-1C,1762586125,FCRequestMetrics:/n-matmul-128,285,285,,,13985.58,n-matmul-128,false,04c7bf8df02f,,c-690eed96-0cf1abd9-474755af5c04,1762586111372,Sync,13988.14,1762586111371,21.0.3.10,false,128,27.76,InvokeFunction,,,LATEST,1-690eedff-0c0a43-9d8fdda63245,OnDemand,,,0.72,
,DD2BC95C544ACAEDCAD224B59098EF74-1D,1762586125,FCRequestMetrics:/n-matmul-128,275,275,,,14451.78,n-matmul-128,false,845e91b6cf6b,,c-690eed8d-0cf1abd9-2a8cc4f964bf,1762586110698,Sync,14459.98,1762586110697,21.0.3.13,false,128,27.34,InvokeFunction,,,LATEST,1-690eedfe-0c49fa-598850f4d6f2,OnDemand,,,0.97,
,3433EFF5035DFC81D88241B3272689AA-1B,1762586125,FCRequestMetrics:/n-matmul-128,283,283,,,13540.72,n-matmul-128,false,c140f4eda296,,c-690eed96-0cf1abd9-4c27d9d9f1af,1762586111590,Sync,13544.00,1762586111589,21.0.3.13,false,128,27.12,InvokeFunction,,,LATEST,1-690eedff-0c0a43-575fca3a0d41,OnDemand,,,0.51,
,5D3028635C095A703267EC741BCFD73F-13,1762586125,FCRequestMetrics:/n-matmul-128,297,297,,,0.04,n-matmul-128,true,dcf997b4a460,,c-690eedad-0cf1abd9-22285122ab78,1762586119505,Sync,5776.17,1762586119503,21.0.3.23,false,128,2.26,InvokeFunction,,,LATEST,1-690eee07-0c49fa-9a5e008d019f,OnDemand,,,1.18,,"{""errorType"":""FunctionAbnormalExitError""}"
,A06E7E0CFCC4CBB6E3216BDC51950A35-12,1762586125,FCRequestMetrics:/n-matmul-128,294,294,,,0.04,n-matmul-128,true,3c1958efb8c7,,c-690eedaf-0cf1abd9-0cfd58b0d20a,1762586122728,Sync,2626.99,1762586122727,21.0.3.21,false,128,2.13,InvokeFunction,,,LATEST,1-690eee0a-0c49fa-3d4148e48c66,OnDemand,,,0.97,,"{""errorType"":""FunctionAbnormalExitError""}"
,DBD9CA05BB5AF635A4D2F2706778DAAB-13,1762586125,FCRequestMetrics:/n-matmul-128,295,295,,,0.03,n-matmul-128,true,afa22b97568b,,c-690eedad-0cf1abd9-3f62736c6e5e,1762586119668,Sync,5625.64,1762586119667,21.0.3.14,false,128,4.07,InvokeFunction,,,LATEST,1-690eee07-0c0a43-95f2f874ab62,OnDemand,,,0.48,,"{""errorType"":""FunctionAbnormalExitError""}"
,EE68EE4B972CEED0E744CF0F0F08C29D-13,1762586125,FCRequestMetrics:/n-matmul-128,297,297,,,0.03,n-matmul-128,true,a70b2e0d4697,,c-690eedad-0cf1abd9-2896c0f9f5f0,1762586120126,Sync,5549.77,1762586119902,21.0.3.19,false,128,4.13,InvokeFunction,,,LATEST,1-690eee07-0c0a43-6ee33a42d31b,OnDemand,,,223.75,,"{""errorType"":""FunctionAbnormalExitError""}"
,7C93FF0D333DC21F7F2F36A9AB89B027-13,1762586125,FCRequestMetrics:/n-matmul-128,295,295,,,0.03,n-matmul-128,true,7f50294cfbd1,,c-690eedad-0cf1abd9-a087dd1de86c,1762586119709,Sync,5629.90,1762586119707,21.0.3.18,false,128,2.08,InvokeFunction,,,LATEST,1-690eee07-0c49fa-95a3f30e6949,OnDemand,,,1.11,,"{""errorType"":""FunctionAbnormalExitError""}"
,2471E95300325BB840CC834AD5A3C6B6-19,1762586125,FCRequestMetrics:/n-matmul-128,287,287,,,17780.37,n-matmul-128,false,9df121cea42b,,c-690eed96-0cf1abd9-2911da29056d,1762586107405,Sync,17782.06,1762586107404,21.0.3.22,false,128,29.80,InvokeFunction,,,LATEST,1-690eedfb-0c0a43-a1de2cbb708c,OnDemand,,,0.59,
,521189B198D6C67402E1ED4D6E9E659F-13,1762586125,FCRequestMetrics:/n-matmul-128,295,295,,,0.03,n-matmul-128,true,727464a7e5d7,,c-690eedad-0cf1abd9-9ae3384bb76d,1762586120924,Sync,4275.40,1762586120923,21.0.3.26,false,128,2.12,InvokeFunction,,,LATEST,1-690eee08-0c0a43-1626f1a78c9a,OnDemand,,,0.50,,"{""errorType"":""FunctionAbnormalExitError""}"
,609BB87232F313E7E1EE3C8255B3B0B3-21,1762586125,FCRequestMetrics:/n-matmul-128,294,294,,,0.03,n-matmul-128,true,3722a439771f,,c-690eed85-0cf1abd9-2c911ea6008b,1762586122894,Sync,2562.71,1762586122892,21.0.3.10,false,128,2.09,InvokeFunction,,,LATEST,1-690eee0a-0c49fa-bf2d5cce3ea0,OnDemand,,,1.40,,"{""errorType"":""FunctionAbnormalExitError""}"
,7803A2A1C0E49F606CC22E511FDE78DB-15,1762586125,FCRequestMetrics:/n-matmul-128,292,292,,,19449.89,n-matmul-128,false,49cf98612b59,,c-690eeda8-0cf1abd9-c7ba121b8278,1762586106324,Sync,19464.67,1762586106323,21.0.3.9,false,128,22.22,InvokeFunction,,,LATEST,1-690eedfa-0c0a43-26de8317091b,OnDemand,,,0.56,
,ED8A5D906254A8A3D3B49041BA3A12A8-1B,1762586125,FCRequestMetrics:/n-matmul-128,285,285,,,14265.76,n-matmul-128,false,c3153ac2927e,,c-690eed96-0cf1abd9-dd35abc0aac0,1762586111672,Sync,14268.03,1762586111672,21.0.3.16,false,128,27.29,InvokeFunction,,,LATEST,1-690eedff-0c0a43-20a884ffffc5,OnDemand,,,0.45,
,C0840D5DBD9C524E4585C0BF295DBB3E-15,1762586125,FCRequestMetrics:/n-matmul-128,275,275,,,15260.18,n-matmul-128,false,25cf34898536,,c-690eeda9-0cf1abd9-9a1c5ad86428,1762586110694,Sync,15262.40,1762586110692,21.0.3.16,false,128,22.29,InvokeFunction,,,LATEST,1-690eedfe-0c49fa-745ff38f9be2,OnDemand,,,1.25,
,8FC1EA84A8F746A3A0AA748C26C7B25A-19,1762586126,FCRequestMetrics:/n-matmul-128,275,275,,,15756.31,n-matmul-128,false,76321eba944f,,c-690eed96-0cf1abd9-5bffc956dbf7,1762586110699,Sync,15758.81,1762586110698,21.0.3.18,false,128,30.01,InvokeFunction,,,LATEST,1-690eedfe-0c49fa-b1d915b47a1a,OnDemand,,,1.14,
,A1FCC418CEE0A473F1F5238048A7B3E8-15,1762586126,FCRequestMetrics:/n-matmul-128,282,282,,,17408.64,n-matmul-128,false,a01070cabcf1,,c-690eeda5-0cf1abd9-e5a4210c2073,1762586108587,Sync,17418.04,1762586108585,21.0.3.15,false,128,22.16,InvokeFunction,,,LATEST,1-690eedfc-0c49fa-25cce09ceb05,OnDemand,,,1.20,
,1B5486964AC6624C37E4AC052D573C0C-12,1762586126,FCRequestMetrics:/n-matmul-128,283,283,,,21683.94,n-matmul-128,false,e1d941687761,,c-690eedaf-0cf1abd9-f376d98bdc18,1762586104862,Sync,21685.83,1762586104861,21.0.3.25,false,128,21.89,InvokeFunction,,,LATEST,1-690eedf8-0c0a43-3a2942ff1366,OnDemand,,,0.49,
,E83713E0537D2729383D69DFF4C2841B-1D,1762586126,FCRequestMetrics:/n-matmul-128,278,278,,,17913.03,n-matmul-128,false,1e9a879a9ce3,,c-690eed86-0cf1abd9-bf3f65b56cbd,1762586108734,Sync,17914.95,1762586108733,21.0.3.8,false,128,27.66,InvokeFunction,,,LATEST,1-690eedfc-0c0a43-fdc4d795a6bc,OnDemand,,,0.59,
,9CC6FEA79C9A08269F04E5D7AC586D4D-19,1762586126,FCRequestMetrics:/n-matmul-128,278,278,,,17385.22,n-matmul-128,false,1341e9c3300b,,c-690eed96-0cf1abd9-88caba2e9de4,1762586109472,Sync,17387.18,1762586109471,21.0.3.17,false,128,27.51,InvokeFunction,,,LATEST,1-690eedfd-0c0a43-16d90220681d,OnDemand,,,0.57,
,6175108D96D0CF70554B3773E70F8DCB-12,1762586126,FCRequestMetrics:/n-matmul-128,283,283,,,21938.08,n-matmul-128,false,e9351adb9afb,,c-690eedaf-0cf1abd9-548ac2e2b910,1762586104865,Sync,21940.65,1762586104863,21.0.3.23,false,128,34.25,InvokeFunction,,,LATEST,1-690eedf8-0c49fa-161a3115d199,OnDemand,,,0.92,
,04AD457B2A4E5603A91424FD74D7D0F7-1B,1762586126,FCRequestMetrics:/n-matmul-128,285,285,,,27578.32,n-matmul-128,false,c0065d925c86,,c-690eed83-0cf1abd9-e451cdc04672,1762586098579,Sync,27579.81,1762586098578,21.0.3.19,false,128,27.74,InvokeFunction,,,LATEST,1-690eedf2-0c0a43-03aa32a8f39f,OnDemand,,,0.61,
,B9CC9A0372DA2782D1101E8A00146287-15,1762586126,FCRequestMetrics:/n-matmul-128,278,278,,,17100.56,n-matmul-128,false,7dc1ff934198,,c-690eeda5-0cf1abd9-f2a1a2bcfb08,1762586109499,Sync,17104.76,1762586109497,21.0.3.17,false,128,22.24,InvokeFunction,,,LATEST,1-690eedfd-0c49fa-9c12ca029905,OnDemand,,,1.39,
,B0234B70AFAFEAEF517C2172ED2CFEB6-1B,1762586126,FCRequestMetrics:/n-matmul-128,283,283,,,15051.14,n-matmul-128,false,9bfb01ae65a2,,c-690eed96-0cf1abd9-df0c068d62fa,1762586111534,Sync,15053.96,1762586111532,21.0.3.20,false,128,33.37,InvokeFunction,,,LATEST,1-690eedff-0c49fa-b04c7db9d551,OnDemand,,,1.45,
,DC13127C12C05FE53A3C463F46560AE2-1B,1762586126,FCRequestMetrics:/n-matmul-128,281,281,,,27717.43,n-matmul-128,false,23c185050e4f,,c-690eed83-0cf1abd9-42d2bc137d48,1762586098398,Sync,27719.61,1762586098397,21.0.3.15,false,128,27.41,InvokeFunction,,,LATEST,1-690eedf2-0c49fa-ccced396d288,OnDemand,,,0.95,
,D143AE44C19E26F9220F758DFE51775E-1B,1762586126,FCRequestMetrics:/n-matmul-128,289,289,,,13319.40,n-matmul-128,false,7cc6d641bed2,,c-690eed96-0cf1abd9-0cb5743955c5,1762586112732,Sync,13325.29,1762586112732,21.0.3.17,false,128,27.61,InvokeFunction,,,LATEST,1-690eee00-0c0a43-f8a78161276a,OnDemand,,,0.47,
,6BF896C525BE933EC6E59BFBCE008212-15,1762586126,FCRequestMetrics:/n-matmul-128,275,275,,,15713.43,n-matmul-128,false,dbc99637c7cd,,c-690eeda9-0cf1abd9-06e97d5b5f54,1762586110700,Sync,15715.60,1762586110698,21.0.3.10,false,128,24.36,InvokeFunction,,,LATEST,1-690eedfe-0c49fa-c5e4c99df59b,OnDemand,,,1.15,
,54FD7E1C16E33CD5A572B96CB27C6F6C-1D,1762586126,FCRequestMetrics:/n-matmul-128,292,292,,,14249.30,n-matmul-128,false,e563746bf006,,c-690eed96-0cf1abd9-aba818b27a54,1762586112236,Sync,14251.00,1762586112236,21.0.3.25,false,128,27.53,InvokeFunction,,,LATEST,1-690eee00-0c0a43-85c43c6913af,OnDemand,,,0.56,
,FF409731039280436289D779E5C866F5-15,1762586126,FCRequestMetrics:/n-matmul-128,292,292,,,19692.39,n-matmul-128,false,e51e0a8a2425,,c-690eeda8-0cf1abd9-1c104b385d12,1762586106340,Sync,19705.93,1762586106331,21.0.3.8,false,128,23.93,InvokeFunction,,,LATEST,1-690eedfa-0c0a43-f0677004f61f,OnDemand,,,0.50,
,8626C8650DFC2E84CC74995D61333E7E-14,1762586126,FCRequestMetrics:/n-matmul-128,283,283,,,15475.96,n-matmul-128,false,8662218ebba1,,c-690eeda9-0cf1abd9-3476b9c52160,1762586111442,Sync,15478.23,1762586111441,21.0.3.15,false,128,24.31,InvokeFunction,,,LATEST,1-690eedff-0c0a43-ba5e5ef8744e,OnDemand,,,0.55,
,25B8386746C0843F68CE6F453C7A50B6-1E,1762586126,FCRequestMetrics:/n-matmul-128,279,279,,,17569.43,n-matmul-128,false,28749e3c833e,,c-690eed86-0cf1abd9-5fc5a1c95081,1762586109168,Sync,17589.47,1762586109166,21.0.3.2,false,128,29.45,InvokeFunction,,,LATEST,1-690eedfd-0c49fa-b3fdbadf480b,OnDemand,,,1.38,
,92F96CFC59521BF63B429A4C99FA99CB-22,1762586126,FCRequestMetrics:/n-matmul-128,293,293,,,0.03,n-matmul-128,true,b73e8dfdb3e1,,c-690eed85-0cf1abd9-c0e8aad62b67,1762586123234,Sync,3649.98,1762586123233,21.0.3.3,false,128,2.32,InvokeFunction,,,LATEST,1-690eee0b-0c0a43-6852d7d85501,OnDemand,,,0.65,,"{""errorType"":""FunctionAbnormalExitError""}"
,5DDEC1B94316434FE6602FC2B2B6A039-19,1762586126,FCRequestMetrics:/n-matmul-128,285,285,,,17765.09,n-matmul-128,false,34de976e0650,,c-690eed96-0cf1abd9-ee256dc17503,1762586108312,Sync,17768.74,1762586108310,21.0.3.8,false,128,27.44,InvokeFunction,,,LATEST,1-690eedfc-0c49fa-dc5a2b75be36,OnDemand,,,1.49,
,6A8383338392512084A14C3EC7DB7CCC-1C,1762586126,FCRequestMetrics:/n-matmul-128,292,292,,,14400.66,n-matmul-128,false,d95f8edd3264,,c-690eed8d-0cf1abd9-54a1d269f410,1762586112087,Sync,14403.06,1762586112085,21.0.3.15,false,128,27.68,InvokeFunction,,,LATEST,1-690eee00-0c49fa-a4dd111b5c62,OnDemand,,,1.37,
,5A317EA240DC46C4E15B8D2E97337C21-1D,1762586126,FCRequestMetrics:/n-matmul-128,280,280,,,17824.61,n-matmul-128,false,b656f39d8746,,c-690eed86-0cf1abd9-84d2db55a180,1762586109091,Sync,17826.37,1762586109090,21.0.3.3,false,128,21.75,InvokeFunction,,,LATEST,1-690eedfd-0c0a43-fee12b00f070,OnDemand,,,0.58,
,138C4DD02091A1A0F89BE9AFE1D56E0D-1A,1762586127,FCRequestMetrics:/n-matmul-128,290,290,,,14381.26,n-matmul-128,false,e91af773f85a,,c-690eed96-0cf1abd9-3b29dfca5136,1762586112628,Sync,14388.40,1762586112626,21.0.3.18,false,128,27.52,InvokeFunction,,,LATEST,1-690eee00-0c49fa-e7470fee9a43,OnDemand,,,1.34,
,53490AF45D0CAE7E1F17D51FAE4D1EBC-1E,1762586127,FCRequestMetrics:/n-matmul-128,285,285,,,15407.90,n-matmul-128,false,7a0078b53609,,c-690eed85-0cf1abd9-fb724a08a16a,1762586111673,Sync,15410.91,1762586111671,21.0.3.20,false,128,22.48,InvokeFunction,,,LATEST,1-690eedff-0c49fa-8840cc53bd90,OnDemand,,,1.10,
,0DE5178D46C5303D6977161F8DE7542A-19,1762586127,FCRequestMetrics:/n-matmul-128,283,283,,,28655.98,n-matmul-128,false,38bd945bd6ee,,c-690eed84-0cf1abd9-eaac368eb58c,1762586098525,Sync,28657.37,1762586098524,21.0.3.23,false,128,27.53,InvokeFunction,,,LATEST,1-690eedf2-0c0a43-fa0f42029a07,OnDemand,,,0.61,
,13012196C53F5375DA6D7E0B0AED40BD-1A,1762586127,FCRequestMetrics:/n-matmul-128,285,285,,,15483.60,n-matmul-128,false,ced19e0e4fae,,c-690eed96-0cf1abd9-26d3f0e782b3,1762586111701,Sync,15485.78,1762586111699,21.0.3.9,false,128,27.59,InvokeFunction,,,LATEST,1-690eedff-0c49fa-a1a0c2d7ccf7,OnDemand,,,1.20,
,EB162AD5CEDC859E0500DC7BBAC4AEA6-1A,1762586127,FCRequestMetrics:/n-matmul-128,287,287,,,29268.41,n-matmul-128,false,01cff2362e74,,c-690eed84-0cf1abd9-71a3383f4ef8,1762586098008,Sync,29270.60,1762586098007,21.0.3.24,false,128,27.27,InvokeFunction,,,LATEST,1-690eedf2-0c49fa-eba8c15085bb,OnDemand,,,1.10,
,10ABC85774F8B9CC368A825065BA6401-15,1762586127,FCRequestMetrics:/n-matmul-128,275,275,,,17085.18,n-matmul-128,false,fc82228fa9b1,,c-690eeda5-0cf1abd9-1b827a888ff3,1762586110680,Sync,17096.69,1762586110679,21.0.3.13,false,128,22.26,InvokeFunction,,,LATEST,1-690eedfe-0c0a43-19ee59e2baf5,OnDemand,,,0.44,
,53C28B307BED561C14256185A7868301-15,1762586127,FCRequestMetrics:/n-matmul-128,275,275,,,17141.49,n-matmul-128,false,cd248e76553e,,c-690eeda5-0cf1abd9-46cd7b884194,1762586110679,Sync,17145.67,1762586110678,21.0.3.14,false,128,24.57,InvokeFunction,,,LATEST,1-690eedfe-0c49fa-88d0eb8d052f,OnDemand,,,1.16,
,58CCD2DE8E2B0B4D1F6EB957F7930236-1E,1762586127,FCRequestMetrics:/n-matmul-128,283,283,,,16017.62,n-matmul-128,false,6736357c0448,,c-690eed85-0cf1abd9-39066bb81db1,1762586111600,Sync,16019.00,1762586111599,21.0.3.23,false,128,29.00,InvokeFunction,,,LATEST,1-690eedff-0c0a43-60c5a09255c3,OnDemand,,,0.51,
,79631A2B4FF88091BEDF80B60D44FB91-1A,1762586127,FCRequestMetrics:/n-matmul-128,275,275,,,17119.00,n-matmul-128,false,8b5be02ffcf8,,c-690eed96-0cf1abd9-d03696729fbb,1762586110693,Sync,17121.08,1762586110692,21.0.3.25,false,128,29.58,InvokeFunction,,,LATEST,1-690eedfe-0c49fa-bb17dcdfaa8e,OnDemand,,,0.95,
,BB4ED00B22F6D0F50600682ABF2615D9-1E,1762586127,FCRequestMetrics:/n-matmul-128,276,276,,,16547.74,n-matmul-128,false,b56edd595e8c,,c-690eed85-0cf1abd9-7e6421936614,1762586110593,Sync,16549.08,1762586110592,21.0.3.15,false,128,32.48,InvokeFunction,,,LATEST,1-690eedfe-0c0a43-1f2e14fe09fb,OnDemand,,,0.56,
,8AE5E5DD376D8B6BBC87B2F900A287DB-20,1762586127,FCRequestMetrics:/n-matmul-128,276,276,,,16738.06,n-matmul-128,false,7a13a20b921a,,c-690eed85-0cf1abd9-64d3ea47bde3,1762586110480,Sync,16739.53,1762586110480,21.0.3.13,false,128,32.89,InvokeFunction,,,LATEST,1-690eedfe-0c0a43-e36f5ec4b3cb,OnDemand,,,0.59,
,00F741ED552D957855AA9DEA31925A77-21,1762586127,FCRequestMetrics:/n-matmul-128,293,293,,,0.03,n-matmul-128,true,478f63eb8cbf,,c-690eed85-0cf1abd9-026f6407b0f7,1762586123095,Sync,3911.44,1762586123094,21.0.3.17,false,128,2.06,InvokeFunction,,,LATEST,1-690eee0b-0c49fa-3887f45a7b00,OnDemand,,,1.40,,"{""errorType"":""FunctionAbnormalExitError""}"
,84A28E40EAE4F1B9B438DA8F49770703-15,1762586127,FCRequestMetrics:/n-matmul-128,289,289,,,16021.85,n-matmul-128,false,e5434f6e0cce,,c-690eedaa-0cf1abd9-d51a3cdb5967,1762586111324,Sync,16029.79,1762586111323,21.0.3.19,false,128,24.66,InvokeFunction,,,LATEST,1-690eedff-0c0a43-a9d02803d9dc,OnDemand,,,0.55,
,C3D70BE59EDDE2E3BAD7D26871BEFCC2-1B,1762586127,FCRequestMetrics:/n-matmul-128,294,294,,,14874.28,n-matmul-128,false,5c7d778afaae,,c-690eed8d-0cf1abd9-f42778f29da4,1762586112740,Sync,14882.36,1762586112739,21.0.3.17,false,128,23.57,InvokeFunction,,,LATEST,1-690eee00-0c0a43-5c4e760de099,OnDemand,,,0.62,
,04F995287DA1DFFB1087C26FDCCA558E-1B,1762586127,FCRequestMetrics:/n-matmul-128,296,296,,,14918.03,n-matmul-128,false,ae45e8272254,,c-690eed96-0cf1abd9-4f0e71ad03f2,1762586112892,Sync,14920.89,1762586112890,21.0.3.14,false,128,27.35,InvokeFunction,,,LATEST,1-690eee00-0c49fa-12d05752ed8c,OnDemand,,,1.24,
,0DF1BE08810C22DB47CE10C7D12D3B18-19,1762586127,FCRequestMetrics:/n-matmul-128,278,278,,,18304.51,n-matmul-128,false,054726ba05da,,c-690eed96-0cf1abd9-6259af999d66,1762586108743,Sync,18310.18,1762586108741,21.0.3.3,false,128,27.38,InvokeFunction,,,LATEST,1-690eedfc-0c49fa-98df26c70376,OnDemand,,,1.16,
,2255CA33B5278BAE9F851AD47714358B-1D,1762586127,FCRequestMetrics:/n-matmul-128,289,289,,,14931.88,n-matmul-128,false,54cc386b80a2,,c-690eed96-0cf1abd9-3739867da5d5,1762586112721,Sync,14933.22,1762586112720,21.0.3.23,false,128,27.91,InvokeFunction,,,LATEST,1-690eee00-0c0a43-3cb7f3e9fe1b,OnDemand,,,0.49,
,CFAD3EAED3DA9F0681474476AA4BD35D-15,1762586127,FCRequestMetrics:/n-matmul-128,289,289,,,14801.14,n-matmul-128,false,d7b80d666e2b,,c-690eedaa-0cf1abd9-4d582ed6e2e0,1762586112723,Sync,14806.55,1762586112722,21.0.3.22,false,128,24.37,InvokeFunction,,,LATEST,1-690eee00-0c49fa-d6d2f016fd75,OnDemand,,,0.90,
,FA92B5D7385E5B2D4245077868CB9726-1B,1762586127,FCRequestMetrics:/n-matmul-128,290,290,,,14494.08,n-matmul-128,false,30720f53fe9b,,c-690eed96-0cf1abd9-67b09a4d191e,1762586113439,Sync,14511.24,1762586113438,21.0.3.22,false,128,27.39,InvokeFunction,,,LATEST,1-690eee01-0c0a43-fba36ce54b6b,OnDemand,,,0.57,
,4A03F83F646B3D7AC82B0CB38EE7F6F6-1C,1762586127,FCRequestMetrics:/n-matmul-128,281,281,,,18618.16,n-matmul-128,false,d4ea97bb496c,,c-690eed84-0cf1abd9-bf53a1f50706,1762586108875,Sync,18620.65,1762586108873,21.0.3.3,false,128,27.67,InvokeFunction,,,LATEST,1-690eedfc-0c49fa-4dad72833a42,OnDemand,,,1.46,
,C31476DF542E245E78D704DC5E57E050-1B,1762586127,FCRequestMetrics:/n-matmul-128,275,275,,,16969.92,n-matmul-128,false,54727bc85c4b,,c-690eed96-0cf1abd9-8789b63ab3c5,1762586110704,Sync,16971.65,1762586110703,21.0.3.21,false,128,27.89,InvokeFunction,,,LATEST,1-690eedfe-0c0a43-f62a015d66b6,OnDemand,,,0.54,
,6FC75B3DB8851234D07B138AD96FC0A5-1C,1762586127,FCRequestMetrics:/n-matmul-128,278,278,,,17748.47,n-matmul-128,false,6b4a94db578b,,c-690eed84-0cf1abd9-be1633f0d0dd,1762586109696,Sync,17750.30,1762586109695,21.0.3.2,false,128,23.75,InvokeFunction,,,LATEST,1-690eedfd-0c0a43-7a2c621901fe,OnDemand,,,0.60,
,3DF53618FF507B28D295EA10C5C40468-15,1762586127,FCRequestMetrics:/n-matmul-128,275,275,,,17032.73,n-matmul-128,false,07dcf957ed19,,c-690eeda5-0cf1abd9-879c7e385fb6,1762586110703,Sync,17046.60,1762586110690,21.0.3.10,false,128,24.24,InvokeFunction,,,LATEST,1-690eedfe-0c0a43-fff04fa4e8e5,OnDemand,,,0.50,
,A0B4D1D12626D33FCDDA858055366E80-19,1762586127,FCRequestMetrics:/n-matmul-128,278,278,,,18305.94,n-matmul-128,false,2f79d5d6e1f2,,c-690eed96-0cf1abd9-aec373bfe9b2,1762586108740,Sync,18308.92,1762586108740,21.0.3.9,false,128,27.69,InvokeFunction,,,LATEST,1-690eedfc-0c0a43-550508d626b2,OnDemand,,,0.56,
,2FB49575A81022D2509F0B8C09E271EA-15,1762586127,FCRequestMetrics:/n-matmul-128,275,275,,,17163.27,n-matmul-128,false,583788c3d090,,c-690eeda5-0cf1abd9-2086298c7344,1762586110690,Sync,17183.32,1762586110689,21.0.3.19,false,128,24.20,InvokeFunction,,,LATEST,1-690eedfe-0c0a43-8941d3289e62,OnDemand,,,0.49,
,B292BE044A2671902A084AE5890DA3F1-1B,1762586127,FCRequestMetrics:/n-matmul-128,293,293,,,13839.68,n-matmul-128,false,e59368e395e4,,c-690eed96-0cf1abd9-d4bd420ec297,1762586113420,Sync,13850.11,1762586113419,21.0.3.24,false,128,33.69,InvokeFunction,,,LATEST,1-690eee01-0c49fa-d489266ea862,OnDemand,,,1.37,
,8E2E03ED22CC6F2DFE55EB8B1A864060-18,1762586127,FCRequestMetrics:/n-matmul-128,276,276,,,18371.56,n-matmul-128,false,cff987abda6a,,c-690eed96-0cf1abd9-e42e31309781,1762586109360,Sync,18373.40,1762586109359,21.0.3.10,false,128,22.23,InvokeFunction,,,LATEST,1-690eedfd-0c0a43-a0cbb134b46e,OnDemand,,,0.48,
,22E1961764567BF39BC1317D4E5807AC-15,1762586128,FCRequestMetrics:/n-matmul-128,275,275,,,17358.64,n-matmul-128,false,93bd50466c24,,c-690eeda5-0cf1abd9-de9e4196dfb2,1762586110700,Sync,17361.51,1762586110699,21.0.3.12,false,128,21.85,InvokeFunction,,,LATEST,1-690eedfe-0c0a43-28d2e1e949da,OnDemand,,,0.54,
,A9D18AD4109C30D5E34A6CADD737B686-1F,1762586128,FCRequestMetrics:/n-matmul-128,285,285,,,16647.04,n-matmul-128,false,07c49809bd2c,,c-690eed85-0cf1abd9-a441473e8758,1762586111694,Sync,16648.51,1762586111694,21.0.3.16,false,128,32.21,InvokeFunction,,,LATEST,1-690eedff-0c0a43-70f853563deb,OnDemand,,,0.52,
,283F17FB9C9798583A913C144D41C342-1C,1762586128,FCRequestMetrics:/n-matmul-128,276,276,,,17589.01,n-matmul-128,false,4703378e3174,,c-690eed86-0cf1abd9-4e796d80ba23,1762586110498,Sync,17592.63,1762586110496,21.0.3.9,false,128,27.78,InvokeFunction,,,LATEST,1-690eedfe-0c49fa-0998863a5a42,OnDemand,,,1.38,
,CFF6118976523AD8F98948CDFB5A2CFF-1F,1762586128,FCRequestMetrics:/n-matmul-128,283,283,,,16990.33,n-matmul-128,false,0fc3660777ab,,c-690eed85-0cf1abd9-4b579c30d7a8,1762586111563,Sync,16999.95,1762586111562,21.0.3.19,false,128,32.42,InvokeFunction,,,LATEST,1-690eedff-0c49fa-137a7812fd65,OnDemand,,,0.91,
,8D8C440FC3E34DBB9F1F04BB26D5634E-1F,1762586128,FCRequestMetrics:/n-matmul-128,275,275,,,17946.06,n-matmul-128,false,524d7b1ff122,,c-690eed85-0cf1abd9-5f56757a5335,1762586110694,Sync,17947.46,1762586110693,21.0.3.2,false,128,34.16,InvokeFunction,,,LATEST,1-690eedfe-0c0a43-860de8c79c6c,OnDemand,,,0.43,
,3DBC61790B9142DDBEDCD6134BB09E3F-1D,1762586128,FCRequestMetrics:/n-matmul-128,276,276,,,17989.42,n-matmul-128,false,a28f13fec6d7,,c-690eed84-0cf1abd9-47616b0fcd20,1762586110493,Sync,17993.26,1762586110491,21.0.3.10,false,128,27.55,InvokeFunction,,,LATEST,1-690eedfe-0c49fa-ef6d27ef8b0b,OnDemand,,,1.41,
,342C1F773CD379DB41F0F3ADE9815760-1C,1762586128,FCRequestMetrics:/n-matmul-128,286,286,,,14195.81,n-matmul-128,false,54f5fbffcf0b,,c-690eed96-0cf1abd9-280bb0eca0e1,1762586114195,Sync,14204.55,1762586114195,21.0.3.19,false,128,27.43,InvokeFunction,,,LATEST,1-690eee02-0c0a43-601ff89afe6c,OnDemand,,,0.58,
,8BF05F1C242706C79550D7B32CA90C86-1A,1762586128,FCRequestMetrics:/n-matmul-128,284,284,,,13685.30,n-matmul-128,false,54332440cef2,,c-690eed96-0cf1abd9-e216e2341a60,1762586114785,Sync,13687.75,1762586114784,21.0.3.24,false,128,27.45,InvokeFunction,,,LATEST,1-690eee02-0c49fa-ffce8d252d62,OnDemand,,,1.23,
,02505EBA98BB6AB8D9121B3F590D5A1C-1B,1762586128,FCRequestMetrics:/n-matmul-128,286,286,,,14267.62,n-matmul-128,false,dc1a18d01eb5,,c-690eed96-0cf1abd9-15ddf20aa5f4,1762586113845,Sync,14273.42,1762586113842,21.0.3.21,false,128,29.45,InvokeFunction,,,LATEST,1-690eee01-0c49fa-e88de23aa72e,OnDemand,,,1.39,
,B42D85ACE4F13663143AFEF57EE4377B-1A,1762586128,FCRequestMetrics:/n-matmul-128,275,275,,,17299.07,n-matmul-128,false,e86ce6f40d00,,c-690eed96-0cf1abd9-007038c1bcd0,1762586110704,Sync,17304.06,1762586110701,21.0.3.24,false,128,29.16,InvokeFunction,,,LATEST,1-690eedfe-0c49fa-00334b7e1fc6,OnDemand,,,1.75,
,79733AC446DF412BC6F18C2B63B5677F-1B,1762586128,FCRequestMetrics:/n-matmul-128,294,294,,,15908.57,n-matmul-128,false,b193e3418700,,c-690eed96-0cf1abd9-647659e129ba,1762586113060,Sync,15910.74,1762586113058,21.0.3.15,false,128,27.62,InvokeFunction,,,LATEST,1-690eee01-0c49fa-fa07b5200557,OnDemand,,,1.42,
,77A451B62F8AF08AF72FE07E1B84F5E0-15,1762586128,FCRequestMetrics:/n-matmul-128,275,275,,,17993.82,n-matmul-128,false,0dcdb5385733,,c-690eeda9-0cf1abd9-1346167bcac0,1762586110687,Sync,17995.26,1762586110687,21.0.3.14,false,128,22.43,InvokeFunction,,,LATEST,1-690eedfe-0c0a43-70110a2288b7,OnDemand,,,0.44,
,3FA5063DFE5456024B083E53482C60F0-1C,1762586128,FCRequestMetrics:/n-matmul-128,290,290,,,14811.30,n-matmul-128,false,3222ec60138b,,c-690eed96-0cf1abd9-dee09d3a553a,1762586113520,Sync,14813.10,1762586113520,21.0.3.22,false,128,27.59,InvokeFunction,,,LATEST,1-690eee01-0c0a43-0a99af45a5fa,OnDemand,,,0.51,
,4E5B7CA35C1B228A64EA99D604E227AD-15,1762586128,FCRequestMetrics:/n-matmul-128,294,294,,,15581.67,n-matmul-128,false,a89245db7d99,,c-690eeda9-0cf1abd9-cae77ec22e72,1762586112966,Sync,15588.69,1762586112965,21.0.3.20,false,128,24.29,InvokeFunction,,,LATEST,1-690eee00-0c0a43-dedaaa233d77,OnDemand,,,0.51,
,FBD8C56E27722E3A762AD34A166289FF-1B,1762586128,FCRequestMetrics:/n-matmul-128,290,290,,,16448.52,n-matmul-128,false,b0aff5fb1ab1,,c-690eed96-0cf1abd9-13352bc917ad,1762586112348,Sync,16450.16,1762586112347,21.0.3.2,false,128,29.34,InvokeFunction,,,LATEST,1-690eee00-0c0a43-c64ab7dba6f9,OnDemand,,,0.49,
,22F3F140A6723208B9E7ACF1561A6D49-15,1762586128,FCRequestMetrics:/n-matmul-128,293,293,,,15084.06,n-matmul-128,false,1bb1546b9f73,,c-690eedaa-0cf1abd9-9d39cd93389c,1762586113381,Sync,15089.60,1762586113380,21.0.3.24,false,128,22.25,InvokeFunction,,,LATEST,1-690eee01-0c49fa-791364733281,OnDemand,,,1.22,
,C850E9452F734C9D301E12F034A57295-1B,1762586128,FCRequestMetrics:/n-matmul-128,289,289,,,15850.25,n-matmul-128,false,81a96430e100,,c-690eed96-0cf1abd9-87344dd52402,1762586112707,Sync,15852.49,1762586112706,21.0.3.23,false,128,27.30,InvokeFunction,,,LATEST,1-690eee00-0c49fa-a7adb0caac4e,OnDemand,,,1.34,
,E3A10F33112D22B99CDFAE6B3DA5F427-20,1762586128,FCRequestMetrics:/n-matmul-128,290,290,,,0.03,n-matmul-128,true,7c04ccbbdae4,,c-690eed85-0cf1abd9-4dc3fba76450,1762586124801,Sync,4107.82,1762586124800,21.0.3.9,false,128,2.05,InvokeFunction,,,LATEST,1-690eee0c-0c0a43-de0382377e46,OnDemand,,,0.61,,"{""errorType"":""FunctionAbnormalExitError""}"
,41C8E8C026B88A3FDC7027A22DD65441-20,1762586128,FCRequestMetrics:/n-matmul-128,288,288,,,0.04,n-matmul-128,true,0e85519b1ae8,,c-690eed85-0cf1abd9-a830e80c9d58,1762586125129,Sync,3463.60,1762586125127,21.0.3.12,false,128,2.16,InvokeFunction,,,LATEST,1-690eee0d-0c0a43-825acdb77465,OnDemand,,,0.54,,"{""errorType"":""FunctionAbnormalExitError""}"
,BA6BE48CA24D7511A087B82B6A3FBB19-19,1762586128,FCRequestMetrics:/n-matmul-128,275,275,,,18216.49,n-matmul-128,false,ebc029f9743a,,c-690eed96-0cf1abd9-266e64073192,1762586110675,Sync,18231.52,1762586110674,21.0.3.10,false,128,27.61,InvokeFunction,,,LATEST,1-690eedfe-0c49fa-4bd237a81adb,OnDemand,,,1.18,
,CD41B0AD1C8EC375FCF48EF027FC064B-1E,1762586129,FCRequestMetrics:/n-matmul-128,281,281,,,14147.03,n-matmul-128,false,83be9297cbaa,,c-690eed8d-0cf1abd9-ab9c8f59b975,1762586115727,Sync,14150.28,1762586115726,21.0.3.2,false,128,23.88,InvokeFunction,,,LATEST,1-690eee03-0c0a43-acaab3a5b651,OnDemand,,,0.56,
,F4B8340AC50EC3E566ADB0C15725D8CD-15,1762586129,FCRequestMetrics:/n-matmul-128,292,292,,,16964.96,n-matmul-128,false,d01135b2ff24,,c-690eeda5-0cf1abd9-865fb5ea7d12,1762586112300,Sync,16966.46,1762586112299,21.0.3.23,false,128,22.33,InvokeFunction,,,LATEST,1-690eee00-0c0a43-e36780e82fe4,OnDemand,,,0.52,
,EF722833BE499284BAB5B89F1A306194-15,1762586129,FCRequestMetrics:/n-matmul-128,275,275,,,18890.68,n-matmul-128,false,05f9081a497c,,c-690eeda8-0cf1abd9-1aac6742df61,1762586110701,Sync,18899.48,1762586110698,21.0.3.10,false,128,24.78,InvokeFunction,,,LATEST,1-690eedfe-0c0a43-e70710cacf07,OnDemand,,,0.47,
,5665E0DE844D89BD77D4631CFD4DC931-15,1762586129,FCRequestMetrics:/n-matmul-128,290,290,,,16446.10,n-matmul-128,false,b490ef07d553,,c-690eeda5-0cf1abd9-69bf81304958,1762586112614,Sync,16448.12,1762586112613,21.0.3.16,false,128,24.29,InvokeFunction,,,LATEST,1-690eee00-0c49fa-229a74de2c90,OnDemand,,,0.82,
,8F3A423823DC52F503BC724CE6C60804-14,1762586129,FCRequestMetrics:/n-matmul-128,289,289,,,16554.81,n-matmul-128,false,f5890c8c5a5b,,c-690eeda5-0cf1abd9-697fc0458885,1762586112727,Sync,16564.21,1762586112726,21.0.3.25,false,128,22.27,InvokeFunction,,,LATEST,1-690eee00-0c0a43-8991713394df,OnDemand,,,0.50,
,2E495B2CAC791BF5DF5ED6AA835AFB7D-1C,1762586129,FCRequestMetrics:/n-matmul-128,294,294,,,16200.46,n-matmul-128,false,a1e594fd58b9,,c-690eed96-0cf1abd9-438cb8917382,1762586112939,Sync,16399.52,1762586112740,21.0.3.3,false,128,27.25,InvokeFunction,,,LATEST,1-690eee00-0c49fa-a87a4abe7828,OnDemand,,,198.14,
,5A08AF7236E275AD0FB46D2B28AE710C-14,1762586129,FCRequestMetrics:/n-matmul-128,296,296,,,16374.18,n-matmul-128,false,2bfde648585e,,c-690eeda9-0cf1abd9-ebb8d38ed0cd,1762586113314,Sync,16383.61,1762586113314,21.0.3.23,false,128,20.29,InvokeFunction,,,LATEST,1-690eee01-0c0a43-b2a3f141759c,OnDemand,,,0.57,
,4D0C87630DE75182644B9E4D5295586B-21,1762586129,FCRequestMetrics:/n-matmul-128,287,287,,,0.04,n-matmul-128,true,ce613473cf37,,c-690eed85-0cf1abd9-2f0a1317ca81,1762586125595,Sync,3877.29,1762586125594,21.0.3.11,false,128,2.03,InvokeFunction,,,LATEST,1-690eee0d-0c49fa-4acbb0fce2b5,OnDemand,,,1.18,,"{""errorType"":""FunctionAbnormalExitError""}"
,CEBE4DE47CD58B3FB8C58509A1292CE6-21,1762586129,FCRequestMetrics:/n-matmul-128,288,288,,,0.03,n-matmul-128,true,f06ea0952339,,c-690eed85-0cf1abd9-158fa1fe0ffd,1762586125367,Sync,4034.52,1762586125265,21.0.3.14,false,128,2.05,InvokeFunction,,,LATEST,1-690eee0d-0c0a43-81e9b1c14b22,OnDemand,,,0.47,,"{""errorType"":""FunctionAbnormalExitError""}"
,1B5486964AC6624C37E4AC052D573C0C-14,1762586129,FCRequestMetrics:/n-matmul-128,299,299,,,0.03,n-matmul-128,true,e1d941687761,,c-690eedaf-0cf1abd9-f376d98bdc18,1762586126590,Sync,2660.36,1762586126589,21.0.3.25,false,128,2.09,InvokeFunction,,,LATEST,1-690eee0e-0c0a43-2b6e2c015ee9,OnDemand,,,0.51,,"{""errorType"":""FunctionAbnormalExitError""}"
,6175108D96D0CF70554B3773E70F8DCB-13,1762586129,FCRequestMetrics:/n-matmul-128,299,299,,,0.03,n-matmul-128,true,e9351adb9afb,,c-690eedaf-0cf1abd9-548ac2e2b910,1762586126828,Sync,2789.86,1762586126641,21.0.3.23,false,128,4.09,InvokeFunction,,,LATEST,1-690eee0e-0c49fa-2e688bb30ebd,OnDemand,,,186.56,,"{""errorType"":""FunctionAbnormalExitError""}"
,FAAE9D66D514066559F6F43F02221FE3-1A,1762586129,FCRequestMetrics:/n-matmul-128,285,285,,,17670.90,n-matmul-128,false,c90c3b43cf3a,,c-690eed96-0cf1abd9-dd88698fca86,1762586111664,Sync,17672.32,1762586111664,21.0.3.9,false,128,27.52,InvokeFunction,,,LATEST,1-690eedff-0c0a43-198f8a779986,OnDemand,,,0.54,
,E4146AB491CEBDE523F487E441201B73-19,1762586129,FCRequestMetrics:/n-matmul-128,285,285,,,18245.62,n-matmul-128,false,efdf38e6c6e7,,c-690eed96-0cf1abd9-523def426250,1762586111668,Sync,18251.66,1762586111667,21.0.3.11,false,128,27.57,InvokeFunction,,,LATEST,1-690eedff-0c0a43-ea7321508282,OnDemand,,,0.53,
,849194F1147E7DC7497DCF82D54F9C08-1E,1762586129,FCRequestMetrics:/n-matmul-128,285,285,,,18096.53,n-matmul-128,false,f70324bffef3,,c-690eed84-0cf1abd9-74ad9309d09c,1762586111674,Sync,18098.59,1762586111672,21.0.3.9,false,128,29.50,InvokeFunction,,,LATEST,1-690eedff-0c49fa-73f492fe5d7b,OnDemand,,,1.15,
,B70395F3A021A5FF8871D46915C2FCC0-19,1762586130,FCRequestMetrics:/n-matmul-128,285,285,,,18541.49,n-matmul-128,false,88b44a48a990,,c-690eed96-0cf1abd9-7684f52346d2,1762586111667,Sync,18543.88,1762586111665,21.0.3.14,false,128,29.75,InvokeFunction,,,LATEST,1-690eedff-0c49fa-dec9fadc95af,OnDemand,,,1.30,
,7EE08DA56FC077A8FBD356D2C6053F3C-1D,1762586130,FCRequestMetrics:/n-matmul-128,296,296,,,17393.17,n-matmul-128,false,88bd901e69d9,,c-690eed86-0cf1abd9-2ed67a1a0815,1762586112931,Sync,17413.63,1762586112930,21.0.3.11,false,128,23.10,InvokeFunction,,,LATEST,1-690eee00-0c0a43-209a50b3887d,OnDemand,,,0.52,
,5CA892A8CA0A24989C4731381529FB34-1A,1762586130,FCRequestMetrics:/n-matmul-128,284,284,,,14289.83,n-matmul-128,false,2e11fae8268d,,c-690eed96-0cf1abd9-77c3d2a5e2ce,1762586115752,Sync,14292.47,1762586115750,21.0.3.20,false,128,27.52,InvokeFunction,,,LATEST,1-690eee03-0c49fa-c21d5d5c7cee,OnDemand,,,1.31,
,E94FAD7DFC0D7C430A1E1579F49C2CB6-1E,1762586130,FCRequestMetrics:/n-matmul-128,294,294,,,17908.91,n-matmul-128,false,357862df7f73,,c-690eed86-0cf1abd9-f59485cce75a,1762586112737,Sync,17913.78,1762586112735,21.0.3.12,false,128,27.84,InvokeFunction,,,LATEST,1-690eee00-0c49fa-c6ae5ffb021c,OnDemand,,,1.12,
,9DD0506AA2E1A2F0934A373557F44685-15,1762586130,FCRequestMetrics:/n-matmul-128,275,275,,,19679.25,n-matmul-128,false,9ff6c72d49d6,,c-690eeda8-0cf1abd9-230be3e98307,1762586110691,Sync,19680.91,1762586110690,21.0.3.11,false,128,22.60,InvokeFunction,,,LATEST,1-690eedfe-0c0a43-6989e0fabecf,OnDemand,,,0.51,
,63DE596157EC5C3204595F887449B280-1C,1762586130,FCRequestMetrics:/n-matmul-128,285,285,,,16395.52,n-matmul-128,false,1ee48239c919,,c-690eed96-0cf1abd9-7fba4a37caaa,1762586114425,Sync,16397.23,1762586114424,21.0.3.8,false,128,20.02,InvokeFunction,,,LATEST,1-690eee02-0c0a43-b5124fcd7a0d,OnDemand,,,0.54,
,2D78B9AAD7920726510731B3A33EE102-16,1762586130,FCRequestMetrics:/n-matmul-128,294,294,,,17343.46,n-matmul-128,false,09d6302afcc0,,c-690eeda5-0cf1abd9-72fae0c6b355,1762586112985,Sync,17591.34,1762586112740,21.0.3.18,false,128,22.37,InvokeFunction,,,LATEST,1-690eee00-0c0a43-d9c100905805,OnDemand,,,239.66,
,80B2B247C9D9AF2A95FDD34F1640050C-1D,1762586130,FCRequestMetrics:/n-matmul-128,289,289,,,17756.82,n-matmul-128,false,ce4127663c28,,c-690eed84-0cf1abd9-d4909224eec1,1762586112726,Sync,17758.72,1762586112725,21.0.3.11,false,128,22.07,InvokeFunction,,,LATEST,1-690eee00-0c49fa-7430714df32c,OnDemand,,,0.85,
,3B9C179DFD02BB282B27F2619A4251CD-15,1762586130,FCRequestMetrics:/n-matmul-128,284,284,,,15010.40,n-matmul-128,false,6eb553e5eaff,,c-690eedaa-0cf1abd9-7c5cd4bbc1a0,1762586115743,Sync,15012.64,1762586115741,21.0.3.25,false,128,22.35,InvokeFunction,,,LATEST,1-690eee03-0c49fa-28835f282ce0,OnDemand,,,1.07,
,C63420212FACF8878D1CF0F4AB9F2B5B-15,1762586130,FCRequestMetrics:/n-matmul-128,275,275,,,19308.33,n-matmul-128,false,551a63055008,,c-690eeda8-0cf1abd9-bb4861715efd,1762586110687,Sync,19314.92,1762586110685,21.0.3.12,false,128,24.59,InvokeFunction,,,LATEST,1-690eedfe-0c49fa-ac228398474a,OnDemand,,,1.23,
,B7D4D1DD2FC40780773A1A71845C5151-1E,1762586130,FCRequestMetrics:/n-matmul-128,291,291,,,17769.06,n-matmul-128,false,767418f36457,,c-690eed84-0cf1abd9-5d4c970df804,1762586112492,Sync,17772.85,1762586112490,21.0.3.13,false,128,21.82,InvokeFunction,,,LATEST,1-690eee00-0c49fa-eb201422e704,OnDemand,,,1.37,
,1FD15FF44979A6A17B0CFCEC15F6978B-1D,1762586130,FCRequestMetrics:/n-matmul-128,294,294,,,18183.61,n-matmul-128,false,8f75766f976d,,c-690eed84-0cf1abd9-3527f81881d1,1762586112739,Sync,18185.16,1762586112738,21.0.3.8,false,128,27.20,InvokeFunction,,,LATEST,1-690eee00-0c0a43-e47e15dc6b2a,OnDemand,,,0.58,
,53490AF45D0CAE7E1F17D51FAE4D1EBC-21,1762586130,FCRequestMetrics:/n-matmul-128,299,299,,,0.02,n-matmul-128,true,7a0078b53609,,c-690eed85-0cf1abd9-fb724a08a16a,1762586127089,Sync,3470.66,1762586127088,21.0.3.20,false,128,2.06,InvokeFunction,,,LATEST,1-690eee0f-0c0a43-bde6d1515573,OnDemand,,,0.48,,"{""errorType"":""FunctionAbnormalExitError""}"
,10CB9614FCA0A556028B38DC7845A739-19,1762586130,FCRequestMetrics:/n-matmul-128,292,292,,,18820.74,n-matmul-128,false,5a545ca9f709,,c-690eed96-0cf1abd9-95270fc2164f,1762586112047,Sync,18822.57,1762586112046,21.0.3.11,false,128,27.48,InvokeFunction,,,LATEST,1-690eee00-0c0a43-d6b0d10cf84e,OnDemand,,,0.59,
,91991638294952C1215BFC323DBD0655-1E,1762586130,FCRequestMetrics:/n-matmul-128,289,289,,,23092.77,n-matmul-128,false,5abe5fd26a6c,,c-690eed83-0cf1abd9-74cc7252fb9e,1762586107107,Sync,23094.28,1762586107106,21.0.3.2,false,128,27.34,InvokeFunction,,,LATEST,1-690eedfb-0c0a43-7944d92a7581,OnDemand,,,0.67,
,64F0BBA7C58980066176C33658FB272D-19,1762586130,FCRequestMetrics:/n-matmul-128,289,289,,,17853.77,n-matmul-128,false,8f8cb0ae0fff,,c-690eed96-0cf1abd9-556eeff7996f,1762586112653,Sync,17858.48,1762586112652,21.0.3.12,false,128,29.16,InvokeFunction,,,LATEST,1-690eee00-0c0a43-647c7d870331,OnDemand,,,0.55,
,71B50CCCFCB17E1646B11A2BE0A08D93-19,1762586130,FCRequestMetrics:/n-matmul-128,290,290,,,18564.06,n-matmul-128,false,58ac22b3424d,,c-690eed96-0cf1abd9-7899d50458f3,1762586112167,Sync,18567.19,1762586112167,21.0.3.13,false,128,27.82,InvokeFunction,,,LATEST,1-690eee00-0c0a43-541e897b0f59,OnDemand,,,0.49,
,BC7D406DCB03E5F0740A7972675CF2F0-1D,1762586130,FCRequestMetrics:/n-matmul-128,292,292,,,17953.58,n-matmul-128,false,fec3919de42b,,c-690eed86-0cf1abd9-a3cf507306a7,1762586112301,Sync,17956.07,1762586112300,21.0.3.10,false,128,27.49,InvokeFunction,,,LATEST,1-690eee00-0c49fa-94e7c869dd26,OnDemand,,,1.37,
,DC9E0E12CD6EBAC6FF4F0136C46C5547-19,1762586130,FCRequestMetrics:/n-matmul-128,283,283,,,19103.42,n-matmul-128,false,7e6212d1a18e,,c-690eed96-0cf1abd9-cdf69a3e83a5,1762586111449,Sync,19106.88,1762586111448,21.0.3.13,false,128,27.70,InvokeFunction,,,LATEST,1-690eedff-0c49fa-a69ac3e0a0c3,OnDemand,,,1.21,
,E98F2BCF2DED1F74ED59CCC9A89D0D4B-1E,1762586131,FCRequestMetrics:/n-matmul-128,290,290,,,18460.59,n-matmul-128,false,8faa2a99de85,,c-690eed86-0cf1abd9-d8df9633eb55,1762586112610,Sync,18462.54,1762586112608,21.0.3.21,false,128,32.79,InvokeFunction,,,LATEST,1-690eee00-0c49fa-4252bed377cc,OnDemand,,,1.15,
,EBC26A7000C29ACFC3147F56410DAFC8-19,1762586131,FCRequestMetrics:/n-matmul-128,294,294,,,18318.20,n-matmul-128,false,ec97bbe6dd57,,c-690eed96-0cf1abd9-da0cdb0222d5,1762586113055,Sync,18321.73,1762586113054,21.0.3.15,false,128,27.44,InvokeFunction,,,LATEST,1-690eee01-0c0a43-f784a1180f8f,OnDemand,,,0.50,
,54A8EF52FEEB808422ACE2DD57D8BC40-20,1762586131,FCRequestMetrics:/n-matmul-128,291,291,,,19117.64,n-matmul-128,false,8ea75ea0c289,,c-690eed85-0cf1abd9-e9c69a3d7dd0,1762586112510,Sync,19119.46,1762586112508,21.0.3.18,false,128,34.75,InvokeFunction,,,LATEST,1-690eee00-0c49fa-60cb3babd56f,OnDemand,,,0.92,
,854208CFC0E05FFDDD72E5ADF6DFFFF4-1F,1762586131,FCRequestMetrics:/n-matmul-128,290,290,,,19125.60,n-matmul-128,false,6fbf459d1081,,c-690eed85-0cf1abd9-ab34e7bc676a,1762586112576,Sync,19126.97,1762586112575,21.0.3.22,false,128,32.11,InvokeFunction,,,LATEST,1-690eee00-0c0a43-89207cc4c099,OnDemand,,,0.48,
,793EEF9B741682B7CE08F12987FEEDB3-1E,1762586131,FCRequestMetrics:/n-matmul-128,289,289,,,14900.97,n-matmul-128,false,752a8680e720,,c-690eed8d-0cf1abd9-b4396f6c1b61,1762586116851,Sync,14902.84,1762586116850,21.0.3.3,false,128,29.25,InvokeFunction,,,LATEST,1-690eee04-0c0a43-37770c37b694,OnDemand,,,0.56,
,5C14CF48C5C22527111DB496942DC103-1D,1762586131,FCRequestMetrics:/n-matmul-128,285,285,,,17468.35,n-matmul-128,false,07dabc2bb605,,c-690eed84-0cf1abd9-5a2627b82825,1762586114378,Sync,17477.64,1762586114377,21.0.3.12,false,128,21.59,InvokeFunction,,,LATEST,1-690eee02-0c0a43-c5d0e0aa4560,OnDemand,,,0.53,
,3D18AA0F2F2BEC29E06D342ABCC8325D-19,1762586131,FCRequestMetrics:/n-matmul-128,292,292,,,19868.65,n-matmul-128,false,98fe8105b4b7,,c-690eed96-0cf1abd9-769da4154e8d,1762586111965,Sync,19870.05,1762586111964,21.0.3.8,false,128,27.46,InvokeFunction,,,LATEST,1-690eedff-0c0a43-414d01c66036,OnDemand,,,0.59,
,601984C4C767B3AE29155A0CBC717A02-1D,1762586131,FCRequestMetrics:/n-matmul-128,294,294,,,18341.46,n-matmul-128,false,18fcdff65652,,c-690eed84-0cf1abd9-c1ce786e1019,1762586113075,Sync,18343.42,1762586113074,21.0.3.14,false,128,22.45,InvokeFunction,,,LATEST,1-690eee01-0c0a43-834447135ae7,OnDemand,,,0.49,
,B4A81EAA9A610DB6D6C5F8ED3BF0C5D3-19,1762586131,FCRequestMetrics:/n-matmul-128,290,290,,,19463.00,n-matmul-128,false,5618ff7e0c38,,c-690eed96-0cf1abd9-fe06c54f6777,1762586112367,Sync,19471.88,1762586112366,21.0.3.14,false,128,27.47,InvokeFunction,,,LATEST,1-690eee00-0c0a43-a52d1015205f,OnDemand,,,0.49,
,AD2D061C819899739344C7154478FB9D-1C,1762586131,FCRequestMetrics:/n-matmul-128,290,290,,,17727.34,n-matmul-128,false,3e0e6ec3c35c,,c-690eed89-0cf1abd9-2892cad8d6af,1762586113503,Sync,17728.75,1762586113502,21.0.3.18,false,128,27.66,InvokeFunction,,,LATEST,1-690eee01-0c0a43-db110860b57f,OnDemand,,,0.43,
,9A69A015E836A893BB9F5FED7403265F-19,1762586131,FCRequestMetrics:/n-matmul-128,292,292,,,19698.68,n-matmul-128,false,8be9fbcef600,,c-690eed96-0cf1abd9-94394623246b,1762586112107,Sync,19703.12,1762586112107,21.0.3.12,false,128,27.06,InvokeFunction,,,LATEST,1-690eee00-0c0a43-8af91bb61b0d,OnDemand,,,0.53,
,66F11D02496EEE1D7BA3A4E6AB8BA6A5-15,1762586131,FCRequestMetrics:/n-matmul-128,284,284,,,15864.63,n-matmul-128,false,bd9b5f0f3fc4,,c-690eeda9-0cf1abd9-f9f10a04e676,1762586115758,Sync,15869.45,1762586115757,21.0.3.21,false,128,22.27,InvokeFunction,,,LATEST,1-690eee03-0c0a43-e99c395c369b,OnDemand,,,0.45,
,CEE887FB037E821185889FBE8CB6AF77-16,1762586131,FCRequestMetrics:/n-matmul-128,284,284,,,16207.76,n-matmul-128,false,5d96d0e6f353,,c-690eeda9-0cf1abd9-eb584dd06982,1762586115759,Sync,16217.62,1762586115757,21.0.3.18,false,128,22.39,InvokeFunction,,,LATEST,1-690eee03-0c49fa-4d2a3166868a,OnDemand,,,1.10,
,781F1588896B086D7B9525CF26E327EB-15,1762586132,FCRequestMetrics:/n-matmul-128,284,284,,,16436.64,n-matmul-128,false,4caf80074898,,c-690eeda5-0cf1abd9-14bb1cc6f364,1762586115746,Sync,16440.52,1762586115745,21.0.3.24,false,128,22.25,InvokeFunction,,,LATEST,1-690eee03-0c49fa-6b8328e6a74e,OnDemand,,,1.15,
,1E5A568CAB040985CEDDB2A885818A73-1F,1762586132,FCRequestMetrics:/n-matmul-128,290,290,,,19605.95,n-matmul-128,false,9b8c773cba2a,,c-690eed85-0cf1abd9-1ba29434816d,1762586112568,Sync,19608.37,1762586112567,21.0.3.24,false,128,32.61,InvokeFunction,,,LATEST,1-690eee00-0c49fa-c2d7a6f30fe7,OnDemand,,,1.37,
,CB6AE88BE08C9A42F2FD38BB7DE3D7AF-1F,1762586132,FCRequestMetrics:/n-matmul-128,293,293,,,15076.33,n-matmul-128,false,480cb1ce5e18,,c-690eed8d-0cf1abd9-47404688a687,1762586117352,Sync,15078.24,1762586117351,21.0.3.8,false,128,21.98,InvokeFunction,,,LATEST,1-690eee05-0c0a43-50a2bc1a8dfa,OnDemand,,,0.49,
,E9B4BB61A0BA18E9756EE7B0B19180D4-1F,1762586132,FCRequestMetrics:/n-matmul-128,298,298,,,14668.20,n-matmul-128,false,b1fafcece7b1,,c-690eed8d-0cf1abd9-909a8a51e440,1762586118264,Sync,14868.45,1762586118068,21.0.3.11,false,128,27.64,InvokeFunction,,,LATEST,1-690eee06-0c0a43-0bb916e1da28,OnDemand,,,195.88,
,2B4625DA72F11748201D56C345F761CD-18,1762586132,FCRequestMetrics:/n-matmul-128,282,282,,,17601.93,n-matmul-128,false,83516cd0eb74,,c-690eed96-0cf1abd9-a41f892cdd8e,1762586115045,Sync,17603.62,1762586115044,21.0.3.24,false,128,22.54,InvokeFunction,,,LATEST,1-690eee03-0c0a43-1431474df874,OnDemand,,,0.53,
,FE62E48614DA949DAF3789D4806A512D-1D,1762586132,FCRequestMetrics:/n-matmul-128,283,283,,,17438.96,n-matmul-128,false,4823d83c18dc,,c-690eed89-0cf1abd9-5b9582f39990,1762586115405,Sync,17441.32,1762586115404,21.0.3.17,false,128,29.59,InvokeFunction,,,LATEST,1-690eee03-0c49fa-b48908abe40a,OnDemand,,,1.16,
,8A7394BA0F304A206770530C84EA6636-1F,1762586132,FCRequestMetrics:/n-matmul-128,278,278,,,23215.36,n-matmul-128,false,279fa08dbc62,,c-690eed83-0cf1abd9-0a463df434e5,1762586109598,Sync,23217.89,1762586109597,21.0.3.3,false,128,27.56,InvokeFunction,,,LATEST,1-690eedfd-0c0a43-72e13015ba44,OnDemand,,,0.56,
,4AAB0B06936D72C3AF0ED63C41634FCE-1D,1762586132,FCRequestMetrics:/n-matmul-128,282,282,,,17628.55,n-matmul-128,false,d7d879e92610,,c-690eed89-0cf1abd9-cbae37f356f4,1762586115129,Sync,17640.04,1762586115118,21.0.3.15,false,128,22.03,InvokeFunction,,,LATEST,1-690eee03-0c49fa-12fede5969c4,OnDemand,,,1.38,
,DFB2C1B044EC33FF240D44307D6249FE-1E,1762586132,FCRequestMetrics:/n-matmul-128,281,281,,,17331.15,n-matmul-128,false,ecb9a7fba850,,c-690eed89-0cf1abd9-8077c2c72a30,1762586115651,Sync,17333.88,1762586115649,21.0.3.19,false,128,21.76,InvokeFunction,,,LATEST,1-690eee03-0c49fa-167a5dcdd7c3,OnDemand,,,1.20,
,7B54E33FC4EF59F9EB611D0DD33DB1AD-1F,1762586132,FCRequestMetrics:/n-matmul-128,274,274,,,22683.95,n-matmul-128,false,57decdb25f9e,,c-690eed83-0cf1abd9-0a57e9e3d12f,1762586109845,Sync,22688.60,1762586109843,21.0.3.8,false,128,23.03,InvokeFunction,,,LATEST,1-690eedfd-0c49fa-f6c1cf133004,OnDemand,,,0.96,
,A9D18AD4109C30D5E34A6CADD737B686-21,1762586132,FCRequestMetrics:/n-matmul-128,285,285,,,0.03,n-matmul-128,true,07c49809bd2c,,c-690eed85-0cf1abd9-a441473e8758,1762586128378,Sync,4054.30,1762586128377,21.0.3.16,false,128,2.16,InvokeFunction,,,LATEST,1-690eee10-0c0a43-175ef928ac11,OnDemand,,,0.56,,"{""errorType"":""FunctionAbnormalExitError""}"
,32B0F1D581F5E39EC6054F7F479A9133-1B,1762586132,FCRequestMetrics:/n-matmul-128,291,291,,,16062.96,n-matmul-128,false,0671b6afd97c,,c-690eed96-0cf1abd9-2fa702511747,1762586116385,Sync,16064.65,1762586116384,21.0.3.11,false,128,29.23,InvokeFunction,,,LATEST,1-690eee04-0c0a43-686af71c9164,OnDemand,,,0.52,
,CD41B0AD1C8EC375FCF48EF027FC064B-21,1762586132,FCRequestMetrics:/n-matmul-128,293,293,,,0.04,n-matmul-128,true,83be9297cbaa,,c-690eed8d-0cf1abd9-ab9c8f59b975,1762586129918,Sync,2339.67,1762586129917,21.0.3.2,false,128,2.19,InvokeFunction,,,LATEST,1-690eee11-0c0a43-6ec6a4448a06,OnDemand,,,0.60,,"{""errorType"":""FunctionAbnormalExitError""}"
,8D8C440FC3E34DBB9F1F04BB26D5634E-22,1762586132,FCRequestMetrics:/n-matmul-128,284,284,,,0.04,n-matmul-128,true,524d7b1ff122,,c-690eed85-0cf1abd9-5f56757a5335,1762586128732,Sync,4258.47,1762586128729,21.0.3.2,false,128,4.18,InvokeFunction,,,LATEST,1-690eee10-0c0a43-2bda78a52a2a,OnDemand,,,0.53,,"{""errorType"":""FunctionAbnormalExitError""}"
,545DE9BD42C98B996C6808C99D114C47-16,1762586132,FCRequestMetrics:/n-matmul-128,284,284,,,16608.56,n-matmul-128,false,0a0aaa3564b0,,c-690eeda5-0cf1abd9-c9445681ee20,1762586115756,Sync,16610.67,1762586115754,21.0.3.22,false,128,26.30,InvokeFunction,,,LATEST,1-690eee03-0c49fa-cc5b3140e5d1,OnDemand,,,0.91,
,534BB234720EAF245D060C96880CE6E1-15,1762586132,FCRequestMetrics:/n-matmul-128,289,289,,,19037.73,n-matmul-128,false,b9d5a90e849c,,c-690eeda8-0cf1abd9-489697ff9fe3,1762586113673,Sync,19045.89,1762586113672,21.0.3.16,false,128,21.69,InvokeFunction,,,LATEST,1-690eee01-0c0a43-b05650111c83,OnDemand,,,0.57,
,945898D0AF47D153C60C831EFEA93697-19,1762586133,FCRequestMetrics:/n-matmul-128,282,282,,,18201.53,n-matmul-128,false,175f45e7fcbd,,c-690eed96-0cf1abd9-9f8f06b7bb4c,1762586114842,Sync,18206.33,1762586114841,21.0.3.17,false,128,27.84,InvokeFunction,,,LATEST,1-690eee02-0c0a43-37b1cd8022aa,OnDemand,,,0.55,
,757982FB0EC94F0DBBC2760980FCB266-1F,1762586133,FCRequestMetrics:/n-matmul-128,290,290,,,15443.06,n-matmul-128,false,6448ba91ff26,,c-690eed8d-0cf1abd9-28761e13241d,1762586117817,Sync,15444.47,1762586117816,21.0.3.10,false,128,29.96,InvokeFunction,,,LATEST,1-690eee05-0c0a43-e4126a972788,OnDemand,,,0.51,
,F049A05B05E229468359356494790421-16,1762586133,FCRequestMetrics:/n-matmul-128,284,284,,,18454.93,n-matmul-128,false,a743b3598854,,c-690eeda8-0cf1abd9-ed6740a826c3,1762586115482,Sync,18461.96,1762586115478,21.0.3.18,false,128,22.35,InvokeFunction,,,LATEST,1-690eee03-0c49fa-72c34e1c347e,OnDemand,,,1.35,
,E0E0F357761D0248261EE2F10BB55343-19,1762586133,FCRequestMetrics:/n-matmul-128,283,283,,,18285.09,n-matmul-128,false,44413e12b2a5,,c-690eed96-0cf1abd9-2eb0d31dc6a8,1762586115309,Sync,18292.39,1762586115306,21.0.3.20,false,128,27.29,InvokeFunction,,,LATEST,1-690eee03-0c0a43-8911d6a2b764,OnDemand,,,0.53,
,20BCED26DA3E73A35A0E0ACEF26F4645-1E,1762586133,FCRequestMetrics:/n-matmul-128,296,296,,,14335.19,n-matmul-128,false,70809c61057c,,c-690eed96-0cf1abd9-b0cce505415f,1762586119179,Sync,14338.38,1762586119178,21.0.3.25,false,128,27.62,InvokeFunction,,,LATEST,1-690eee07-0c49fa-2fceef02c4bc,OnDemand,,,1.15,
,B79079C424E0F07A8A390B193B002836-19,1762586133,FCRequestMetrics:/n-matmul-128,283,283,,,18228.61,n-matmul-128,false,692d15f70bf3,,c-690eed96-0cf1abd9-d94777f4e8e6,1762586115264,Sync,18242.63,1762586115259,21.0.3.23,false,128,29.45,InvokeFunction,,,LATEST,1-690eee03-0c49fa-cade999e1d64,OnDemand,,,1.39,
,946B81964C060862F0648B190BC052AB-1D,1762586133,FCRequestMetrics:/n-matmul-128,284,284,,,18611.47,n-matmul-128,false,34c40a6c9520,,c-690eed89-0cf1abd9-1687528dc8c2,1762586114678,Sync,18613.13,1762586114677,21.0.3.16,false,128,31.42,InvokeFunction,,,LATEST,1-690eee02-0c0a43-ef95e5779c03,OnDemand,,,0.64,
,F4DFF4453A1625B22DE49E6316B744E7-1D,1762586133,FCRequestMetrics:/n-matmul-128,281,281,,,18318.59,n-matmul-128,false,5ccd9a18e737,,c-690eed84-0cf1abd9-b1659118d275,1762586115553,Sync,18320.88,1762586115551,21.0.3.16,false,128,27.61,InvokeFunction,,,LATEST,1-690eee03-0c49fa-6ef6cf372817,OnDemand,,,1.41,
,5DAD0D54751340FDEB778E8C3D0BCA64-14,1762586133,FCRequestMetrics:/n-matmul-128,292,292,,,22131.66,n-matmul-128,false,5f6b4c786b41,,c-690eedae-0cf1abd9-b63dfe7543ed,1762586111840,Sync,22135.12,1762586111838,21.0.3.2,false,128,22.41,InvokeFunction,,,LATEST,1-690eedff-0c49fa-206ff5371ebb,OnDemand,,,1.23,
,B09D02D2736E63D8D189EBC1852D5FE0-1D,1762586133,FCRequestMetrics:/n-matmul-128,284,284,,,17420.80,n-matmul-128,false,d93ff50fc499,,c-690eed86-0cf1abd9-16756c022540,1762586115749,Sync,17422.20,1762586115748,21.0.3.13,false,128,21.98,InvokeFunction,,,LATEST,1-690eee03-0c0a43-cbb457511ac7,OnDemand,,,0.48,
,8E8ED45746BF551481A42C9EC0C0938D-15,1762586133,FCRequestMetrics:/n-matmul-128,284,284,,,17367.18,n-matmul-128,false,4e78e1f0ba00,,c-690eeda5-0cf1abd9-1766bd825c2f,1762586115755,Sync,17384.45,1762586115753,21.0.3.21,false,128,22.25,InvokeFunction,,,LATEST,1-690eee03-0c49fa-5f5c65f31eb4,OnDemand,,,1.15,
,FD3DA8D46D8EFE79129F6DB831E2D004-1C,1762586133,FCRequestMetrics:/n-matmul-128,283,283,,,17820.81,n-matmul-128,false,c5d7c67d012d,,c-690eed87-0cf1abd9-168efb1ce039,1762586115410,Sync,17829.32,1762586115409,21.0.3.14,false,128,22.04,InvokeFunction,,,LATEST,1-690eee03-0c49fa-942907e310c2,OnDemand,,,1.38,
,CFF6118976523AD8F98948CDFB5A2CFF-22,1762586133,FCRequestMetrics:/n-matmul-128,285,285,,,0.02,n-matmul-128,true,0fc3660777ab,,c-690eed85-0cf1abd9-4b579c30d7a8,1762586128601,Sync,4415.85,1762586128599,21.0.3.19,false,128,2.04,InvokeFunction,,,LATEST,1-690eee10-0c0a43-5ceec5ec47cf,OnDemand,,,0.54,,"{""errorType"":""FunctionAbnormalExitError""}"
,582B2FD610CE36EC9001D437122DA7DE-1D,1762586133,FCRequestMetrics:/n-matmul-128,284,284,,,18349.86,n-matmul-128,false,6d8c2f880a16,,c-690eed84-0cf1abd9-51ea92789350,1762586115002,Sync,18352.45,1762586115001,21.0.3.17,false,128,29.29,InvokeFunction,,,LATEST,1-690eee03-0c49fa-66accb9ce723,OnDemand,,,0.96,
,2E3A4B31C228B399B3B7DC20B5D681E8-15,1762586133,FCRequestMetrics:/n-matmul-128,284,284,,,17966.58,n-matmul-128,false,94116257bc76,,c-690eeda8-0cf1abd9-6efacfe9f712,1762586115748,Sync,17982.77,1762586115748,21.0.3.14,false,128,22.28,InvokeFunction,,,LATEST,1-690eee03-0c49fa-f2ab75889074,OnDemand,,,0.73,
,C6012E9AF904BFC7F82B587139A7052F-1E,1762586134,FCRequestMetrics:/n-matmul-128,293,293,,,14300.13,n-matmul-128,false,08ad0ef23948,,c-690eed96-0cf1abd9-776d52a791a0,1762586119898,Sync,14302.66,1762586119896,21.0.3.3,false,128,28.06,InvokeFunction,,,LATEST,1-690eee07-0c49fa-39be0ce10199,OnDemand,,,1.14,
,3D503442E2C027292A5FED0054EF72C8-20,1762586134,FCRequestMetrics:/n-matmul-128,297,297,,,15306.60,n-matmul-128,false,f832bf8f4093,,c-690eed8d-0cf1abd9-03a276b4fee0,1762586119008,Sync,15307.91,1762586119008,21.0.3.5,false,128,33.83,InvokeFunction,,,LATEST,1-690eee07-0c0a43-e35d01f05e63,OnDemand,,,0.53,
,3AFB20005AD9E6CC4003C7ADDF444DDF-15,1762586134,FCRequestMetrics:/n-matmul-128,291,291,,,17852.83,n-matmul-128,false,5f995ae01ec5,,c-690eeda9-0cf1abd9-1afd58826ae3,1762586116584,Sync,17856.55,1762586116583,21.0.3.22,false,128,24.25,InvokeFunction,,,LATEST,1-690eee04-0c49fa-37641dc20ef1,OnDemand,,,0.94,
,EC8C35753894B5B9AF0DA4DB7FE9A13B-17,1762586134,FCRequestMetrics:/n-matmul-128,290,290,,,17841.79,n-matmul-128,false,14f78ff3edc2,,c-690eeda8-0cf1abd9-dbfce724cac6,1762586116656,Sync,17844.78,1762586116655,21.0.3.23,false,128,22.41,InvokeFunction,,,LATEST,1-690eee04-0c0a43-696c91013b56,OnDemand,,,0.60,
,54257F6C2DE5D00C16409D9C28372284-1F,1762586134,FCRequestMetrics:/n-matmul-128,293,293,,,14813.36,n-matmul-128,false,ebad9260b821,,c-690eed8d-0cf1abd9-196fc3cfa131,1762586119865,Sync,14818.05,1762586119864,21.0.3.11,false,128,21.79,InvokeFunction,,,LATEST,1-690eee07-0c0a43-6f0ffa34e4b9,OnDemand,,,0.53,
,4EFFDB922E80D88EA45930E5C8CE9097-1F,1762586134,FCRequestMetrics:/n-matmul-128,295,295,,,15098.31,n-matmul-128,false,cedb22a6eba0,,c-690eed8d-0cf1abd9-8518f5d4a430,1762586119755,Sync,15102.97,1762586119754,21.0.3.9,false,128,26.93,InvokeFunction,,,LATEST,1-690eee07-0c0a43-50a69c9c0539,OnDemand,,,0.52,
,32F6748B54E7C116ECBA713D52BB001A-1A,1762586134,FCRequestMetrics:/n-matmul-128,293,293,,,17106.17,n-matmul-128,false,0d6fef3003c2,,c-690eed96-0cf1abd9-86fc813866d5,1762586117040,Sync,17112.01,1762586117039,21.0.3.19,false,128,24.45,InvokeFunction,,,LATEST,1-690eee05-0c49fa-e00fe939e9b4,OnDemand,,,1.11,
,83CAB58307325447A4DEA26702BA5E90-1A,1762586134,FCRequestMetrics:/n-matmul-128,291,291,,,18644.28,n-matmul-128,false,03045a14e1ff,,c-690eed96-0cf1abd9-278610150dd5,1762586116348,Sync,18649.14,1762586116347,21.0.3.15,false,128,29.50,InvokeFunction,,,LATEST,1-690eee04-0c0a43-88774516c4f8,OnDemand,,,0.58,
,A912C88EFEEFC4B218F7735CF74E673B-15,1762586134,FCRequestMetrics:/n-matmul-128,284,284,,,18446.14,n-matmul-128,false,c124df2e904b,,c-690eeda8-0cf1abd9-66b5ac8b3f4b,1762586115754,Sync,18450.62,1762586115750,21.0.3.13,false,128,22.22,InvokeFunction,,,LATEST,1-690eee03-0c0a43-c73329354281,OnDemand,,,0.50,
,D146A4E091934A2DB3F52D2283250B9C-1B,1762586134,FCRequestMetrics:/n-matmul-128,299,299,,,15946.18,n-matmul-128,false,e11351b48c04,,c-690eed96-0cf1abd9-c0d64c44585a,1762586118159,Sync,15967.27,1762586118157,21.0.3.13,false,128,29.36,InvokeFunction,,,LATEST,1-690eee06-0c49fa-eacd578915b3,OnDemand,,,1.17,
,35B7CF1288747C19178530C01B71BAC3-19,1762586134,FCRequestMetrics:/n-matmul-128,293,293,,,17311.81,n-matmul-128,false,cf2bb21028d5,,c-690eed96-0cf1abd9-ca59a9a46279,1762586117397,Sync,17313.78,1762586117396,21.0.3.22,false,128,22.95,InvokeFunction,,,LATEST,1-690eee05-0c0a43-99a03c558392,OnDemand,,,0.54,
,B521370D3A6E26470A494F1D2AAFFA3F-1A,1762586134,FCRequestMetrics:/n-matmul-128,294,294,,,17735.40,n-matmul-128,false,602c844bf99d,,c-690eed96-0cf1abd9-1fcc961447a6,1762586117139,Sync,17737.04,1762586117139,21.0.3.23,false,128,29.36,InvokeFunction,,,LATEST,1-690eee05-0c0a43-974bb24ad4f7,OnDemand,,,0.54,
,623C01CD3A5A8B2E0F24E293BCB1A9E6-1B,1762586134,FCRequestMetrics:/n-matmul-128,289,289,,,17936.68,n-matmul-128,false,28d5a40b4b5c,,c-690eed96-0cf1abd9-9c58647ab8e4,1762586116915,Sync,17939.41,1762586116913,21.0.3.19,false,128,22.09,InvokeFunction,,,LATEST,1-690eee04-0c49fa-e0ea438d7f68,OnDemand,,,1.20,
,529E5C7FB42ABB8742B7C8F9D897AD63-1A,1762586134,FCRequestMetrics:/n-matmul-128,288,288,,,17047.33,n-matmul-128,false,f84b5136dce2,,c-690eed96-0cf1abd9-9ebb1a976fe6,1762586117858,Sync,17053.61,1762586117858,21.0.3.21,false,128,21.89,InvokeFunction,,,LATEST,1-690eee05-0c0a43-481baee81a6e,OnDemand,,,0.48,
,8AE5E5DD376D8B6BBC87B2F900A287DB-22,1762586134,FCRequestMetrics:/n-matmul-128,282,282,,,0.05,n-matmul-128,true,7a13a20b921a,,c-690eed85-0cf1abd9-64d3ea47bde3,1762586129046,Sync,5266.86,1762586129041,21.0.3.13,false,128,2.07,InvokeFunction,,,LATEST,1-690eee11-0c49fa-804a306bee59,OnDemand,,,1.27,,"{""errorType"":""FunctionAbnormalExitError""}"
,938A8818D88FA899F8D8F52ADA1CFF6C-15,1762586134,FCRequestMetrics:/n-matmul-128,284,284,,,18313.37,n-matmul-128,false,7f4516a5f859,,c-690eeda9-0cf1abd9-4c7481869c13,1762586115741,Sync,18320.72,1762586115740,21.0.3.21,false,128,23.92,InvokeFunction,,,LATEST,1-690eee03-0c49fa-cea14aa121aa,OnDemand,,,0.82,
,C6D042B3AA8F55B11A4AF85F00682BEA-1D,1762586134,FCRequestMetrics:/n-matmul-128,291,291,,,18158.90,n-matmul-128,false,7399f831961f,,c-690eed84-0cf1abd9-757f054c6418,1762586116525,Sync,18161.31,1762586116523,21.0.3.19,false,128,27.71,InvokeFunction,,,LATEST,1-690eee04-0c49fa-e16b87a33b72,OnDemand,,,1.48,
,58CCD2DE8E2B0B4D1F6EB957F7930236-21,1762586134,FCRequestMetrics:/n-matmul-128,282,282,,,0.03,n-matmul-128,true,6736357c0448,,c-690eed85-0cf1abd9-39066bb81db1,1762586129040,Sync,5387.18,1762586129039,21.0.3.23,false,128,4.01,InvokeFunction,,,LATEST,1-690eee11-0c0a43-f9b5183bc23b,OnDemand,,,0.56,,"{""errorType"":""FunctionAbnormalExitError""}"
,793EEF9B741682B7CE08F12987FEEDB3-21,1762586134,FCRequestMetrics:/n-matmul-128,295,295,,,0.04,n-matmul-128,true,752a8680e720,,c-690eed8d-0cf1abd9-b4396f6c1b61,1762586131799,Sync,2776.09,1762586131798,21.0.3.3,false,128,4.20,InvokeFunction,,,LATEST,1-690eee13-0c0a43-a93a2d79e4e7,OnDemand,,,0.58,,"{""errorType"":""FunctionAbnormalExitError""}"
,42E890D6520D105A9B16A20A2B52D801-17,1762586134,FCRequestMetrics:/n-matmul-128,296,296,,,15456.09,n-matmul-128,false,94b02dd0f401,,c-690eeda9-0cf1abd9-9011fb8320b3,1762586119037,Sync,15458.50,1762586119035,21.0.3.3,false,128,27.44,InvokeFunction,,,LATEST,1-690eee07-0c49fa-e04042e21671,OnDemand,,,1.34,
,BB4ED00B22F6D0F50600682ABF2615D9-21,1762586134,FCRequestMetrics:/n-matmul-128,282,282,,,0.05,n-matmul-128,true,b56edd595e8c,,c-690eed85-0cf1abd9-7e6421936614,1762586129042,Sync,5477.75,1762586129039,21.0.3.15,false,128,2.19,InvokeFunction,,,LATEST,1-690eee11-0c0a43-af301c458951,OnDemand,,,0.46,,"{""errorType"":""FunctionAbnormalExitError""}"
,CB6AE88BE08C9A42F2FD38BB7DE3D7AF-20,1762586134,FCRequestMetrics:/n-matmul-128,298,298,,,0.09,n-matmul-128,true,480cb1ce5e18,,c-690eed8d-0cf1abd9-47404688a687,1762586132454,Sync,2359.67,1762586132453,21.0.3.8,false,128,2.21,InvokeFunction,,,LATEST,1-690eee14-0c49fa-f8aac43010c5,OnDemand,,,1.01,,"{""errorType"":""FunctionAbnormalExitError""}"
,1643C472A4A9C9E7636975D61997BF49-1C,1762586134,FCRequestMetrics:/n-matmul-128,290,290,,,16380.38,n-matmul-128,false,587857d87fe7,,c-690eed96-0cf1abd9-9d1eba3d67bf,1762586117652,Sync,16383.03,1762586117650,21.0.3.10,false,128,23.79,InvokeFunction,,,LATEST,1-690eee05-0c49fa-4f6cc69ac9f9,OnDemand,,,1.39,
,2BD77D43468911AB831A8F7E54DB0C85-1C,1762586134,FCRequestMetrics:/n-matmul-128,298,298,,,16370.19,n-matmul-128,false,b7def3b75118,,c-690eed96-0cf1abd9-52afc540c138,1762586118131,Sync,16380.30,1762586118129,21.0.3.9,false,128,27.36,InvokeFunction,,,LATEST,1-690eee06-0c49fa-58ca20f0bb97,OnDemand,,,1.38,
,7FCCE5A256910B58B56BBA3543AFB14E-1D,1762586134,FCRequestMetrics:/n-matmul-128,293,293,,,17902.49,n-matmul-128,false,c5e4309ab4db,,c-690eed84-0cf1abd9-b684d4f05063,1762586117041,Sync,17904.05,1762586117041,21.0.3.15,false,128,21.38,InvokeFunction,,,LATEST,1-690eee05-0c0a43-74e45d432483,OnDemand,,,0.56,
,C81E0734A1BCCB9DA9FC914E1BF3266D-15,1762586134,FCRequestMetrics:/n-matmul-128,289,289,,,18033.77,n-matmul-128,false,7cce56c3fb65,,c-690eeda8-0cf1abd9-312a3a57ec79,1762586116845,Sync,18036.57,1762586116843,21.0.3.20,false,128,24.70,InvokeFunction,,,LATEST,1-690eee04-0c49fa-c910fbc9660d,OnDemand,,,1.40,
,0BC7559A97094DA3F46167601878453D-16,1762586135,FCRequestMetrics:/n-matmul-128,293,293,,,18150.41,n-matmul-128,false,75f4143da4af,,c-690eeda8-0cf1abd9-4970429639af,1762586117436,Sync,18151.78,1762586117435,21.0.3.19,false,128,22.29,InvokeFunction,,,LATEST,1-690eee05-0c0a43-88c52132aed0,OnDemand,,,0.52,
,803897D30563305B6DBC05E884EC8EC2-19,1762586135,FCRequestMetrics:/n-matmul-128,293,293,,,18555.85,n-matmul-128,false,2a6f3444e7b4,,c-690eed96-0cf1abd9-1ae336fb64b1,1762586117420,Sync,18558.24,1762586117418,21.0.3.18,false,128,27.36,InvokeFunction,,,LATEST,1-690eee05-0c49fa-d699f3b3eed8,OnDemand,,,1.40,
,ECE2A195B7556DEA0917BC84976EED68-1F,1762586135,FCRequestMetrics:/n-matmul-128,281,281,,,19911.83,n-matmul-128,false,f7238f4600dd,,c-690eed85-0cf1abd9-5f1a2196a420,1762586115728,Sync,19913.73,1762586115726,21.0.3.25,false,128,32.55,InvokeFunction,,,LATEST,1-690eee03-0c49fa-2e7b092dee6c,OnDemand,,,0.94,
,9DB0B32669D9079C1BDD2E72F986F3FE-19,1762586135,FCRequestMetrics:/n-matmul-128,290,290,,,18079.21,n-matmul-128,false,dbf02729ce57,,c-690eed96-0cf1abd9-9cbaae6ba90d,1762586117777,Sync,18081.29,1762586117775,21.0.3.24,false,128,29.38,InvokeFunction,,,LATEST,1-690eee05-0c49fa-39a7a49210c9,OnDemand,,,1.02,
,05FBCBF7797DF123D15EB0A6FCA5941A-17,1762586135,FCRequestMetrics:/n-matmul-128,288,288,,,18137.32,n-matmul-128,false,2c2a67e70617,,c-690eeda8-0cf1abd9-2e88da04d74b,1762586117857,Sync,18139.48,1762586117856,21.0.3.17,false,128,23.70,InvokeFunction,,,LATEST,1-690eee05-0c0a43-7a4085fda546,OnDemand,,,0.50,
,0BD475407873CF39B1CA595256226051-15,1762586135,FCRequestMetrics:/n-matmul-128,292,292,,,17997.02,n-matmul-128,false,83139df080ef,,c-690eeda9-0cf1abd9-42b948b2a68c,1762586117606,Sync,18002.24,1762586117605,21.0.3.25,false,128,22.39,InvokeFunction,,,LATEST,1-690eee05-0c0a43-d75a89de52e4,OnDemand,,,0.57,
,F2FD34FA9CCCCC3E3DEB26A611CC4213-1F,1762586135,FCRequestMetrics:/n-matmul-128,297,297,,,16957.75,n-matmul-128,false,8c49417d6c9f,,c-690eed8d-0cf1abd9-6bad1a022802,1762586119015,Sync,16977.83,1762586119014,21.0.3.10,false,128,32.09,InvokeFunction,,,LATEST,1-690eee07-0c49fa-f38b6d446040,OnDemand,,,1.38,
,7DD8F4E1BDDE2A8A13DEFA720B6E9373-20,1762586135,FCRequestMetrics:/n-matmul-128,296,296,,,16242.75,n-matmul-128,false,be49f65ae0f9,,c-690eed8d-0cf1abd9-053a84de8167,1762586119614,Sync,16244.01,1762586119614,21.0.3.8,false,128,26.12,InvokeFunction,,,LATEST,1-690eee07-0c0a43-fec593c115bd,OnDemand,,,0.52,
,4145F5C147116C613F389F1FA1269B40-19,1762586135,FCRequestMetrics:/n-matmul-128,294,294,,,18534.12,n-matmul-128,false,a47c00754ae4,,c-690eed96-0cf1abd9-7ad5956d5a94,1762586117228,Sync,18536.75,1762586117227,21.0.3.18,false,128,29.40,InvokeFunction,,,LATEST,1-690eee05-0c0a43-ddfc14e51b73,OnDemand,,,0.58,
,A171915879D3F1B14205997D3FDFD4B3-1D,1762586135,FCRequestMetrics:/n-matmul-128,289,289,,,18926.38,n-matmul-128,false,eaf76bc529c5,,c-690eed83-0cf1abd9-30e9bae7a4cf,1762586116844,Sync,18934.39,1762586116841,21.0.3.9,false,128,22.62,InvokeFunction,,,LATEST,1-690eee04-0c49fa-54eb0ac68151,OnDemand,,,1.50,
,B9CC31614084CD73FC6E2CD9504361BE-1D,1762586135,FCRequestMetrics:/n-matmul-128,289,289,,,18377.93,n-matmul-128,false,6211d0e2f318,,c-690eed84-0cf1abd9-9c5b9e84230e,1762586116895,Sync,18383.58,1762586116894,21.0.3.18,false,128,27.51,InvokeFunction,,,LATEST,1-690eee04-0c49fa-cd5129976278,OnDemand,,,0.87,
,21A4B0901367BD0C28B579B375001259-19,1762586135,FCRequestMetrics:/n-matmul-128,294,294,,,16338.54,n-matmul-128,false,387d318bc5da,,c-690eeda9-0cf1abd9-e3fe59758c3d,1762586118875,Sync,16341.05,1762586118874,21.0.3.7,false,128,27.79,InvokeFunction,,,LATEST,1-690eee06-0c49fa-715e2279624f,OnDemand,,,1.35,
,E9B4BB61A0BA18E9756EE7B0B19180D4-21,1762586135,FCRequestMetrics:/n-matmul-128,298,298,,,0.03,n-matmul-128,true,b1fafcece7b1,,c-690eed8d-0cf1abd9-909a8a51e440,1762586132964,Sync,2544.29,1762586132758,21.0.3.11,false,128,2.04,InvokeFunction,,,LATEST,1-690eee14-0c0a43-db67fd702b79,OnDemand,,,205.30,,"{""errorType"":""FunctionAbnormalExitError""}"
,854208CFC0E05FFDDD72E5ADF6DFFFF4-21,1762586135,FCRequestMetrics:/n-matmul-128,295,295,,,0.03,n-matmul-128,true,6fbf459d1081,,c-690eed85-0cf1abd9-ab34e7bc676a,1762586131749,Sync,3641.49,1762586131748,21.0.3.22,false,128,2.09,InvokeFunction,,,LATEST,1-690eee13-0c0a43-2232a58cbc42,OnDemand,,,0.62,,"{""errorType"":""FunctionAbnormalExitError""}"
,54A8EF52FEEB808422ACE2DD57D8BC40-22,1762586135,FCRequestMetrics:/n-matmul-128,294,294,,,0.03,n-matmul-128,true,8ea75ea0c289,,c-690eed85-0cf1abd9-e9c69a3d7dd0,1762586131670,Sync,3801.12,1762586131668,21.0.3.18,false,128,3.99,InvokeFunction,,,LATEST,1-690eee13-0c49fa-bac9cd88f1b3,OnDemand,,,0.96,,"{""errorType"":""FunctionAbnormalExitError""}"
,198BD0BFC963C7EBC003068011CD263F-1D,1762586135,FCRequestMetrics:/n-matmul-128,292,292,,,17917.79,n-matmul-128,false,f2fc65392c05,,c-690eed84-0cf1abd9-020573621d1e,1762586117541,Sync,17919.91,1762586117540,21.0.3.24,false,128,21.94,InvokeFunction,,,LATEST,1-690eee05-0c49fa-e558a2a23719,OnDemand,,,1.21,
,1E5A568CAB040985CEDDB2A885818A73-21,1762586135,FCRequestMetrics:/n-matmul-128,299,299,,,0.04,n-matmul-128,true,9b8c773cba2a,,c-690eed85-0cf1abd9-1ba29434816d,1762586132350,Sync,3411.31,1762586132156,21.0.3.24,false,128,2.03,InvokeFunction,,,LATEST,1-690eee14-0c49fa-970c4424d9c5,OnDemand,,,194.06,,"{""errorType"":""FunctionAbnormalExitError""}"
,757982FB0EC94F0DBBC2760980FCB266-20,1762586135,FCRequestMetrics:/n-matmul-128,299,299,,,0.04,n-matmul-128,true,6448ba91ff26,,c-690eed8d-0cf1abd9-28761e13241d,1762586133331,Sync,2112.04,1762586133331,21.0.3.10,false,128,4.20,InvokeFunction,,,LATEST,1-690eee15-0c0a43-1932f187a1e9,OnDemand,,,0.53,,"{""errorType"":""FunctionAbnormalExitError""}"
,D3A5ACAA170AA2F73392865F0C2D539D-1D,1762586135,FCRequestMetrics:/n-matmul-128,298,298,,,17576.71,n-matmul-128,false,6c683a9ba932,,c-690eed84-0cf1abd9-d44cbd427b7e,1762586118334,Sync,17582.45,1762586118332,21.0.3.23,false,128,22.02,InvokeFunction,,,LATEST,1-690eee06-0c49fa-3a9914519b8a,OnDemand,,,1.39,
,E98F2BCF2DED1F74ED59CCC9A89D0D4B-20,1762586135,FCRequestMetrics:/n-matmul-128,297,297,,,0.05,n-matmul-128,true,8faa2a99de85,,c-690eed86-0cf1abd9-d8df9633eb55,1762586132128,Sync,3453.48,1762586132127,21.0.3.21,false,128,2.07,InvokeFunction,,,LATEST,1-690eee14-0c49fa-5955b3d1d79a,OnDemand,,,1.14,,"{""errorType"":""FunctionAbnormalExitError""}"
,A8FF43E92F4D978DEA7FF72424BA415A-1D,1762586135,FCRequestMetrics:/n-matmul-128,298,298,,,17261.95,n-matmul-128,false,00a0b8d7795c,,c-690eed84-0cf1abd9-d5f620461f53,1762586118023,Sync,17263.43,1762586118022,21.0.3.25,false,128,22.09,InvokeFunction,,,LATEST,1-690eee06-0c0a43-6bc724342667,OnDemand,,,0.58,
,2F8E8E9909DF7E4E4F6C84108E3E6391-19,1762586135,FCRequestMetrics:/n-matmul-128,288,288,,,17910.41,n-matmul-128,false,cec312802329,,c-690eed96-0cf1abd9-acd053f7b558,1762586117857,Sync,17912.63,1762586117856,21.0.3.16,false,128,27.43,InvokeFunction,,,LATEST,1-690eee05-0c0a43-24b3e639701c,OnDemand,,,0.70,
,578636031DA9F9E4C1AEAEE036A2ED78-16,1762586136,FCRequestMetrics:/n-matmul-128,288,288,,,18285.34,n-matmul-128,false,d4e7bb540e9b,,c-690eeda9-0cf1abd9-cc7b57654f75,1762586117844,Sync,18288.21,1762586117843,21.0.3.24,false,128,22.84,InvokeFunction,,,LATEST,1-690eee05-0c49fa-e56b541bd99e,OnDemand,,,0.79,
,E73296BB4FF98C51BFC0649F2F271CC3-16,1762586136,FCRequestMetrics:/n-matmul-128,290,290,,,18324.37,n-matmul-128,false,59d36ceba10f,,c-690eeda8-0cf1abd9-e68ef267c2b5,1762586117798,Sync,18330.74,1762586117798,21.0.3.15,false,128,22.27,InvokeFunction,,,LATEST,1-690eee05-0c0a43-4887cfb17b93,OnDemand,,,0.55,
,101ABB01305ADAA1C15616E72BBCE7FA-1F,1762586136,FCRequestMetrics:/n-matmul-128,293,293,,,16140.52,n-matmul-128,false,985167d20b2a,,c-690eed8d-0cf1abd9-0876abaa060f,1762586119861,Sync,16142.34,1762586119860,21.0.3.15,false,128,34.73,InvokeFunction,,,LATEST,1-690eee07-0c49fa-86d22507bc33,OnDemand,,,1.11,
,83A82314888ED1CF5E7B61964546AF33-16,1762586136,FCRequestMetrics:/n-matmul-128,284,284,,,20457.29,n-matmul-128,false,462f44a2c82a,,c-690eedad-0cf1abd9-7f3a36248a21,1762586115829,Sync,20475.45,1762586115825,21.0.3.2,false,128,22.14,InvokeFunction,,,LATEST,1-690eee03-0c49fa-9dbce61eb3f4,OnDemand,,,1.13,
,BA5A16F182CE3ABF620021ACFE7D7011-1E,1762586136,FCRequestMetrics:/n-matmul-128,296,296,,,15359.19,n-matmul-128,false,bb393646e560,,c-690eed96-0cf1abd9-3dded35d4062,1762586121623,Sync,15368.53,1762586121622,21.0.3.8,false,128,26.42,InvokeFunction,,,LATEST,1-690eee09-0c0a43-9bc433c4f8ea,OnDemand,,,0.56,
,4CE5B21E168E3B127D0FE1A088B9BCD9-1D,1762586136,FCRequestMetrics:/n-matmul-128,295,295,,,18030.82,n-matmul-128,false,6c05632c40b6,,c-690eed84-0cf1abd9-2ca190cf5bc8,1762586118545,Sync,18248.19,1762586118334,21.0.3.13,false,128,27.35,InvokeFunction,,,LATEST,1-690eee06-0c49fa-e4ebfcf3ed39,OnDemand,,,211.10,
,BBD7AB4B6FCD8B52DAEF4384D3C02406-1A,1762586136,FCRequestMetrics:/n-matmul-128,288,288,,,18342.17,n-matmul-128,false,4098b7dc32ba,,c-690eed96-0cf1abd9-f0166f4fef4a,1762586117859,Sync,18346.25,1762586117858,21.0.3.25,false,128,27.93,InvokeFunction,,,LATEST,1-690eee05-0c49fa-15ed8005497d,OnDemand,,,0.91,
,BBE4F3A04F21A9AAC989204381637DB0-16,1762586136,FCRequestMetrics:/n-matmul-128,284,284,,,20752.07,n-matmul-128,false,344f71de17a7,,c-690eedad-0cf1abd9-b220a1ec872a,1762586115841,Sync,20812.42,1762586115836,21.0.3.3,false,128,22.15,InvokeFunction,,,LATEST,1-690eee03-0c0a43-1c595cb3c00f,OnDemand,,,0.52,
,ACC61EAFD65443D198A5177BAD7DDF02-1A,1762586136,FCRequestMetrics:/n-matmul-128,298,298,,,18757.68,n-matmul-128,false,3174e9129044,,c-690eed96-0cf1abd9-645e4a0c60a8,1762586118066,Sync,18759.85,1762586118064,21.0.3.22,false,128,27.85,InvokeFunction,,,LATEST,1-690eee06-0c49fa-fdb6ead23b6b,OnDemand,,,1.10,
,0D0B5399E6C73F2546BD22845DA04E21-1D,1762586136,FCRequestMetrics:/n-matmul-128,296,296,,,17360.61,n-matmul-128,false,47a596ce3adb,,c-690eed84-0cf1abd9-1234c0f5f235,1762586119156,Sync,17362.59,1762586119154,21.0.3.20,false,128,22.16,InvokeFunction,,,LATEST,1-690eee07-0c49fa-501c79837b0f,OnDemand,,,1.17,
,0B2964543FFD9BF880FB835C7969E92C-16,1762586136,FCRequestMetrics:/n-matmul-128,281,281,,,20476.03,n-matmul-128,false,def6cb030cc0,,c-690eedad-0cf1abd9-ea42a99c6fe6,1762586115856,Sync,20524.01,1762586115851,21.0.3.8,false,128,24.43,InvokeFunction,,,LATEST,1-690eee03-0c0a43-6262fe190666,OnDemand,,,0.52,
,D00197269011D75200F8878AB52887BF-1C,1762586136,FCRequestMetrics:/n-matmul-128,298,298,,,16500.94,n-matmul-128,false,efbe8cba4f7c,,c-690eed96-0cf1abd9-cb967da6ce67,1762586120000,Sync,16511.95,1762586119998,21.0.3.14,false,128,27.46,InvokeFunction,,,LATEST,1-690eee07-0c49fa-0cfacb990dd2,OnDemand,,,1.13,
,40091B2BA89130F46C3ED4AE484A882F-1D,1762586136,FCRequestMetrics:/n-matmul-128,296,296,,,18179.33,n-matmul-128,false,2764cfd363fa,,c-690eed8d-0cf1abd9-243670775407,1762586118515,Sync,18186.16,1762586118514,21.0.3.22,false,128,27.54,InvokeFunction,,,LATEST,1-690eee06-0c49fa-9541931be66f,OnDemand,,,1.24,
,530FE0259011E1488EC5E3B38AE725E0-1F,1762586136,FCRequestMetrics:/n-matmul-128,298,298,,,18201.09,n-matmul-128,false,84f6be032d7a,,c-690eed84-0cf1abd9-3f0610e48d26,1762586118316,Sync,18452.34,1762586118067,21.0.3.22,false,128,31.55,InvokeFunction,,,LATEST,1-690eee06-0c49fa-284bcdcbae97,OnDemand,,,248.94,
,DAE6BAF353C38FA45B5DF9AF0F86D659-1E,1762586136,FCRequestMetrics:/n-matmul-128,298,298,,,18297.65,n-matmul-128,false,19a08086dcd9,,c-690eed83-0cf1abd9-9b3fcb822613,1762586118119,Sync,18300.72,1762586118117,21.0.3.10,false,128,23.88,InvokeFunction,,,LATEST,1-690eee06-0c49fa-31d86c87160e,OnDemand,,,1.25,
,C6012E9AF904BFC7F82B587139A7052F-20,1762586136,FCRequestMetrics:/n-matmul-128,299,299,,,0.05,n-matmul-128,true,08ad0ef23948,,c-690eed96-0cf1abd9-776d52a791a0,1762586134245,Sync,2269.61,1762586134245,21.0.3.3,false,128,2.22,InvokeFunction,,,LATEST,1-690eee16-0c0a43-72ef656bc90f,OnDemand,,,0.50,,"{""errorType"":""FunctionAbnormalExitError""}"
,7F22DE67CC56E5CE60C18065760DFDF7-18,1762586136,FCRequestMetrics:/n-matmul-128,288,288,,,18477.90,n-matmul-128,false,6aafb671ccf7,,c-690eed96-0cf1abd9-e828e73f8bb0,1762586117861,Sync,18481.48,1762586117859,21.0.3.20,false,128,27.67,InvokeFunction,,,LATEST,1-690eee05-0c0a43-2950323955e4,OnDemand,,,0.36,
,CACC3D6F9C6A2945DEADA5EDA3A09538-1E,1762586136,FCRequestMetrics:/n-matmul-128,294,294,,,18900.47,n-matmul-128,false,d4758414a170,,c-690eed83-0cf1abd9-8480035f250f,1762586117224,Sync,18903.42,1762586117223,21.0.3.12,false,128,26.29,InvokeFunction,,,LATEST,1-690eee05-0c49fa-a2153a714d3f,OnDemand,,,1.22,
,1A862A83A1BC2442878624F07715F018-1B,1762586136,FCRequestMetrics:/n-matmul-128,293,293,,,19000.27,n-matmul-128,false,efc22426a1fd,,c-690eed96-0cf1abd9-cf74302865f9,1762586117021,Sync,19002.73,1762586117019,21.0.3.21,false,128,27.34,InvokeFunction,,,LATEST,1-690eee05-0c49fa-1be2d2f6dba0,OnDemand,,,1.51,
,E5B69284F91EC2DF605FC852F4441DE1-1B,1762586136,FCRequestMetrics:/n-matmul-128,298,298,,,18487.09,n-matmul-128,false,a79ff7c252e4,,c-690eed96-0cf1abd9-ce2a7ce29ce5,1762586118064,Sync,18489.14,1762586118063,21.0.3.16,false,128,27.40,InvokeFunction,,,LATEST,1-690eee06-0c0a43-6fac35bfa6ec,OnDemand,,,0.58,
,76D617CB71485C23C9F7230DC75F302E-1D,1762586136,FCRequestMetrics:/n-matmul-128,297,297,,,17183.46,n-matmul-128,false,b7a64c32d5d5,,c-690eed8d-0cf1abd9-7d7906dde49b,1762586119478,Sync,17189.73,1762586119478,21.0.3.24,false,128,22.57,InvokeFunction,,,LATEST,1-690eee07-0c0a43-ac2b63e8f72c,OnDemand,,,0.54,
,AA4F50678A1127D06BAF7C6E1EB093FA-1D,1762586136,FCRequestMetrics:/n-matmul-128,296,296,,,17746.20,n-matmul-128,false,280167d0cedf,,c-690eed8d-0cf1abd9-a97014d5fff8,1762586119203,Sync,17754.37,1762586119202,21.0.3.25,false,128,22.09,InvokeFunction,,,LATEST,1-690eee07-0c0a43-85afe0ab04e0,OnDemand,,,0.48,
,F61B1071476942D4F7B55629DD659612-19,1762586136,FCRequestMetrics:/n-matmul-128,288,288,,,18765.96,n-matmul-128,false,b611341e3558,,c-690eed96-0cf1abd9-fa1cd72521fa,1762586117844,Sync,18769.28,1762586117843,21.0.3.17,false,128,27.51,InvokeFunction,,,LATEST,1-690eee05-0c0a43-ad3afe7261c4,OnDemand,,,0.52,
,C15BF1EC55206DC503800DA01C82FD0A-15,1762586137,FCRequestMetrics:/n-matmul-128,284,284,,,21444.38,n-matmul-128,false,3dea345b3806,,c-690eedae-0cf1abd9-2315151cf3eb,1762586115736,Sync,21447.85,1762586115735,21.0.3.8,false,128,22.32,InvokeFunction,,,LATEST,1-690eee03-0c0a43-96e2f33c91a0,OnDemand,,,0.48,
,92B3129F074210C7D1784E258F56EC8E-20,1762586137,FCRequestMetrics:/n-matmul-128,298,298,,,16148.12,n-matmul-128,false,54fdf7469d4b,,c-690eed8d-0cf1abd9-e3d670f7e404,1762586121496,Sync,16152.67,1762586121492,21.0.3.16,false,128,23.89,InvokeFunction,,,LATEST,1-690eee09-0c0a43-2648fd8482b1,OnDemand,,,0.56,
,F1380D3BB03512FD19661F5DE4097BAA-1F,1762586137,FCRequestMetrics:/n-matmul-128,296,296,,,16242.13,n-matmul-128,false,5c25a51ee6b0,,c-690eed8d-0cf1abd9-90163845d713,1762586121632,Sync,16244.54,1762586121630,21.0.3.18,false,128,26.45,InvokeFunction,,,LATEST,1-690eee09-0c49fa-1fb013b9d054,OnDemand,,,1.20,
,C7EF96C9FA36BA4241E0BBE4133D0AE3-1E,1762586137,FCRequestMetrics:/n-matmul-128,293,293,,,17297.25,n-matmul-128,false,143002e59623,,c-690eed8d-0cf1abd9-5277dcd6704a,1762586119896,Sync,17299.36,1762586119895,21.0.3.20,false,128,24.20,InvokeFunction,,,LATEST,1-690eee07-0c49fa-3436e145769a,OnDemand,,,0.75,
,5FA82E0D11A2F01A283861FD9A436B86-1D,1762586137,FCRequestMetrics:/n-matmul-128,297,297,,,18173.42,n-matmul-128,false,47b6a53f01e9,,c-690eed8d-0cf1abd9-3ba5efb311dc,1762586119006,Sync,18175.61,1762586119005,21.0.3.21,false,128,27.68,InvokeFunction,,,LATEST,1-690eee07-0c0a43-0c10cb691eea,OnDemand,,,0.49,
,29AE8E513B0BDFCBBE8182ECB0CB489D-16,1762586137,FCRequestMetrics:/n-matmul-128,289,289,,,20776.60,n-matmul-128,false,8aa0e1273cfd,,c-690eedae-0cf1abd9-d84c6a5e8f7f,1762586116853,Sync,20779.70,1762586116852,21.0.3.9,false,128,22.29,InvokeFunction,,,LATEST,1-690eee04-0c49fa-5a9b2e2e7048,OnDemand,,,0.95,
,254CBF9330441C1ACFCB0F4AE9CBF4F1-16,1762586137,FCRequestMetrics:/n-matmul-128,290,290,,,20723.61,n-matmul-128,false,ab3447f5d4b9,,c-690eedad-0cf1abd9-bee0383146f8,1762586116702,Sync,20725.05,1762586116701,21.0.3.9,false,128,24.23,InvokeFunction,,,LATEST,1-690eee04-0c0a43-201b020ddc81,OnDemand,,,0.56,
,58100D8F3876904D781824C152698572-1E,1762586137,FCRequestMetrics:/n-matmul-128,293,293,,,17596.75,n-matmul-128,false,59ce8020a236,,c-690eed84-0cf1abd9-0fe3463f746c,1762586119853,Sync,17600.00,1762586119850,21.0.3.11,false,128,27.30,InvokeFunction,,,LATEST,1-690eee07-0c49fa-07fa05b61aa4,OnDemand,,,1.35,
,1B5038221905746079340D2F785F7324-1C,1762586137,FCRequestMetrics:/n-matmul-128,296,296,,,16610.88,n-matmul-128,false,cba0726a55b5,,c-690eed96-0cf1abd9-0232b809e3a3,1762586120640,Sync,16612.55,1762586120639,21.0.3.19,false,128,27.51,InvokeFunction,,,LATEST,1-690eee08-0c0a43-69671292f240,OnDemand,,,0.59,
,D2BCA0C8052D39835F68F2A25705BDC3-16,1762586137,FCRequestMetrics:/n-matmul-128,294,294,,,20599.09,n-matmul-128,false,6b0c8a7b5b7d,,c-690eedad-0cf1abd9-43af290c944d,1762586117158,Sync,20601.58,1762586117156,21.0.3.12,false,128,24.23,InvokeFunction,,,LATEST,1-690eee05-0c49fa-754556123cf2,OnDemand,,,1.38,
,3D503442E2C027292A5FED0054EF72C8-23,1762586137,FCRequestMetrics:/n-matmul-128,298,298,,,0.03,n-matmul-128,true,f832bf8f4093,,c-690eed8d-0cf1abd9-03a276b4fee0,1762586134344,Sync,3359.10,1762586133862,21.0.3.5,false,128,4.08,InvokeFunction,,,LATEST,1-690eee15-0c0a43-de5bd141bcbd,OnDemand,,,481.76,,"{""errorType"":""FunctionAbnormalExitError""}"
,DAF408D088DC4798F248EA82E4D57A5E-1C,1762586137,FCRequestMetrics:/n-matmul-128,295,295,,,16700.36,n-matmul-128,false,4f9279990613,,c-690eed96-0cf1abd9-ada75fe8f4a4,1762586120922,Sync,16736.48,1762586120922,21.0.3.20,false,128,29.44,InvokeFunction,,,LATEST,1-690eee08-0c0a43-afea874a9647,OnDemand,,,0.56,
,ECE2A195B7556DEA0917BC84976EED68-21,1762586137,FCRequestMetrics:/n-matmul-128,293,293,,,0.03,n-matmul-128,true,f7238f4600dd,,c-690eed85-0cf1abd9-5f1a2196a420,1762586135648,Sync,2079.59,1762586135647,21.0.3.25,false,128,2.07,InvokeFunction,,,LATEST,1-690eee17-0c0a43-63c31afcf0ed,OnDemand,,,0.61,,"{""errorType"":""FunctionAbnormalExitError""}"
,B6D50533180C70B5E0BB5DFAA393368E-16,1762586137,FCRequestMetrics:/n-matmul-128,284,284,,,21586.57,n-matmul-128,false,61f29b5aaa2a,,c-690eedae-0cf1abd9-d16ca912f1de,1762586115762,Sync,21597.01,1762586115759,21.0.3.3,false,128,22.09,InvokeFunction,,,LATEST,1-690eee03-0c0a43-3a926245add8,OnDemand,,,0.53,
,54257F6C2DE5D00C16409D9C28372284-21,1762586137,FCRequestMetrics:/n-matmul-128,294,294,,,0.03,n-matmul-128,true,ebad9260b821,,c-690eed8d-0cf1abd9-196fc3cfa131,1762586134811,Sync,3175.03,1762586134811,21.0.3.11,false,128,2.09,InvokeFunction,,,LATEST,1-690eee16-0c0a43-567dc4803373,OnDemand,,,0.56,,"{""errorType"":""FunctionAbnormalExitError""}"
,05CDE0418A06D09EAE4ADEC100CA68AB-16,1762586138,FCRequestMetrics:/n-matmul-128,288,288,,,20178.64,n-matmul-128,false,0737d63123d1,,c-690eedad-0cf1abd9-a9ddaa1500d5,1762586117861,Sync,20180.24,1762586117860,21.0.3.10,false,128,23.97,InvokeFunction,,,LATEST,1-690eee05-0c49fa-02e0d92ef0d5,OnDemand,,,0.85,
,40D0187C79EB93AE6164DB021EB45BA3-1F,1762586138,FCRequestMetrics:/n-matmul-128,295,295,,,16961.46,n-matmul-128,false,c2355a18488a,,c-690eed8d-0cf1abd9-4bc4ed912672,1762586121836,Sync,16963.75,1762586121834,21.0.3.19,false,128,34.16,InvokeFunction,,,LATEST,1-690eee09-0c49fa-16fba6bf664e,OnDemand,,,1.41,
,A8D6FAD4E028404BF2BEFFDF098DE909-1B,1762586138,FCRequestMetrics:/n-matmul-128,297,297,,,16717.60,n-matmul-128,false,88656d0a707e,,c-690eed96-0cf1abd9-5f48bbab96ce,1762586121426,Sync,16719.87,1762586121425,21.0.3.23,false,128,25.72,InvokeFunction,,,LATEST,1-690eee09-0c49fa-d19c5296cb37,OnDemand,,,1.23,
,074001829727EFB7F7387CED9C5F68EC-16,1762586138,FCRequestMetrics:/n-matmul-128,288,288,,,20343.49,n-matmul-128,false,ee3e5731d648,,c-690eedad-0cf1abd9-2b773a14cfca,1762586117849,Sync,20345.52,1762586117849,21.0.3.11,false,128,22.29,InvokeFunction,,,LATEST,1-690eee05-0c0a43-07c41929eb10,OnDemand,,,0.51,
,766129AB7B6D0B09055969F465FC8A08-15,1762586138,FCRequestMetrics:/n-matmul-128,294,294,,,19370.59,n-matmul-128,false,df4dc26dbca2,,c-690eedad-0cf1abd9-3e9ecfe8951a,1762586118873,Sync,19373.49,1762586118872,21.0.3.13,false,128,22.60,InvokeFunction,,,LATEST,1-690eee06-0c49fa-f6bd8b0c14e5,OnDemand,,,0.78,
,869DF173F19FB37007A48145CD0630D0-1B,1762586138,FCRequestMetrics:/n-matmul-128,297,297,,,17132.66,n-matmul-128,false,f71765104eb6,,c-690eed96-0cf1abd9-4b21baf34b2d,1762586121357,Sync,17241.09,1762586121252,21.0.3.12,false,128,29.65,InvokeFunction,,,LATEST,1-690eee09-0c49fa-f44053162949,OnDemand,,,1.42,
,4EFFDB922E80D88EA45930E5C8CE9097-20,1762586138,FCRequestMetrics:/n-matmul-128,295,295,,,0.03,n-matmul-128,true,cedb22a6eba0,,c-690eed8d-0cf1abd9-8518f5d4a430,1762586134913,Sync,3197.31,1762586134912,21.0.3.9,false,128,2.03,InvokeFunction,,,LATEST,1-690eee16-0c49fa-90f2cff97cca,OnDemand,,,0.90,,"{""errorType"":""FunctionAbnormalExitError""}"
,F2FD34FA9CCCCC3E3DEB26A611CC4213-20,1762586138,FCRequestMetrics:/n-matmul-128,289,289,,,0.04,n-matmul-128,true,8c49417d6c9f,,c-690eed8d-0cf1abd9-6bad1a022802,1762586136050,Sync,2384.33,1762586136046,21.0.3.10,false,128,2.09,InvokeFunction,,,LATEST,1-690eee18-0c49fa-25bfc695cfb6,OnDemand,,,1.18,,"{""errorType"":""FunctionAbnormalExitError""}"
,D75FE03AF20DB179FE80EEBFA34D421E-1A,1762586138,FCRequestMetrics:/n-matmul-128,293,293,,,18297.06,n-matmul-128,false,6e7425ff0dbc,,c-690eed96-0cf1abd9-51b4fedde737,1762586119897,Sync,18299.51,1762586119896,21.0.3.25,false,128,29.39,InvokeFunction,,,LATEST,1-690eee07-0c0a43-da6dc9809a3d,OnDemand,,,0.46,
,BE75DB22015500E11A374D96AAD193DE-1F,1762586139,FCRequestMetrics:/n-matmul-128,293,293,,,15759.90,n-matmul-128,false,14ce103419c8,,c-690eed8d-0cf1abd9-d2956975d9ee,1762586123281,Sync,15761.47,1762586123280,21.0.3.23,false,128,29.09,InvokeFunction,,,LATEST,1-690eee0b-0c0a43-2bfe9c7def1c,OnDemand,,,0.48,
,6C640CB721ED8B0BF85E5FE5C8E7D61E-1F,1762586139,FCRequestMetrics:/n-matmul-128,295,295,,,17447.80,n-matmul-128,false,2f5080738346,,c-690eed8d-0cf1abd9-670e404d2849,1762586121862,Sync,17449.38,1762586121861,21.0.3.9,false,128,32.51,InvokeFunction,,,LATEST,1-690eee09-0c0a43-9022457ae7c6,OnDemand,,,0.56,
,E473C3EB473436CCADF8096E8D0D2C42-1B,1762586139,FCRequestMetrics:/n-matmul-128,293,293,,,15920.21,n-matmul-128,false,aa865b939cef,,c-690eed96-0cf1abd9-6da66350de26,1762586123092,Sync,15928.08,1762586123091,21.0.3.16,false,128,27.74,InvokeFunction,,,LATEST,1-690eee0b-0c49fa-ab8d92fcc65f,OnDemand,,,1.16,
,C1412826A6236A7731C90A92F9B4B0CE-1D,1762586139,FCRequestMetrics:/n-matmul-128,291,291,,,16626.89,n-matmul-128,false,44ace84c5429,,c-690eed83-0cf1abd9-ef3a29fe5f2e,1762586123157,Sync,16629.12,1762586123156,21.0.3.16,false,128,22.45,InvokeFunction,,,LATEST,1-690eee0b-0c49fa-ac845f8dc2a2,OnDemand,,,1.10,
,A01F74AEDFA9F5E4A11A4BE6ACD824B6-18,1762586139,FCRequestMetrics:/n-matmul-128,296,296,,,17028.08,n-matmul-128,false,93947e474c66,,c-690eeda9-0cf1abd9-2c67b590b375,1762586122023,Sync,17030.52,1762586122022,21.0.3.9,false,128,27.93,InvokeFunction,,,LATEST,1-690eee0a-0c49fa-887d726fcc3f,OnDemand,,,1.46,
,F658B3CD8413B0D988AE185DF0BE18DD-1F,1762586139,FCRequestMetrics:/n-matmul-128,297,297,,,16116.28,n-matmul-128,false,959cca596465,,c-690eed8d-0cf1abd9-0ed53fa70580,1762586123382,Sync,16117.93,1762586123381,21.0.3.13,false,128,34.12,InvokeFunction,,,LATEST,1-690eee0b-0c0a43-a484ddb6e8d5,OnDemand,,,0.51,
,72B0763C812343F54C4768A450A14952-1F,1762586139,FCRequestMetrics:/n-matmul-128,298,298,,,15494.36,n-matmul-128,false,cf26af28e3d5,,c-690eed8d-0cf1abd9-53316fbc9c29,1762586124115,Sync,16109.95,1762586123500,21.0.3.21,false,128,27.82,InvokeFunction,,,LATEST,1-690eee0b-0c49fa-764956e186f6,OnDemand,,,614.48,
,40DA133401D2DE8F12DE87799711FD83-1C,1762586139,FCRequestMetrics:/n-matmul-128,298,298,,,16055.44,n-matmul-128,false,f97fe124d699,,c-690eed96-0cf1abd9-bad3da0c0cfe,1762586123728,Sync,16285.87,1762586123499,21.0.3.15,false,128,21.75,InvokeFunction,,,LATEST,1-690eee0b-0c49fa-f88b08b27963,OnDemand,,,228.32,
,13CEFE53DDF944F177E0AA28B5E28265-1D,1762586139,FCRequestMetrics:/n-matmul-128,291,291,,,16459.00,n-matmul-128,false,feed6d3496d7,,c-690eed84-0cf1abd9-08aca33fd588,1762586123161,Sync,16461.34,1762586123159,21.0.3.20,false,128,21.67,InvokeFunction,,,LATEST,1-690eee0b-0c49fa-21f4f97d8a94,OnDemand,,,1.34,
,03AEEB1D9B7AD58C878D528779156747-16,1762586139,FCRequestMetrics:/n-matmul-128,295,295,,,20708.62,n-matmul-128,false,0df18e8c62e5,,c-690eedae-0cf1abd9-3b0257a32ea2,1762586118549,Sync,20715.10,1762586118548,21.0.3.11,false,128,24.30,InvokeFunction,,,LATEST,1-690eee06-0c49fa-4468e4f98ae7,OnDemand,,,1.04,
,69A54F516AD5DA2E071B4EDE812B37FB-16,1762586139,FCRequestMetrics:/n-matmul-128,294,294,,,20289.42,n-matmul-128,false,483d6d5a401b,,c-690eedae-0cf1abd9-23e27f7352eb,1762586118869,Sync,20299.81,1762586118859,21.0.3.12,false,128,22.23,InvokeFunction,,,LATEST,1-690eee06-0c49fa-63ae907a940e,OnDemand,,,1.25,
,7DD8F4E1BDDE2A8A13DEFA720B6E9373-23,1762586139,FCRequestMetrics:/n-matmul-128,289,289,,,0.05,n-matmul-128,true,be49f65ae0f9,,c-690eed8d-0cf1abd9-053a84de8167,1762586136085,Sync,3041.95,1762586136083,21.0.3.8,false,128,2.05,InvokeFunction,,,LATEST,1-690eee18-0c49fa-d029b0170701,OnDemand,,,1.32,,"{""errorType"":""FunctionAbnormalExitError""}"
,101ABB01305ADAA1C15616E72BBCE7FA-21,1762586139,FCRequestMetrics:/n-matmul-128,290,290,,,0.03,n-matmul-128,true,985167d20b2a,,c-690eed8d-0cf1abd9-0876abaa060f,1762586136017,Sync,3104.18,1762586136016,21.0.3.15,false,128,4.15,InvokeFunction,,,LATEST,1-690eee18-0c49fa-a1d4b235c647,OnDemand,,,0.93,,"{""errorType"":""FunctionAbnormalExitError""}"
,BA5A16F182CE3ABF620021ACFE7D7011-21,1762586139,FCRequestMetrics:/n-matmul-128,288,288,,,0.04,n-matmul-128,true,bb393646e560,,c-690eed96-0cf1abd9-3dded35d4062,1762586136999,Sync,2181.47,1762586136997,21.0.3.8,false,128,2.03,InvokeFunction,,,LATEST,1-690eee18-0c0a43-8a5757c3eb9e,OnDemand,,,0.55,,"{""errorType"":""FunctionAbnormalExitError""}"
,449AAF96D79A79AF83974EE81F7DD00B-1A,1762586139,FCRequestMetrics:/n-matmul-128,297,297,,,15761.51,n-matmul-128,false,93d7ca5c9fd9,,c-690eeda9-0cf1abd9-3515fa693e5b,1762586123380,Sync,15765.31,1762586123379,21.0.3.13,false,128,27.32,InvokeFunction,,,LATEST,1-690eee0b-0c0a43-32fb25254dd7,OnDemand,,,0.47,
,341217B393C4786CD864233CF7C20236-19,1762586139,FCRequestMetrics:/n-matmul-128,291,291,,,16752.71,n-matmul-128,false,ded7b9e2f367,,c-690eeda9-0cf1abd9-4a4f092aecb1,1762586123163,Sync,16755.65,1762586123162,21.0.3.12,false,128,27.51,InvokeFunction,,,LATEST,1-690eee0b-0c0a43-b102bae142e3,OnDemand,,,0.47,
,0048D2107E68C0AF59F0E03E3C5D236C-18,1762586139,FCRequestMetrics:/n-matmul-128,297,297,,,17224.02,n-matmul-128,false,aeee4fbdde24,,c-690eeda9-0cf1abd9-80c24ee76e6d,1762586122082,Sync,17226.17,1762586122080,21.0.3.8,false,128,27.58,InvokeFunction,,,LATEST,1-690eee0a-0c49fa-3a2402cb815f,OnDemand,,,0.96,
,90721D5DEA57FA959D79E839A2790822-16,1762586139,FCRequestMetrics:/n-matmul-128,295,295,,,18749.84,n-matmul-128,false,b03326c3717a,,c-690eedad-0cf1abd9-bb969c1ece47,1762586120924,Sync,18756.85,1762586120923,21.0.3.15,false,128,22.31,InvokeFunction,,,LATEST,1-690eee08-0c0a43-86cf96e038a4,OnDemand,,,0.66,
,FD072B701FB25CCB50AFAA9BF1412E0E-1A,1762586139,FCRequestMetrics:/n-matmul-128,297,297,,,17601.36,n-matmul-128,false,c65bba6f3cbb,,c-690eeda5-0cf1abd9-b8d6081b6434,1762586122087,Sync,17609.89,1762586122086,21.0.3.7,false,128,27.76,InvokeFunction,,,LATEST,1-690eee0a-0c49fa-7ba3411f14b3,OnDemand,,,0.92,
,3C976305C481D3458F52892B2010ED59-1F,1762586140,FCRequestMetrics:/n-matmul-128,293,293,,,16835.04,n-matmul-128,false,2413d1c7f8a6,,c-690eed8d-0cf1abd9-366b26390b4b,1762586123290,Sync,16837.28,1762586123289,21.0.3.14,false,128,28.95,InvokeFunction,,,LATEST,1-690eee0b-0c49fa-8d031ef85527,OnDemand,,,1.14,
,7C3C6C39706B9E9A5E45EA0795F361E3-1F,1762586140,FCRequestMetrics:/n-matmul-128,298,298,,,16580.46,n-matmul-128,false,daf840027305,,c-690eed8d-0cf1abd9-998f2d849ede,1762586123846,Sync,16586.31,1762586123845,21.0.3.14,false,128,22.67,InvokeFunction,,,LATEST,1-690eee0b-0c0a43-a694c8d57b52,OnDemand,,,0.53,
,C89BB40F9F2CADB4731EC7F783EB66CB-1D,1762586140,FCRequestMetrics:/n-matmul-128,298,298,,,16860.50,n-matmul-128,false,bdcfaeabdc01,,c-690eed83-0cf1abd9-c120bfdd5d8b,1762586123872,Sync,16874.01,1762586123871,21.0.3.14,false,128,21.86,InvokeFunction,,,LATEST,1-690eee0b-0c0a43-3b0be4113900,OnDemand,,,0.47,
,3DBA81FE1FDC810A3B598CDA1A88AB60-1E,1762586140,FCRequestMetrics:/n-matmul-128,294,294,,,17762.37,n-matmul-128,false,6b13c5a9a7ea,,c-690eed8d-0cf1abd9-58271c35b033,1762586122863,Sync,17764.78,1762586122861,21.0.3.23,false,128,27.59,InvokeFunction,,,LATEST,1-690eee0a-0c49fa-eb08aec81247,OnDemand,,,1.24,
,3641BD03B2EDD337A1E5E07D16D4DE1D-1F,1762586140,FCRequestMetrics:/n-matmul-128,298,298,,,17335.75,n-matmul-128,false,74c2be7ed7bc,,c-690eed8d-0cf1abd9-611a2133a545,1762586123661,Sync,17337.02,1762586123660,21.0.3.24,false,128,21.93,InvokeFunction,,,LATEST,1-690eee0b-0c0a43-fa2bd8aea00c,OnDemand,,,0.50,
,E25E5AC81214735572C3101D35F1B078-1F,1762586140,FCRequestMetrics:/n-matmul-128,298,298,,,16868.94,n-matmul-128,false,23a95b7b22dd,,c-690eed8d-0cf1abd9-05804b5e6825,1762586124075,Sync,16870.45,1762586124074,21.0.3.17,false,128,21.93,InvokeFunction,,,LATEST,1-690eee0c-0c0a43-3da5532af4c6,OnDemand,,,0.58,
,4FAE5B4F008068850E6D6E0BE6E4223E-19,1762586140,FCRequestMetrics:/n-matmul-128,297,297,,,17928.30,n-matmul-128,false,aeecc0ec331a,,c-690eeda5-0cf1abd9-8673b5017294,1762586122084,Sync,17935.36,1762586122083,21.0.3.11,false,128,27.19,InvokeFunction,,,LATEST,1-690eee0a-0c49fa-0371cf1f63eb,OnDemand,,,0.92,
,3433EFF5035DFC81D88241B3272689AA-1E,1762586140,FCRequestMetrics:/n-matmul-128,288,288,,,15574.32,n-matmul-128,false,c140f4eda296,,c-690eed96-0cf1abd9-4c27d9d9f1af,1762586125205,Sync,15576.26,1762586125204,21.0.3.13,false,128,31.88,InvokeFunction,,,LATEST,1-690eee0d-0c49fa-e15d59f18408,OnDemand,,,0.75,
,ADA2C4513DB513B16C4AA68C1E56B16B-19,1762586140,FCRequestMetrics:/n-matmul-128,293,293,,,17303.26,n-matmul-128,false,2e0db407e217,,c-690eeda5-0cf1abd9-e05cdb244a89,1762586123257,Sync,17305.65,1762586123256,21.0.3.9,false,128,29.85,InvokeFunction,,,LATEST,1-690eee0b-0c49fa-1cf3da0d8cb3,OnDemand,,,1.17,
,D19DEB46D930B5FFB4880807275B0C84-1F,1762586140,FCRequestMetrics:/n-matmul-128,298,298,,,16603.34,n-matmul-128,false,469834073b90,,c-690eed96-0cf1abd9-e8d8f0ec69a4,1762586123875,Sync,16605.71,1762586123873,21.0.3.11,false,128,34.50,InvokeFunction,,,LATEST,1-690eee0b-0c49fa-9985ae986de4,OnDemand,,,1.16,
,45C231C50F27C559EE3EBEA6F712A3AA-19,1762586140,FCRequestMetrics:/n-matmul-128,293,293,,,17455.43,n-matmul-128,false,0d4cb4afdc65,,c-690eeda5-0cf1abd9-4b4673a66774,1762586123253,Sync,17456.80,1762586123252,21.0.3.8,false,128,27.48,InvokeFunction,,,LATEST,1-690eee0b-0c0a43-0d55a4adf35d,OnDemand,,,0.42,
,D475316053B4F3156CAFE637F1C8214E-16,1762586140,FCRequestMetrics:/n-matmul-128,297,297,,,20546.05,n-matmul-128,false,3440940bffc2,,c-690eedae-0cf1abd9-af64b33d51aa,1762586119533,Sync,20555.88,1762586119532,21.0.3.10,false,128,23.91,InvokeFunction,,,LATEST,1-690eee07-0c49fa-3e7a15b60992,OnDemand,,,1.18,
,92B3129F074210C7D1784E258F56EC8E-22,1762586140,FCRequestMetrics:/n-matmul-128,287,287,,,0.03,n-matmul-128,true,54fdf7469d4b,,c-690eed8d-0cf1abd9-e3d670f7e404,1762586137687,Sync,2403.96,1762586137687,21.0.3.16,false,128,4.07,InvokeFunction,,,LATEST,1-690eee19-0c0a43-fae2da2ee6a5,OnDemand,,,0.53,,"{""errorType"":""FunctionAbnormalExitError""}"
,F1380D3BB03512FD19661F5DE4097BAA-21,1762586140,FCRequestMetrics:/n-matmul-128,286,286,,,0.04,n-matmul-128,true,5c25a51ee6b0,,c-690eed8d-0cf1abd9-90163845d713,1762586137919,Sync,2949.34,1762586137917,21.0.3.18,false,128,2.17,InvokeFunction,,,LATEST,1-690eee19-0c49fa-2e7344fd3174,OnDemand,,,1.42,,"{""errorType"":""FunctionAbnormalExitError""}"
,BB17D3743CC1FDE60F1345598BDCEFD7-19,1762586140,FCRequestMetrics:/n-matmul-128,287,287,,,15642.46,n-matmul-128,false,82ac2eb2520e,,c-690eeda9-0cf1abd9-476f20890ba2,1762586125001,Sync,15652.30,1762586124999,21.0.3.11,false,128,29.72,InvokeFunction,,,LATEST,1-690eee0c-0c49fa-b8cb81f01de1,OnDemand,,,1.20,
,5631503C851C331FBCC55A7B595279F5-20,1762586141,FCRequestMetrics:/n-matmul-128,288,288,,,15999.97,n-matmul-128,false,dd31d4d13109,,c-690eed96-0cf1abd9-3b123f53c475,1762586125227,Sync,16005.64,1762586125227,21.0.3.2,false,128,22.11,InvokeFunction,,,LATEST,1-690eee0d-0c0a43-4096e24db8a1,OnDemand,,,0.45,
,3E533AA8FAF2B84350E8C259DEC8E798-1F,1762586141,FCRequestMetrics:/n-matmul-128,287,287,,,15843.69,n-matmul-128,false,04c7bf8df02f,,c-690eed96-0cf1abd9-474755af5c04,1762586125410,Sync,15846.35,1762586125408,21.0.3.10,false,128,21.92,InvokeFunction,,,LATEST,1-690eee0d-0c49fa-9927bb29e303,OnDemand,,,1.39,
,471A481607C500A90EF8B2AC1EAC6971-18,1762586141,FCRequestMetrics:/n-matmul-128,291,291,,,15673.46,n-matmul-128,false,a2663941b4ef,,c-690eeda9-0cf1abd9-11dd72d57456,1762586125813,Sync,15675.22,1762586125812,21.0.3.17,false,128,27.66,InvokeFunction,,,LATEST,1-690eee0d-0c49fa-1f58319c2caa,OnDemand,,,0.91,
,1F631BBE3B0C3CBE62088E329F244AE4-17,1762586141,FCRequestMetrics:/n-matmul-128,297,297,,,21460.45,n-matmul-128,false,91167f95b002,,c-690eedae-0cf1abd9-978911f45f89,1762586120045,Sync,21604.59,1762586119902,21.0.3.13,false,128,22.67,InvokeFunction,,,LATEST,1-690eee07-0c0a43-f6fba8df3cac,OnDemand,,,142.72,
,B48DE1721A8D9F887D85EACFE463D9F5-15,1762586141,FCRequestMetrics:/n-matmul-128,297,297,,,21272.55,n-matmul-128,false,b2814d85c49e,,c-690eedaf-0cf1abd9-25241dcc866f,1762586120038,Sync,21412.80,1762586119902,21.0.3.14,false,128,23.95,InvokeFunction,,,LATEST,1-690eee07-0c0a43-4a095c5a91e9,OnDemand,,,136.42,
,2471E95300325BB840CC834AD5A3C6B6-1B,1762586141,FCRequestMetrics:/n-matmul-128,288,288,,,16658.27,n-matmul-128,false,9df121cea42b,,c-690eed96-0cf1abd9-2911da29056d,1762586125199,Sync,16660.49,1762586125198,21.0.3.22,false,128,24.07,InvokeFunction,,,LATEST,1-690eee0d-0c49fa-4b1485febdca,OnDemand,,,1.37,
,268F3D3C46E38184A5EB5CF616A731E0-1E,1762586141,FCRequestMetrics:/n-matmul-128,298,298,,,17242.40,n-matmul-128,false,0833dc1a5c1e,,c-690eed84-0cf1abd9-aec18b43eff0,1762586123893,Sync,17246.00,1762586123891,21.0.3.21,false,128,27.09,InvokeFunction,,,LATEST,1-690eee0b-0c49fa-b4c8e2600e47,OnDemand,,,1.35,
,1A53D7BA4C6855BB7F6F66CB757FBC63-16,1762586141,FCRequestMetrics:/n-matmul-128,297,297,,,19283.72,n-matmul-128,false,a75e3f2d1f77,,c-690eedad-0cf1abd9-5a75b37e305c,1762586122085,Sync,19290.65,1762586122084,21.0.3.16,false,128,22.47,InvokeFunction,,,LATEST,1-690eee0a-0c0a43-09acda94dc57,OnDemand,,,0.47,
,6C640CB721ED8B0BF85E5FE5C8E7D61E-22,1762586141,FCRequestMetrics:/n-matmul-128,278,278,,,0.04,n-matmul-128,true,2f5080738346,,c-690eed8d-0cf1abd9-670e404d2849,1762586139350,Sync,2324.49,1762586139348,21.0.3.9,false,128,2.02,InvokeFunction,,,LATEST,1-690eee1b-0c49fa-a6583dd27257,OnDemand,,,1.39,,"{""errorType"":""FunctionAbnormalExitError""}"
,1715E5CEAB8367704C4CBAEA4FB2B3A5-1D,1762586142,FCRequestMetrics:/n-matmul-128,288,288,,,17287.24,n-matmul-128,false,d9e930eac608,,c-690eed83-0cf1abd9-acea5d3aee77,1762586125129,Sync,17289.26,1762586125128,21.0.3.22,false,128,23.73,InvokeFunction,,,LATEST,1-690eee0d-0c49fa-0a0768a455c5,OnDemand,,,0.76,
,D51D20527F4C644906559B128F1C851C-16,1762586142,FCRequestMetrics:/n-matmul-128,298,298,,,18108.67,n-matmul-128,false,c1c1a459d69d,,c-690eedad-0cf1abd9-b4f03fd3a358,1762586124097,Sync,18333.24,1762586123874,21.0.3.21,false,128,22.16,InvokeFunction,,,LATEST,1-690eee0b-0c0a43-8d3b6607d032,OnDemand,,,221.72,
,E3C9ED0B2534F08C4630863A71EE6115-1F,1762586142,FCRequestMetrics:/n-matmul-128,290,290,,,16963.67,n-matmul-128,false,87674caf583b,,c-690eed96-0cf1abd9-ae05907d43ad,1762586125283,Sync,16975.63,1762586125282,21.0.3.12,false,128,32.09,InvokeFunction,,,LATEST,1-690eee0d-0c49fa-f1c050e54c61,OnDemand,,,0.88,
,DB24A72FC77702D7D653E666A3F5E890-1D,1762586142,FCRequestMetrics:/n-matmul-128,288,288,,,17403.52,n-matmul-128,false,b1264e2772ef,,c-690eed83-0cf1abd9-7df724ab21a7,1762586125112,Sync,17428.23,1762586125110,21.0.3.17,false,128,24.06,InvokeFunction,,,LATEST,1-690eee0d-0c49fa-54425dc174c0,OnDemand,,,1.42,
,4DF5713F052ED08D8FF3A9FDE56D7F83-1D,1762586142,FCRequestMetrics:/n-matmul-128,291,291,,,17046.76,n-matmul-128,false,be9fec8342f8,,c-690eed83-0cf1abd9-b75a5db2845a,1762586125700,Sync,17049.53,1762586125698,21.0.3.21,false,128,23.99,InvokeFunction,,,LATEST,1-690eee0d-0c49fa-0bb43bb86a61,OnDemand,,,1.37,
,D143AE44C19E26F9220F758DFE51775E-1E,1762586142,FCRequestMetrics:/n-matmul-128,291,291,,,16453.58,n-matmul-128,false,7cc6d641bed2,,c-690eed96-0cf1abd9-0cb5743955c5,1762586126078,Sync,16455.14,1762586126077,21.0.3.17,false,128,21.77,InvokeFunction,,,LATEST,1-690eee0e-0c0a43-f55507461055,OnDemand,,,0.53,
,4144839320AC12CCDB04B923E734740F-1F,1762586142,FCRequestMetrics:/n-matmul-128,287,287,,,16819.03,n-matmul-128,false,f2237be86146,,c-690eed84-0cf1abd9-d791d9e182fe,1762586125400,Sync,16822.82,1762586125399,21.0.3.25,false,128,21.87,InvokeFunction,,,LATEST,1-690eee0d-0c0a43-c89f96f52dd3,OnDemand,,,0.51,
,B2D9766D97B902C7A31498DC152CD74A-1E,1762586142,FCRequestMetrics:/n-matmul-128,286,286,,,16713.09,n-matmul-128,false,efd1785218e5,,c-690eed84-0cf1abd9-6314f848c25e,1762586125504,Sync,16723.90,1762586125502,21.0.3.18,false,128,24.76,InvokeFunction,,,LATEST,1-690eee0d-0c49fa-107ed7aa6127,OnDemand,,,1.35,
,79631A2B4FF88091BEDF80B60D44FB91-1E,1762586142,FCRequestMetrics:/n-matmul-128,282,282,,,14936.00,n-matmul-128,false,8b5be02ffcf8,,c-690eed96-0cf1abd9-d03696729fbb,1762586127854,Sync,14941.07,1762586127852,21.0.3.25,false,128,24.77,InvokeFunction,,,LATEST,1-690eee0f-0c49fa-9bad76cd6636,OnDemand,,,1.22,
,62FA41B7FF8249B4D088B827B9DA2023-17,1762586142,FCRequestMetrics:/n-matmul-128,296,296,,,20555.00,n-matmul-128,false,556831e46ae8,,c-690eedb0-0cf1abd9-551cbd21126d,1762586121580,Sync,20557.51,1762586121578,21.0.3.16,false,128,22.61,InvokeFunction,,,LATEST,1-690eee09-0c49fa-bdf5c374f08d,OnDemand,,,1.17,
,726276DB65DF441CF9FFA978FD3617F1-19,1762586142,FCRequestMetrics:/n-matmul-128,298,298,,,18680.55,n-matmul-128,false,56d2cb735fb5,,c-690eeda5-0cf1abd9-411ea4a01e98,1762586123875,Sync,18682.21,1762586123874,21.0.3.6,false,128,29.77,InvokeFunction,,,LATEST,1-690eee0b-0c0a43-b3637db02413,OnDemand,,,0.51,
,40D0187C79EB93AE6164DB021EB45BA3-21,1762586142,FCRequestMetrics:/n-matmul-128,282,282,,,0.04,n-matmul-128,true,c2355a18488a,,c-690eed8d-0cf1abd9-4bc4ed912672,1762586138842,Sync,3373.68,1762586138840,21.0.3.19,false,128,4.00,InvokeFunction,,,LATEST,1-690eee1a-0c49fa-a7c268ceb201,OnDemand,,,1.29,,"{""errorType"":""FunctionAbnormalExitError""}"
,89A99D9D400C280F26AE53AA7EA46C06-19,1762586142,FCRequestMetrics:/n-matmul-128,299,299,,,19193.21,n-matmul-128,false,1c1689fc6c14,,c-690eeda8-0cf1abd9-538823368ffc,1762586123497,Sync,19200.59,1762586123496,21.0.3.2,false,128,27.67,InvokeFunction,,,LATEST,1-690eee0b-0c49fa-483389552fe5,OnDemand,,,0.95,
,534453451D1297DCF31D88EE6739800C-16,1762586142,FCRequestMetrics:/n-matmul-128,293,293,,,19401.11,n-matmul-128,false,ecc43da18039,,c-690eedaf-0cf1abd9-a039e34a4c5a,1762586123257,Sync,19404.22,1762586123256,21.0.3.19,false,128,26.25,InvokeFunction,,,LATEST,1-690eee0b-0c0a43-b9088940cee4,OnDemand,,,0.51,
,BE75DB22015500E11A374D96AAD193DE-21,1762586142,FCRequestMetrics:/n-matmul-128,282,282,,,0.03,n-matmul-128,true,14ce103419c8,,c-690eed8d-0cf1abd9-d2956975d9ee,1762586139060,Sync,3853.59,1762586139058,21.0.3.23,false,128,4.21,InvokeFunction,,,LATEST,1-690eee1b-0c49fa-e34b9f5893d4,OnDemand,,,1.49,,"{""errorType"":""FunctionAbnormalExitError""}"
,3C976305C481D3458F52892B2010ED59-22,1762586142,FCRequestMetrics:/n-matmul-128,276,276,,,0.05,n-matmul-128,true,2413d1c7f8a6,,c-690eed8d-0cf1abd9-366b26390b4b,1762586140258,Sync,2305.69,1762586140257,21.0.3.14,false,128,4.09,InvokeFunction,,,LATEST,1-690eee1c-0c49fa-e8403eb0184b,OnDemand,,,1.46,,"{""errorType"":""FunctionAbnormalExitError""}"
,F8B25C5CA1AC44682E9155B471DB8F1A-15,1762586142,FCRequestMetrics:/n-matmul-128,293,293,,,19147.97,n-matmul-128,false,9f59c904e38b,,c-690eedad-0cf1abd9-c2fbfc23fb52,1762586123066,Sync,19155.94,1762586123065,21.0.3.17,false,128,34.16,InvokeFunction,,,LATEST,1-690eee0b-0c49fa-24467bae6ced,OnDemand,,,1.20,
,6119C18E1BE462F8234B40F7752AC57D-16,1762586142,FCRequestMetrics:/n-matmul-128,291,291,,,19047.59,n-matmul-128,false,19e9b19f0963,,c-690eedaf-0cf1abd9-3747d5e10ccc,1762586123157,Sync,19053.02,1762586123155,21.0.3.22,false,128,22.30,InvokeFunction,,,LATEST,1-690eee0b-0c49fa-66142526207c,OnDemand,,,1.36,
,890DC515470C0D64B7BCB1DEAC8D6597-1E,1762586143,FCRequestMetrics:/n-matmul-128,286,286,,,17683.99,n-matmul-128,false,ed39d36f7908,,c-690eed96-0cf1abd9-0e620186c5f3,1762586125465,Sync,17686.21,1762586125463,21.0.3.25,false,128,36.49,InvokeFunction,,,LATEST,1-690eee0d-0c49fa-1df839158201,OnDemand,,,1.20,
,9E1E21E8F76F062BA9CB76E20C2B83A4-1E,1762586143,FCRequestMetrics:/n-matmul-128,291,291,,,17121.95,n-matmul-128,false,59ec307a1758,,c-690eed96-0cf1abd9-aade4c0331ba,1762586125910,Sync,17125.39,1762586125909,21.0.3.3,false,128,21.94,InvokeFunction,,,LATEST,1-690eee0d-0c49fa-cb843a9d9899,OnDemand,,,1.35,
,4918E550A646204E9DB0726A28549557-16,1762586143,FCRequestMetrics:/n-matmul-128,290,290,,,18505.82,n-matmul-128,false,0541fa6913b9,,c-690eedae-0cf1abd9-5f54346fcb4d,1762586124932,Sync,18509.55,1762586124931,21.0.3.15,false,128,24.08,InvokeFunction,,,LATEST,1-690eee0c-0c49fa-737a546d85d3,OnDemand,,,0.94,
,ED8A5D906254A8A3D3B49041BA3A12A8-1E,1762586143,FCRequestMetrics:/n-matmul-128,291,291,,,17180.13,n-matmul-128,false,c3153ac2927e,,c-690eed96-0cf1abd9-dd35abc0aac0,1762586125997,Sync,17182.44,1762586125996,21.0.3.16,false,128,21.43,InvokeFunction,,,LATEST,1-690eee0d-0c49fa-cb3e32b1133b,OnDemand,,,1.16,
,DD2BC95C544ACAEDCAD224B59098EF74-20,1762586143,FCRequestMetrics:/n-matmul-128,288,288,,,18096.43,n-matmul-128,false,845e91b6cf6b,,c-690eed8d-0cf1abd9-2a8cc4f964bf,1762586125199,Sync,18098.91,1762586125198,21.0.3.13,false,128,26.13,InvokeFunction,,,LATEST,1-690eee0d-0c49fa-fb02258eb4a6,OnDemand,,,0.90,
,5D3028635C095A703267EC741BCFD73F-16,1762586143,FCRequestMetrics:/n-matmul-128,290,290,,,18222.80,n-matmul-128,false,dcf997b4a460,,c-690eedad-0cf1abd9-22285122ab78,1762586125282,Sync,18225.04,1762586125281,21.0.3.19,false,128,22.30,InvokeFunction,,,LATEST,1-690eee0d-0c49fa-c727c6d20c3c,OnDemand,,,1.32,
,DBD9CA05BB5AF635A4D2F2706778DAAB-16,1762586143,FCRequestMetrics:/n-matmul-128,287,287,,,18339.66,n-matmul-128,false,afa22b97568b,,c-690eedad-0cf1abd9-3f62736c6e5e,1762586125589,Sync,18341.67,1762586125588,21.0.3.18,false,128,23.89,InvokeFunction,,,LATEST,1-690eee0d-0c49fa-922fa1f87269,OnDemand,,,1.12,
,B3D0E276D29FCA59C6A2FD9A6053BFF8-20,1762586143,FCRequestMetrics:/n-matmul-128,287,287,,,17978.43,n-matmul-128,false,8f00d7dabb61,,c-690eed96-0cf1abd9-f9cad621699b,1762586125589,Sync,17980.62,1762586125588,21.0.3.19,false,128,33.98,InvokeFunction,,,LATEST,1-690eee0d-0c49fa-f569dfd35288,OnDemand,,,1.11,
,3264C158E2D5E5DEFE085BA619A247E7-1F,1762586143,FCRequestMetrics:/n-matmul-128,291,291,,,17961.35,n-matmul-128,false,0f7eccb6ce30,,c-690eed96-0cf1abd9-e222a82ad173,1762586125781,Sync,17962.65,1762586125780,21.0.3.4,false,128,22.00,InvokeFunction,,,LATEST,1-690eee0d-0c0a43-16627490603e,OnDemand,,,0.52,
,EE68EE4B972CEED0E744CF0F0F08C29D-16,1762586143,FCRequestMetrics:/n-matmul-128,286,286,,,18134.54,n-matmul-128,false,a70b2e0d4697,,c-690eedad-0cf1abd9-2896c0f9f5f0,1762586125461,Sync,18145.03,1762586125460,21.0.3.23,false,128,22.23,InvokeFunction,,,LATEST,1-690eee0d-0c49fa-3d81c2893ef1,OnDemand,,,0.92,
,521189B198D6C67402E1ED4D6E9E659F-16,1762586143,FCRequestMetrics:/n-matmul-128,288,288,,,18558.18,n-matmul-128,false,727464a7e5d7,,c-690eedad-0cf1abd9-9ae3384bb76d,1762586125204,Sync,18569.65,1762586125203,21.0.3.25,false,128,24.03,InvokeFunction,,,LATEST,1-690eee0d-0c0a43-09f286f092fe,OnDemand,,,0.50,
,5A317EA240DC46C4E15B8D2E97337C21-21,1762586143,FCRequestMetrics:/n-matmul-128,298,298,,,16961.90,n-matmul-128,false,b656f39d8746,,c-690eed86-0cf1abd9-84d2db55a180,1762586126962,Sync,16965.44,1762586126960,21.0.3.3,false,128,27.29,InvokeFunction,,,LATEST,1-690eee0e-0c0a43-ac8a0d2e8ee7,OnDemand,,,0.83,
,46452AD4646881BB08C6B59B48AEDFBA-20,1762586143,FCRequestMetrics:/n-matmul-128,287,287,,,18362.37,n-matmul-128,false,db5d7adaa422,,c-690eed8d-0cf1abd9-7d73f845b0a5,1762586125016,Sync,18363.99,1762586125015,21.0.3.12,false,128,34.56,InvokeFunction,,,LATEST,1-690eee0d-0c0a43-873bd7bc71dc,OnDemand,,,0.54,
,4E6EE341D6B7F4B5F00204E676B0421F-1A,1762586143,FCRequestMetrics:/n-matmul-128,291,291,,,17547.56,n-matmul-128,false,511d80c68358,,c-690eed8d-0cf1abd9-efed7d33773f,1762586125828,Sync,17548.88,1762586125827,21.0.3.18,false,128,22.10,InvokeFunction,,,LATEST,1-690eee0d-0c0a43-8b7a4263b1c1,OnDemand,,,0.54,
,5DDEC1B94316434FE6602FC2B2B6A039-1D,1762586143,FCRequestMetrics:/n-matmul-128,291,291,,,16947.09,n-matmul-128,false,34de976e0650,,c-690eed96-0cf1abd9-ee256dc17503,1762586126098,Sync,16968.44,1762586126097,21.0.3.8,false,128,22.44,InvokeFunction,,,LATEST,1-690eee0e-0c0a43-51704c710bc1,OnDemand,,,0.49,
,CFAD3EAED3DA9F0681474476AA4BD35D-18,1762586143,FCRequestMetrics:/n-matmul-128,282,282,,,14164.59,n-matmul-128,false,d7b80d666e2b,,c-690eedaa-0cf1abd9-4d582ed6e2e0,1762586129021,Sync,14166.72,1762586129019,21.0.3.22,false,128,24.32,InvokeFunction,,,LATEST,1-690eee11-0c49fa-4b85f5ed2e17,OnDemand,,,1.18,
,8FC1EA84A8F746A3A0AA748C26C7B25A-1E,1762586143,FCRequestMetrics:/n-matmul-128,299,299,,,17198.11,n-matmul-128,false,76321eba944f,,c-690eed96-0cf1abd9-5bffc956dbf7,1762586126541,Sync,17200.45,1762586126539,21.0.3.18,false,128,29.66,InvokeFunction,,,LATEST,1-690eee0e-0c49fa-869ca259c142,OnDemand,,,1.35,
,A0B4D1D12626D33FCDDA858055366E80-1D,1762586143,FCRequestMetrics:/n-matmul-128,299,299,,,16817.45,n-matmul-128,false,2f79d5d6e1f2,,c-690eed96-0cf1abd9-aec373bfe9b2,1762586127055,Sync,16826.05,1762586127054,21.0.3.9,false,128,27.39,InvokeFunction,,,LATEST,1-690eee0f-0c49fa-d29f1afded92,OnDemand,,,1.14,
,72B0763C812343F54C4768A450A14952-22,1762586143,FCRequestMetrics:/n-matmul-128,278,278,,,0.03,n-matmul-128,true,cf26af28e3d5,,c-690eed8d-0cf1abd9-53316fbc9c29,1762586139661,Sync,3779.96,1762586139660,21.0.3.21,false,128,2.08,InvokeFunction,,,LATEST,1-690eee1b-0c49fa-eb3438433f80,OnDemand,,,0.90,,"{""errorType"":""FunctionAbnormalExitError""}"
,A1FCC418CEE0A473F1F5238048A7B3E8-19,1762586143,FCRequestMetrics:/n-matmul-128,291,291,,,17378.39,n-matmul-128,false,a01070cabcf1,,c-690eeda5-0cf1abd9-e5a4210c2073,1762586126158,Sync,17388.36,1762586126156,21.0.3.15,false,128,27.81,InvokeFunction,,,LATEST,1-690eee0e-0c49fa-ef239fa81d92,OnDemand,,,1.17,
,F658B3CD8413B0D988AE185DF0BE18DD-22,1762586143,FCRequestMetrics:/n-matmul-128,279,279,,,0.05,n-matmul-128,true,959cca596465,,c-690eed8d-0cf1abd9-0ed53fa70580,1762586139541,Sync,4000.00,1762586139540,21.0.3.13,false,128,4.33,InvokeFunction,,,LATEST,1-690eee1b-0c0a43-3e846b1a8035,OnDemand,,,0.56,,"{""errorType"":""FunctionAbnormalExitError""}"
,22F3F140A6723208B9E7ACF1561A6D49-17,1762586143,FCRequestMetrics:/n-matmul-128,284,284,,,14604.51,n-matmul-128,false,1bb1546b9f73,,c-690eedaa-0cf1abd9-9d39cd93389c,1762586128529,Sync,14606.62,1762586128527,21.0.3.24,false,128,22.45,InvokeFunction,,,LATEST,1-690eee10-0c49fa-c9ddf928dfb5,OnDemand,,,1.33,
,9CC6FEA79C9A08269F04E5D7AC586D4D-1D,1762586143,FCRequestMetrics:/n-matmul-128,298,298,,,16468.47,n-matmul-128,false,1341e9c3300b,,c-690eed96-0cf1abd9-88caba2e9de4,1762586126970,Sync,16470.69,1762586126970,21.0.3.17,false,128,27.59,InvokeFunction,,,LATEST,1-690eee0e-0c0a43-e0e075d8c2ad,OnDemand,,,0.48,
,6103DB4D384590E61A6F2F19F6C5AA12-1D,1762586143,FCRequestMetrics:/n-matmul-128,287,287,,,18450.32,n-matmul-128,false,4bf26ccbfd63,,c-690eed96-0cf1abd9-33d753346913,1762586124934,Sync,18452.33,1762586124933,21.0.3.2,false,128,21.83,InvokeFunction,,,LATEST,1-690eee0c-0c0a43-94d9e4e053cd,OnDemand,,,0.70,
,04AD457B2A4E5603A91424FD74D7D0F7-1F,1762586143,FCRequestMetrics:/n-matmul-128,291,291,,,16871.46,n-matmul-128,false,c0065d925c86,,c-690eed83-0cf1abd9-e451cdc04672,1762586126203,Sync,16878.58,1762586126202,21.0.3.19,false,128,21.98,InvokeFunction,,,LATEST,1-690eee0e-0c0a43-7cea211ed0e1,OnDemand,,,0.54,
,B9CC9A0372DA2782D1101E8A00146287-18,1762586143,FCRequestMetrics:/n-matmul-128,299,299,,,17263.59,n-matmul-128,false,7dc1ff934198,,c-690eeda5-0cf1abd9-f2a1a2bcfb08,1762586126610,Sync,17265.23,1762586126609,21.0.3.17,false,128,27.38,InvokeFunction,,,LATEST,1-690eee0e-0c0a43-17c41ed8539f,OnDemand,,,0.52,
,8A2A2BA029F638783B43D48CB01B0C65-1D,1762586143,FCRequestMetrics:/n-matmul-128,291,291,,,17238.02,n-matmul-128,false,9f79c2d0c5f2,,c-690eed96-0cf1abd9-e99fca3da2c1,1762586126234,Sync,17242.21,1762586126233,21.0.3.2,false,128,29.61,InvokeFunction,,,LATEST,1-690eee0e-0c49fa-a941f196112f,OnDemand,,,1.12,
,1CEDCBDB1E088C8CB4C3FA3109C6E820-16,1762586143,FCRequestMetrics:/n-matmul-128,287,287,,,17805.04,n-matmul-128,false,923fec13e813,,c-690eedad-0cf1abd9-b681c919879f,1762586125590,Sync,17806.40,1762586125589,21.0.3.24,false,128,22.33,InvokeFunction,,,LATEST,1-690eee0d-0c0a43-94ae172eff02,OnDemand,,,0.48,
,DC13127C12C05FE53A3C463F46560AE2-1F,1762586143,FCRequestMetrics:/n-matmul-128,291,291,,,17572.84,n-matmul-128,false,23c185050e4f,,c-690eed83-0cf1abd9-42d2bc137d48,1762586126121,Sync,17574.67,1762586126120,21.0.3.15,false,128,27.54,InvokeFunction,,,LATEST,1-690eee0e-0c49fa-2805767bfccc,OnDemand,,,1.08,
,7CD416EB1ACE12AA7AC4343AE959C347-16,1762586143,FCRequestMetrics:/n-matmul-128,288,288,,,18764.80,n-matmul-128,false,ae49e46b8d18,,c-690eedaf-0cf1abd9-be78ecad56f3,1762586125173,Sync,18770.69,1762586125172,21.0.3.17,false,128,22.16,InvokeFunction,,,LATEST,1-690eee0d-0c0a43-4cb878ebab0b,OnDemand,,,0.53,
,35684BB25099CBEDA839F3453B345BB7-1F,1762586144,FCRequestMetrics:/n-matmul-128,291,291,,,17896.52,n-matmul-128,false,4704e96ceb34,,c-690eed8d-0cf1abd9-0b031bc7876b,1762586126233,Sync,17898.67,1762586126232,21.0.3.16,false,128,32.29,InvokeFunction,,,LATEST,1-690eee0e-0c49fa-df9c6d989914,OnDemand,,,1.09,
,7803A2A1C0E49F606CC22E511FDE78DB-19,1762586144,FCRequestMetrics:/n-matmul-128,291,291,,,18245.81,n-matmul-128,false,49cf98612b59,,c-690eeda8-0cf1abd9-c7ba121b8278,1762586125830,Sync,18251.29,1762586125828,21.0.3.9,false,128,27.28,InvokeFunction,,,LATEST,1-690eee0d-0c49fa-be9c877eb547,OnDemand,,,1.35,
,8626C8650DFC2E84CC74995D61333E7E-17,1762586144,FCRequestMetrics:/n-matmul-128,299,299,,,17327.27,n-matmul-128,false,8662218ebba1,,c-690eeda9-0cf1abd9-3476b9c52160,1762586126929,Sync,17799.89,1762586126457,21.0.3.15,false,128,29.98,InvokeFunction,,,LATEST,1-690eee0e-0c49fa-c3e45c403b77,OnDemand,,,471.68,
,E83713E0537D2729383D69DFF4C2841B-21,1762586144,FCRequestMetrics:/n-matmul-128,299,299,,,17385.11,n-matmul-128,false,1e9a879a9ce3,,c-690eed86-0cf1abd9-bf3f65b56cbd,1762586126847,Sync,17390.78,1762586126844,21.0.3.8,false,128,26.74,InvokeFunction,,,LATEST,1-690eee0e-0c49fa-1cf730173c96,OnDemand,,,1.36,
,92F96CFC59521BF63B429A4C99FA99CB-25,1762586144,FCRequestMetrics:/n-matmul-128,299,299,,,17779.13,n-matmul-128,false,b73e8dfdb3e1,,c-690eed85-0cf1abd9-c0e8aad62b67,1762586126901,Sync,17782.20,1762586126901,21.0.3.3,false,128,22.17,InvokeFunction,,,LATEST,1-690eee0e-0c0a43-efe05054c7e2,OnDemand,,,0.47,
,C0840D5DBD9C524E4585C0BF295DBB3E-19,1762586144,FCRequestMetrics:/n-matmul-128,291,291,,,18235.61,n-matmul-128,false,25cf34898536,,c-690eeda9-0cf1abd9-9a1c5ad86428,1762586125986,Sync,18253.31,1762586125984,21.0.3.16,false,128,27.44,InvokeFunction,,,LATEST,1-690eee0d-0c0a43-473c795d1229,OnDemand,,,0.51,
,B0234B70AFAFEAEF517C2172ED2CFEB6-1F,1762586144,FCRequestMetrics:/n-matmul-128,299,299,,,18208.59,n-matmul-128,false,9bfb01ae65a2,,c-690eed96-0cf1abd9-df0c068d62fa,1762586126628,Sync,18211.28,1762586126626,21.0.3.20,false,128,31.99,InvokeFunction,,,LATEST,1-690eee0e-0c49fa-e90a49770e7a,OnDemand,,,1.36,
,FBD8C56E27722E3A762AD34A166289FF-1F,1762586144,FCRequestMetrics:/n-matmul-128,283,283,,,15963.88,n-matmul-128,false,b0aff5fb1ab1,,c-690eed96-0cf1abd9-13352bc917ad,1762586128842,Sync,15965.56,1762586128841,21.0.3.2,false,128,23.87,InvokeFunction,,,LATEST,1-690eee10-0c0a43-f426ec58d8dc,OnDemand,,,0.57,
,6A8383338392512084A14C3EC7DB7CCC-20,1762586144,FCRequestMetrics:/n-matmul-128,299,299,,,17778.68,n-matmul-128,false,d95f8edd3264,,c-690eed8d-0cf1abd9-54a1d269f410,1762586126517,Sync,17781.45,1762586126515,21.0.3.15,false,128,32.42,InvokeFunction,,,LATEST,1-690eee0e-0c49fa-855e090ddc9c,OnDemand,,,1.33,
,06C1AECF0F54657A09035580DC6D0DB0-20,1762586144,FCRequestMetrics:/n-matmul-128,291,291,,,18964.66,n-matmul-128,false,d73180f2ad0e,,c-690eed8d-0cf1abd9-22bbe3b454d8,1762586126003,Sync,18970.46,1762586126002,21.0.3.22,false,128,32.35,InvokeFunction,,,LATEST,1-690eee0e-0c0a43-b6e7e7ee9408,OnDemand,,,0.50,
,B42D85ACE4F13663143AFEF57EE4377B-1E,1762586144,FCRequestMetrics:/n-matmul-128,284,284,,,16704.12,n-matmul-128,false,e86ce6f40d00,,c-690eed96-0cf1abd9-007038c1bcd0,1762586128048,Sync,16706.75,1762586128046,21.0.3.24,false,128,24.75,InvokeFunction,,,LATEST,1-690eee10-0c49fa-272ffa3f72fb,OnDemand,,,1.42,
,4E5B7CA35C1B228A64EA99D604E227AD-18,1762586144,FCRequestMetrics:/n-matmul-128,282,282,,,15614.71,n-matmul-128,false,a89245db7d99,,c-690eeda9-0cf1abd9-cae77ec22e72,1762586129011,Sync,15616.61,1762586129010,21.0.3.20,false,128,29.80,InvokeFunction,,,LATEST,1-690eee11-0c49fa-a04118826c3c,OnDemand,,,0.91,
,93707F44FB1ABD7F0A822267F35A408A-1A,1762586144,FCRequestMetrics:/n-matmul-128,288,288,,,18940.89,n-matmul-128,false,5c8e9d42bd7e,,c-690eeda8-0cf1abd9-b92e6a52596f,1762586125204,Sync,18942.43,1762586125204,21.0.3.3,false,128,29.86,InvokeFunction,,,LATEST,1-690eee0d-0c0a43-c1a96c78c5e1,OnDemand,,,0.45,
,D327063AE1B1A8A40B8F203869F3086F-16,1762586144,FCRequestMetrics:/n-matmul-128,298,298,,,18175.58,n-matmul-128,false,357f8c96fd4d,,c-690eedad-0cf1abd9-c9eee6f52450,1762586126234,Sync,18177.38,1762586126234,21.0.3.22,false,128,22.28,InvokeFunction,,,LATEST,1-690eee0e-0c0a43-c74b4903a6b7,OnDemand,,,0.54,
,E25E5AC81214735572C3101D35F1B078-21,1762586144,FCRequestMetrics:/n-matmul-128,293,293,,,0.03,n-matmul-128,true,23a95b7b22dd,,c-690eed8d-0cf1abd9-05804b5e6825,1762586140993,Sync,3025.30,1762586140992,21.0.3.17,false,128,2.06,InvokeFunction,,,LATEST,1-690eee1c-0c0a43-44be1e37eafd,OnDemand,,,0.59,,"{""errorType"":""FunctionAbnormalExitError""}"
,E70120467209C5072F9BAC96939FF425-24,1762586144,FCRequestMetrics:/n-matmul-128,291,291,,,18754.23,n-matmul-128,false,57a49bda52a7,,c-690eed85-0cf1abd9-89090d6612f0,1762586125845,Sync,18758.08,1762586125842,21.0.3.8,false,128,22.24,InvokeFunction,,,LATEST,1-690eee0d-0c49fa-5593f4e35f47,OnDemand,,,1.36,
,3641BD03B2EDD337A1E5E07D16D4DE1D-22,1762586144,FCRequestMetrics:/n-matmul-128,292,292,,,0.04,n-matmul-128,true,74c2be7ed7bc,,c-690eed8d-0cf1abd9-611a2133a545,1762586141047,Sync,3571.39,1762586141042,21.0.3.24,false,128,2.07,InvokeFunction,,,LATEST,1-690eee1d-0c0a43-8c575853c2bd,OnDemand,,,0.55,,"{""errorType"":""FunctionAbnormalExitError""}"
,E6C8A3E89807930B60F307F6EAB50F00-16,1762586144,FCRequestMetrics:/n-matmul-128,291,291,,,18100.57,n-matmul-128,false,c9f8599ed144,,c-690eedad-0cf1abd9-33c85c00b730,1762586126229,Sync,18102.55,1762586126228,21.0.3.20,false,128,24.22,InvokeFunction,,,LATEST,1-690eee0e-0c49fa-02146c2251e5,OnDemand,,,0.87,
,7C3C6C39706B9E9A5E45EA0795F361E3-22,1762586144,FCRequestMetrics:/n-matmul-128,295,295,,,0.05,n-matmul-128,true,daf840027305,,c-690eed8d-0cf1abd9-998f2d849ede,1762586141529,Sync,3332.34,1762586141528,21.0.3.14,false,128,2.05,InvokeFunction,,,LATEST,1-690eee1d-0c0a43-082200085144,OnDemand,,,0.55,,"{""errorType"":""FunctionAbnormalExitError""}"
,5631503C851C331FBCC55A7B595279F5-23,1762586144,FCRequestMetrics:/n-matmul-128,293,293,,,0.04,n-matmul-128,true,dd31d4d13109,,c-690eed96-0cf1abd9-3b123f53c475,1762586141257,Sync,3734.32,1762586141256,21.0.3.2,false,128,4.03,InvokeFunction,,,LATEST,1-690eee1d-0c0a43-8c0fa6146503,OnDemand,,,0.63,,"{""errorType"":""FunctionAbnormalExitError""}"
,D18734D858301861EC9B1A728F760677-15,1762586144,FCRequestMetrics:/n-matmul-128,290,290,,,19282.12,n-matmul-128,false,c5bf669e63a0,,c-690eedaf-0cf1abd9-3f99b24b664d,1762586124893,Sync,19285.59,1762586124892,21.0.3.20,false,128,22.43,InvokeFunction,,,LATEST,1-690eee0c-0c49fa-9f3bccd8f3d3,OnDemand,,,0.96,
,6BF896C525BE933EC6E59BFBCE008212-18,1762586144,FCRequestMetrics:/n-matmul-128,299,299,,,17877.60,n-matmul-128,false,dbc99637c7cd,,c-690eeda9-0cf1abd9-06e97d5b5f54,1762586126437,Sync,18085.61,1762586126236,21.0.3.10,false,128,29.47,InvokeFunction,,,LATEST,1-690eee0e-0c0a43-1c96b6c43395,OnDemand,,,201.10,
,A06E7E0CFCC4CBB6E3216BDC51950A35-15,1762586144,FCRequestMetrics:/n-matmul-128,287,287,,,19615.27,n-matmul-128,false,3c1958efb8c7,,c-690eedaf-0cf1abd9-0cfd58b0d20a,1762586125360,Sync,19620.01,1762586125359,21.0.3.21,false,128,22.16,InvokeFunction,,,LATEST,1-690eee0d-0c0a43-d4c57306f12d,OnDemand,,,0.49,
,7C93FF0D333DC21F7F2F36A9AB89B027-15,1762586144,FCRequestMetrics:/n-matmul-128,286,286,,,18974.97,n-matmul-128,false,7f50294cfbd1,,c-690eedad-0cf1abd9-a087dd1de86c,1762586125461,Sync,18981.07,1762586125461,21.0.3.14,false,128,24.34,InvokeFunction,,,LATEST,1-690eee0d-0c0a43-0ad6889a6dde,OnDemand,,,0.48,
,609BB87232F313E7E1EE3C8255B3B0B3-23,1762586144,FCRequestMetrics:/n-matmul-128,286,286,,,19289.04,n-matmul-128,false,3722a439771f,,c-690eed85-0cf1abd9-2c911ea6008b,1762586125486,Sync,19318.49,1762586125463,21.0.3.10,false,128,22.28,InvokeFunction,,,LATEST,1-690eee0d-0c0a43-abeae7becf92,OnDemand,,,0.52,
,04F995287DA1DFFB1087C26FDCCA558E-1F,1762586145,FCRequestMetrics:/n-matmul-128,282,282,,,17332.60,n-matmul-128,false,ae45e8272254,,c-690eed96-0cf1abd9-4f0e71ad03f2,1762586127869,Sync,17337.91,1762586127868,21.0.3.14,false,128,24.47,InvokeFunction,,,LATEST,1-690eee0f-0c49fa-ab384af66c7d,OnDemand,,,1.18,
,8BD4AD9E3D09406FDF72A2C557E65602-20,1762586145,FCRequestMetrics:/n-matmul-128,298,298,,,18535.74,n-matmul-128,false,b921ac706f30,,c-690eed8d-0cf1abd9-a5d5bfafa5f0,1762586126239,Sync,18762.06,1762586126238,21.0.3.20,false,128,23.83,InvokeFunction,,,LATEST,1-690eee0e-0c49fa-fbf9a148af69,OnDemand,,,1.27,
,54FD7E1C16E33CD5A572B96CB27C6F6C-21,1762586145,FCRequestMetrics:/n-matmul-128,299,299,,,18546.43,n-matmul-128,false,e563746bf006,,c-690eed96-0cf1abd9-aba818b27a54,1762586126530,Sync,18575.84,1762586126529,21.0.3.25,false,128,32.23,InvokeFunction,,,LATEST,1-690eee0e-0c0a43-a55ab0f6c7c0,OnDemand,,,0.55,
,81EF45F19FD54F5A67E812650F7D4DE6-20,1762586145,FCRequestMetrics:/n-matmul-128,291,291,,,19223.53,n-matmul-128,false,4c9cc9d70b19,,c-690eed8d-0cf1abd9-586cb2c3c780,1762586126233,Sync,19225.22,1762586126232,21.0.3.12,false,128,23.23,InvokeFunction,,,LATEST,1-690eee0e-0c0a43-98dc12b889cb,OnDemand,,,0.51,
,138C4DD02091A1A0F89BE9AFE1D56E0D-1E,1762586145,FCRequestMetrics:/n-matmul-128,299,299,,,18327.74,n-matmul-128,false,e91af773f85a,,c-690eed96-0cf1abd9-3b29dfca5136,1762586127127,Sync,18329.79,1762586127125,21.0.3.18,false,128,32.70,InvokeFunction,,,LATEST,1-690eee0f-0c49fa-21ec2882db2b,OnDemand,,,1.19,
,2E495B2CAC791BF5DF5ED6AA835AFB7D-20,1762586145,FCRequestMetrics:/n-matmul-128,299,299,,,16353.16,n-matmul-128,false,a1e594fd58b9,,c-690eed96-0cf1abd9-438cb8917382,1762586129182,Sync,16362.06,1762586129181,21.0.3.3,false,128,27.38,InvokeFunction,,,LATEST,1-690eee11-0c0a43-eedec98117cf,OnDemand,,,0.47,
,77A451B62F8AF08AF72FE07E1B84F5E0-18,1762586145,FCRequestMetrics:/n-matmul-128,284,284,,,17272.24,n-matmul-128,false,0dcdb5385733,,c-690eeda9-0cf1abd9-1346167bcac0,1762586128689,Sync,17276.07,1762586128689,21.0.3.14,false,128,27.91,InvokeFunction,,,LATEST,1-690eee10-0c0a43-8931539acce6,OnDemand,,,0.54,
,283F17FB9C9798583A913C144D41C342-21,1762586145,FCRequestMetrics:/n-matmul-128,284,284,,,17724.42,n-matmul-128,false,4703378e3174,,c-690eed86-0cf1abd9-4e796d80ba23,1762586128101,Sync,17725.99,1762586128100,21.0.3.9,false,128,27.89,InvokeFunction,,,LATEST,1-690eee10-0c0a43-967cc65f736b,OnDemand,,,0.64,
,6FC75B3DB8851234D07B138AD96FC0A5-21,1762586145,FCRequestMetrics:/n-matmul-128,293,293,,,18290.49,n-matmul-128,false,6b4a94db578b,,c-690eed84-0cf1abd9-be1633f0d0dd,1762586127486,Sync,18292.01,1762586127486,21.0.3.2,false,128,28.73,InvokeFunction,,,LATEST,1-690eee0f-0c0a43-03a421ca6ccb,OnDemand,,,0.58,
,C31476DF542E245E78D704DC5E57E050-1F,1762586145,FCRequestMetrics:/n-matmul-128,282,282,,,16350.44,n-matmul-128,false,54727bc85c4b,,c-690eed96-0cf1abd9-8789b63ab3c5,1762586129011,Sync,16352.59,1762586129010,21.0.3.21,false,128,27.68,InvokeFunction,,,LATEST,1-690eee11-0c49fa-c72b0c1691c5,OnDemand,,,0.89,
,2FB49575A81022D2509F0B8C09E271EA-19,1762586145,FCRequestMetrics:/n-matmul-128,282,282,,,17556.92,n-matmul-128,false,583788c3d090,,c-690eeda5-0cf1abd9-2086298c7344,1762586127914,Sync,17561.54,1762586127913,21.0.3.19,false,128,29.62,InvokeFunction,,,LATEST,1-690eee0f-0c0a43-dceee98f9832,OnDemand,,,0.59,
,5A08AF7236E275AD0FB46D2B28AE710C-18,1762586145,FCRequestMetrics:/n-matmul-128,293,293,,,15542.14,n-matmul-128,false,2bfde648585e,,c-690eeda9-0cf1abd9-ebb8d38ed0cd,1762586129739,Sync,15551.67,1762586129738,21.0.3.23,false,128,25.26,InvokeFunction,,,LATEST,1-690eee11-0c0a43-8d1ba29fb4d0,OnDemand,,,0.63,
,CBEBEE735FA2FF6333D0144E3B04208F-15,1762586145,FCRequestMetrics:/n-matmul-128,291,291,,,19577.34,n-matmul-128,false,5205f404b91e,,c-690eedaf-0cf1abd9-dbdd1b76a908,1762586126231,Sync,19582.91,1762586126230,21.0.3.24,false,128,22.31,InvokeFunction,,,LATEST,1-690eee0e-0c49fa-3d4ff1f1aaa2,OnDemand,,,1.15,
,FF409731039280436289D779E5C866F5-19,1762586145,FCRequestMetrics:/n-matmul-128,291,291,,,19479.90,n-matmul-128,false,e51e0a8a2425,,c-690eeda8-0cf1abd9-1c104b385d12,1762586126044,Sync,19483.39,1762586126043,21.0.3.8,false,128,29.36,InvokeFunction,,,LATEST,1-690eee0e-0c49fa-f9c87a7e2f44,OnDemand,,,1.36,
,890DC515470C0D64B7BCB1DEAC8D6597-20,1762586145,FCRequestMetrics:/n-matmul-128,298,298,,,0.03,n-matmul-128,true,ed39d36f7908,,c-690eed96-0cf1abd9-0e620186c5f3,1762586143158,Sync,3301.92,1762586142666,21.0.3.25,false,128,6.08,InvokeFunction,,,LATEST,1-690eee1e-0c49fa-80ad799a098d,OnDemand,,,492.52,,"{""errorType"":""FunctionAbnormalExitError""}"
,00F741ED552D957855AA9DEA31925A77-24,1762586145,FCRequestMetrics:/n-matmul-128,298,298,,,18356.90,n-matmul-128,false,478f63eb8cbf,,c-690eed85-0cf1abd9-026f6407b0f7,1762586127009,Sync,18359.15,1762586127008,21.0.3.17,false,128,22.43,InvokeFunction,,,LATEST,1-690eee0f-0c49fa-154c4e33e6bd,OnDemand,,,1.26,
,84A28E40EAE4F1B9B438DA8F49770703-19,1762586145,FCRequestMetrics:/n-matmul-128,282,282,,,16927.74,n-matmul-128,false,e5434f6e0cce,,c-690eedaa-0cf1abd9-d51a3cdb5967,1762586129026,Sync,16929.39,1762586129025,21.0.3.19,false,128,29.45,InvokeFunction,,,LATEST,1-690eee11-0c0a43-a2832382aa21,OnDemand,,,0.48,
,0DF1BE08810C22DB47CE10C7D12D3B18-1D,1762586145,FCRequestMetrics:/n-matmul-128,299,299,,,18524.60,n-matmul-128,false,054726ba05da,,c-690eed96-0cf1abd9-6259af999d66,1762586127092,Sync,18527.08,1762586127091,21.0.3.3,false,128,27.17,InvokeFunction,,,LATEST,1-690eee0f-0c49fa-a28031731c4b,OnDemand,,,1.33,
,FA92B5D7385E5B2D4245077868CB9726-1E,1762586146,FCRequestMetrics:/n-matmul-128,285,285,,,18247.06,n-matmul-128,false,30720f53fe9b,,c-690eed96-0cf1abd9-67b09a4d191e,1762586127991,Sync,18252.65,1762586127990,21.0.3.22,false,128,21.79,InvokeFunction,,,LATEST,1-690eee0f-0c0a43-77fbbffa673a,OnDemand,,,0.57,
,2255CA33B5278BAE9F851AD47714358B-21,1762586146,FCRequestMetrics:/n-matmul-128,289,289,,,18513.98,n-matmul-128,false,54cc386b80a2,,c-690eed96-0cf1abd9-3739867da5d5,1762586127659,Sync,18515.49,1762586127658,21.0.3.23,false,128,27.86,InvokeFunction,,,LATEST,1-690eee0f-0c0a43-91b9752256d8,OnDemand,,,0.55,
,E3A10F33112D22B99CDFAE6B3DA5F427-23,1762586146,FCRequestMetrics:/n-matmul-128,282,282,,,17763.14,n-matmul-128,false,7c04ccbbdae4,,c-690eed85-0cf1abd9-4dc3fba76450,1762586129000,Sync,17793.59,1762586128974,21.0.3.9,false,128,24.17,InvokeFunction,,,LATEST,1-690eee10-0c49fa-db72eb6de329,OnDemand,,,1.48,
,41C8E8C026B88A3FDC7027A22DD65441-24,1762586146,FCRequestMetrics:/n-matmul-128,285,285,,,18011.31,n-matmul-128,false,0e85519b1ae8,,c-690eed85-0cf1abd9-a830e80c9d58,1762586128606,Sync,18026.74,1762586128602,21.0.3.12,false,128,23.94,InvokeFunction,,,LATEST,1-690eee10-0c49fa-d5586747df1b,OnDemand,,,1.22,
,8E2E03ED22CC6F2DFE55EB8B1A864060-1C,1762586146,FCRequestMetrics:/n-matmul-128,282,282,,,17367.04,n-matmul-128,false,cff987abda6a,,c-690eed96-0cf1abd9-e42e31309781,1762586129011,Sync,17369.19,1762586129009,21.0.3.10,false,128,22.04,InvokeFunction,,,LATEST,1-690eee11-0c0a43-9114793169f6,OnDemand,,,0.50,
,13012196C53F5375DA6D7E0B0AED40BD-20,1762586146,FCRequestMetrics:/n-matmul-128,282,282,,,17923.34,n-matmul-128,false,ced19e0e4fae,,c-690eed96-0cf1abd9-26d3f0e782b3,1762586129027,Sync,17926.60,1762586129026,21.0.3.9,false,128,32.48,InvokeFunction,,,LATEST,1-690eee11-0c0a43-78d017612da8,OnDemand,,,0.49,
,BA6BE48CA24D7511A087B82B6A3FBB19-1D,1762586146,FCRequestMetrics:/n-matmul-128,282,282,,,17149.37,n-matmul-128,false,ebc029f9743a,,c-690eed96-0cf1abd9-266e64073192,1762586129008,Sync,17165.94,1762586129007,21.0.3.10,false,128,21.84,InvokeFunction,,,LATEST,1-690eee11-0c49fa-5c54de322d1c,OnDemand,,,0.75,
,4D0C87630DE75182644B9E4D5295586B-25,1762586146,FCRequestMetrics:/n-matmul-128,293,293,,,17023.59,n-matmul-128,false,ce613473cf37,,c-690eed85-0cf1abd9-2f0a1317ca81,1762586129562,Sync,17537.31,1762586129051,21.0.3.11,false,128,28.46,InvokeFunction,,,LATEST,1-690eee11-0c49fa-06d972b9ff67,OnDemand,,,510.72,
,22E1961764567BF39BC1317D4E5807AC-19,1762586146,FCRequestMetrics:/n-matmul-128,284,284,,,18171.15,n-matmul-128,false,93bd50466c24,,c-690eeda5-0cf1abd9-de9e4196dfb2,1762586128165,Sync,18189.61,1762586128155,21.0.3.12,false,128,27.54,InvokeFunction,,,LATEST,1-690eee10-0c49fa-7766f65271b4,OnDemand,,,1.18,
,3BEF1FB49BB1EEA673FE9EF39C7658DF-15,1762586146,FCRequestMetrics:/n-matmul-128,291,291,,,19784.19,n-matmul-128,false,bd8589a527e0,,c-690eedaf-0cf1abd9-f823ec7b2052,1762586126235,Sync,19786.95,1762586126234,21.0.3.18,false,128,22.71,InvokeFunction,,,LATEST,1-690eee0e-0c49fa-517306745f72,OnDemand,,,1.34,
,0DE5178D46C5303D6977161F8DE7542A-1E,1762586146,FCRequestMetrics:/n-matmul-128,282,282,,,17345.36,n-matmul-128,false,38bd945bd6ee,,c-690eed84-0cf1abd9-eaac368eb58c,1762586129027,Sync,17350.91,1762586129027,21.0.3.23,false,128,21.99,InvokeFunction,,,LATEST,1-690eee11-0c0a43-95a81c89b4b3,OnDemand,,,0.44,
,EB162AD5CEDC859E0500DC7BBAC4AEA6-1F,1762586146,FCRequestMetrics:/n-matmul-128,282,282,,,17313.96,n-matmul-128,false,01cff2362e74,,c-690eed84-0cf1abd9-71a3383f4ef8,1762586129023,Sync,17322.42,1762586129022,21.0.3.24,false,128,21.98,InvokeFunction,,,LATEST,1-690eee11-0c0a43-dbabafdbb394,OnDemand,,,0.49,
,53C28B307BED561C14256185A7868301-19,1762586146,FCRequestMetrics:/n-matmul-128,282,282,,,18755.78,n-matmul-128,false,cd248e76553e,,c-690eeda5-0cf1abd9-46cd7b884194,1762586127851,Sync,18758.57,1762586127850,21.0.3.14,false,128,29.39,InvokeFunction,,,LATEST,1-690eee0f-0c49fa-932cebfb30cf,OnDemand,,,1.43,
,E4146AB491CEBDE523F487E441201B73-1D,1762586146,FCRequestMetrics:/n-matmul-128,292,292,,,16854.05,n-matmul-128,false,efdf38e6c6e7,,c-690eed96-0cf1abd9-523def426250,1762586129962,Sync,16855.78,1762586129962,21.0.3.11,false,128,27.28,InvokeFunction,,,LATEST,1-690eee11-0c0a43-b8bfadd69130,OnDemand,,,0.54,
,3433EFF5035DFC81D88241B3272689AA-20,1762586146,FCRequestMetrics:/n-matmul-128,293,293,,,0.03,n-matmul-128,true,c140f4eda296,,c-690eed96-0cf1abd9-4c27d9d9f1af,1762586141295,Sync,4949.81,1762586141294,21.0.3.13,false,128,2.05,InvokeFunction,,,LATEST,1-690eee1d-0c49fa-9b742c8ea24b,OnDemand,,,1.38,,"{""errorType"":""FunctionAbnormalExitError""}"
,D19DEB46D930B5FFB4880807275B0C84-20,1762586146,FCRequestMetrics:/n-matmul-128,295,295,,,0.04,n-matmul-128,true,469834073b90,,c-690eed96-0cf1abd9-e8d8f0ec69a4,1762586141526,Sync,4725.58,1762586141525,21.0.3.11,false,128,4.02,InvokeFunction,,,LATEST,1-690eee1d-0c49fa-ad79af75d629,OnDemand,,,0.90,,"{""errorType"":""FunctionAbnormalExitError""}"
,DD2BC95C544ACAEDCAD224B59098EF74-22,1762586146,FCRequestMetrics:/n-matmul-128,299,299,,,0.05,n-matmul-128,true,845e91b6cf6b,,c-690eed8d-0cf1abd9-2a8cc4f964bf,1762586143340,Sync,2971.28,1762586143338,21.0.3.13,false,128,2.15,InvokeFunction,,,LATEST,1-690eee1f-0c49fa-0e0e030b6899,OnDemand,,,1.18,,"{""errorType"":""FunctionAbnormalExitError""}"
,25B8386746C0843F68CE6F453C7A50B6-22,1762586146,FCRequestMetrics:/n-matmul-128,299,299,,,19368.27,n-matmul-128,false,28749e3c833e,,c-690eed86-0cf1abd9-5fc5a1c95081,1762586126797,Sync,19372.12,1762586126795,21.0.3.2,false,128,34.23,InvokeFunction,,,LATEST,1-690eee0e-0c49fa-e12850f75cc5,OnDemand,,,1.50,
,3E533AA8FAF2B84350E8C259DEC8E798-20,1762586146,FCRequestMetrics:/n-matmul-128,293,293,,,0.04,n-matmul-128,true,04c7bf8df02f,,c-690eed96-0cf1abd9-474755af5c04,1762586141273,Sync,5225.83,1762586141272,21.0.3.10,false,128,2.19,InvokeFunction,,,LATEST,1-690eee1d-0c0a43-b5bcf94e6f95,OnDemand,,,0.54,,"{""errorType"":""FunctionAbnormalExitError""}"
,5A317EA240DC46C4E15B8D2E97337C21-22,1762586146,FCRequestMetrics:/n-matmul-128,293,293,,,0.03,n-matmul-128,true,b656f39d8746,,c-690eed86-0cf1abd9-84d2db55a180,1762586143933,Sync,2646.99,1762586143932,21.0.3.3,false,128,2.09,InvokeFunction,,,LATEST,1-690eee1f-0c0a43-e0d15d01c5b7,OnDemand,,,0.42,,"{""errorType"":""FunctionAbnormalExitError""}"
,E3C9ED0B2534F08C4630863A71EE6115-20,1762586146,FCRequestMetrics:/n-matmul-128,292,292,,,0.05,n-matmul-128,true,87674caf583b,,c-690eed96-0cf1abd9-ae05907d43ad,1762586142261,Sync,4506.28,1762586142260,21.0.3.12,false,128,2.08,InvokeFunction,,,LATEST,1-690eee1e-0c0a43-f8d7ae2b3de7,OnDemand,,,0.54,,"{""errorType"":""FunctionAbnormalExitError""}"
,D143AE44C19E26F9220F758DFE51775E-21,1762586146,FCRequestMetrics:/n-matmul-128,298,298,,,0.18,n-matmul-128,true,7cc6d641bed2,,c-690eed96-0cf1abd9-0cb5743955c5,1762586142584,Sync,4215.57,1762586142584,21.0.3.17,false,128,2.02,InvokeFunction,,,LATEST,1-690eee1e-0c0a43-59087823d433,OnDemand,,,0.46,,"{""errorType"":""FunctionAbnormalExitError""}"
,B3D0E276D29FCA59C6A2FD9A6053BFF8-22,1762586146,FCRequestMetrics:/n-matmul-128,287,287,,,0.05,n-matmul-128,true,8f00d7dabb61,,c-690eed96-0cf1abd9-f9cad621699b,1762586143743,Sync,3128.98,1762586143742,21.0.3.19,false,128,4.15,InvokeFunction,,,LATEST,1-690eee1f-0c0a43-2b0fdc376007,OnDemand,,,0.51,,"{""errorType"":""FunctionAbnormalExitError""}"
,ED8A5D906254A8A3D3B49041BA3A12A8-20,1762586146,FCRequestMetrics:/n-matmul-128,298,298,,,0.03,n-matmul-128,true,c3153ac2927e,,c-690eed96-0cf1abd9-dd35abc0aac0,1762586143213,Sync,4185.62,1762586142727,21.0.3.16,false,128,2.06,InvokeFunction,,,LATEST,1-690eee1e-0c49fa-40d9b935f5e9,OnDemand,,,485.51,,"{""errorType"":""FunctionAbnormalExitError""}"
,02505EBA98BB6AB8D9121B3F590D5A1C-1F,1762586146,FCRequestMetrics:/n-matmul-128,284,284,,,18629.52,n-matmul-128,false,dc1a18d01eb5,,c-690eed96-0cf1abd9-15ddf20aa5f4,1762586128129,Sync,18631.65,1762586128128,21.0.3.21,false,128,34.30,InvokeFunction,,,LATEST,1-690eee10-0c49fa-3a0e8f295089,OnDemand,,,1.37,
,5665E0DE844D89BD77D4631CFD4DC931-1A,1762586146,FCRequestMetrics:/n-matmul-128,299,299,,,17494.71,n-matmul-128,false,b490ef07d553,,c-690eeda5-0cf1abd9-69bf81304958,1762586129187,Sync,17661.15,1762586129029,21.0.3.16,false,128,29.54,InvokeFunction,,,LATEST,1-690eee11-0c49fa-1a46a733f7b1,OnDemand,,,157.33,
,3DBC61790B9142DDBEDCD6134BB09E3F-21,1762586147,FCRequestMetrics:/n-matmul-128,284,284,,,18580.85,n-matmul-128,false,a28f13fec6d7,,c-690eed84-0cf1abd9-47616b0fcd20,1762586128513,Sync,18583.33,1762586128511,21.0.3.10,false,128,21.79,InvokeFunction,,,LATEST,1-690eee10-0c49fa-ad5d6962c025,OnDemand,,,1.42,
,C7D2A82C4522CA8A251B518A5412EBB2-1F,1762586147,FCRequestMetrics:/n-matmul-128,291,291,,,21232.03,n-matmul-128,false,4b354849f527,,c-690eed96-0cf1abd9-72da89fa2b61,1762586125967,Sync,21234.17,1762586125966,21.0.3.21,false,128,34.36,InvokeFunction,,,LATEST,1-690eee0d-0c49fa-d21a97adb2f4,OnDemand,,,1.13,
,8BF05F1C242706C79550D7B32CA90C86-1F,1762586147,FCRequestMetrics:/n-matmul-128,284,284,,,18727.46,n-matmul-128,false,54332440cef2,,c-690eed96-0cf1abd9-e216e2341a60,1762586128513,Sync,18729.44,1762586128511,21.0.3.24,false,128,27.00,InvokeFunction,,,LATEST,1-690eee10-0c49fa-0c21f23f4e00,OnDemand,,,0.91,
,CEBE4DE47CD58B3FB8C58509A1292CE6-24,1762586147,FCRequestMetrics:/n-matmul-128,295,295,,,17217.96,n-matmul-128,false,f06ea0952339,,c-690eed85-0cf1abd9-158fa1fe0ffd,1762586130384,Sync,17222.57,1762586130383,21.0.3.14,false,128,24.43,InvokeFunction,,,LATEST,1-690eee12-0c0a43-7a84037b8107,OnDemand,,,0.50,
,C850E9452F734C9D301E12F034A57295-1F,1762586147,FCRequestMetrics:/n-matmul-128,285,285,,,18748.28,n-matmul-128,false,81a96430e100,,c-690eed96-0cf1abd9-87344dd52402,1762586128603,Sync,18753.41,1762586128602,21.0.3.23,false,128,26.37,InvokeFunction,,,LATEST,1-690eee10-0c49fa-0ec0f09d99bc,OnDemand,,,1.16,
,849194F1147E7DC7497DCF82D54F9C08-21,1762586147,FCRequestMetrics:/n-matmul-128,292,292,,,17400.58,n-matmul-128,false,f70324bffef3,,c-690eed84-0cf1abd9-74ad9309d09c,1762586130052,Sync,17402.12,1762586130051,21.0.3.9,false,128,23.92,InvokeFunction,,,LATEST,1-690eee12-0c0a43-7f3473875d25,OnDemand,,,0.57,
,B292BE044A2671902A084AE5890DA3F1-1F,1762586147,FCRequestMetrics:/n-matmul-128,282,282,,,18511.23,n-matmul-128,false,e59368e395e4,,c-690eed96-0cf1abd9-d4bd420ec297,1762586129024,Sync,18515.48,1762586129023,21.0.3.24,false,128,38.52,InvokeFunction,,,LATEST,1-690eee11-0c49fa-b7b408532e52,OnDemand,,,0.93,
,4A03F83F646B3D7AC82B0CB38EE7F6F6-21,1762586147,FCRequestMetrics:/n-matmul-128,282,282,,,18561.21,n-matmul-128,false,d4ea97bb496c,,c-690eed84-0cf1abd9-bf53a1f50706,1762586129023,Sync,18564.89,1762586129021,21.0.3.3,false,128,32.29,InvokeFunction,,,LATEST,1-690eee11-0c49fa-e523a8674702,OnDemand,,,0.91,
,63DE596157EC5C3204595F887449B280-20,1762586147,FCRequestMetrics:/n-matmul-128,299,299,,,16953.91,n-matmul-128,false,1ee48239c919,,c-690eed96-0cf1abd9-7fba4a37caaa,1762586130861,Sync,16955.55,1762586130860,21.0.3.8,false,128,25.05,InvokeFunction,,,LATEST,1-690eee12-0c0a43-e6287f289918,OnDemand,,,0.59,
,C3D70BE59EDDE2E3BAD7D26871BEFCC2-20,1762586147,FCRequestMetrics:/n-matmul-128,282,282,,,18971.42,n-matmul-128,false,5c7d778afaae,,c-690eed8d-0cf1abd9-f42778f29da4,1762586129013,Sync,18973.51,1762586129012,21.0.3.17,false,128,21.80,InvokeFunction,,,LATEST,1-690eee11-0c49fa-64b6ff834921,OnDemand,,,0.95,
,53490AF45D0CAE7E1F17D51FAE4D1EBC-24,1762586147,FCRequestMetrics:/n-matmul-128,298,298,,,16702.43,n-matmul-128,false,7a0078b53609,,c-690eed85-0cf1abd9-fb724a08a16a,1762586130606,Sync,16704.38,1762586130605,21.0.3.20,false,128,22.31,InvokeFunction,,,LATEST,1-690eee12-0c49fa-2e3eb3411414,OnDemand,,,1.18,
,3FA5063DFE5456024B083E53482C60F0-20,1762586147,FCRequestMetrics:/n-matmul-128,285,285,,,19555.81,n-matmul-128,false,3222ec60138b,,c-690eed96-0cf1abd9-dee09d3a553a,1762586128386,Sync,19557.28,1762586128385,21.0.3.22,false,128,32.45,InvokeFunction,,,LATEST,1-690eee10-0c0a43-5d14b828cd49,OnDemand,,,0.55,
,10ABC85774F8B9CC368A825065BA6401-1A,1762586147,FCRequestMetrics:/n-matmul-128,282,282,,,18745.54,n-matmul-128,false,fc82228fa9b1,,c-690eeda5-0cf1abd9-1b827a888ff3,1762586129008,Sync,18758.49,1762586129007,21.0.3.13,false,128,27.73,InvokeFunction,,,LATEST,1-690eee11-0c0a43-77ed3f22263d,OnDemand,,,0.54,
,91991638294952C1215BFC323DBD0655-21,1762586147,FCRequestMetrics:/n-matmul-128,292,292,,,16938.51,n-matmul-128,false,5abe5fd26a6c,,c-690eed83-0cf1abd9-74cc7252fb9e,1762586130251,Sync,16941.46,1762586130250,21.0.3.2,false,128,27.57,InvokeFunction,,,LATEST,1-690eee12-0c49fa-4b59a521150b,OnDemand,,,0.98,
,64F0BBA7C58980066176C33658FB272D-1C,1762586147,FCRequestMetrics:/n-matmul-128,298,298,,,17178.76,n-matmul-128,false,8f8cb0ae0fff,,c-690eed96-0cf1abd9-556eeff7996f,1762586130552,Sync,17180.62,1762586130551,21.0.3.12,false,128,23.56,InvokeFunction,,,LATEST,1-690eee12-0c0a43-65903dc3da62,OnDemand,,,0.55,
,DC9E0E12CD6EBAC6FF4F0136C46C5547-1D,1762586147,FCRequestMetrics:/n-matmul-128,298,298,,,17009.19,n-matmul-128,false,7e6212d1a18e,,c-690eed96-0cf1abd9-cdf69a3e83a5,1762586130604,Sync,17011.07,1762586130603,21.0.3.13,false,128,22.53,InvokeFunction,,,LATEST,1-690eee12-0c0a43-fdac713ef40e,OnDemand,,,0.54,
,B70395F3A021A5FF8871D46915C2FCC0-1D,1762586147,FCRequestMetrics:/n-matmul-128,292,292,,,17587.08,n-matmul-128,false,88b44a48a990,,c-690eed96-0cf1abd9-7684f52346d2,1762586130255,Sync,17589.66,1762586130254,21.0.3.14,false,128,29.57,InvokeFunction,,,LATEST,1-690eee12-0c0a43-9b6be5a756a1,OnDemand,,,0.58,
,79733AC446DF412BC6F18C2B63B5677F-1F,1762586147,FCRequestMetrics:/n-matmul-128,282,282,,,18189.00,n-matmul-128,false,b193e3418700,,c-690eed96-0cf1abd9-647659e129ba,1762586129006,Sync,18191.03,1762586129005,21.0.3.15,false,128,21.95,InvokeFunction,,,LATEST,1-690eee11-0c0a43-9ed8c8825935,OnDemand,,,0.58,
,3264C158E2D5E5DEFE085BA619A247E7-21,1762586147,FCRequestMetrics:/n-matmul-128,287,287,,,0.03,n-matmul-128,true,0f7eccb6ce30,,c-690eed96-0cf1abd9-e222a82ad173,1762586143790,Sync,3422.76,1762586143789,21.0.3.4,false,128,2.08,InvokeFunction,,,LATEST,1-690eee1f-0c0a43-068a277bbf3b,OnDemand,,,0.47,,"{""errorType"":""FunctionAbnormalExitError""}"
,E83713E0537D2729383D69DFF4C2841B-23,1762586147,FCRequestMetrics:/n-matmul-128,285,285,,,0.04,n-matmul-128,true,1e9a879a9ce3,,c-690eed86-0cf1abd9-bf3f65b56cbd,1762586144604,Sync,2606.40,1762586144603,21.0.3.8,false,128,2.21,InvokeFunction,,,LATEST,1-690eee20-0c49fa-e0ccffe68ab8,OnDemand,,,0.97,,"{""errorType"":""FunctionAbnormalExitError""}"
,B0234B70AFAFEAEF517C2172ED2CFEB6-21,1762586147,FCRequestMetrics:/n-matmul-128,297,297,,,0.02,n-matmul-128,true,9bfb01ae65a2,,c-690eed96-0cf1abd9-df0c068d62fa,1762586144849,Sync,2881.07,1762586144848,21.0.3.20,false,128,2.01,InvokeFunction,,,LATEST,1-690eee20-0c0a43-6b6a5eee5c58,OnDemand,,,0.52,,"{""errorType"":""FunctionAbnormalExitError""}"
,FBD8C56E27722E3A762AD34A166289FF-22,1762586147,FCRequestMetrics:/n-matmul-128,297,297,,,0.03,n-matmul-128,true,b0aff5fb1ab1,,c-690eed96-0cf1abd9-13352bc917ad,1762586144880,Sync,2437.15,1762586144878,21.0.3.2,false,128,4.04,InvokeFunction,,,LATEST,1-690eee20-0c49fa-037c120660da,OnDemand,,,1.21,,"{""errorType"":""FunctionAbnormalExitError""}"
,8F3A423823DC52F503BC724CE6C60804-18,1762586147,FCRequestMetrics:/n-matmul-128,295,295,,,17429.60,n-matmul-128,false,f5890c8c5a5b,,c-690eeda5-0cf1abd9-697fc0458885,1762586130383,Sync,17431.05,1762586130382,21.0.3.25,false,128,27.68,InvokeFunction,,,LATEST,1-690eee12-0c0a43-4ee7255e267f,OnDemand,,,0.47,
,66F11D02496EEE1D7BA3A4E6AB8BA6A5-19,1762586147,FCRequestMetrics:/n-matmul-128,294,294,,,15595.83,n-matmul-128,false,bd9b5f0f3fc4,,c-690eeda9-0cf1abd9-f9f10a04e676,1762586131699,Sync,15597.60,1762586131698,21.0.3.21,false,128,27.79,InvokeFunction,,,LATEST,1-690eee13-0c0a43-36319cfa20a3,OnDemand,,,0.56,
,2D78B9AAD7920726510731B3A33EE102-1A,1762586147,FCRequestMetrics:/n-matmul-128,295,295,,,16751.98,n-matmul-128,false,09d6302afcc0,,c-690eeda5-0cf1abd9-72fae0c6b355,1762586130382,Sync,16755.45,1762586130380,21.0.3.18,false,128,22.58,InvokeFunction,,,LATEST,1-690eee12-0c49fa-f148aeafe732,OnDemand,,,1.11,
,04F995287DA1DFFB1087C26FDCCA558E-21,1762586147,FCRequestMetrics:/n-matmul-128,299,299,,,0.03,n-matmul-128,true,ae45e8272254,,c-690eed96-0cf1abd9-4f0e71ad03f2,1762586145285,Sync,2239.80,1762586145284,21.0.3.14,false,128,2.20,InvokeFunction,,,LATEST,1-690eee21-0c0a43-8985081d3761,OnDemand,,,0.65,,"{""errorType"":""FunctionAbnormalExitError""}"
,2E495B2CAC791BF5DF5ED6AA835AFB7D-22,1762586147,FCRequestMetrics:/n-matmul-128,297,297,,,0.04,n-matmul-128,true,a1e594fd58b9,,c-690eed96-0cf1abd9-438cb8917382,1762586145575,Sync,2275.33,1762586145574,21.0.3.3,false,128,2.34,InvokeFunction,,,LATEST,1-690eee21-0c49fa-6157f4302b3c,OnDemand,,,1.40,,"{""errorType"":""FunctionAbnormalExitError""}"
,138C4DD02091A1A0F89BE9AFE1D56E0D-21,1762586147,FCRequestMetrics:/n-matmul-128,298,298,,,0.04,n-matmul-128,true,e91af773f85a,,c-690eed96-0cf1abd9-3b29dfca5136,1762586145519,Sync,2262.41,1762586145517,21.0.3.18,false,128,2.09,InvokeFunction,,,LATEST,1-690eee21-0c0a43-03201219c296,OnDemand,,,0.49,,"{""errorType"":""FunctionAbnormalExitError""}"
,283F17FB9C9798583A913C144D41C342-23,1762586147,FCRequestMetrics:/n-matmul-128,297,297,,,0.03,n-matmul-128,true,4703378e3174,,c-690eed86-0cf1abd9-4e796d80ba23,1762586145853,Sync,2017.44,1762586145852,21.0.3.9,false,128,2.05,InvokeFunction,,,LATEST,1-690eee21-0c49fa-146b9cbb8552,OnDemand,,,1.11,,"{""errorType"":""FunctionAbnormalExitError""}"
,3B9C179DFD02BB282B27F2619A4251CD-19,1762586147,FCRequestMetrics:/n-matmul-128,299,299,,,17018.71,n-matmul-128,false,6eb553e5eaff,,c-690eedaa-0cf1abd9-7c5cd4bbc1a0,1762586130774,Sync,17023.36,1762586130773,21.0.3.25,false,128,27.78,InvokeFunction,,,LATEST,1-690eee12-0c0a43-a53664ea72c3,OnDemand,,,0.52,
,C63420212FACF8878D1CF0F4AB9F2B5B-19,1762586147,FCRequestMetrics:/n-matmul-128,292,292,,,17948.20,n-matmul-128,false,551a63055008,,c-690eeda8-0cf1abd9-bb4861715efd,1762586130034,Sync,17949.77,1762586130033,21.0.3.12,false,128,29.65,InvokeFunction,,,LATEST,1-690eee12-0c0a43-a8156f13ffe4,OnDemand,,,0.67,
,342C1F773CD379DB41F0F3ADE9815760-20,1762586148,FCRequestMetrics:/n-matmul-128,284,284,,,19623.68,n-matmul-128,false,54f5fbffcf0b,,c-690eed96-0cf1abd9-280bb0eca0e1,1762586128439,Sync,19625.28,1762586128438,21.0.3.19,false,128,32.62,InvokeFunction,,,LATEST,1-690eee10-0c0a43-112cdb0282fd,OnDemand,,,0.58,
,FAAE9D66D514066559F6F43F02221FE3-1D,1762586148,FCRequestMetrics:/n-matmul-128,295,295,,,17756.77,n-matmul-128,false,c90c3b43cf3a,,c-690eed96-0cf1abd9-dd88698fca86,1762586130381,Sync,17758.26,1762586130380,21.0.3.9,false,128,27.57,InvokeFunction,,,LATEST,1-690eee12-0c0a43-2ff8fa1867a5,OnDemand,,,0.50,
,5CA892A8CA0A24989C4731381529FB34-1F,1762586148,FCRequestMetrics:/n-matmul-128,292,292,,,18313.48,n-matmul-128,false,2e11fae8268d,,c-690eed96-0cf1abd9-77c3d2a5e2ce,1762586130092,Sync,18316.15,1762586130091,21.0.3.20,false,128,32.22,InvokeFunction,,,LATEST,1-690eee12-0c49fa-3443120d4c87,OnDemand,,,0.92,
,7EE08DA56FC077A8FBD356D2C6053F3C-20,1762586148,FCRequestMetrics:/n-matmul-128,295,295,,,18371.92,n-matmul-128,false,88bd901e69d9,,c-690eed86-0cf1abd9-2ed67a1a0815,1762586130380,Sync,18373.97,1762586130378,21.0.3.11,false,128,26.90,InvokeFunction,,,LATEST,1-690eee12-0c49fa-353be21dcf96,OnDemand,,,1.01,
,BC7D406DCB03E5F0740A7972675CF2F0-21,1762586148,FCRequestMetrics:/n-matmul-128,292,292,,,18424.94,n-matmul-128,false,fec3919de42b,,c-690eed86-0cf1abd9-a3cf507306a7,1762586130299,Sync,18427.25,1762586130297,21.0.3.10,false,128,26.94,InvokeFunction,,,LATEST,1-690eee12-0c49fa-7e98eb6768c2,OnDemand,,,1.39,
,80B2B247C9D9AF2A95FDD34F1640050C-21,1762586148,FCRequestMetrics:/n-matmul-128,298,298,,,18362.59,n-matmul-128,false,ce4127663c28,,c-690eed84-0cf1abd9-d4909224eec1,1762586130607,Sync,18364.68,1762586130605,21.0.3.11,false,128,22.04,InvokeFunction,,,LATEST,1-690eee12-0c49fa-22c31840cc38,OnDemand,,,0.92,
,71B50CCCFCB17E1646B11A2BE0A08D93-1D,1762586148,FCRequestMetrics:/n-matmul-128,299,299,,,17416.06,n-matmul-128,false,58ac22b3424d,,c-690eed96-0cf1abd9-7899d50458f3,1762586130737,Sync,17642.99,1762586130518,21.0.3.13,false,128,27.54,InvokeFunction,,,LATEST,1-690eee12-0c0a43-298d74a1f038,OnDemand,,,219.31,
,E94FAD7DFC0D7C430A1E1579F49C2CB6-22,1762586148,FCRequestMetrics:/n-matmul-128,299,299,,,17700.87,n-matmul-128,false,357862df7f73,,c-690eed86-0cf1abd9-f59485cce75a,1762586130737,Sync,17920.72,1762586130518,21.0.3.12,false,128,26.93,InvokeFunction,,,LATEST,1-690eee12-0c49fa-0db7c99bb666,OnDemand,,,218.23,
,F4B8340AC50EC3E566ADB0C15725D8CD-19,1762586148,FCRequestMetrics:/n-matmul-128,295,295,,,17755.22,n-matmul-128,false,d01135b2ff24,,c-690eeda5-0cf1abd9-865fb5ea7d12,1762586130395,Sync,17757.07,1762586130394,21.0.3.23,false,128,27.73,InvokeFunction,,,LATEST,1-690eee12-0c49fa-d89a875a34a1,OnDemand,,,0.93,
,A9D18AD4109C30D5E34A6CADD737B686-24,1762586148,FCRequestMetrics:/n-matmul-128,298,298,,,15900.34,n-matmul-128,false,07c49809bd2c,,c-690eed85-0cf1abd9-a441473e8758,1762586132471,Sync,15902.30,1762586132470,21.0.3.16,false,128,22.14,InvokeFunction,,,LATEST,1-690eee14-0c0a43-38389780c27b,OnDemand,,,0.54,
,9DD0506AA2E1A2F0934A373557F44685-19,1762586148,FCRequestMetrics:/n-matmul-128,295,295,,,18475.98,n-matmul-128,false,9ff6c72d49d6,,c-690eeda8-0cf1abd9-230be3e98307,1762586130375,Sync,18480.00,1762586130374,21.0.3.11,false,128,27.53,InvokeFunction,,,LATEST,1-690eee12-0c0a43-64bc43685b0b,OnDemand,,,0.45,
,8D8C440FC3E34DBB9F1F04BB26D5634E-25,1762586148,FCRequestMetrics:/n-matmul-128,298,298,,,15384.92,n-matmul-128,false,524d7b1ff122,,c-690eed85-0cf1abd9-5f56757a5335,1762586133216,Sync,15409.99,1762586133215,21.0.3.2,false,128,21.91,InvokeFunction,,,LATEST,1-690eee15-0c0a43-e4021f64310f,OnDemand,,,0.63,
,CFF6118976523AD8F98948CDFB5A2CFF-25,1762586148,FCRequestMetrics:/n-matmul-128,297,297,,,15573.05,n-matmul-128,false,0fc3660777ab,,c-690eed85-0cf1abd9-4b579c30d7a8,1762586133088,Sync,16275.37,1762586132408,21.0.3.19,false,128,24.21,InvokeFunction,,,LATEST,1-690eee14-0c49fa-6b075c1e359b,OnDemand,,,679.62,
,CEE887FB037E821185889FBE8CB6AF77-1A,1762586148,FCRequestMetrics:/n-matmul-128,297,297,,,16297.19,n-matmul-128,false,5d96d0e6f353,,c-690eeda9-0cf1abd9-eb584dd06982,1762586132019,Sync,16301.88,1762586132018,21.0.3.18,false,128,27.71,InvokeFunction,,,LATEST,1-690eee14-0c49fa-5c31ccddb954,OnDemand,,,0.92,
,46452AD4646881BB08C6B59B48AEDFBA-22,1762586148,FCRequestMetrics:/n-matmul-128,293,293,,,0.04,n-matmul-128,true,db5d7adaa422,,c-690eed8d-0cf1abd9-7d73f845b0a5,1762586143870,Sync,4600.16,1762586143870,21.0.3.12,false,128,4.33,InvokeFunction,,,LATEST,1-690eee1f-0c0a43-64d1be2e1bef,OnDemand,,,0.50,,"{""errorType"":""FunctionAbnormalExitError""}"
,3DF53618FF507B28D295EA10C5C40468-19,1762586148,FCRequestMetrics:/n-matmul-128,282,282,,,19082.68,n-matmul-128,false,07dcf957ed19,,c-690eeda5-0cf1abd9-879c7e385fb6,1762586129010,Sync,19084.34,1762586129009,21.0.3.10,false,128,29.46,InvokeFunction,,,LATEST,1-690eee11-0c0a43-0be13ae1ff71,OnDemand,,,0.53,
,81EF45F19FD54F5A67E812650F7D4DE6-23,1762586148,FCRequestMetrics:/n-matmul-128,298,298,,,0.03,n-matmul-128,true,4c9cc9d70b19,,c-690eed8d-0cf1abd9-586cb2c3c780,1762586145520,Sync,2940.28,1762586145508,21.0.3.12,false,128,4.02,InvokeFunction,,,LATEST,1-690eee21-0c0a43-7f2fa199a0b5,OnDemand,,,0.53,,"{""errorType"":""FunctionAbnormalExitError""}"
,6FC75B3DB8851234D07B138AD96FC0A5-23,1762586148,FCRequestMetrics:/n-matmul-128,297,297,,,0.04,n-matmul-128,true,6b4a94db578b,,c-690eed84-0cf1abd9-be1633f0d0dd,1762586145905,Sync,3461.75,1762586145426,21.0.3.2,false,128,4.07,InvokeFunction,,,LATEST,1-690eee21-0c49fa-8bdf79f8e68b,OnDemand,,,478.69,,"{""errorType"":""FunctionAbnormalExitError""}"
,4E6EE341D6B7F4B5F00204E676B0421F-1D,1762586148,FCRequestMetrics:/n-matmul-128,293,293,,,0.03,n-matmul-128,true,511d80c68358,,c-690eed8d-0cf1abd9-efed7d33773f,1762586143884,Sync,4941.79,1762586143883,21.0.3.18,false,128,2.07,InvokeFunction,,,LATEST,1-690eee1f-0c0a43-858f9a22f049,OnDemand,,,0.54,,"{""errorType"":""FunctionAbnormalExitError""}"
,1B5486964AC6624C37E4AC052D573C0C-17,1762586148,FCRequestMetrics:/n-matmul-128,295,295,,,18360.98,n-matmul-128,false,e1d941687761,,c-690eedaf-0cf1abd9-f376d98bdc18,1762586130412,Sync,18372.67,1762586130411,21.0.3.25,false,128,22.38,InvokeFunction,,,LATEST,1-690eee12-0c0a43-cd04664d7a8b,OnDemand,,,0.45,
,B4A81EAA9A610DB6D6C5F8ED3BF0C5D3-1D,1762586149,FCRequestMetrics:/n-matmul-128,296,296,,,17941.08,n-matmul-128,false,5618ff7e0c38,,c-690eed96-0cf1abd9-fe06c54f6777,1762586131850,Sync,17950.07,1762586131849,21.0.3.14,false,128,21.82,InvokeFunction,,,LATEST,1-690eee13-0c0a43-e097721fea41,OnDemand,,,0.53,
,9A69A015E836A893BB9F5FED7403265F-1D,1762586149,FCRequestMetrics:/n-matmul-128,295,295,,,17432.58,n-matmul-128,false,8be9fbcef600,,c-690eed96-0cf1abd9-94394623246b,1762586131822,Sync,17434.65,1762586131820,21.0.3.12,false,128,22.57,InvokeFunction,,,LATEST,1-690eee13-0c49fa-43689563452a,OnDemand,,,0.93,
,1FD15FF44979A6A17B0CFCEC15F6978B-21,1762586149,FCRequestMetrics:/n-matmul-128,299,299,,,18899.01,n-matmul-128,false,8f75766f976d,,c-690eed84-0cf1abd9-3527f81881d1,1762586130933,Sync,19144.38,1762586130688,21.0.3.8,false,128,31.82,InvokeFunction,,,LATEST,1-690eee12-0c49fa-a815007fd4ff,OnDemand,,,244.34,
,7B54E33FC4EF59F9EB611D0DD33DB1AD-22,1762586149,FCRequestMetrics:/n-matmul-128,299,299,,,17001.82,n-matmul-128,false,57decdb25f9e,,c-690eed83-0cf1abd9-0a57e9e3d12f,1762586132693,Sync,17480.28,1762586132215,21.0.3.8,false,128,26.88,InvokeFunction,,,LATEST,1-690eee14-0c49fa-fcfb7069fe05,OnDemand,,,477.49,
,B7D4D1DD2FC40780773A1A71845C5151-22,1762586149,FCRequestMetrics:/n-matmul-128,292,292,,,19079.24,n-matmul-128,false,767418f36457,,c-690eed84-0cf1abd9-5d4c970df804,1762586130282,Sync,19086.82,1762586130281,21.0.3.13,false,128,26.72,InvokeFunction,,,LATEST,1-690eee12-0c49fa-cb258430d9af,OnDemand,,,1.21,
,EF722833BE499284BAB5B89F1A306194-19,1762586149,FCRequestMetrics:/n-matmul-128,293,293,,,19493.30,n-matmul-128,false,05f9081a497c,,c-690eeda8-0cf1abd9-1aac6742df61,1762586129636,Sync,19494.94,1762586129635,21.0.3.10,false,128,29.48,InvokeFunction,,,LATEST,1-690eee11-0c0a43-1343db7d11ca,OnDemand,,,0.55,
,EBC26A7000C29ACFC3147F56410DAFC8-1D,1762586149,FCRequestMetrics:/n-matmul-128,297,297,,,17064.80,n-matmul-128,false,ec97bbe6dd57,,c-690eed96-0cf1abd9-da0cdb0222d5,1762586132083,Sync,17066.58,1762586132082,21.0.3.15,false,128,21.93,InvokeFunction,,,LATEST,1-690eee14-0c0a43-16378077c616,OnDemand,,,0.59,
,781F1588896B086D7B9525CF26E327EB-19,1762586149,FCRequestMetrics:/n-matmul-128,298,298,,,16900.48,n-matmul-128,false,4caf80074898,,c-690eeda5-0cf1abd9-14bb1cc6f364,1762586132293,Sync,17045.83,1762586132149,21.0.3.24,false,128,23.23,InvokeFunction,,,LATEST,1-690eee14-0c0a43-8fba2b330b03,OnDemand,,,144.28,
,2255CA33B5278BAE9F851AD47714358B-23,1762586149,FCRequestMetrics:/n-matmul-128,297,297,,,0.04,n-matmul-128,true,54cc386b80a2,,c-690eed96-0cf1abd9-3739867da5d5,1762586146216,Sync,2852.95,1762586146214,21.0.3.23,false,128,2.16,InvokeFunction,,,LATEST,1-690eee22-0c49fa-798275c9da88,OnDemand,,,1.12,,"{""errorType"":""FunctionAbnormalExitError""}"
,6A8383338392512084A14C3EC7DB7CCC-22,1762586149,FCRequestMetrics:/n-matmul-128,285,285,,,0.04,n-matmul-128,true,d95f8edd3264,,c-690eed8d-0cf1abd9-54a1d269f410,1762586144627,Sync,4508.00,1762586144619,21.0.3.15,false,128,2.17,InvokeFunction,,,LATEST,1-690eee20-0c0a43-d6aad3041173,OnDemand,,,0.53,,"{""errorType"":""FunctionAbnormalExitError""}"
,58CCD2DE8E2B0B4D1F6EB957F7930236-24,1762586149,FCRequestMetrics:/n-matmul-128,298,298,,,14771.02,n-matmul-128,false,6736357c0448,,c-690eed85-0cf1abd9-39066bb81db1,1762586134937,Sync,14772.73,1762586134936,21.0.3.13,false,128,22.30,InvokeFunction,,,LATEST,1-690eee16-0c0a43-da81893faf28,OnDemand,,,0.52,
,42E890D6520D105A9B16A20A2B52D801-1A,1762586149,FCRequestMetrics:/n-matmul-128,298,298,,,14571.45,n-matmul-128,false,94b02dd0f401,,c-690eeda9-0cf1abd9-9011fb8320b3,1762586134937,Sync,14573.55,1762586134936,21.0.3.3,false,128,27.55,InvokeFunction,,,LATEST,1-690eee16-0c49fa-92e381ab40d8,OnDemand,,,0.91,
,BB4ED00B22F6D0F50600682ABF2615D9-23,1762586149,FCRequestMetrics:/n-matmul-128,296,296,,,14873.92,n-matmul-128,false,b56edd595e8c,,c-690eed85-0cf1abd9-7e6421936614,1762586134540,Sync,14875.46,1762586134540,21.0.3.15,false,128,23.67,InvokeFunction,,,LATEST,1-690eee16-0c0a43-19af0d080ca8,OnDemand,,,0.60,
,3D18AA0F2F2BEC29E06D342ABCC8325D-1D,1762586149,FCRequestMetrics:/n-matmul-128,296,296,,,17518.72,n-matmul-128,false,98fe8105b4b7,,c-690eed96-0cf1abd9-769da4154e8d,1762586131879,Sync,17520.34,1762586131878,21.0.3.8,false,128,23.43,InvokeFunction,,,LATEST,1-690eee13-0c0a43-502dcf8b1df3,OnDemand,,,0.46,
,6175108D96D0CF70554B3773E70F8DCB-16,1762586149,FCRequestMetrics:/n-matmul-128,292,292,,,19140.56,n-matmul-128,false,e9351adb9afb,,c-690eedaf-0cf1abd9-548ac2e2b910,1762586130306,Sync,19142.80,1762586130304,21.0.3.23,false,128,24.30,InvokeFunction,,,LATEST,1-690eee12-0c49fa-e8d9d3464786,OnDemand,,,0.80,
,21A4B0901367BD0C28B579B375001259-1C,1762586149,FCRequestMetrics:/n-matmul-128,299,299,,,14223.15,n-matmul-128,false,387d318bc5da,,c-690eeda9-0cf1abd9-e3fe59758c3d,1762586135258,Sync,14232.36,1762586135257,21.0.3.7,false,128,27.52,InvokeFunction,,,LATEST,1-690eee17-0c49fa-613ccdd8a163,OnDemand,,,0.83,
,35684BB25099CBEDA839F3453B345BB7-22,1762586149,FCRequestMetrics:/n-matmul-128,285,285,,,0.03,n-matmul-128,true,4704e96ceb34,,c-690eed8d-0cf1abd9-0b031bc7876b,1762586144652,Sync,4747.72,1762586144645,21.0.3.16,false,128,2.08,InvokeFunction,,,LATEST,1-690eee20-0c0a43-50c3af4383fe,OnDemand,,,0.47,,"{""errorType"":""FunctionAbnormalExitError""}"
,13012196C53F5375DA6D7E0B0AED40BD-22,1762586149,FCRequestMetrics:/n-matmul-128,283,283,,,0.05,n-matmul-128,true,ced19e0e4fae,,c-690eed96-0cf1abd9-26d3f0e782b3,1762586146995,Sync,2133.49,1762586146994,21.0.3.9,false,128,2.30,InvokeFunction,,,LATEST,1-690eee22-0c0a43-251a487d5386,OnDemand,,,0.57,,"{""errorType"":""FunctionAbnormalExitError""}"
,8BD4AD9E3D09406FDF72A2C557E65602-22,1762586149,FCRequestMetrics:/n-matmul-128,298,298,,,0.03,n-matmul-128,true,b921ac706f30,,c-690eed8d-0cf1abd9-a5d5bfafa5f0,1762586145244,Sync,4499.37,1762586145181,21.0.3.20,false,128,4.19,InvokeFunction,,,LATEST,1-690eee21-0c0a43-3531eea26e8d,OnDemand,,,0.54,,"{""errorType"":""FunctionAbnormalExitError""}"
,06C1AECF0F54657A09035580DC6D0DB0-22,1762586149,FCRequestMetrics:/n-matmul-128,298,298,,,0.04,n-matmul-128,true,d73180f2ad0e,,c-690eed8d-0cf1abd9-22bbe3b454d8,1762586145221,Sync,4393.29,1762586145169,21.0.3.22,false,128,2.18,InvokeFunction,,,LATEST,1-690eee21-0c49fa-507c209910b9,OnDemand,,,1.13,,"{""errorType"":""FunctionAbnormalExitError""}"
,54FD7E1C16E33CD5A572B96CB27C6F6C-22,1762586149,FCRequestMetrics:/n-matmul-128,299,299,,,0.03,n-matmul-128,true,e563746bf006,,c-690eed96-0cf1abd9-aba818b27a54,1762586145263,Sync,4209.65,1762586145262,21.0.3.25,false,128,2.08,InvokeFunction,,,LATEST,1-690eee21-0c49fa-1830eeaeee9b,OnDemand,,,1.39,,"{""errorType"":""FunctionAbnormalExitError""}"
,10CB9614FCA0A556028B38DC7845A739-1D,1762586149,FCRequestMetrics:/n-matmul-128,299,299,,,18165.88,n-matmul-128,false,5a545ca9f709,,c-690eed96-0cf1abd9-95270fc2164f,1762586130889,Sync,18168.43,1762586130887,21.0.3.11,false,128,23.28,InvokeFunction,,,LATEST,1-690eee12-0c49fa-a03f0d00fef3,OnDemand,,,1.11,
,32B0F1D581F5E39EC6054F7F479A9133-1F,1762586150,FCRequestMetrics:/n-matmul-128,298,298,,,17790.60,n-matmul-128,false,0671b6afd97c,,c-690eed96-0cf1abd9-2fa702511747,1762586132452,Sync,18029.84,1762586132214,21.0.3.11,false,128,24.08,InvokeFunction,,,LATEST,1-690eee14-0c0a43-9ee935425870,OnDemand,,,237.65,
,AD2D061C819899739344C7154478FB9D-20,1762586150,FCRequestMetrics:/n-matmul-128,297,297,,,18843.61,n-matmul-128,false,3e0e6ec3c35c,,c-690eed89-0cf1abd9-2892cad8d6af,1762586132092,Sync,18847.56,1762586132091,21.0.3.18,false,128,22.26,InvokeFunction,,,LATEST,1-690eee14-0c49fa-070d1d36a14a,OnDemand,,,0.82,
,545DE9BD42C98B996C6808C99D114C47-1A,1762586150,FCRequestMetrics:/n-matmul-128,299,299,,,17599.17,n-matmul-128,false,0a0aaa3564b0,,c-690eeda5-0cf1abd9-c9445681ee20,1762586132400,Sync,17773.55,1762586132226,21.0.3.22,false,128,31.54,InvokeFunction,,,LATEST,1-690eee14-0c49fa-81938cd88410,OnDemand,,,173.48,
,534BB234720EAF245D060C96880CE6E1-19,1762586150,FCRequestMetrics:/n-matmul-128,299,299,,,17497.58,n-matmul-128,false,b9d5a90e849c,,c-690eeda8-0cf1abd9-489697ff9fe3,1762586132732,Sync,17749.43,1762586132490,21.0.3.16,false,128,21.92,InvokeFunction,,,LATEST,1-690eee14-0c0a43-34088a765510,OnDemand,,,241.99,
,8AE5E5DD376D8B6BBC87B2F900A287DB-25,1762586150,FCRequestMetrics:/n-matmul-128,298,298,,,15936.80,n-matmul-128,false,7a13a20b921a,,c-690eed85-0cf1abd9-64d3ea47bde3,1762586134372,Sync,15947.46,1762586134371,21.0.3.23,false,128,22.25,InvokeFunction,,,LATEST,1-690eee16-0c0a43-2d53f0706454,OnDemand,,,0.57,
,3DBC61790B9142DDBEDCD6134BB09E3F-23,1762586150,FCRequestMetrics:/n-matmul-128,282,282,,,0.06,n-matmul-128,true,a28f13fec6d7,,c-690eed84-0cf1abd9-47616b0fcd20,1762586147135,Sync,3269.98,1762586147134,21.0.3.10,false,128,2.19,InvokeFunction,,,LATEST,1-690eee23-0c49fa-5bc5dba4e576,OnDemand,,,1.42,,"{""errorType"":""FunctionAbnormalExitError""}"
,945898D0AF47D153C60C831EFEA93697-1D,1762586150,FCRequestMetrics:/n-matmul-128,297,297,,,17738.94,n-matmul-128,false,175f45e7fcbd,,c-690eed96-0cf1abd9-9f8f06b7bb4c,1762586133088,Sync,17740.61,1762586133087,21.0.3.17,false,128,27.51,InvokeFunction,,,LATEST,1-690eee15-0c0a43-51a4626b4734,OnDemand,,,0.56,
,C7D2A82C4522CA8A251B518A5412EBB2-20,1762586150,FCRequestMetrics:/n-matmul-128,279,279,,,0.03,n-matmul-128,true,4b354849f527,,c-690eed96-0cf1abd9-72da89fa2b61,1762586147240,Sync,2867.55,1762586147239,21.0.3.21,false,128,4.05,InvokeFunction,,,LATEST,1-690eee23-0c0a43-158627d88505,OnDemand,,,0.58,,"{""errorType"":""FunctionAbnormalExitError""}"
,63DE596157EC5C3204595F887449B280-22,1762586150,FCRequestMetrics:/n-matmul-128,274,274,,,0.04,n-matmul-128,true,1ee48239c919,,c-690eed96-0cf1abd9-7fba4a37caaa,1762586147837,Sync,2263.82,1762586147836,21.0.3.8,false,128,2.08,InvokeFunction,,,LATEST,1-690eee23-0c0a43-b4606cf90c92,OnDemand,,,0.54,,"{""errorType"":""FunctionAbnormalExitError""}"
,C850E9452F734C9D301E12F034A57295-20,1762586150,FCRequestMetrics:/n-matmul-128,278,278,,,0.04,n-matmul-128,true,81a96430e100,,c-690eed96-0cf1abd9-87344dd52402,1762586147396,Sync,2742.45,1762586147394,21.0.3.23,false,128,2.04,InvokeFunction,,,LATEST,1-690eee23-0c49fa-68ec33f16a29,OnDemand,,,1.27,,"{""errorType"":""FunctionAbnormalExitError""}"
,B292BE044A2671902A084AE5890DA3F1-20,1762586150,FCRequestMetrics:/n-matmul-128,279,279,,,0.04,n-matmul-128,true,e59368e395e4,,c-690eed96-0cf1abd9-d4bd420ec297,1762586147583,Sync,2608.09,1762586147581,21.0.3.24,false,128,2.20,InvokeFunction,,,LATEST,1-690eee23-0c49fa-b651dd4f45ed,OnDemand,,,0.91,,"{""errorType"":""FunctionAbnormalExitError""}"
,8BF05F1C242706C79550D7B32CA90C86-21,1762586150,FCRequestMetrics:/n-matmul-128,279,279,,,0.03,n-matmul-128,true,54332440cef2,,c-690eed96-0cf1abd9-e216e2341a60,1762586147284,Sync,3273.65,1762586147283,21.0.3.24,false,128,2.04,InvokeFunction,,,LATEST,1-690eee23-0c49fa-094a3c295464,OnDemand,,,0.80,,"{""errorType"":""FunctionAbnormalExitError""}"
,854208CFC0E05FFDDD72E5ADF6DFFFF4-24,1762586150,FCRequestMetrics:/n-matmul-128,291,291,,,14625.16,n-matmul-128,false,6fbf459d1081,,c-690eed85-0cf1abd9-ab34e7bc676a,1762586136230,Sync,14626.70,1762586136229,21.0.3.22,false,128,22.41,InvokeFunction,,,LATEST,1-690eee18-0c49fa-ffcea9377aec,OnDemand,,,0.85,
,B79079C424E0F07A8A390B193B002836-1D,1762586150,FCRequestMetrics:/n-matmul-128,297,297,,,17046.81,n-matmul-128,false,692d15f70bf3,,c-690eed96-0cf1abd9-d94777f4e8e6,1762586133558,Sync,17054.19,1762586133556,21.0.3.23,false,128,29.51,InvokeFunction,,,LATEST,1-690eee15-0c49fa-8a91039ea995,OnDemand,,,1.38,
,1E5A568CAB040985CEDDB2A885818A73-24,1762586150,FCRequestMetrics:/n-matmul-128,291,291,,,14049.06,n-matmul-128,false,9b8c773cba2a,,c-690eed85-0cf1abd9-1ba29434816d,1762586136220,Sync,14053.39,1762586136219,21.0.3.24,false,128,21.90,InvokeFunction,,,LATEST,1-690eee18-0c49fa-010c55afd024,OnDemand,,,1.11,
,E98F2BCF2DED1F74ED59CCC9A89D0D4B-24,1762586150,FCRequestMetrics:/n-matmul-128,291,291,,,14675.93,n-matmul-128,false,8faa2a99de85,,c-690eed86-0cf1abd9-d8df9633eb55,1762586136215,Sync,14678.52,1762586136214,21.0.3.21,false,128,24.45,InvokeFunction,,,LATEST,1-690eee18-0c49fa-8f672667425f,OnDemand,,,0.94,
,342C1F773CD379DB41F0F3ADE9815760-21,1762586150,FCRequestMetrics:/n-matmul-128,275,275,,,0.04,n-matmul-128,true,54f5fbffcf0b,,c-690eed96-0cf1abd9-280bb0eca0e1,1762586148135,Sync,2127.50,1762586148135,21.0.3.19,false,128,2.13,InvokeFunction,,,LATEST,1-690eee24-0c0a43-af2d46d7874d,OnDemand,,,0.50,,"{""errorType"":""FunctionAbnormalExitError""}"
,5CA892A8CA0A24989C4731381529FB34-21,1762586150,FCRequestMetrics:/n-matmul-128,274,274,,,0.03,n-matmul-128,true,2e11fae8268d,,c-690eed96-0cf1abd9-77c3d2a5e2ce,1762586148418,Sync,1977.94,1762586148417,21.0.3.20,false,128,2.17,InvokeFunction,,,LATEST,1-690eee24-0c0a43-8cc358686b35,OnDemand,,,0.60,,"{""errorType"":""FunctionAbnormalExitError""}"
,2B4625DA72F11748201D56C345F761CD-1C,1762586150,FCRequestMetrics:/n-matmul-128,299,299,,,17362.34,n-matmul-128,false,83516cd0eb74,,c-690eed96-0cf1abd9-a41f892cdd8e,1762586132690,Sync,17370.66,1762586132690,21.0.3.24,false,128,27.66,InvokeFunction,,,LATEST,1-690eee14-0c0a43-8fb9ccc50958,OnDemand,,,0.52,
,8A7394BA0F304A206770530C84EA6636-23,1762586150,FCRequestMetrics:/n-matmul-128,298,298,,,17090.91,n-matmul-128,false,279fa08dbc62,,c-690eed83-0cf1abd9-0a463df434e5,1762586132968,Sync,17098.85,1762586132967,21.0.3.3,false,128,32.31,InvokeFunction,,,LATEST,1-690eee14-0c0a43-558a1b6e7c6b,OnDemand,,,0.49,
,8E8ED45746BF551481A42C9EC0C0938D-19,1762586151,FCRequestMetrics:/n-matmul-128,298,298,,,17922.10,n-matmul-128,false,4e78e1f0ba00,,c-690eeda5-0cf1abd9-1766bd825c2f,1762586133143,Sync,17923.58,1762586133142,21.0.3.21,false,128,27.36,InvokeFunction,,,LATEST,1-690eee15-0c0a43-2f29ad22afd6,OnDemand,,,0.52,
,5C14CF48C5C22527111DB496942DC103-21,1762586151,FCRequestMetrics:/n-matmul-128,296,296,,,19497.85,n-matmul-128,false,07dabc2bb605,,c-690eed84-0cf1abd9-5a2627b82825,1762586131876,Sync,19499.38,1762586131876,21.0.3.12,false,128,21.83,InvokeFunction,,,LATEST,1-690eee13-0c0a43-72e585af9925,OnDemand,,,0.55,
,601984C4C767B3AE29155A0CBC717A02-21,1762586151,FCRequestMetrics:/n-matmul-128,296,296,,,19593.41,n-matmul-128,false,18fcdff65652,,c-690eed84-0cf1abd9-c1ce786e1019,1762586131897,Sync,19594.97,1762586131897,21.0.3.14,false,128,27.28,InvokeFunction,,,LATEST,1-690eee13-0c0a43-f39930459ccf,OnDemand,,,0.50,
,B521370D3A6E26470A494F1D2AAFFA3F-1E,1762586151,FCRequestMetrics:/n-matmul-128,295,295,,,17018.03,n-matmul-128,false,602c844bf99d,,c-690eed96-0cf1abd9-1fcc961447a6,1762586134894,Sync,17024.04,1762586134892,21.0.3.23,false,128,23.82,InvokeFunction,,,LATEST,1-690eee16-0c49fa-9b84b1e85d6f,OnDemand,,,1.12,
,623C01CD3A5A8B2E0F24E293BCB1A9E6-1E,1762586151,FCRequestMetrics:/n-matmul-128,295,295,,,16986.98,n-matmul-128,false,28d5a40b4b5c,,c-690eed96-0cf1abd9-9c58647ab8e4,1762586134914,Sync,16988.81,1762586134913,21.0.3.19,false,128,27.71,InvokeFunction,,,LATEST,1-690eee16-0c49fa-db3720e128d4,OnDemand,,,1.03,
,E0E0F357761D0248261EE2F10BB55343-1C,1762586151,FCRequestMetrics:/n-matmul-128,298,298,,,17546.24,n-matmul-128,false,44413e12b2a5,,c-690eed96-0cf1abd9-2eb0d31dc6a8,1762586133639,Sync,17548.57,1762586133638,21.0.3.20,false,128,21.99,InvokeFunction,,,LATEST,1-690eee15-0c0a43-ac21e0e92846,OnDemand,,,0.54,
,54A8EF52FEEB808422ACE2DD57D8BC40-24,1762586151,FCRequestMetrics:/n-matmul-128,291,291,,,14943.54,n-matmul-128,false,8ea75ea0c289,,c-690eed85-0cf1abd9-e9c69a3d7dd0,1762586136221,Sync,14947.50,1762586136220,21.0.3.18,false,128,24.58,InvokeFunction,,,LATEST,1-690eee18-0c0a43-da5d473243fd,OnDemand,,,0.41,
,4A03F83F646B3D7AC82B0CB38EE7F6F6-24,1762586151,FCRequestMetrics:/n-matmul-128,276,276,,,0.04,n-matmul-128,true,d4ea97bb496c,,c-690eed84-0cf1abd9-bf53a1f50706,1762586147667,Sync,3336.95,1762586147663,21.0.3.3,false,128,2.02,InvokeFunction,,,LATEST,1-690eee23-0c0a43-81832f2bbfb5,OnDemand,,,0.53,,"{""errorType"":""FunctionAbnormalExitError""}"
,849194F1147E7DC7497DCF82D54F9C08-23,1762586151,FCRequestMetrics:/n-matmul-128,280,280,,,0.03,n-matmul-128,true,f70324bffef3,,c-690eed84-0cf1abd9-74ad9309d09c,1762586147501,Sync,3565.57,1762586147500,21.0.3.9,false,128,2.05,InvokeFunction,,,LATEST,1-690eee23-0c0a43-80ce5b0bd064,OnDemand,,,0.50,,"{""errorType"":""FunctionAbnormalExitError""}"
,3FA5063DFE5456024B083E53482C60F0-22,1762586151,FCRequestMetrics:/n-matmul-128,275,275,,,0.05,n-matmul-128,true,3222ec60138b,,c-690eed96-0cf1abd9-dee09d3a553a,1762586148033,Sync,3088.37,1762586148033,21.0.3.22,false,128,2.05,InvokeFunction,,,LATEST,1-690eee24-0c0a43-9db6038706ca,OnDemand,,,0.50,,"{""errorType"":""FunctionAbnormalExitError""}"
,C3D70BE59EDDE2E3BAD7D26871BEFCC2-23,1762586151,FCRequestMetrics:/n-matmul-128,275,275,,,0.02,n-matmul-128,true,5c7d778afaae,,c-690eed8d-0cf1abd9-f42778f29da4,1762586147993,Sync,3144.03,1762586147993,21.0.3.17,false,128,2.04,InvokeFunction,,,LATEST,1-690eee23-0c0a43-76ab08fb0333,OnDemand,,,0.45,,"{""errorType"":""FunctionAbnormalExitError""}"
,CD41B0AD1C8EC375FCF48EF027FC064B-25,1762586151,FCRequestMetrics:/n-matmul-128,298,298,,,19412.52,n-matmul-128,false,83be9297cbaa,,c-690eed8d-0cf1abd9-ab9c8f59b975,1762586132298,Sync,19417.00,1762586132296,21.0.3.2,false,128,23.96,InvokeFunction,,,LATEST,1-690eee14-0c49fa-3d7a68a235f2,OnDemand,,,1.43,
,32F6748B54E7C116ECBA713D52BB001A-1E,1762586151,FCRequestMetrics:/n-matmul-128,297,297,,,17603.87,n-matmul-128,false,0d6fef3003c2,,c-690eed96-0cf1abd9-86fc813866d5,1762586134165,Sync,17605.82,1762586134164,21.0.3.19,false,128,24.37,InvokeFunction,,,LATEST,1-690eee16-0c0a43-22bc57759473,OnDemand,,,0.53,
,529E5C7FB42ABB8742B7C8F9D897AD63-1E,1762586152,FCRequestMetrics:/n-matmul-128,295,295,,,17223.31,n-matmul-128,false,f84b5136dce2,,c-690eed96-0cf1abd9-9ebb1a976fe6,1762586134927,Sync,17225.52,1762586134927,21.0.3.21,false,128,27.14,InvokeFunction,,,LATEST,1-690eee16-0c0a43-65fc10a32801,OnDemand,,,0.54,
,FE62E48614DA949DAF3789D4806A512D-22,1762586152,FCRequestMetrics:/n-matmul-128,298,298,,,19524.51,n-matmul-128,false,4823d83c18dc,,c-690eed89-0cf1abd9-5b9582f39990,1762586132867,Sync,19525.91,1762586132866,21.0.3.17,false,128,27.52,InvokeFunction,,,LATEST,1-690eee14-0c0a43-50cfe5ab6597,OnDemand,,,0.54,
,1643C472A4A9C9E7636975D61997BF49-1F,1762586152,FCRequestMetrics:/n-matmul-128,297,297,,,17895.47,n-matmul-128,false,587857d87fe7,,c-690eed96-0cf1abd9-9d1eba3d67bf,1762586134191,Sync,17897.49,1762586134190,21.0.3.10,false,128,28.78,InvokeFunction,,,LATEST,1-690eee16-0c49fa-cc4c1a22826c,OnDemand,,,1.14,
,2BD77D43468911AB831A8F7E54DB0C85-1F,1762586152,FCRequestMetrics:/n-matmul-128,295,295,,,17387.30,n-matmul-128,false,b7def3b75118,,c-690eed96-0cf1abd9-52afc540c138,1762586134922,Sync,17389.11,1762586134921,21.0.3.9,false,128,32.01,InvokeFunction,,,LATEST,1-690eee16-0c49fa-d8ffedb1daad,OnDemand,,,0.76,
,F049A05B05E229468359356494790421-1A,1762586152,FCRequestMetrics:/n-matmul-128,299,299,,,18155.23,n-matmul-128,false,a743b3598854,,c-690eeda8-0cf1abd9-ed6740a826c3,1762586133958,Sync,18164.11,1762586133957,21.0.3.18,false,128,27.52,InvokeFunction,,,LATEST,1-690eee15-0c0a43-6319f3cee47b,OnDemand,,,0.56,
,946B81964C060862F0648B190BC052AB-21,1762586152,FCRequestMetrics:/n-matmul-128,299,299,,,18982.47,n-matmul-128,false,34c40a6c9520,,c-690eed89-0cf1abd9-1687528dc8c2,1762586133309,Sync,18984.26,1762586133308,21.0.3.16,false,128,25.77,InvokeFunction,,,LATEST,1-690eee15-0c0a43-7dc2ff2ec931,OnDemand,,,0.54,
,3AFB20005AD9E6CC4003C7ADDF444DDF-18,1762586152,FCRequestMetrics:/n-matmul-128,299,299,,,17903.52,n-matmul-128,false,5f995ae01ec5,,c-690eeda9-0cf1abd9-1afd58826ae3,1762586134446,Sync,17933.60,1762586134445,21.0.3.22,false,128,29.05,InvokeFunction,,,LATEST,1-690eee16-0c0a43-d89caf06a7c3,OnDemand,,,0.56,
,EC8C35753894B5B9AF0DA4DB7FE9A13B-1B,1762586152,FCRequestMetrics:/n-matmul-128,295,295,,,17706.04,n-matmul-128,false,14f78ff3edc2,,c-690eeda8-0cf1abd9-dbfce724cac6,1762586134925,Sync,17711.10,1762586134924,21.0.3.23,false,128,27.19,InvokeFunction,,,LATEST,1-690eee16-0c0a43-d4d875fbcd69,OnDemand,,,0.48,
,7EE08DA56FC077A8FBD356D2C6053F3C-22,1762586152,FCRequestMetrics:/n-matmul-128,272,272,,,0.04,n-matmul-128,true,88bd901e69d9,,c-690eed86-0cf1abd9-2ed67a1a0815,1762586148767,Sync,3297.79,1762586148765,21.0.3.11,false,128,2.22,InvokeFunction,,,LATEST,1-690eee24-0c49fa-3fb768bc086a,OnDemand,,,1.39,,"{""errorType"":""FunctionAbnormalExitError""}"
,BC7D406DCB03E5F0740A7972675CF2F0-23,1762586152,FCRequestMetrics:/n-matmul-128,272,272,,,0.05,n-matmul-128,true,fec3919de42b,,c-690eed86-0cf1abd9-a3cf507306a7,1762586148824,Sync,3322.80,1762586148823,21.0.3.10,false,128,2.04,InvokeFunction,,,LATEST,1-690eee24-0c0a43-93806b19a5d5,OnDemand,,,0.54,,"{""errorType"":""FunctionAbnormalExitError""}"
,80B2B247C9D9AF2A95FDD34F1640050C-22,1762586152,FCRequestMetrics:/n-matmul-128,271,271,,,0.04,n-matmul-128,true,ce4127663c28,,c-690eed84-0cf1abd9-d4909224eec1,1762586149034,Sync,3352.09,1762586149032,21.0.3.11,false,128,2.05,InvokeFunction,,,LATEST,1-690eee25-0c49fa-d7f7af522398,OnDemand,,,1.42,,"{""errorType"":""FunctionAbnormalExitError""}"
,2F8E8E9909DF7E4E4F6C84108E3E6391-1D,1762586152,FCRequestMetrics:/n-matmul-128,293,293,,,17040.92,n-matmul-128,false,cec312802329,,c-690eed96-0cf1abd9-acd053f7b558,1762586135810,Sync,17042.79,1762586135809,21.0.3.16,false,128,27.16,InvokeFunction,,,LATEST,1-690eee17-0c0a43-f7567d68248c,OnDemand,,,0.50,
,B09D02D2736E63D8D189EBC1852D5FE0-20,1762586152,FCRequestMetrics:/n-matmul-128,298,298,,,18925.75,n-matmul-128,false,d93ff50fc499,,c-690eed86-0cf1abd9-16756c022540,1762586133184,Sync,18927.48,1762586133183,21.0.3.13,false,128,26.95,InvokeFunction,,,LATEST,1-690eee15-0c0a43-538c00022a4a,OnDemand,,,0.53,
,83CAB58307325447A4DEA26702BA5E90-1E,1762586152,FCRequestMetrics:/n-matmul-128,299,299,,,17690.16,n-matmul-128,false,03045a14e1ff,,c-690eed96-0cf1abd9-278610150dd5,1762586135138,Sync,17873.26,1762586134959,21.0.3.15,false,128,29.55,InvokeFunction,,,LATEST,1-690eee16-0c49fa-d32a821c3db1,OnDemand,,,178.61,
,7B54E33FC4EF59F9EB611D0DD33DB1AD-25,1762586152,FCRequestMetrics:/n-matmul-128,262,262,,,0.03,n-matmul-128,true,57decdb25f9e,,c-690eed83-0cf1abd9-0a57e9e3d12f,1762586149933,Sync,2195.54,1762586149932,21.0.3.8,false,128,2.10,InvokeFunction,,,LATEST,1-690eee25-0c0a43-12b204412ab0,OnDemand,,,0.60,,"{""errorType"":""FunctionAbnormalExitError""}"
,91991638294952C1215BFC323DBD0655-24,1762586152,FCRequestMetrics:/n-matmul-128,265,265,,,0.05,n-matmul-128,true,5abe5fd26a6c,,c-690eed83-0cf1abd9-74cc7252fb9e,1762586149975,Sync,2142.85,1762586149972,21.0.3.2,false,128,2.17,InvokeFunction,,,LATEST,1-690eee25-0c49fa-66a0a8c928dd,OnDemand,,,1.32,,"{""errorType"":""FunctionAbnormalExitError""}"
,FD3DA8D46D8EFE79129F6DB831E2D004-20,1762586152,FCRequestMetrics:/n-matmul-128,299,299,,,19455.43,n-matmul-128,false,c5d7c67d012d,,c-690eed87-0cf1abd9-168efb1ce039,1762586133253,Sync,20140.19,1762586132571,21.0.3.14,false,128,22.01,InvokeFunction,,,LATEST,1-690eee14-0c0a43-6ea1491d25aa,OnDemand,,,681.33,
,A912C88EFEEFC4B218F7735CF74E673B-19,1762586152,FCRequestMetrics:/n-matmul-128,297,297,,,17920.41,n-matmul-128,false,c124df2e904b,,c-690eeda8-0cf1abd9-66b5ac8b3f4b,1762586134210,Sync,18117.70,1762586134014,21.0.3.13,false,128,27.32,InvokeFunction,,,LATEST,1-690eee16-0c49fa-21feaf61f455,OnDemand,,,195.21,
,79733AC446DF412BC6F18C2B63B5677F-20,1762586152,FCRequestMetrics:/n-matmul-128,265,265,,,0.03,n-matmul-128,true,b193e3418700,,c-690eed96-0cf1abd9-647659e129ba,1762586149974,Sync,2790.77,1762586149973,21.0.3.15,false,128,2.12,InvokeFunction,,,LATEST,1-690eee25-0c0a43-31eb7d81f39c,OnDemand,,,0.47,,"{""errorType"":""FunctionAbnormalExitError""}"
,D146A4E091934A2DB3F52D2283250B9C-1F,1762586152,FCRequestMetrics:/n-matmul-128,297,297,,,18359.10,n-matmul-128,false,e11351b48c04,,c-690eed96-0cf1abd9-c0d64c44585a,1762586134174,Sync,18555.64,1762586133979,21.0.3.13,false,128,34.09,InvokeFunction,,,LATEST,1-690eee15-0c49fa-39130b86e005,OnDemand,,,195.36,
,2E3A4B31C228B399B3B7DC20B5D681E8-18,1762586152,FCRequestMetrics:/n-matmul-128,299,299,,,19225.83,n-matmul-128,false,94116257bc76,,c-690eeda8-0cf1abd9-6efacfe9f712,1762586133770,Sync,19229.08,1762586133769,21.0.3.14,false,128,27.43,InvokeFunction,,,LATEST,1-690eee15-0c49fa-bf9d97f5e1e7,OnDemand,,,0.94,
,02505EBA98BB6AB8D9121B3F590D5A1C-20,1762586152,FCRequestMetrics:/n-matmul-128,265,265,,,0.04,n-matmul-128,true,dc1a18d01eb5,,c-690eed96-0cf1abd9-15ddf20aa5f4,1762586150022,Sync,2824.07,1762586150004,21.0.3.21,false,128,4.02,InvokeFunction,,,LATEST,1-690eee25-0c0a43-a46520f9a0f7,OnDemand,,,0.50,,"{""errorType"":""FunctionAbnormalExitError""}"
,FA92B5D7385E5B2D4245077868CB9726-20,1762586152,FCRequestMetrics:/n-matmul-128,265,265,,,0.03,n-matmul-128,true,30720f53fe9b,,c-690eed96-0cf1abd9-67b09a4d191e,1762586150000,Sync,2882.35,1762586149999,21.0.3.22,false,128,2.04,InvokeFunction,,,LATEST,1-690eee25-0c0a43-8c1ae4f900b7,OnDemand,,,0.56,,"{""errorType"":""FunctionAbnormalExitError""}"
,35B7CF1288747C19178530C01B71BAC3-1D,1762586152,FCRequestMetrics:/n-matmul-128,296,296,,,17604.16,n-matmul-128,false,cf2bb21028d5,,c-690eed96-0cf1abd9-ca59a9a46279,1762586134724,Sync,17605.86,1762586134723,21.0.3.22,false,128,27.72,InvokeFunction,,,LATEST,1-690eee16-0c0a43-6d9e1f308882,OnDemand,,,0.59,
,F4DFF4453A1625B22DE49E6316B744E7-21,1762586153,FCRequestMetrics:/n-matmul-128,299,299,,,19180.06,n-matmul-128,false,5ccd9a18e737,,c-690eed84-0cf1abd9-b1659118d275,1762586133936,Sync,19182.04,1762586133935,21.0.3.16,false,128,21.97,InvokeFunction,,,LATEST,1-690eee15-0c0a43-1821e926f939,OnDemand,,,0.53,
,20BCED26DA3E73A35A0E0ACEF26F4645-22,1762586153,FCRequestMetrics:/n-matmul-128,297,297,,,19831.93,n-matmul-128,false,70809c61057c,,c-690eed96-0cf1abd9-b0cce505415f,1762586133543,Sync,19834.38,1762586133541,21.0.3.25,false,128,32.93,InvokeFunction,,,LATEST,1-690eee15-0c49fa-463a3d3703d7,OnDemand,,,1.52,
,CACC3D6F9C6A2945DEADA5EDA3A09538-21,1762586153,FCRequestMetrics:/n-matmul-128,291,291,,,17790.50,n-matmul-128,false,d4758414a170,,c-690eed83-0cf1abd9-8480035f250f,1762586136172,Sync,17792.99,1762586136171,21.0.3.12,false,128,30.77,InvokeFunction,,,LATEST,1-690eee18-0c49fa-4ffb4db9a739,OnDemand,,,1.14,
,DFB2C1B044EC33FF240D44307D6249FE-22,1762586153,FCRequestMetrics:/n-matmul-128,298,298,,,19829.55,n-matmul-128,false,ecb9a7fba850,,c-690eed89-0cf1abd9-8077c2c72a30,1762586133648,Sync,19831.66,1762586133647,21.0.3.19,false,128,21.79,InvokeFunction,,,LATEST,1-690eee15-0c0a43-6e2dd747830c,OnDemand,,,0.55,
,C81E0734A1BCCB9DA9FC914E1BF3266D-18,1762586153,FCRequestMetrics:/n-matmul-128,295,295,,,18327.71,n-matmul-128,false,7cce56c3fb65,,c-690eeda8-0cf1abd9-312a3a57ec79,1762586134903,Sync,18329.39,1762586134902,21.0.3.20,false,128,29.52,InvokeFunction,,,LATEST,1-690eee16-0c0a43-31807fc2ee61,OnDemand,,,0.53,
,4AAB0B06936D72C3AF0ED63C41634FCE-22,1762586153,FCRequestMetrics:/n-matmul-128,298,298,,,20201.10,n-matmul-128,false,d7d879e92610,,c-690eed89-0cf1abd9-cbae37f356f4,1762586132976,Sync,20207.41,1762586132975,21.0.3.15,false,128,26.76,InvokeFunction,,,LATEST,1-690eee14-0c0a43-25c2032bfb1d,OnDemand,,,0.51,
,5DAD0D54751340FDEB778E8C3D0BCA64-18,1762586153,FCRequestMetrics:/n-matmul-128,299,299,,,19031.09,n-matmul-128,false,5f6b4c786b41,,c-690eedae-0cf1abd9-b63dfe7543ed,1762586133980,Sync,19215.46,1762586133797,21.0.3.2,false,128,27.85,InvokeFunction,,,LATEST,1-690eee15-0c49fa-c464a57b410e,OnDemand,,,182.38,
,803897D30563305B6DBC05E884EC8EC2-1D,1762586153,FCRequestMetrics:/n-matmul-128,290,290,,,17330.62,n-matmul-128,false,2a6f3444e7b4,,c-690eed96-0cf1abd9-1ae336fb64b1,1762586135991,Sync,17332.33,1762586135990,21.0.3.18,false,128,21.98,InvokeFunction,,,LATEST,1-690eee17-0c0a43-93fac732a467,OnDemand,,,0.55,
,9DB0B32669D9079C1BDD2E72F986F3FE-1D,1762586153,FCRequestMetrics:/n-matmul-128,292,292,,,17268.33,n-matmul-128,false,dbf02729ce57,,c-690eed96-0cf1abd9-9cbaae6ba90d,1762586135899,Sync,17270.04,1762586135898,21.0.3.24,false,128,23.91,InvokeFunction,,,LATEST,1-690eee17-0c0a43-5444192fde10,OnDemand,,,0.53,
,F61B1071476942D4F7B55629DD659612-1D,1762586153,FCRequestMetrics:/n-matmul-128,292,292,,,16877.91,n-matmul-128,false,b611341e3558,,c-690eed96-0cf1abd9-fa1cd72521fa,1762586136623,Sync,16882.53,1762586136621,21.0.3.17,false,128,22.47,InvokeFunction,,,LATEST,1-690eee18-0c49fa-bde513c17cec,OnDemand,,,1.29,
,E73296BB4FF98C51BFC0649F2F271CC3-1A,1762586153,FCRequestMetrics:/n-matmul-128,291,291,,,17530.57,n-matmul-128,false,59d36ceba10f,,c-690eeda8-0cf1abd9-e68ef267c2b5,1762586136170,Sync,17532.87,1762586136168,21.0.3.15,false,128,26.99,InvokeFunction,,,LATEST,1-690eee18-0c49fa-93665ecd8b96,OnDemand,,,1.33,
,0BD475407873CF39B1CA595256226051-1A,1762586153,FCRequestMetrics:/n-matmul-128,296,296,,,18139.40,n-matmul-128,false,83139df080ef,,c-690eeda9-0cf1abd9-42b948b2a68c,1762586135630,Sync,18140.94,1762586135629,21.0.3.25,false,128,27.70,InvokeFunction,,,LATEST,1-690eee17-0c0a43-908046e146e9,OnDemand,,,0.50,
,B7D4D1DD2FC40780773A1A71845C5151-24,1762586153,FCRequestMetrics:/n-matmul-128,265,265,,,0.03,n-matmul-128,true,767418f36457,,c-690eed84-0cf1abd9-5d4c970df804,1762586149944,Sync,3367.24,1762586149942,21.0.3.13,false,128,2.04,InvokeFunction,,,LATEST,1-690eee25-0c49fa-47353cb73cf3,OnDemand,,,1.15,,"{""errorType"":""FunctionAbnormalExitError""}"
,1FD15FF44979A6A17B0CFCEC15F6978B-23,1762586153,FCRequestMetrics:/n-matmul-128,262,262,,,0.21,n-matmul-128,true,8f75766f976d,,c-690eed84-0cf1abd9-3527f81881d1,1762586149888,Sync,3315.26,1762586149887,21.0.3.8,false,128,2.19,InvokeFunction,,,LATEST,1-690eee25-0c0a43-ee81949f23ef,OnDemand,,,0.67,,"{""errorType"":""FunctionAbnormalExitError""}"
,E94FAD7DFC0D7C430A1E1579F49C2CB6-23,1762586153,FCRequestMetrics:/n-matmul-128,265,265,,,0.05,n-matmul-128,true,357862df7f73,,c-690eed86-0cf1abd9-f59485cce75a,1762586149955,Sync,3229.54,1762586149954,21.0.3.12,false,128,2.19,InvokeFunction,,,LATEST,1-690eee25-0c0a43-a851c8284b8e,OnDemand,,,0.50,,"{""errorType"":""FunctionAbnormalExitError""}"
,4145F5C147116C613F389F1FA1269B40-1D,1762586153,FCRequestMetrics:/n-matmul-128,289,289,,,17514.78,n-matmul-128,false,a47c00754ae4,,c-690eed96-0cf1abd9-7ad5956d5a94,1762586136083,Sync,17516.22,1762586136083,21.0.3.18,false,128,25.51,InvokeFunction,,,LATEST,1-690eee18-0c0a43-5d8e20a673a7,OnDemand,,,0.46,
,25B8386746C0843F68CE6F453C7A50B6-24,1762586153,FCRequestMetrics:/n-matmul-128,265,265,,,0.06,n-matmul-128,true,28749e3c833e,,c-690eed86-0cf1abd9-5fc5a1c95081,1762586149999,Sync,3178.71,1762586149996,21.0.3.2,false,128,4.32,InvokeFunction,,,LATEST,1-690eee25-0c0a43-d5610b19a744,OnDemand,,,0.62,,"{""errorType"":""FunctionAbnormalExitError""}"
,BBD7AB4B6FCD8B52DAEF4384D3C02406-1E,1762586153,FCRequestMetrics:/n-matmul-128,291,291,,,17334.35,n-matmul-128,false,4098b7dc32ba,,c-690eed96-0cf1abd9-f0166f4fef4a,1762586136212,Sync,17336.33,1762586136210,21.0.3.25,false,128,27.60,InvokeFunction,,,LATEST,1-690eee18-0c49fa-89977baa045a,OnDemand,,,0.93,
,AD2D061C819899739344C7154478FB9D-22,1762586153,FCRequestMetrics:/n-matmul-128,286,286,,,0.04,n-matmul-128,true,3e0e6ec3c35c,,c-690eed89-0cf1abd9-2892cad8d6af,1762586150952,Sync,2681.63,1762586150951,21.0.3.18,false,128,2.18,InvokeFunction,,,LATEST,1-690eee26-0c49fa-0b710d99a358,OnDemand,,,0.92,,"{""errorType"":""FunctionAbnormalExitError""}"
,938A8818D88FA899F8D8F52ADA1CFF6C-18,1762586153,FCRequestMetrics:/n-matmul-128,297,297,,,18887.03,n-matmul-128,false,7f4516a5f859,,c-690eeda9-0cf1abd9-4c7481869c13,1762586134178,Sync,19152.70,1762586133913,21.0.3.21,false,128,29.70,InvokeFunction,,,LATEST,1-690eee15-0c49fa-4c0db9a7cdde,OnDemand,,,264.49,
,793EEF9B741682B7CE08F12987FEEDB3-24,1762586153,FCRequestMetrics:/n-matmul-128,296,296,,,19291.87,n-matmul-128,false,752a8680e720,,c-690eed8d-0cf1abd9-b4396f6c1b61,1762586134582,Sync,19303.72,1762586134582,21.0.3.3,false,128,22.62,InvokeFunction,,,LATEST,1-690eee16-0c0a43-15a1cc677792,OnDemand,,,0.50,
,A171915879D3F1B14205997D3FDFD4B3-21,1762586153,FCRequestMetrics:/n-matmul-128,293,293,,,17228.06,n-matmul-128,false,eaf76bc529c5,,c-690eed83-0cf1abd9-30e9bae7a4cf,1762586135804,Sync,17230.08,1762586135803,21.0.3.9,false,128,27.03,InvokeFunction,,,LATEST,1-690eee17-0c0a43-653f779c0f73,OnDemand,,,0.52,
,ACC61EAFD65443D198A5177BAD7DDF02-1E,1762586153,FCRequestMetrics:/n-matmul-128,287,287,,,16826.18,n-matmul-128,false,3174e9129044,,c-690eed96-0cf1abd9-645e4a0c60a8,1762586136865,Sync,16828.81,1762586136864,21.0.3.22,false,128,27.59,InvokeFunction,,,LATEST,1-690eee18-0c49fa-5afaf66ffee1,OnDemand,,,1.43,
,582B2FD610CE36EC9001D437122DA7DE-21,1762586154,FCRequestMetrics:/n-matmul-128,299,299,,,20708.04,n-matmul-128,false,6d8c2f880a16,,c-690eed84-0cf1abd9-51ea92789350,1762586133411,Sync,20709.55,1762586133411,21.0.3.17,false,128,23.70,InvokeFunction,,,LATEST,1-690eee15-0c0a43-9e3b3d5e228e,OnDemand,,,0.58,
,A01F74AEDFA9F5E4A11A4BE6ACD824B6-1C,1762586154,FCRequestMetrics:/n-matmul-128,282,282,,,15758.22,n-matmul-128,false,93947e474c66,,c-690eeda9-0cf1abd9-2c67b590b375,1762586139086,Sync,15765.22,1762586139085,21.0.3.9,false,128,27.63,InvokeFunction,,,LATEST,1-690eee1b-0c0a43-169efb6423e2,OnDemand,,,0.55,
,1A862A83A1BC2442878624F07715F018-1E,1762586154,FCRequestMetrics:/n-matmul-128,289,289,,,18030.01,n-matmul-128,false,efc22426a1fd,,c-690eed96-0cf1abd9-cf74302865f9,1762586136036,Sync,18031.65,1762586136036,21.0.3.21,false,128,21.98,InvokeFunction,,,LATEST,1-690eee18-0c0a43-269e94ecccf1,OnDemand,,,0.52,
,0BC7559A97094DA3F46167601878453D-1A,1762586154,FCRequestMetrics:/n-matmul-128,291,291,,,17884.18,n-matmul-128,false,75f4143da4af,,c-690eeda8-0cf1abd9-4970429639af,1762586136213,Sync,17885.80,1762586136212,21.0.3.19,false,128,27.57,InvokeFunction,,,LATEST,1-690eee18-0c49fa-2dfeccd274ea,OnDemand,,,0.88,
,05FBCBF7797DF123D15EB0A6FCA5941A-1B,1762586154,FCRequestMetrics:/n-matmul-128,289,289,,,18525.02,n-matmul-128,false,2c2a67e70617,,c-690eeda8-0cf1abd9-2e88da04d74b,1762586136065,Sync,18529.74,1762586136064,21.0.3.17,false,128,29.27,InvokeFunction,,,LATEST,1-690eee18-0c49fa-cf7f60484e08,OnDemand,,,1.13,
,578636031DA9F9E4C1AEAEE036A2ED78-1A,1762586154,FCRequestMetrics:/n-matmul-128,291,291,,,18488.19,n-matmul-128,false,d4e7bb540e9b,,c-690eeda9-0cf1abd9-cc7b57654f75,1762586136168,Sync,18489.84,1762586136168,21.0.3.24,false,128,27.59,InvokeFunction,,,LATEST,1-690eee18-0c0a43-b518941418fe,OnDemand,,,0.55,
,C6D042B3AA8F55B11A4AF85F00682BEA-20,1762586154,FCRequestMetrics:/n-matmul-128,294,294,,,20027.57,n-matmul-128,false,7399f831961f,,c-690eed84-0cf1abd9-757f054c6418,1762586134750,Sync,20028.96,1762586134749,21.0.3.19,false,128,32.44,InvokeFunction,,,LATEST,1-690eee16-0c0a43-94a39156d7c1,OnDemand,,,0.48,
,5C14CF48C5C22527111DB496942DC103-22,1762586154,FCRequestMetrics:/n-matmul-128,285,285,,,0.03,n-matmul-128,true,07dabc2bb605,,c-690eed84-0cf1abd9-5a2627b82825,1762586151434,Sync,3164.21,1762586151432,21.0.3.12,false,128,2.04,InvokeFunction,,,LATEST,1-690eee27-0c49fa-8c6dae42dd31,OnDemand,,,1.23,,"{""errorType"":""FunctionAbnormalExitError""}"
,601984C4C767B3AE29155A0CBC717A02-23,1762586154,FCRequestMetrics:/n-matmul-128,286,286,,,0.09,n-matmul-128,true,18fcdff65652,,c-690eed84-0cf1abd9-c1ce786e1019,1762586151533,Sync,2957.63,1762586151531,21.0.3.14,false,128,2.09,InvokeFunction,,,LATEST,1-690eee27-0c0a43-cf4046a09acb,OnDemand,,,0.58,,"{""errorType"":""FunctionAbnormalExitError""}"
,FE62E48614DA949DAF3789D4806A512D-24,1762586154,FCRequestMetrics:/n-matmul-128,278,278,,,0.04,n-matmul-128,true,4823d83c18dc,,c-690eed89-0cf1abd9-5b9582f39990,1762586152453,Sync,1629.42,1762586152451,21.0.3.17,false,128,4.17,InvokeFunction,,,LATEST,1-690eee28-0c49fa-f0cbe7906cfa,OnDemand,,,1.21,,"{""errorType"":""FunctionAbnormalExitError""}"
,0048D2107E68C0AF59F0E03E3C5D236C-1C,1762586154,FCRequestMetrics:/n-matmul-128,278,278,,,15542.30,n-matmul-128,false,aeee4fbdde24,,c-690eeda9-0cf1abd9-80c24ee76e6d,1762586139355,Sync,15544.38,1762586139354,21.0.3.8,false,128,22.21,InvokeFunction,,,LATEST,1-690eee1b-0c0a43-22547f759e44,OnDemand,,,0.52,
,E9B4BB61A0BA18E9756EE7B0B19180D4-24,1762586154,FCRequestMetrics:/n-matmul-128,299,299,,,19111.06,n-matmul-128,false,b1fafcece7b1,,c-690eed8d-0cf1abd9-909a8a51e440,1762586135319,Sync,19123.20,1762586135318,21.0.3.11,false,128,22.06,InvokeFunction,,,LATEST,1-690eee17-0c49fa-603b23dfd296,OnDemand,,,1.20,
,A8D6FAD4E028404BF2BEFFDF098DE909-1F,1762586155,FCRequestMetrics:/n-matmul-128,284,284,,,16954.72,n-matmul-128,false,88656d0a707e,,c-690eed96-0cf1abd9-5f48bbab96ce,1762586138193,Sync,16957.52,1762586138191,21.0.3.23,false,128,22.95,InvokeFunction,,,LATEST,1-690eee1a-0c49fa-1956711a0016,OnDemand,,,1.44,
,58100D8F3876904D781824C152698572-21,1762586155,FCRequestMetrics:/n-matmul-128,286,286,,,17662.44,n-matmul-128,false,59ce8020a236,,c-690eed84-0cf1abd9-0fe3463f746c,1762586137471,Sync,17663.85,1762586137470,21.0.3.11,false,128,22.07,InvokeFunction,,,LATEST,1-690eee19-0c0a43-ca2b331e6fca,OnDemand,,,0.54,
,1B5038221905746079340D2F785F7324-20,1762586155,FCRequestMetrics:/n-matmul-128,286,286,,,18178.53,n-matmul-128,false,cba0726a55b5,,c-690eed96-0cf1abd9-0232b809e3a3,1762586137293,Sync,18180.13,1762586137292,21.0.3.19,false,128,32.34,InvokeFunction,,,LATEST,1-690eee19-0c0a43-85afd6f36c26,OnDemand,,,0.54,
,76D617CB71485C23C9F7230DC75F302E-20,1762586155,FCRequestMetrics:/n-matmul-128,290,290,,,18965.37,n-matmul-128,false,b7a64c32d5d5,,c-690eed8d-0cf1abd9-7d7906dde49b,1762586136689,Sync,18967.17,1762586136688,21.0.3.24,false,128,26.82,InvokeFunction,,,LATEST,1-690eee18-0c0a43-bed4a4f58532,OnDemand,,,0.55,
,DAF408D088DC4798F248EA82E4D57A5E-20,1762586155,FCRequestMetrics:/n-matmul-128,287,287,,,18155.29,n-matmul-128,false,4f9279990613,,c-690eed96-0cf1abd9-ada75fe8f4a4,1762586137674,Sync,18158.49,1762586137673,21.0.3.20,false,128,28.41,InvokeFunction,,,LATEST,1-690eee19-0c49fa-dc0d1a0d29ed,OnDemand,,,1.28,
,ECE2A195B7556DEA0917BC84976EED68-24,1762586155,FCRequestMetrics:/n-matmul-128,276,276,,,14781.40,n-matmul-128,false,f7238f4600dd,,c-690eed85-0cf1abd9-5f1a2196a420,1762586140283,Sync,14783.16,1762586140282,21.0.3.25,false,128,22.24,InvokeFunction,,,LATEST,1-690eee1c-0c0a43-c9bdb91c1605,OnDemand,,,0.51,
,869DF173F19FB37007A48145CD0630D0-1E,1762586155,FCRequestMetrics:/n-matmul-128,282,282,,,17201.65,n-matmul-128,false,f71765104eb6,,c-690eed96-0cf1abd9-4b21baf34b2d,1762586138536,Sync,17208.43,1762586138535,21.0.3.12,false,128,24.19,InvokeFunction,,,LATEST,1-690eee1a-0c49fa-5a47aef35db6,OnDemand,,,1.25,
,B9CC31614084CD73FC6E2CD9504361BE-21,1762586155,FCRequestMetrics:/n-matmul-128,299,299,,,19881.59,n-matmul-128,false,6211d0e2f318,,c-690eed84-0cf1abd9-9c5b9e84230e,1762586135378,Sync,19883.67,1762586135377,21.0.3.18,false,128,26.93,InvokeFunction,,,LATEST,1-690eee17-0c49fa-f05bb39f8aef,OnDemand,,,1.13,
,449AAF96D79A79AF83974EE81F7DD00B-1D,1762586155,FCRequestMetrics:/n-matmul-128,276,276,,,15340.11,n-matmul-128,false,93d7ca5c9fd9,,c-690eeda9-0cf1abd9-3515fa693e5b,1762586140269,Sync,15341.64,1762586140268,21.0.3.13,false,128,27.12,InvokeFunction,,,LATEST,1-690eee1c-0c0a43-ce8a4d1a36ad,OnDemand,,,0.52,
,341217B393C4786CD864233CF7C20236-1C,1762586155,FCRequestMetrics:/n-matmul-128,276,276,,,15450.84,n-matmul-128,false,ded7b9e2f367,,c-690eeda9-0cf1abd9-4a4f092aecb1,1762586140268,Sync,15452.84,1762586140267,21.0.3.12,false,128,21.89,InvokeFunction,,,LATEST,1-690eee1c-0c0a43-54298e68d332,OnDemand,,,0.53,
,CB6AE88BE08C9A42F2FD38BB7DE3D7AF-24,1762586155,FCRequestMetrics:/n-matmul-128,295,295,,,20749.66,n-matmul-128,false,480cb1ce5e18,,c-690eed8d-0cf1abd9-47404688a687,1762586134915,Sync,20753.82,1762586134914,21.0.3.8,false,128,24.04,InvokeFunction,,,LATEST,1-690eee16-0c49fa-28df0f9ca2f0,OnDemand,,,0.78,
,F4DFF4453A1625B22DE49E6316B744E7-22,1762586155,FCRequestMetrics:/n-matmul-128,268,268,,,0.04,n-matmul-128,true,5ccd9a18e737,,c-690eed84-0cf1abd9-b1659118d275,1762586153155,Sync,2223.80,1762586153154,21.0.3.16,false,128,2.19,InvokeFunction,,,LATEST,1-690eee29-0c49fa-014b6e621597,OnDemand,,,0.85,,"{""errorType"":""FunctionAbnormalExitError""}"
,757982FB0EC94F0DBBC2760980FCB266-24,1762586155,FCRequestMetrics:/n-matmul-128,291,291,,,19535.13,n-matmul-128,false,6448ba91ff26,,c-690eed8d-0cf1abd9-28761e13241d,1762586136236,Sync,19538.82,1762586136235,21.0.3.10,false,128,22.38,InvokeFunction,,,LATEST,1-690eee18-0c49fa-dc15442cb459,OnDemand,,,0.82,
,A8FF43E92F4D978DEA7FF72424BA415A-20,1762586155,FCRequestMetrics:/n-matmul-128,299,299,,,19945.49,n-matmul-128,false,00a0b8d7795c,,c-690eed84-0cf1abd9-d5f620461f53,1762586135329,Sync,19947.45,1762586135328,21.0.3.25,false,128,21.99,InvokeFunction,,,LATEST,1-690eee17-0c0a43-6a0f3524afa2,OnDemand,,,0.59,
,20BCED26DA3E73A35A0E0ACEF26F4645-24,1762586155,FCRequestMetrics:/n-matmul-128,261,261,,,0.03,n-matmul-128,true,70809c61057c,,c-690eed96-0cf1abd9-b0cce505415f,1762586154351,Sync,1292.60,1762586154350,21.0.3.25,false,128,2.21,InvokeFunction,,,LATEST,1-690eee2a-0c49fa-a303e14bb512,OnDemand,,,1.39,,"{""errorType"":""FunctionAbnormalExitError""}"
,DFB2C1B044EC33FF240D44307D6249FE-23,1762586155,FCRequestMetrics:/n-matmul-128,252,252,,,0.04,n-matmul-128,true,ecb9a7fba850,,c-690eed89-0cf1abd9-8077c2c72a30,1762586154270,Sync,1441.37,1762586154268,21.0.3.19,false,128,2.15,InvokeFunction,,,LATEST,1-690eee2a-0c0a43-1fcdb4e990e0,OnDemand,,,0.47,,"{""errorType"":""FunctionAbnormalExitError""}"
,AA4F50678A1127D06BAF7C6E1EB093FA-20,1762586156,FCRequestMetrics:/n-matmul-128,288,288,,,19183.74,n-matmul-128,false,280167d0cedf,,c-690eed8d-0cf1abd9-a97014d5fff8,1762586137037,Sync,19185.61,1762586137036,21.0.3.25,false,128,26.72,InvokeFunction,,,LATEST,1-690eee19-0c0a43-48c1e034539c,OnDemand,,,0.55,
,E473C3EB473436CCADF8096E8D0D2C42-1F,1762586156,FCRequestMetrics:/n-matmul-128,282,282,,,17291.53,n-matmul-128,false,aa865b939cef,,c-690eed96-0cf1abd9-6da66350de26,1762586139114,Sync,17293.41,1762586139113,21.0.3.16,false,128,32.85,InvokeFunction,,,LATEST,1-690eee1b-0c49fa-b341afd2698b,OnDemand,,,0.90,
,D75FE03AF20DB179FE80EEBFA34D421E-1E,1762586156,FCRequestMetrics:/n-matmul-128,282,282,,,17826.10,n-matmul-128,false,6e7425ff0dbc,,c-690eed96-0cf1abd9-51b4fedde737,1762586138237,Sync,17827.98,1762586138236,21.0.3.25,false,128,24.29,InvokeFunction,,,LATEST,1-690eee1a-0c0a43-e0bf2b7c07b0,OnDemand,,,0.57,
,471A481607C500A90EF8B2AC1EAC6971-1B,1762586156,FCRequestMetrics:/n-matmul-128,295,295,,,15233.09,n-matmul-128,false,a2663941b4ef,,c-690eeda9-0cf1abd9-11dd72d57456,1762586141513,Sync,15239.41,1762586141512,21.0.3.17,false,128,27.45,InvokeFunction,,,LATEST,1-690eee1d-0c49fa-65fa9f002620,OnDemand,,,1.13,
,7FCCE5A256910B58B56BBA3543AFB14E-21,1762586156,FCRequestMetrics:/n-matmul-128,298,298,,,21095.37,n-matmul-128,false,c5e4309ab4db,,c-690eed84-0cf1abd9-b684d4f05063,1762586134953,Sync,21096.71,1762586134953,21.0.3.15,false,128,26.72,InvokeFunction,,,LATEST,1-690eee16-0c0a43-7aa318cd9e7c,OnDemand,,,0.47,
,C7EF96C9FA36BA4241E0BBE4133D0AE3-22,1762586156,FCRequestMetrics:/n-matmul-128,288,288,,,19766.34,n-matmul-128,false,143002e59623,,c-690eed8d-0cf1abd9-5277dcd6704a,1762586137221,Sync,19767.96,1762586137220,21.0.3.20,false,128,29.14,InvokeFunction,,,LATEST,1-690eee19-0c0a43-f632992bd6e3,OnDemand,,,0.56,
,05CDE0418A06D09EAE4ADEC100CA68AB-1A,1762586156,FCRequestMetrics:/n-matmul-128,285,285,,,18733.97,n-matmul-128,false,0737d63123d1,,c-690eedad-0cf1abd9-a9ddaa1500d5,1762586138083,Sync,18741.87,1762586138081,21.0.3.10,false,128,29.68,InvokeFunction,,,LATEST,1-690eee1a-0c49fa-185e114b124e,OnDemand,,,1.50,
,198BD0BFC963C7EBC003068011CD263F-20,1762586156,FCRequestMetrics:/n-matmul-128,291,291,,,19902.23,n-matmul-128,false,f2fc65392c05,,c-690eed84-0cf1abd9-020573621d1e,1762586136222,Sync,19904.68,1762586136221,21.0.3.24,false,128,21.96,InvokeFunction,,,LATEST,1-690eee18-0c49fa-a6ac088d59a4,OnDemand,,,1.07,
,D3A5ACAA170AA2F73392865F0C2D539D-20,1762586156,FCRequestMetrics:/n-matmul-128,290,290,,,20314.34,n-matmul-128,false,6c683a9ba932,,c-690eed84-0cf1abd9-d44cbd427b7e,1762586135989,Sync,20317.19,1762586135988,21.0.3.23,false,128,22.06,InvokeFunction,,,LATEST,1-690eee17-0c0a43-b5f1e9dba3d3,OnDemand,,,0.53,
,29AE8E513B0BDFCBBE8182ECB0CB489D-1A,1762586156,FCRequestMetrics:/n-matmul-128,287,287,,,19072.95,n-matmul-128,false,8aa0e1273cfd,,c-690eedae-0cf1abd9-d84c6a5e8f7f,1762586137700,Sync,19078.19,1762586137699,21.0.3.9,false,128,27.81,InvokeFunction,,,LATEST,1-690eee19-0c0a43-7dfdd87498ed,OnDemand,,,0.51,
,FD072B701FB25CCB50AFAA9BF1412E0E-1E,1762586156,FCRequestMetrics:/n-matmul-128,278,278,,,16573.24,n-matmul-128,false,c65bba6f3cbb,,c-690eeda5-0cf1abd9-b8d6081b6434,1762586139721,Sync,16574.94,1762586139720,21.0.3.7,false,128,27.61,InvokeFunction,,,LATEST,1-690eee1b-0c0a43-74727a05a778,OnDemand,,,0.54,
,582B2FD610CE36EC9001D437122DA7DE-22,1762586156,FCRequestMetrics:/n-matmul-128,249,249,,,0.03,n-matmul-128,true,6d8c2f880a16,,c-690eed84-0cf1abd9-51ea92789350,1762586154151,Sync,2020.70,1762586154150,21.0.3.17,false,128,4.07,InvokeFunction,,,LATEST,1-690eee2a-0c0a43-c7126819d2df,OnDemand,,,0.57,,"{""errorType"":""FunctionAbnormalExitError""}"
,CACC3D6F9C6A2945DEADA5EDA3A09538-23,1762586156,FCRequestMetrics:/n-matmul-128,252,252,,,0.04,n-matmul-128,true,d4758414a170,,c-690eed83-0cf1abd9-8480035f250f,1762586154247,Sync,2476.55,1762586154246,21.0.3.12,false,128,4.30,InvokeFunction,,,LATEST,1-690eee2a-0c49fa-672cf664817a,OnDemand,,,1.37,,"{""errorType"":""FunctionAbnormalExitError""}"
,254CBF9330441C1ACFCB0F4AE9CBF4F1-1A,1762586156,FCRequestMetrics:/n-matmul-128,286,286,,,18659.33,n-matmul-128,false,ab3447f5d4b9,,c-690eedad-0cf1abd9-bee0383146f8,1762586137501,Sync,18662.27,1762586137499,21.0.3.9,false,128,29.82,InvokeFunction,,,LATEST,1-690eee19-0c49fa-0df9570e4f87,OnDemand,,,0.94,
,A8D6FAD4E028404BF2BEFFDF098DE909-20,1762586156,FCRequestMetrics:/n-matmul-128,258,258,,,0.03,n-matmul-128,true,88656d0a707e,,c-690eed96-0cf1abd9-5f48bbab96ce,1762586155161,Sync,1325.89,1762586155160,21.0.3.23,false,128,2.11,InvokeFunction,,,LATEST,1-690eee2b-0c0a43-ca43ffe69745,OnDemand,,,0.61,,"{""errorType"":""FunctionAbnormalExitError""}"
,074001829727EFB7F7387CED9C5F68EC-1A,1762586156,FCRequestMetrics:/n-matmul-128,282,282,,,18300.28,n-matmul-128,false,ee3e5731d648,,c-690eedad-0cf1abd9-2b773a14cfca,1762586138241,Sync,18302.24,1762586138240,21.0.3.11,false,128,27.71,InvokeFunction,,,LATEST,1-690eee1a-0c0a43-e9c92eefb77a,OnDemand,,,0.53,
,BA5A16F182CE3ABF620021ACFE7D7011-24,1762586157,FCRequestMetrics:/n-matmul-128,281,281,,,17826.48,n-matmul-128,false,bb393646e560,,c-690eed96-0cf1abd9-3dded35d4062,1762586139187,Sync,17828.11,1762586139186,21.0.3.8,false,128,21.94,InvokeFunction,,,LATEST,1-690eee1b-0c0a43-b81a96659119,OnDemand,,,0.57,
,C15BF1EC55206DC503800DA01C82FD0A-19,1762586157,FCRequestMetrics:/n-matmul-128,286,286,,,19849.80,n-matmul-128,false,3dea345b3806,,c-690eedae-0cf1abd9-2315151cf3eb,1762586137237,Sync,19852.10,1762586137236,21.0.3.8,false,128,27.47,InvokeFunction,,,LATEST,1-690eee19-0c49fa-7aa98b2b3acc,OnDemand,,,1.36,
,C1412826A6236A7731C90A92F9B4B0CE-20,1762586157,FCRequestMetrics:/n-matmul-128,279,279,,,17732.78,n-matmul-128,false,44ace84c5429,,c-690eed83-0cf1abd9-ef3a29fe5f2e,1762586139828,Sync,17735.23,1762586139827,21.0.3.16,false,128,27.20,InvokeFunction,,,LATEST,1-690eee1b-0c49fa-2003a42e839d,OnDemand,,,1.24,
,D00197269011D75200F8878AB52887BF-21,1762586157,FCRequestMetrics:/n-matmul-128,276,276,,,16917.53,n-matmul-128,false,efbe8cba4f7c,,c-690eed96-0cf1abd9-cb967da6ce67,1762586140301,Sync,16922.35,1762586140300,21.0.3.14,false,128,26.45,InvokeFunction,,,LATEST,1-690eee1c-0c49fa-6e404d99e2ab,OnDemand,,,0.88,
,13CEFE53DDF944F177E0AA28B5E28265-21,1762586157,FCRequestMetrics:/n-matmul-128,278,278,,,17399.29,n-matmul-128,false,feed6d3496d7,,c-690eed84-0cf1abd9-08aca33fd588,1762586139659,Sync,17408.64,1762586139657,21.0.3.20,false,128,26.47,InvokeFunction,,,LATEST,1-690eee1b-0c49fa-5054576dab98,OnDemand,,,1.24,
,40DA133401D2DE8F12DE87799711FD83-20,1762586157,FCRequestMetrics:/n-matmul-128,279,279,,,17215.46,n-matmul-128,false,f97fe124d699,,c-690eed96-0cf1abd9-bad3da0c0cfe,1762586139831,Sync,17217.66,1762586139830,21.0.3.15,false,128,22.05,InvokeFunction,,,LATEST,1-690eee1b-0c49fa-97cd21faa021,OnDemand,,,1.11,
,90721D5DEA57FA959D79E839A2790822-1A,1762586157,FCRequestMetrics:/n-matmul-128,279,279,,,17489.94,n-matmul-128,false,b03326c3717a,,c-690eedad-0cf1abd9-bb969c1ece47,1762586139740,Sync,17493.57,1762586139738,21.0.3.15,false,128,23.16,InvokeFunction,,,LATEST,1-690eee1b-0c49fa-1283ed76d72e,OnDemand,,,1.40,
,92B3129F074210C7D1784E258F56EC8E-25,1762586157,FCRequestMetrics:/n-matmul-128,276,276,,,17519.50,n-matmul-128,false,54fdf7469d4b,,c-690eed8d-0cf1abd9-e3d670f7e404,1762586140264,Sync,17521.88,1762586140263,21.0.3.16,false,128,24.41,InvokeFunction,,,LATEST,1-690eee1c-0c49fa-8f76a0108b4f,OnDemand,,,1.06,
,C6012E9AF904BFC7F82B587139A7052F-25,1762586157,FCRequestMetrics:/n-matmul-128,276,276,,,17643.02,n-matmul-128,false,08ad0ef23948,,c-690eed96-0cf1abd9-776d52a791a0,1762586140301,Sync,17646.22,1762586140299,21.0.3.3,false,128,22.24,InvokeFunction,,,LATEST,1-690eee1c-0c49fa-ddc6cd4f3ba8,OnDemand,,,1.15,
,7F22DE67CC56E5CE60C18065760DFDF7-1C,1762586157,FCRequestMetrics:/n-matmul-128,276,276,,,17083.01,n-matmul-128,false,6aafb671ccf7,,c-690eed96-0cf1abd9-e828e73f8bb0,1762586140304,Sync,17087.53,1762586140303,21.0.3.20,false,128,27.49,InvokeFunction,,,LATEST,1-690eee1c-0c0a43-a601d8007e19,OnDemand,,,0.42,
,BB17D3743CC1FDE60F1345598BDCEFD7-1C,1762586157,FCRequestMetrics:/n-matmul-128,295,295,,,16037.43,n-matmul-128,false,82ac2eb2520e,,c-690eeda9-0cf1abd9-476f20890ba2,1762586141469,Sync,16039.20,1762586141468,21.0.3.11,false,128,24.08,InvokeFunction,,,LATEST,1-690eee1d-0c49fa-ea2e8d5c1fb9,OnDemand,,,0.97,
,D2BCA0C8052D39835F68F2A25705BDC3-19,1762586157,FCRequestMetrics:/n-matmul-128,286,286,,,19210.70,n-matmul-128,false,6b0c8a7b5b7d,,c-690eedad-0cf1abd9-43af290c944d,1762586137802,Sync,19252.51,1762586137801,21.0.3.12,false,128,29.84,InvokeFunction,,,LATEST,1-690eee19-0c49fa-f875cdaaf981,OnDemand,,,1.36,
,3D503442E2C027292A5FED0054EF72C8-26,1762586157,FCRequestMetrics:/n-matmul-128,288,288,,,20116.75,n-matmul-128,false,f832bf8f4093,,c-690eed8d-0cf1abd9-03a276b4fee0,1762586137230,Sync,20120.15,1762586137229,21.0.3.5,false,128,22.84,InvokeFunction,,,LATEST,1-690eee19-0c0a43-cdcd17937783,OnDemand,,,0.54,
,58100D8F3876904D781824C152698572-24,1762586157,FCRequestMetrics:/n-matmul-128,258,258,,,0.04,n-matmul-128,true,59ce8020a236,,c-690eed84-0cf1abd9-0fe3463f746c,1762586155178,Sync,2010.73,1762586155177,21.0.3.11,false,128,2.09,InvokeFunction,,,LATEST,1-690eee2b-0c0a43-b4d7ba2dd910,OnDemand,,,0.59,,"{""errorType"":""FunctionAbnormalExitError""}"
,E5B69284F91EC2DF605FC852F4441DE1-1F,1762586157,FCRequestMetrics:/n-matmul-128,276,276,,,17324.23,n-matmul-128,false,a79ff7c252e4,,c-690eed96-0cf1abd9-ce2a7ce29ce5,1762586140295,Sync,17334.15,1762586140294,21.0.3.16,false,128,22.03,InvokeFunction,,,LATEST,1-690eee1c-0c0a43-c5c6b5db1619,OnDemand,,,0.48,
,4FAE5B4F008068850E6D6E0BE6E4223E-1D,1762586157,FCRequestMetrics:/n-matmul-128,278,278,,,17280.92,n-matmul-128,false,aeecc0ec331a,,c-690eeda5-0cf1abd9-8673b5017294,1762586140037,Sync,17286.09,1762586140036,21.0.3.11,false,128,22.49,InvokeFunction,,,LATEST,1-690eee1c-0c0a43-d028b4c4553f,OnDemand,,,0.60,
,B6D50533180C70B5E0BB5DFAA393368E-19,1762586157,FCRequestMetrics:/n-matmul-128,287,287,,,20133.23,n-matmul-128,false,61f29b5aaa2a,,c-690eedae-0cf1abd9-d16ca912f1de,1762586137399,Sync,20134.97,1762586137398,21.0.3.3,false,128,27.52,InvokeFunction,,,LATEST,1-690eee19-0c0a43-c4baae573104,OnDemand,,,0.52,
,ADA2C4513DB513B16C4AA68C1E56B16B-1C,1762586157,FCRequestMetrics:/n-matmul-128,295,295,,,16079.21,n-matmul-128,false,2e0db407e217,,c-690eeda5-0cf1abd9-e05cdb244a89,1762586141482,Sync,16082.70,1762586141481,21.0.3.9,false,128,29.60,InvokeFunction,,,LATEST,1-690eee1d-0c0a43-aa12c40b99e0,OnDemand,,,0.52,
,69A54F516AD5DA2E071B4EDE812B37FB-19,1762586157,FCRequestMetrics:/n-matmul-128,281,281,,,18701.55,n-matmul-128,false,483d6d5a401b,,c-690eedae-0cf1abd9-23e27f7352eb,1762586139200,Sync,18712.72,1762586139198,21.0.3.12,false,128,27.85,InvokeFunction,,,LATEST,1-690eee1b-0c49fa-495b7cf76ec2,OnDemand,,,1.17,
,E473C3EB473436CCADF8096E8D0D2C42-1E,1762586157,FCRequestMetrics:/n-matmul-128,238,238,,,0.04,n-matmul-128,true,aa865b939cef,,c-690eed96-0cf1abd9-6da66350de26,1762586156545,Sync,990.33,1762586156543,21.0.3.16,false,128,2.21,InvokeFunction,,,LATEST,1-690eee2c-0c49fa-37beac3b4126,OnDemand,,,1.50,,"{""errorType"":""FunctionAbnormalExitError""}"
,22F3F140A6723208B9E7ACF1561A6D49-1C,1762586157,FCRequestMetrics:/n-matmul-128,298,298,,,14463.33,n-matmul-128,false,1bb1546b9f73,,c-690eedaa-0cf1abd9-9d39cd93389c,1762586143175,Sync,14469.98,1762586143173,21.0.3.24,false,128,28.06,InvokeFunction,,,LATEST,1-690eee1f-0c49fa-6878b04e8992,OnDemand,,,1.17,
,45C231C50F27C559EE3EBEA6F712A3AA-1E,1762586157,FCRequestMetrics:/n-matmul-128,294,294,,,16480.80,n-matmul-128,false,0d4cb4afdc65,,c-690eeda5-0cf1abd9-4b4673a66774,1762586140772,Sync,16487.81,1762586140771,21.0.3.8,false,128,27.73,InvokeFunction,,,LATEST,1-690eee1c-0c49fa-193f623bd355,OnDemand,,,1.27,
,7DD8F4E1BDDE2A8A13DEFA720B6E9373-26,1762586157,FCRequestMetrics:/n-matmul-128,276,276,,,17333.43,n-matmul-128,false,be49f65ae0f9,,c-690eed8d-0cf1abd9-053a84de8167,1762586140271,Sync,17335.24,1762586140270,21.0.3.8,false,128,22.29,InvokeFunction,,,LATEST,1-690eee1c-0c49fa-1eeec16f3114,OnDemand,,,0.87,
,DAE6BAF353C38FA45B5DF9AF0F86D659-23,1762586158,FCRequestMetrics:/n-matmul-128,276,276,,,17840.40,n-matmul-128,false,19a08086dcd9,,c-690eed83-0cf1abd9-9b3fcb822613,1762586140301,Sync,17842.41,1762586140300,21.0.3.10,false,128,29.17,InvokeFunction,,,LATEST,1-690eee1c-0c49fa-c863bb2902bd,OnDemand,,,1.15,
,F1380D3BB03512FD19661F5DE4097BAA-24,1762586158,FCRequestMetrics:/n-matmul-128,293,293,,,17889.69,n-matmul-128,false,5c25a51ee6b0,,c-690eed8d-0cf1abd9-90163845d713,1762586140895,Sync,17891.78,1762586140894,21.0.3.18,false,128,24.32,InvokeFunction,,,LATEST,1-690eee1c-0c49fa-dbe1880e402b,OnDemand,,,1.27,
,40091B2BA89130F46C3ED4AE484A882F-22,1762586158,FCRequestMetrics:/n-matmul-128,276,276,,,18698.23,n-matmul-128,false,2764cfd363fa,,c-690eed8d-0cf1abd9-243670775407,1762586140288,Sync,18701.69,1762586140287,21.0.3.22,false,128,26.16,InvokeFunction,,,LATEST,1-690eee1c-0c0a43-0f05e9318b0e,OnDemand,,,0.40,
,CFAD3EAED3DA9F0681474476AA4BD35D-1C,1762586158,FCRequestMetrics:/n-matmul-128,298,298,,,14944.81,n-matmul-128,false,d7b80d666e2b,,c-690eedaa-0cf1abd9-4d582ed6e2e0,1762586143193,Sync,14946.58,1762586143192,21.0.3.22,false,128,29.95,InvokeFunction,,,LATEST,1-690eee1f-0c49fa-5fc03b6e3557,OnDemand,,,0.91,
,03AEEB1D9B7AD58C878D528779156747-1A,1762586158,FCRequestMetrics:/n-matmul-128,280,280,,,18875.02,n-matmul-128,false,0df18e8c62e5,,c-690eedae-0cf1abd9-3b0257a32ea2,1762586139306,Sync,18888.49,1762586139305,21.0.3.11,false,128,29.57,InvokeFunction,,,LATEST,1-690eee1b-0c49fa-6a3f7b197540,OnDemand,,,0.88,
,766129AB7B6D0B09055969F465FC8A08-19,1762586158,FCRequestMetrics:/n-matmul-128,282,282,,,19733.78,n-matmul-128,false,df4dc26dbca2,,c-690eedad-0cf1abd9-3e9ecfe8951a,1762586138294,Sync,19735.93,1762586138293,21.0.3.13,false,128,27.33,InvokeFunction,,,LATEST,1-690eee1a-0c49fa-7e1ec467a6b5,OnDemand,,,0.97,
,54257F6C2DE5D00C16409D9C28372284-23,1762586158,FCRequestMetrics:/n-matmul-128,276,276,,,18690.91,n-matmul-128,false,ebad9260b821,,c-690eed8d-0cf1abd9-196fc3cfa131,1762586140292,Sync,18701.30,1762586140289,21.0.3.11,false,128,22.41,InvokeFunction,,,LATEST,1-690eee1c-0c0a43-383f7cd6042d,OnDemand,,,0.55,
,83A82314888ED1CF5E7B61964546AF33-1C,1762586158,FCRequestMetrics:/n-matmul-128,276,276,,,17980.10,n-matmul-128,false,462f44a2c82a,,c-690eedad-0cf1abd9-7f3a36248a21,1762586140306,Sync,17981.97,1762586140306,21.0.3.2,false,128,27.79,InvokeFunction,,,LATEST,1-690eee1c-0c0a43-10424e984dd7,OnDemand,,,0.52,
,4CE5B21E168E3B127D0FE1A088B9BCD9-23,1762586158,FCRequestMetrics:/n-matmul-128,276,276,,,18415.32,n-matmul-128,false,6c05632c40b6,,c-690eed84-0cf1abd9-2ca190cf5bc8,1762586140293,Sync,18417.56,1762586140292,21.0.3.13,false,128,27.37,InvokeFunction,,,LATEST,1-690eee1c-0c0a43-e97a851da488,OnDemand,,,0.49,
,101ABB01305ADAA1C15616E72BBCE7FA-24,1762586158,FCRequestMetrics:/n-matmul-128,276,276,,,18164.21,n-matmul-128,false,985167d20b2a,,c-690eed8d-0cf1abd9-0876abaa060f,1762586140274,Sync,18169.15,1762586140272,21.0.3.15,false,128,22.26,InvokeFunction,,,LATEST,1-690eee1c-0c49fa-d5ef68ea4dde,OnDemand,,,1.13,
,BBE4F3A04F21A9AAC989204381637DB0-1B,1762586158,FCRequestMetrics:/n-matmul-128,276,276,,,18547.97,n-matmul-128,false,344f71de17a7,,c-690eedad-0cf1abd9-b220a1ec872a,1762586140294,Sync,18551.88,1762586140293,21.0.3.3,false,128,27.62,InvokeFunction,,,LATEST,1-690eee1c-0c49fa-a190d10d46f2,OnDemand,,,1.12,
,D475316053B4F3156CAFE637F1C8214E-1A,1762586158,FCRequestMetrics:/n-matmul-128,276,276,,,18362.68,n-matmul-128,false,3440940bffc2,,c-690eedae-0cf1abd9-af64b33d51aa,1762586140268,Sync,18364.80,1762586140267,21.0.3.10,false,128,29.66,InvokeFunction,,,LATEST,1-690eee1c-0c0a43-a8b64389183b,OnDemand,,,0.54,
,C7EF96C9FA36BA4241E0BBE4133D0AE3-23,1762586158,FCRequestMetrics:/n-matmul-128,228,228,,,0.04,n-matmul-128,true,143002e59623,,c-690eed8d-0cf1abd9-5277dcd6704a,1762586158370,Sync,506.68,1762586158368,21.0.3.20,false,128,4.16,InvokeFunction,,,LATEST,1-690eee2e-0c49fa-01acc1015a36,OnDemand,,,1.08,,"{""errorType"":""FunctionAbnormalExitError""}"
,5FA82E0D11A2F01A283861FD9A436B86-22,1762586159,FCRequestMetrics:/n-matmul-128,276,276,,,18732.14,n-matmul-128,false,47b6a53f01e9,,c-690eed8d-0cf1abd9-3ba5efb311dc,1762586140287,Sync,18734.00,1762586140286,21.0.3.21,false,128,32.39,InvokeFunction,,,LATEST,1-690eee1c-0c0a43-57f012249e5c,OnDemand,,,0.51,
,609BB87232F313E7E1EE3C8255B3B0B3-27,1762586159,FCRequestMetrics:/n-matmul-128,298,298,,,14327.67,n-matmul-128,false,3722a439771f,,c-690eed85-0cf1abd9-2c911ea6008b,1762586144945,Sync,14480.01,1762586144793,21.0.3.10,false,128,27.55,InvokeFunction,,,LATEST,1-690eee20-0c49fa-1be4773e3d35,OnDemand,,,151.26,
,8626C8650DFC2E84CC74995D61333E7E-1B,1762586159,FCRequestMetrics:/n-matmul-128,285,285,,,15002.97,n-matmul-128,false,8662218ebba1,,c-690eeda9-0cf1abd9-3476b9c52160,1762586144600,Sync,15004.68,1762586144599,21.0.3.15,false,128,29.52,InvokeFunction,,,LATEST,1-690eee20-0c0a43-5cc48c7f7b63,OnDemand,,,0.47,
,1A53D7BA4C6855BB7F6F66CB757FBC63-19,1762586159,FCRequestMetrics:/n-matmul-128,294,294,,,17996.30,n-matmul-128,false,a75e3f2d1f77,,c-690eedad-0cf1abd9-5a75b37e305c,1762586141423,Sync,17999.86,1762586141422,21.0.3.16,false,128,27.72,InvokeFunction,,,LATEST,1-690eee1d-0c0a43-bd830eb30d9e,OnDemand,,,0.52,
,726276DB65DF441CF9FFA978FD3617F1-1D,1762586159,FCRequestMetrics:/n-matmul-128,298,298,,,16739.19,n-matmul-128,false,56d2cb735fb5,,c-690eeda5-0cf1abd9-411ea4a01e98,1762586142583,Sync,16740.96,1762586142582,21.0.3.6,false,128,29.56,InvokeFunction,,,LATEST,1-690eee1e-0c49fa-47571281586b,OnDemand,,,0.76,
,92F96CFC59521BF63B429A4C99FA99CB-28,1762586159,FCRequestMetrics:/n-matmul-128,295,295,,,15097.97,n-matmul-128,false,b73e8dfdb3e1,,c-690eed85-0cf1abd9-c0e8aad62b67,1762586144704,Sync,15103.55,1762586144703,21.0.3.3,false,128,27.79,InvokeFunction,,,LATEST,1-690eee20-0c0a43-655081b6dea8,OnDemand,,,0.54,
,40D0187C79EB93AE6164DB021EB45BA3-24,1762586159,FCRequestMetrics:/n-matmul-128,292,292,,,17195.57,n-matmul-128,false,c2355a18488a,,c-690eed8d-0cf1abd9-4bc4ed912672,1762586142269,Sync,17199.26,1762586142267,21.0.3.19,false,128,20.34,InvokeFunction,,,LATEST,1-690eee1e-0c49fa-92983c07853c,OnDemand,,,1.16,
,89A99D9D400C280F26AE53AA7EA46C06-1D,1762586159,FCRequestMetrics:/n-matmul-128,298,298,,,16293.43,n-matmul-128,false,1c1689fc6c14,,c-690eeda8-0cf1abd9-538823368ffc,1762586142737,Sync,16301.44,1762586142735,21.0.3.2,false,128,22.27,InvokeFunction,,,LATEST,1-690eee1e-0c49fa-94b8ec5d436e,OnDemand,,,1.16,
,C0840D5DBD9C524E4585C0BF295DBB3E-1C,1762586159,FCRequestMetrics:/n-matmul-128,285,285,,,14676.52,n-matmul-128,false,25cf34898536,,c-690eeda9-0cf1abd9-9a1c5ad86428,1762586144603,Sync,14678.71,1762586144602,21.0.3.16,false,128,22.01,InvokeFunction,,,LATEST,1-690eee20-0c49fa-9087d3811a5d,OnDemand,,,1.13,
,6C640CB721ED8B0BF85E5FE5C8E7D61E-25,1762586159,FCRequestMetrics:/n-matmul-128,298,298,,,17145.91,n-matmul-128,false,2f5080738346,,c-690eed8d-0cf1abd9-670e404d2849,1762586142602,Sync,17147.25,1762586142602,21.0.3.9,false,128,22.02,InvokeFunction,,,LATEST,1-690eee1e-0c0a43-9a6747283970,OnDemand,,,0.52,
,C89BB40F9F2CADB4731EC7F783EB66CB-22,1762586159,FCRequestMetrics:/n-matmul-128,293,293,,,17775.42,n-matmul-128,false,bdcfaeabdc01,,c-690eed83-0cf1abd9-c120bfdd5d8b,1762586141292,Sync,17777.72,1762586141291,21.0.3.14,false,128,22.02,InvokeFunction,,,LATEST,1-690eee1d-0c49fa-a9801246f859,OnDemand,,,1.38,
,3C976305C481D3458F52892B2010ED59-25,1762586159,FCRequestMetrics:/n-matmul-128,298,298,,,17235.06,n-matmul-128,false,2413d1c7f8a6,,c-690eed8d-0cf1abd9-366b26390b4b,1762586142573,Sync,17236.64,1762586142572,21.0.3.14,false,128,22.40,InvokeFunction,,,LATEST,1-690eee1e-0c0a43-d1ab2f40ea3a,OnDemand,,,0.53,
,4E5B7CA35C1B228A64EA99D604E227AD-1C,1762586159,FCRequestMetrics:/n-matmul-128,295,295,,,14984.47,n-matmul-128,false,a89245db7d99,,c-690eeda9-0cf1abd9-cae77ec22e72,1762586144667,Sync,14986.77,1762586144665,21.0.3.20,false,128,29.61,InvokeFunction,,,LATEST,1-690eee20-0c49fa-48e9c7062d13,OnDemand,,,1.38,
,5A08AF7236E275AD0FB46D2B28AE710C-1C,1762586159,FCRequestMetrics:/n-matmul-128,299,299,,,14639.43,n-matmul-128,false,2bfde648585e,,c-690eeda9-0cf1abd9-ebb8d38ed0cd,1762586145333,Sync,14641.07,1762586145332,21.0.3.23,false,128,25.56,InvokeFunction,,,LATEST,1-690eee21-0c0a43-1dcf043022e0,OnDemand,,,0.57,
,4EFFDB922E80D88EA45930E5C8CE9097-24,1762586159,FCRequestMetrics:/n-matmul-128,276,276,,,19315.53,n-matmul-128,false,cedb22a6eba0,,c-690eed8d-0cf1abd9-8518f5d4a430,1762586140289,Sync,19322.04,1762586140287,21.0.3.9,false,128,24.34,InvokeFunction,,,LATEST,1-690eee1c-0c49fa-5c5b8b44bc4b,OnDemand,,,1.13,
,F2FD34FA9CCCCC3E3DEB26A611CC4213-24,1762586159,FCRequestMetrics:/n-matmul-128,276,276,,,18913.26,n-matmul-128,false,8c49417d6c9f,,c-690eed8d-0cf1abd9-6bad1a022802,1762586140288,Sync,18950.56,1762586140279,21.0.3.10,false,128,22.25,InvokeFunction,,,LATEST,1-690eee1c-0c49fa-3b16b98a44ac,OnDemand,,,1.06,
,D51D20527F4C644906559B128F1C851C-1A,1762586159,FCRequestMetrics:/n-matmul-128,296,296,,,17238.85,n-matmul-128,false,c1c1a459d69d,,c-690eedad-0cf1abd9-b4f03fd3a358,1762586142472,Sync,17240.43,1762586142472,21.0.3.21,false,128,22.59,InvokeFunction,,,LATEST,1-690eee1e-0c0a43-130267540273,OnDemand,,,0.55,
,E70120467209C5072F9BAC96939FF425-27,1762586159,FCRequestMetrics:/n-matmul-128,285,285,,,14625.47,n-matmul-128,false,57a49bda52a7,,c-690eed85-0cf1abd9-89090d6612f0,1762586144624,Sync,14628.62,1762586144623,21.0.3.8,false,128,27.65,InvokeFunction,,,LATEST,1-690eee20-0c0a43-e0e7597c4457,OnDemand,,,0.57,
,1F631BBE3B0C3CBE62088E329F244AE4-19,1762586159,FCRequestMetrics:/n-matmul-128,295,295,,,18021.50,n-matmul-128,false,91167f95b002,,c-690eedae-0cf1abd9-978911f45f89,1762586141510,Sync,18031.40,1762586141509,21.0.3.13,false,128,27.41,InvokeFunction,,,LATEST,1-690eee1d-0c0a43-b08d3632e7f5,OnDemand,,,0.64,
,B48DE1721A8D9F887D85EACFE463D9F5-19,1762586159,FCRequestMetrics:/n-matmul-128,294,294,,,17922.65,n-matmul-128,false,b2814d85c49e,,c-690eedaf-0cf1abd9-25241dcc866f,1762586141357,Sync,17924.51,1762586141356,21.0.3.14,false,128,29.50,InvokeFunction,,,LATEST,1-690eee1d-0c0a43-50838d25fe9c,OnDemand,,,0.51,
,9E1E21E8F76F062BA9CB76E20C2B83A4-22,1762586159,FCRequestMetrics:/n-matmul-128,299,299,,,16636.25,n-matmul-128,false,59ec307a1758,,c-690eed96-0cf1abd9-aade4c0331ba,1762586143038,Sync,16638.59,1762586143037,21.0.3.3,false,128,26.82,InvokeFunction,,,LATEST,1-690eee1f-0c49fa-e850e4b31270,OnDemand,,,1.17,
,0D0B5399E6C73F2546BD22845DA04E21-21,1762586159,FCRequestMetrics:/n-matmul-128,276,276,,,19116.92,n-matmul-128,false,47a596ce3adb,,c-690eed84-0cf1abd9-1234c0f5f235,1762586140298,Sync,19120.28,1762586140296,21.0.3.20,false,128,27.38,InvokeFunction,,,LATEST,1-690eee1c-0c49fa-42019f8772b4,OnDemand,,,1.32,
,0B2964543FFD9BF880FB835C7969E92C-1B,1762586159,FCRequestMetrics:/n-matmul-128,276,276,,,19061.35,n-matmul-128,false,def6cb030cc0,,c-690eedad-0cf1abd9-ea42a99c6fe6,1762586140301,Sync,19064.29,1762586140301,21.0.3.8,false,128,29.57,InvokeFunction,,,LATEST,1-690eee1c-0c0a43-91f2533f31e2,OnDemand,,,0.47,
,6BF896C525BE933EC6E59BFBCE008212-1B,1762586159,FCRequestMetrics:/n-matmul-128,285,285,,,14728.60,n-matmul-128,false,dbc99637c7cd,,c-690eeda9-0cf1abd9-06e97d5b5f54,1762586144571,Sync,14732.21,1762586144570,21.0.3.10,false,128,24.09,InvokeFunction,,,LATEST,1-690eee20-0c49fa-fdac9b16d304,OnDemand,,,1.19,
,2471E95300325BB840CC834AD5A3C6B6-1F,1762586159,FCRequestMetrics:/n-matmul-128,298,298,,,16981.86,n-matmul-128,false,9df121cea42b,,c-690eed96-0cf1abd9-2911da29056d,1762586142596,Sync,16983.53,1762586142595,21.0.3.22,false,128,28.98,InvokeFunction,,,LATEST,1-690eee1e-0c0a43-3a7927471284,OnDemand,,,0.47,
,5DDEC1B94316434FE6602FC2B2B6A039-1F,1762586160,FCRequestMetrics:/n-matmul-128,299,299,,,16977.64,n-matmul-128,false,34de976e0650,,c-690eed96-0cf1abd9-ee256dc17503,1762586143075,Sync,16980.00,1762586143074,21.0.3.8,false,128,27.18,InvokeFunction,,,LATEST,1-690eee1f-0c49fa-595ad2f50d7f,OnDemand,,,1.36,
,4DF5713F052ED08D8FF3A9FDE56D7F83-21,1762586160,FCRequestMetrics:/n-matmul-128,298,298,,,17598.61,n-matmul-128,false,be9fec8342f8,,c-690eed83-0cf1abd9-b75a5db2845a,1762586142789,Sync,17600.77,1762586142788,21.0.3.21,false,128,24.06,InvokeFunction,,,LATEST,1-690eee1e-0c49fa-898e8e1e0d70,OnDemand,,,1.19,
,3DBA81FE1FDC810A3B598CDA1A88AB60-23,1762586160,FCRequestMetrics:/n-matmul-128,295,295,,,18604.13,n-matmul-128,false,6b13c5a9a7ea,,c-690eed8d-0cf1abd9-58271c35b033,1762586141470,Sync,18606.87,1762586141469,21.0.3.23,false,128,32.21,InvokeFunction,,,LATEST,1-690eee1d-0c49fa-525028157a98,OnDemand,,,0.92,
,BE75DB22015500E11A374D96AAD193DE-24,1762586160,FCRequestMetrics:/n-matmul-128,298,298,,,17478.67,n-matmul-128,false,14ce103419c8,,c-690eed8d-0cf1abd9-d2956975d9ee,1762586143230,Sync,17480.66,1762586143229,21.0.3.23,false,128,21.71,InvokeFunction,,,LATEST,1-690eee1f-0c49fa-d9bf413f2920,OnDemand,,,0.96,
,4144839320AC12CCDB04B923E734740F-22,1762586160,FCRequestMetrics:/n-matmul-128,292,292,,,18491.75,n-matmul-128,false,f2237be86146,,c-690eed84-0cf1abd9-d791d9e182fe,1762586142249,Sync,18497.31,1762586142247,21.0.3.25,false,128,26.79,InvokeFunction,,,LATEST,1-690eee1e-0c49fa-b3fc91655e41,OnDemand,,,1.36,
,F8B25C5CA1AC44682E9155B471DB8F1A-19,1762586160,FCRequestMetrics:/n-matmul-128,292,292,,,18295.48,n-matmul-128,false,9f59c904e38b,,c-690eedad-0cf1abd9-c2fbfc23fb52,1762586142261,Sync,18302.66,1762586142260,21.0.3.17,false,128,39.57,InvokeFunction,,,LATEST,1-690eee1e-0c49fa-5f0d9536e5d1,OnDemand,,,0.81,
,6119C18E1BE462F8234B40F7752AC57D-1A,1762586160,FCRequestMetrics:/n-matmul-128,292,292,,,17980.43,n-matmul-128,false,19e9b19f0963,,c-690eedaf-0cf1abd9-3747d5e10ccc,1762586142298,Sync,17982.59,1762586142297,21.0.3.22,false,128,27.35,InvokeFunction,,,LATEST,1-690eee1e-0c49fa-bcaeaf44d96a,OnDemand,,,1.17,
,93707F44FB1ABD7F0A822267F35A408A-1C,1762586160,FCRequestMetrics:/n-matmul-128,285,285,,,15628.34,n-matmul-128,false,5c8e9d42bd7e,,c-690eeda8-0cf1abd9-b92e6a52596f,1762586144625,Sync,15630.19,1762586144624,21.0.3.3,false,128,23.89,InvokeFunction,,,LATEST,1-690eee20-0c0a43-4ef948bc99fb,OnDemand,,,0.58,
,A0B4D1D12626D33FCDDA858055366E80-1F,1762586160,FCRequestMetrics:/n-matmul-128,293,293,,,16456.68,n-matmul-128,false,2f79d5d6e1f2,,c-690eed96-0cf1abd9-aec373bfe9b2,1762586143899,Sync,16458.12,1762586143898,21.0.3.9,false,128,26.41,InvokeFunction,,,LATEST,1-690eee1f-0c0a43-4f8beffd3d88,OnDemand,,,0.41,
,A1FCC418CEE0A473F1F5238048A7B3E8-1B,1762586160,FCRequestMetrics:/n-matmul-128,287,287,,,16477.94,n-matmul-128,false,a01070cabcf1,,c-690eeda5-0cf1abd9-e5a4210c2073,1762586143743,Sync,16479.61,1762586143742,21.0.3.15,false,128,27.64,InvokeFunction,,,LATEST,1-690eee1f-0c0a43-d64a6b334f2c,OnDemand,,,0.47,
,9CC6FEA79C9A08269F04E5D7AC586D4D-20,1762586160,FCRequestMetrics:/n-matmul-128,293,293,,,16419.81,n-matmul-128,false,1341e9c3300b,,c-690eed96-0cf1abd9-88caba2e9de4,1762586143840,Sync,16421.40,1762586143840,21.0.3.17,false,128,32.23,InvokeFunction,,,LATEST,1-690eee1f-0c0a43-ad2432cebe4b,OnDemand,,,0.49,
,04AD457B2A4E5603A91424FD74D7D0F7-22,1762586160,FCRequestMetrics:/n-matmul-128,298,298,,,17368.74,n-matmul-128,false,c0065d925c86,,c-690eed83-0cf1abd9-e451cdc04672,1762586143222,Sync,17390.48,1762586143220,21.0.3.19,false,128,22.18,InvokeFunction,,,LATEST,1-690eee1f-0c49fa-69450cd42bec,OnDemand,,,1.37,
,4D0C87630DE75182644B9E4D5295586B-27,1762586160,FCRequestMetrics:/n-matmul-128,285,285,,,14071.26,n-matmul-128,false,ce613473cf37,,c-690eed85-0cf1abd9-2f0a1317ca81,1762586146669,Sync,14073.37,1762586146668,21.0.3.11,false,128,33.80,InvokeFunction,,,LATEST,1-690eee22-0c49fa-8712fed3a911,OnDemand,,,1.37,
,B9CC9A0372DA2782D1101E8A00146287-1B,1762586160,FCRequestMetrics:/n-matmul-128,293,293,,,16543.11,n-matmul-128,false,7dc1ff934198,,c-690eeda5-0cf1abd9-f2a1a2bcfb08,1762586143881,Sync,16544.72,1762586143881,21.0.3.17,false,128,27.55,InvokeFunction,,,LATEST,1-690eee1f-0c0a43-5f5eb26839d3,OnDemand,,,0.48,
,8A2A2BA029F638783B43D48CB01B0C65-21,1762586160,FCRequestMetrics:/n-matmul-128,287,287,,,16829.49,n-matmul-128,false,9f79c2d0c5f2,,c-690eed96-0cf1abd9-e99fca3da2c1,1762586143812,Sync,16831.68,1762586143812,21.0.3.2,false,128,28.75,InvokeFunction,,,LATEST,1-690eee1f-0c0a43-0cd747a35369,OnDemand,,,0.47,
,DB24A72FC77702D7D653E666A3F5E890-21,1762586160,FCRequestMetrics:/n-matmul-128,298,298,,,17628.09,n-matmul-128,false,b1264e2772ef,,c-690eed83-0cf1abd9-7df724ab21a7,1762586142588,Sync,17630.40,1762586142587,21.0.3.17,false,128,28.82,InvokeFunction,,,LATEST,1-690eee1e-0c49fa-503c087c634a,OnDemand,,,1.43,
,5631503C851C331FBCC55A7B595279F5-26,1762586160,FCRequestMetrics:/n-matmul-128,298,298,,,15568.22,n-matmul-128,false,dd31d4d13109,,c-690eed96-0cf1abd9-3b123f53c475,1762586145002,Sync,15828.96,1762586144742,21.0.3.2,false,128,22.16,InvokeFunction,,,LATEST,1-690eee20-0c49fa-c50a5e3f81fd,OnDemand,,,259.62,
,B2D9766D97B902C7A31498DC152CD74A-21,1762586160,FCRequestMetrics:/n-matmul-128,292,292,,,18263.78,n-matmul-128,false,efd1785218e5,,c-690eed84-0cf1abd9-6314f848c25e,1762586142247,Sync,18268.57,1762586142247,21.0.3.18,false,128,29.26,InvokeFunction,,,LATEST,1-690eee1e-0c0a43-e9e48e58097c,OnDemand,,,0.54,
,79631A2B4FF88091BEDF80B60D44FB91-20,1762586160,FCRequestMetrics:/n-matmul-128,298,298,,,17448.55,n-matmul-128,false,8b5be02ffcf8,,c-690eed96-0cf1abd9-d03696729fbb,1762586142825,Sync,17673.01,1762586142604,21.0.3.25,false,128,28.96,InvokeFunction,,,LATEST,1-690eee1e-0c49fa-9ed70dac2fe6,OnDemand,,,220.70,
,40DA133401D2DE8F12DE87799711FD83-22,1762586160,FCRequestMetrics:/n-matmul-128,228,228,,,0.05,n-matmul-128,true,f97fe124d699,,c-690eed96-0cf1abd9-bad3da0c0cfe,1762586158365,Sync,1793.71,1762586158365,21.0.3.15,false,128,2.08,InvokeFunction,,,LATEST,1-690eee2e-0c0a43-acc10571c3ab,OnDemand,,,0.46,,"{""errorType"":""FunctionAbnormalExitError""}"
,268F3D3C46E38184A5EB5CF616A731E0-21,1762586160,FCRequestMetrics:/n-matmul-128,293,293,,,19004.66,n-matmul-128,false,0833dc1a5c1e,,c-690eed84-0cf1abd9-aec18b43eff0,1762586141178,Sync,19007.02,1762586141177,21.0.3.21,false,128,21.59,InvokeFunction,,,LATEST,1-690eee1d-0c49fa-16d162729276,OnDemand,,,1.06,
,D00197269011D75200F8878AB52887BF-23,1762586160,FCRequestMetrics:/n-matmul-128,228,228,,,0.03,n-matmul-128,true,efbe8cba4f7c,,c-690eed96-0cf1abd9-cb967da6ce67,1762586158348,Sync,1790.65,1762586158347,21.0.3.14,false,128,2.07,InvokeFunction,,,LATEST,1-690eee2e-0c0a43-4737e2286ed1,OnDemand,,,0.46,,"{""errorType"":""FunctionAbnormalExitError""}"
,530FE0259011E1488EC5E3B38AE725E0-23,1762586160,FCRequestMetrics:/n-matmul-128,276,276,,,19765.68,n-matmul-128,false,84f6be032d7a,,c-690eed84-0cf1abd9-3f0610e48d26,1762586140298,Sync,19770.38,1762586140297,21.0.3.22,false,128,30.43,InvokeFunction,,,LATEST,1-690eee1c-0c49fa-812c59d8b029,OnDemand,,,1.36,
,8FC1EA84A8F746A3A0AA748C26C7B25A-21,1762586161,FCRequestMetrics:/n-matmul-128,287,287,,,17265.71,n-matmul-128,false,76321eba944f,,c-690eed96-0cf1abd9-5bffc956dbf7,1762586143774,Sync,17267.88,1762586143773,21.0.3.18,false,128,34.45,InvokeFunction,,,LATEST,1-690eee1f-0c0a43-6e86aa925367,OnDemand,,,0.50,
,72B0763C812343F54C4768A450A14952-24,1762586161,FCRequestMetrics:/n-matmul-128,293,293,,,17156.24,n-matmul-128,false,cf26af28e3d5,,c-690eed8d-0cf1abd9-53316fbc9c29,1762586143855,Sync,17158.20,1762586143855,21.0.3.21,false,128,22.26,InvokeFunction,,,LATEST,1-690eee1f-0c0a43-855600f2dfa0,OnDemand,,,0.43,
,F658B3CD8413B0D988AE185DF0BE18DD-24,1762586161,FCRequestMetrics:/n-matmul-128,287,287,,,17574.84,n-matmul-128,false,959cca596465,,c-690eed8d-0cf1abd9-0ed53fa70580,1762586143795,Sync,17593.44,1762586143794,21.0.3.13,false,128,26.16,InvokeFunction,,,LATEST,1-690eee1f-0c0a43-4177df109fe1,OnDemand,,,0.48,
,E3A10F33112D22B99CDFAE6B3DA5F427-27,1762586161,FCRequestMetrics:/n-matmul-128,287,287,,,14740.47,n-matmul-128,false,7c04ccbbdae4,,c-690eed85-0cf1abd9-4dc3fba76450,1762586146800,Sync,14749.69,1762586146798,21.0.3.9,false,128,29.88,InvokeFunction,,,LATEST,1-690eee22-0c49fa-435c018e10b2,OnDemand,,,1.41,
,6103DB4D384590E61A6F2F19F6C5AA12-21,1762586161,FCRequestMetrics:/n-matmul-128,293,293,,,17215.78,n-matmul-128,false,4bf26ccbfd63,,c-690eed96-0cf1abd9-33d753346913,1762586143869,Sync,17218.73,1762586143868,21.0.3.2,false,128,26.59,InvokeFunction,,,LATEST,1-690eee1f-0c0a43-ee11d9c9f61e,OnDemand,,,0.51,
,1715E5CEAB8367704C4CBAEA4FB2B3A5-20,1762586161,FCRequestMetrics:/n-matmul-128,296,296,,,18761.44,n-matmul-128,false,d9e930eac608,,c-690eed83-0cf1abd9-acea5d3aee77,1762586142463,Sync,18764.68,1762586142462,21.0.3.22,false,128,29.20,InvokeFunction,,,LATEST,1-690eee1e-0c49fa-70040e3f08b4,OnDemand,,,1.40,
,E25E5AC81214735572C3101D35F1B078-23,1762586161,FCRequestMetrics:/n-matmul-128,295,295,,,16772.89,n-matmul-128,false,23a95b7b22dd,,c-690eed8d-0cf1abd9-05804b5e6825,1762586144780,Sync,16897.67,1762586144753,21.0.3.17,false,128,22.30,InvokeFunction,,,LATEST,1-690eee20-0c49fa-551d1b3bb336,OnDemand,,,1.16,
,7C3C6C39706B9E9A5E45EA0795F361E3-25,1762586161,FCRequestMetrics:/n-matmul-128,297,297,,,16596.33,n-matmul-128,false,daf840027305,,c-690eed8d-0cf1abd9-998f2d849ede,1762586144972,Sync,16786.50,1762586144786,21.0.3.14,false,128,22.36,InvokeFunction,,,LATEST,1-690eee20-0c49fa-232f5be2290d,OnDemand,,,158.26,
,DC13127C12C05FE53A3C463F46560AE2-21,1762586161,FCRequestMetrics:/n-matmul-128,287,287,,,17516.79,n-matmul-128,false,23c185050e4f,,c-690eed83-0cf1abd9-42d2bc137d48,1762586143740,Sync,17520.49,1762586143739,21.0.3.15,false,128,32.32,InvokeFunction,,,LATEST,1-690eee1f-0c0a43-81d516d828f3,OnDemand,,,0.56,
,FF409731039280436289D779E5C866F5-1C,1762586161,FCRequestMetrics:/n-matmul-128,297,297,,,15437.29,n-matmul-128,false,e51e0a8a2425,,c-690eeda8-0cf1abd9-1c104b385d12,1762586145581,Sync,15994.60,1762586145027,21.0.3.8,false,128,24.22,InvokeFunction,,,LATEST,1-690eee21-0c0a43-98bbfbf56889,OnDemand,,,554.32,
,62FA41B7FF8249B4D088B827B9DA2023-1A,1762586161,FCRequestMetrics:/n-matmul-128,298,298,,,18833.13,n-matmul-128,false,556831e46ae8,,c-690eedb0-0cf1abd9-551cbd21126d,1762586142179,Sync,18839.55,1762586142178,21.0.3.16,false,128,27.52,InvokeFunction,,,LATEST,1-690eee1e-0c0a43-66d17baf58c1,OnDemand,,,0.59,
,7803A2A1C0E49F606CC22E511FDE78DB-1C,1762586161,FCRequestMetrics:/n-matmul-128,295,295,,,16347.08,n-matmul-128,false,49cf98612b59,,c-690eeda8-0cf1abd9-c7ba121b8278,1762586144668,Sync,16350.64,1762586144666,21.0.3.9,false,128,22.29,InvokeFunction,,,LATEST,1-690eee20-0c49fa-5baee750e1b6,OnDemand,,,1.39,
,00F741ED552D957855AA9DEA31925A77-27,1762586161,FCRequestMetrics:/n-matmul-128,297,297,,,16145.13,n-matmul-128,false,478f63eb8cbf,,c-690eed85-0cf1abd9-026f6407b0f7,1762586145593,Sync,16332.51,1762586145407,21.0.3.17,false,128,27.20,InvokeFunction,,,LATEST,1-690eee21-0c49fa-f696dcd82687,OnDemand,,,186.29,
,DAE6BAF353C38FA45B5DF9AF0F86D659-25,1762586161,FCRequestMetrics:/n-matmul-128,216,216,,,0.03,n-matmul-128,true,19a08086dcd9,,c-690eed83-0cf1abd9-9b3fcb822613,1762586158181,Sync,2917.31,1762586158179,21.0.3.10,false,128,4.07,InvokeFunction,,,LATEST,1-690eee2e-0c49fa-7e707a49b0d6,OnDemand,,,1.30,,"{""errorType"":""FunctionAbnormalExitError""}"
,D143AE44C19E26F9220F758DFE51775E-23,1762586161,FCRequestMetrics:/n-matmul-128,287,287,,,14648.32,n-matmul-128,false,7cc6d641bed2,,c-690eed96-0cf1abd9-0cb5743955c5,1762586146807,Sync,14650.68,1762586146806,21.0.3.17,false,128,24.73,InvokeFunction,,,LATEST,1-690eee22-0c49fa-73a21f42224d,OnDemand,,,1.14,
,C1412826A6236A7731C90A92F9B4B0CE-23,1762586161,FCRequestMetrics:/n-matmul-128,217,217,,,0.03,n-matmul-128,true,44ace84c5429,,c-690eed83-0cf1abd9-ef3a29fe5f2e,1762586158244,Sync,3079.22,1762586158244,21.0.3.16,false,128,2.03,InvokeFunction,,,LATEST,1-690eee2e-0c0a43-d4a749cebb86,OnDemand,,,0.48,,"{""errorType"":""FunctionAbnormalExitError""}"
,13CEFE53DDF944F177E0AA28B5E28265-23,1762586161,FCRequestMetrics:/n-matmul-128,228,228,,,0.03,n-matmul-128,true,feed6d3496d7,,c-690eed84-0cf1abd9-08aca33fd588,1762586158351,Sync,2941.65,1762586158349,21.0.3.20,false,128,2.05,InvokeFunction,,,LATEST,1-690eee2e-0c49fa-8fc2e3376ef9,OnDemand,,,1.17,,"{""errorType"":""FunctionAbnormalExitError""}"
,534453451D1297DCF31D88EE6739800C-1A,1762586161,FCRequestMetrics:/n-matmul-128,298,298,,,18239.69,n-matmul-128,false,ecc43da18039,,c-690eedaf-0cf1abd9-a039e34a4c5a,1762586142834,Sync,18242.08,1762586142832,21.0.3.19,false,128,26.07,InvokeFunction,,,LATEST,1-690eee1e-0c0a43-1dcc1f12bf8a,OnDemand,,,0.53,
,4144839320AC12CCDB04B923E734740F-25,1762586161,FCRequestMetrics:/n-matmul-128,184,184,,,0.03,n-matmul-128,true,f2237be86146,,c-690eed84-0cf1abd9-d791d9e182fe,1762586160870,Sync,976.93,1762586160868,21.0.3.25,false,128,2.07,InvokeFunction,,,LATEST,1-690eee30-0c49fa-0bfab00212e8,OnDemand,,,1.57,,"{""errorType"":""FunctionAbnormalExitError""}"
,41C8E8C026B88A3FDC7027A22DD65441-27,1762586162,FCRequestMetrics:/n-matmul-128,285,285,,,15463.82,n-matmul-128,false,0e85519b1ae8,,c-690eed85-0cf1abd9-a830e80c9d58,1762586146651,Sync,15466.05,1762586146650,21.0.3.12,false,128,29.79,InvokeFunction,,,LATEST,1-690eee22-0c49fa-89c3bfe956d8,OnDemand,,,1.42,
,D327063AE1B1A8A40B8F203869F3086F-19,1762586162,FCRequestMetrics:/n-matmul-128,285,285,,,17618.24,n-matmul-128,false,357f8c96fd4d,,c-690eedad-0cf1abd9-c9eee6f52450,1762586144554,Sync,17622.62,1762586144552,21.0.3.22,false,128,27.39,InvokeFunction,,,LATEST,1-690eee20-0c49fa-9818a178c518,OnDemand,,,1.21,
,BB4ED00B22F6D0F50600682ABF2615D9-26,1762586162,FCRequestMetrics:/n-matmul-128,265,265,,,12841.57,n-matmul-128,false,b56edd595e8c,,c-690eed85-0cf1abd9-7e6421936614,1762586149441,Sync,12847.56,1762586149440,21.0.3.15,false,128,24.48,InvokeFunction,,,LATEST,1-690eee25-0c0a43-3db0c55abd9f,OnDemand,,,0.51,
,CEBE4DE47CD58B3FB8C58509A1292CE6-26,1762586162,FCRequestMetrics:/n-matmul-128,276,276,,,14422.83,n-matmul-128,false,f06ea0952339,,c-690eed85-0cf1abd9-158fa1fe0ffd,1762586147647,Sync,14424.48,1762586147646,21.0.3.14,false,128,29.58,InvokeFunction,,,LATEST,1-690eee23-0c0a43-ca8c9fa926d8,OnDemand,,,0.50,
,3641BD03B2EDD337A1E5E07D16D4DE1D-25,1762586162,FCRequestMetrics:/n-matmul-128,295,295,,,17837.08,n-matmul-128,false,74c2be7ed7bc,,c-690eed8d-0cf1abd9-611a2133a545,1762586144683,Sync,17843.78,1762586144681,21.0.3.24,false,128,22.27,InvokeFunction,,,LATEST,1-690eee20-0c49fa-2f611fd5bee6,OnDemand,,,1.38,
,E6C8A3E89807930B60F307F6EAB50F00-19,1762586162,FCRequestMetrics:/n-matmul-128,285,285,,,17509.88,n-matmul-128,false,c9f8599ed144,,c-690eedad-0cf1abd9-33c85c00b730,1762586144571,Sync,17520.12,1762586144569,21.0.3.20,false,128,29.34,InvokeFunction,,,LATEST,1-690eee20-0c49fa-e9eeaff0eab7,OnDemand,,,1.38,
,1CEDCBDB1E088C8CB4C3FA3109C6E820-19,1762586162,FCRequestMetrics:/n-matmul-128,293,293,,,18245.08,n-matmul-128,false,923fec13e813,,c-690eedad-0cf1abd9-b681c919879f,1762586143867,Sync,18250.90,1762586143867,21.0.3.24,false,128,27.39,InvokeFunction,,,LATEST,1-690eee1f-0c0a43-4a00ad33ba4b,OnDemand,,,0.51,
,53490AF45D0CAE7E1F17D51FAE4D1EBC-26,1762586162,FCRequestMetrics:/n-matmul-128,278,278,,,14977.55,n-matmul-128,false,7a0078b53609,,c-690eed85-0cf1abd9-fb724a08a16a,1762586147350,Sync,14983.56,1762586147349,21.0.3.20,false,128,27.88,InvokeFunction,,,LATEST,1-690eee23-0c49fa-8adb9604ad31,OnDemand,,,1.38,
,53C28B307BED561C14256185A7868301-1C,1762586162,FCRequestMetrics:/n-matmul-128,288,288,,,15923.73,n-matmul-128,false,cd248e76553e,,c-690eeda5-0cf1abd9-46cd7b884194,1762586146631,Sync,15928.11,1762586146630,21.0.3.14,false,128,29.48,InvokeFunction,,,LATEST,1-690eee22-0c49fa-ce1d76213400,OnDemand,,,1.46,
,5D3028635C095A703267EC741BCFD73F-1A,1762586162,FCRequestMetrics:/n-matmul-128,287,287,,,18389.08,n-matmul-128,false,dcf997b4a460,,c-690eedad-0cf1abd9-22285122ab78,1762586143797,Sync,18391.29,1762586143796,21.0.3.19,false,128,27.47,InvokeFunction,,,LATEST,1-690eee1f-0c0a43-ef88bd6f1173,OnDemand,,,0.51,
,DBD9CA05BB5AF635A4D2F2706778DAAB-1B,1762586162,FCRequestMetrics:/n-matmul-128,295,295,,,17597.38,n-matmul-128,false,afa22b97568b,,c-690eedad-0cf1abd9-3f62736c6e5e,1762586144729,Sync,17599.18,1762586144728,21.0.3.18,false,128,29.59,InvokeFunction,,,LATEST,1-690eee20-0c0a43-2a4822e6fc6e,OnDemand,,,0.51,
,EE68EE4B972CEED0E744CF0F0F08C29D-19,1762586162,FCRequestMetrics:/n-matmul-128,291,291,,,18349.82,n-matmul-128,false,a70b2e0d4697,,c-690eedad-0cf1abd9-2896c0f9f5f0,1762586143613,Sync,18389.81,1762586143612,21.0.3.23,false,128,27.45,InvokeFunction,,,LATEST,1-690eee1f-0c0a43-d68b6c88f31c,OnDemand,,,0.68,
,7C93FF0D333DC21F7F2F36A9AB89B027-19,1762586162,FCRequestMetrics:/n-matmul-128,285,285,,,17672.01,n-matmul-128,false,7f50294cfbd1,,c-690eedad-0cf1abd9-a087dd1de86c,1762586144551,Sync,17674.96,1762586144549,21.0.3.14,false,128,29.45,InvokeFunction,,,LATEST,1-690eee20-0c49fa-240c8f680ee4,OnDemand,,,1.46,
,521189B198D6C67402E1ED4D6E9E659F-19,1762586162,FCRequestMetrics:/n-matmul-128,287,287,,,18206.08,n-matmul-128,false,727464a7e5d7,,c-690eedad-0cf1abd9-9ae3384bb76d,1762586143784,Sync,18216.18,1762586143784,21.0.3.25,false,128,29.63,InvokeFunction,,,LATEST,1-690eee1f-0c0a43-a7fb27ce73e8,OnDemand,,,0.47,
,0DF1BE08810C22DB47CE10C7D12D3B18-21,1762586162,FCRequestMetrics:/n-matmul-128,299,299,,,17329.93,n-matmul-128,false,054726ba05da,,c-690eed96-0cf1abd9-6259af999d66,1762586145659,Sync,17332.28,1762586145657,21.0.3.3,false,128,26.50,InvokeFunction,,,LATEST,1-690eee21-0c49fa-32e7b34cb767,OnDemand,,,1.22,
,3264C158E2D5E5DEFE085BA619A247E7-23,1762586162,FCRequestMetrics:/n-matmul-128,282,282,,,15748.01,n-matmul-128,false,0f7eccb6ce30,,c-690eed96-0cf1abd9-e222a82ad173,1762586147236,Sync,15761.59,1762586147234,21.0.3.4,false,128,22.46,InvokeFunction,,,LATEST,1-690eee23-0c49fa-807bbf8150ae,OnDemand,,,1.10,
,B42D85ACE4F13663143AFEF57EE4377B-21,1762586162,FCRequestMetrics:/n-matmul-128,298,298,,,17077.81,n-matmul-128,false,e86ce6f40d00,,c-690eed96-0cf1abd9-007038c1bcd0,1762586144963,Sync,17300.56,1762586144741,21.0.3.24,false,128,28.68,InvokeFunction,,,LATEST,1-690eee20-0c0a43-25b94e739775,OnDemand,,,221.48,
,4DF5713F052ED08D8FF3A9FDE56D7F83-23,1762586162,FCRequestMetrics:/n-matmul-128,193,193,,,0.04,n-matmul-128,true,be9fec8342f8,,c-690eed83-0cf1abd9-b75a5db2845a,1762586160428,Sync,1649.99,1762586160427,21.0.3.21,false,128,4.05,InvokeFunction,,,LATEST,1-690eee30-0c49fa-a4597e489972,OnDemand,,,1.28,,"{""errorType"":""FunctionAbnormalExitError""}"
,8D8C440FC3E34DBB9F1F04BB26D5634E-27,1762586162,FCRequestMetrics:/n-matmul-128,272,272,,,13690.86,n-matmul-128,false,524d7b1ff122,,c-690eed85-0cf1abd9-5f56757a5335,1762586148666,Sync,13692.47,1762586148665,21.0.3.2,false,128,27.57,InvokeFunction,,,LATEST,1-690eee24-0c0a43-e8a6defb75a3,OnDemand,,,0.69,
,C31476DF542E245E78D704DC5E57E050-22,1762586162,FCRequestMetrics:/n-matmul-128,297,297,,,16556.78,n-matmul-128,false,54727bc85c4b,,c-690eed96-0cf1abd9-8789b63ab3c5,1762586145588,Sync,16560.03,1762586145585,21.0.3.21,false,128,26.23,InvokeFunction,,,LATEST,1-690eee21-0c0a43-ebc87b9c74ad,OnDemand,,,0.51,
,2FB49575A81022D2509F0B8C09E271EA-1C,1762586162,FCRequestMetrics:/n-matmul-128,298,298,,,16554.99,n-matmul-128,false,583788c3d090,,c-690eeda5-0cf1abd9-2086298c7344,1762586145498,Sync,16557.50,1762586145497,21.0.3.19,false,128,23.97,InvokeFunction,,,LATEST,1-690eee21-0c49fa-0afd9afba348,OnDemand,,,1.38,
,3BEF1FB49BB1EEA673FE9EF39C7658DF-1A,1762586163,FCRequestMetrics:/n-matmul-128,296,296,,,17180.40,n-matmul-128,false,bd8589a527e0,,c-690eedaf-0cf1abd9-f823ec7b2052,1762586146076,Sync,17185.26,1762586146071,21.0.3.18,false,128,27.40,InvokeFunction,,,LATEST,1-690eee22-0c49fa-260d9c172156,OnDemand,,,1.19,
,0DE5178D46C5303D6977161F8DE7542A-21,1762586163,FCRequestMetrics:/n-matmul-128,292,292,,,16748.99,n-matmul-128,false,38bd945bd6ee,,c-690eed84-0cf1abd9-eaac368eb58c,1762586146386,Sync,16751.07,1762586146385,21.0.3.23,false,128,22.09,InvokeFunction,,,LATEST,1-690eee22-0c49fa-186a54ddd9f7,OnDemand,,,1.21,
,13012196C53F5375DA6D7E0B0AED40BD-24,1762586163,FCRequestMetrics:/n-matmul-128,265,265,,,13437.67,n-matmul-128,false,ced19e0e4fae,,c-690eed96-0cf1abd9-26d3f0e782b3,1762586149942,Sync,13439.16,1762586149941,21.0.3.9,false,128,24.30,InvokeFunction,,,LATEST,1-690eee25-0c0a43-e4b4d0ca2be1,OnDemand,,,0.46,
,4918E550A646204E9DB0726A28549557-1A,1762586163,FCRequestMetrics:/n-matmul-128,293,293,,,19277.51,n-matmul-128,false,0541fa6913b9,,c-690eedae-0cf1abd9-5f54346fcb4d,1762586143838,Sync,19279.04,1762586143837,21.0.3.15,false,128,29.74,InvokeFunction,,,LATEST,1-690eee1f-0c0a43-b0de1d28bac0,OnDemand,,,0.51,
,D18734D858301861EC9B1A728F760677-19,1762586163,FCRequestMetrics:/n-matmul-128,285,285,,,18434.71,n-matmul-128,false,c5bf669e63a0,,c-690eedaf-0cf1abd9-3f99b24b664d,1762586144606,Sync,18436.92,1762586144605,21.0.3.20,false,128,27.60,InvokeFunction,,,LATEST,1-690eee20-0c49fa-a2901138baa2,OnDemand,,,1.19,
,E4146AB491CEBDE523F487E441201B73-20,1762586163,FCRequestMetrics:/n-matmul-128,284,284,,,16503.73,n-matmul-128,false,efdf38e6c6e7,,c-690eed96-0cf1abd9-523def426250,1762586146857,Sync,16505.32,1762586146856,21.0.3.11,false,128,32.25,InvokeFunction,,,LATEST,1-690eee22-0c0a43-88f674849073,OnDemand,,,0.56,
,A06E7E0CFCC4CBB6E3216BDC51950A35-19,1762586163,FCRequestMetrics:/n-matmul-128,298,298,,,18165.37,n-matmul-128,false,3c1958efb8c7,,c-690eedaf-0cf1abd9-0cfd58b0d20a,1762586145005,Sync,18432.31,1762586144739,21.0.3.21,false,128,27.34,InvokeFunction,,,LATEST,1-690eee20-0c0a43-0246d3a63750,OnDemand,,,265.85,
,DC9E0E12CD6EBAC6FF4F0136C46C5547-20,1762586163,FCRequestMetrics:/n-matmul-128,276,276,,,15875.10,n-matmul-128,false,7e6212d1a18e,,c-690eed96-0cf1abd9-cdf69a3e83a5,1762586147638,Sync,15878.53,1762586147636,21.0.3.13,false,128,27.31,InvokeFunction,,,LATEST,1-690eee23-0c49fa-c8f0b114961a,OnDemand,,,1.18,
,ED8A5D906254A8A3D3B49041BA3A12A8-23,1762586163,FCRequestMetrics:/n-matmul-128,265,265,,,13965.63,n-matmul-128,false,c3153ac2927e,,c-690eed96-0cf1abd9-dd35abc0aac0,1762586149977,Sync,13968.16,1762586149975,21.0.3.16,false,128,22.63,InvokeFunction,,,LATEST,1-690eee25-0c49fa-8be4aea3ea67,OnDemand,,,1.21,
,B0234B70AFAFEAEF517C2172ED2CFEB6-24,1762586163,FCRequestMetrics:/n-matmul-128,265,265,,,13725.50,n-matmul-128,false,9bfb01ae65a2,,c-690eed96-0cf1abd9-df0c068d62fa,1762586149965,Sync,13732.78,1762586149964,21.0.3.20,false,128,24.39,InvokeFunction,,,LATEST,1-690eee25-0c0a43-07cf76f13a3d,OnDemand,,,0.46,
,FBD8C56E27722E3A762AD34A166289FF-25,1762586163,FCRequestMetrics:/n-matmul-128,278,278,,,15850.94,n-matmul-128,false,b0aff5fb1ab1,,c-690eed96-0cf1abd9-13352bc917ad,1762586147337,Sync,15852.62,1762586147336,21.0.3.2,false,128,22.24,InvokeFunction,,,LATEST,1-690eee23-0c0a43-2110d17b1222,OnDemand,,,0.52,
,5665E0DE844D89BD77D4631CFD4DC931-1E,1762586163,FCRequestMetrics:/n-matmul-128,285,285,,,16604.92,n-matmul-128,false,b490ef07d553,,c-690eeda5-0cf1abd9-69bf81304958,1762586146734,Sync,16608.39,1762586146732,21.0.3.16,false,128,29.84,InvokeFunction,,,LATEST,1-690eee22-0c49fa-c44da2888005,OnDemand,,,1.23,
,CFF6118976523AD8F98948CDFB5A2CFF-27,1762586163,FCRequestMetrics:/n-matmul-128,272,272,,,14290.07,n-matmul-128,false,0fc3660777ab,,c-690eed85-0cf1abd9-4b579c30d7a8,1762586148726,Sync,14292.68,1762586148725,21.0.3.19,false,128,29.57,InvokeFunction,,,LATEST,1-690eee24-0c49fa-2aa032fdb22e,OnDemand,,,1.43,
,CEE887FB037E821185889FBE8CB6AF77-1C,1762586163,FCRequestMetrics:/n-matmul-128,274,274,,,14898.25,n-matmul-128,false,5d96d0e6f353,,c-690eeda9-0cf1abd9-eb584dd06982,1762586148363,Sync,14901.32,1762586148361,21.0.3.18,false,128,27.59,InvokeFunction,,,LATEST,1-690eee24-0c49fa-79bb495c3ad4,OnDemand,,,1.27,
,138C4DD02091A1A0F89BE9AFE1D56E0D-23,1762586163,FCRequestMetrics:/n-matmul-128,265,265,,,13994.05,n-matmul-128,false,e91af773f85a,,c-690eed96-0cf1abd9-3b29dfca5136,1762586149962,Sync,13995.50,1762586149961,21.0.3.18,false,128,24.65,InvokeFunction,,,LATEST,1-690eee25-0c0a43-09d8442bb52c,OnDemand,,,0.48,
,81EF45F19FD54F5A67E812650F7D4DE6-25,1762586163,FCRequestMetrics:/n-matmul-128,274,274,,,14694.05,n-matmul-128,false,4c9cc9d70b19,,c-690eed8d-0cf1abd9-586cb2c3c780,1762586148461,Sync,14698.11,1762586148459,21.0.3.12,false,128,22.24,InvokeFunction,,,LATEST,1-690eee24-0c49fa-fbd4c05c7cec,OnDemand,,,1.22,
,3B9C179DFD02BB282B27F2619A4251CD-1B,1762586163,FCRequestMetrics:/n-matmul-128,278,278,,,15411.00,n-matmul-128,false,6eb553e5eaff,,c-690eedaa-0cf1abd9-7c5cd4bbc1a0,1762586147812,Sync,15416.86,1762586147811,21.0.3.25,false,128,23.05,InvokeFunction,,,LATEST,1-690eee23-0c0a43-c76591bfdb78,OnDemand,,,0.54,
,C63420212FACF8878D1CF0F4AB9F2B5B-1D,1762586163,FCRequestMetrics:/n-matmul-128,275,275,,,15199.96,n-matmul-128,false,551a63055008,,c-690eeda8-0cf1abd9-bb4861715efd,1762586148028,Sync,15202.35,1762586148026,21.0.3.12,false,128,29.48,InvokeFunction,,,LATEST,1-690eee24-0c49fa-742fb03572c9,OnDemand,,,1.42,
,2255CA33B5278BAE9F851AD47714358B-26,1762586163,FCRequestMetrics:/n-matmul-128,271,271,,,14351.20,n-matmul-128,false,54cc386b80a2,,c-690eed96-0cf1abd9-3739867da5d5,1762586149101,Sync,14353.97,1762586149099,21.0.3.23,false,128,22.48,InvokeFunction,,,LATEST,1-690eee25-0c49fa-ffd7541bf3ee,OnDemand,,,0.92,
,BA6BE48CA24D7511A087B82B6A3FBB19-21,1762586163,FCRequestMetrics:/n-matmul-128,297,297,,,16947.89,n-matmul-128,false,ebc029f9743a,,c-690eed96-0cf1abd9-266e64073192,1762586146209,Sync,16950.79,1762586146208,21.0.3.10,false,128,21.90,InvokeFunction,,,LATEST,1-690eee22-0c49fa-88c12a3cf91b,OnDemand,,,1.40,
,854208CFC0E05FFDDD72E5ADF6DFFFF4-26,1762586164,FCRequestMetrics:/n-matmul-128,286,286,,,12677.56,n-matmul-128,false,6fbf459d1081,,c-690eed85-0cf1abd9-ab34e7bc676a,1762586151436,Sync,12679.46,1762586151434,21.0.3.22,false,128,28.02,InvokeFunction,,,LATEST,1-690eee27-0c49fa-3408efee0e06,OnDemand,,,0.91,
,54A8EF52FEEB808422ACE2DD57D8BC40-28,1762586164,FCRequestMetrics:/n-matmul-128,283,283,,,13011.42,n-matmul-128,false,8ea75ea0c289,,c-690eed85-0cf1abd9-e9c69a3d7dd0,1762586151187,Sync,13013.11,1762586151186,21.0.3.18,false,128,29.91,InvokeFunction,,,LATEST,1-690eee27-0c0a43-a91de43a6013,OnDemand,,,0.54,
,E98F2BCF2DED1F74ED59CCC9A89D0D4B-26,1762586164,FCRequestMetrics:/n-matmul-128,287,287,,,13167.09,n-matmul-128,false,8faa2a99de85,,c-690eed86-0cf1abd9-d8df9633eb55,1762586150912,Sync,13168.58,1762586150911,21.0.3.21,false,128,29.94,InvokeFunction,,,LATEST,1-690eee26-0c0a43-8b2419782257,OnDemand,,,0.58,
,3433EFF5035DFC81D88241B3272689AA-23,1762586164,FCRequestMetrics:/n-matmul-128,265,265,,,14221.06,n-matmul-128,false,c140f4eda296,,c-690eed96-0cf1abd9-4c27d9d9f1af,1762586150004,Sync,14226.25,1762586150000,21.0.3.13,false,128,24.42,InvokeFunction,,,LATEST,1-690eee25-0c49fa-9a5a6768a647,OnDemand,,,1.14,
,D19DEB46D930B5FFB4880807275B0C84-23,1762586164,FCRequestMetrics:/n-matmul-128,265,265,,,14113.70,n-matmul-128,false,469834073b90,,c-690eed96-0cf1abd9-e8d8f0ec69a4,1762586150001,Sync,14115.02,1762586150000,21.0.3.11,false,128,24.09,InvokeFunction,,,LATEST,1-690eee25-0c0a43-d0b91cea35a6,OnDemand,,,0.52,
,890DC515470C0D64B7BCB1DEAC8D6597-23,1762586164,FCRequestMetrics:/n-matmul-128,265,265,,,14462.33,n-matmul-128,false,ed39d36f7908,,c-690eed96-0cf1abd9-0e620186c5f3,1762586149997,Sync,14464.02,1762586149996,21.0.3.25,false,128,26.57,InvokeFunction,,,LATEST,1-690eee25-0c0a43-bc8407069732,OnDemand,,,0.62,
,DD2BC95C544ACAEDCAD224B59098EF74-25,1762586164,FCRequestMetrics:/n-matmul-128,265,265,,,14629.56,n-matmul-128,false,845e91b6cf6b,,c-690eed8d-0cf1abd9-2a8cc4f964bf,1762586149992,Sync,14631.80,1762586149990,21.0.3.13,false,128,23.79,InvokeFunction,,,LATEST,1-690eee25-0c49fa-3489b4d4daec,OnDemand,,,1.25,
,84A28E40EAE4F1B9B438DA8F49770703-1C,1762586164,FCRequestMetrics:/n-matmul-128,265,265,,,14318.90,n-matmul-128,false,e5434f6e0cce,,c-690eedaa-0cf1abd9-d51a3cdb5967,1762586150009,Sync,14321.01,1762586150008,21.0.3.19,false,128,23.49,InvokeFunction,,,LATEST,1-690eee26-0c49fa-ebd7fa87fea4,OnDemand,,,1.10,
,3E533AA8FAF2B84350E8C259DEC8E798-24,1762586164,FCRequestMetrics:/n-matmul-128,265,265,,,14169.38,n-matmul-128,false,04c7bf8df02f,,c-690eed96-0cf1abd9-474755af5c04,1762586150001,Sync,14173.23,1762586149999,21.0.3.10,false,128,22.58,InvokeFunction,,,LATEST,1-690eee25-0c49fa-92430c3e2dd0,OnDemand,,,1.20,
,E3C9ED0B2534F08C4630863A71EE6115-23,1762586164,FCRequestMetrics:/n-matmul-128,265,265,,,14217.32,n-matmul-128,false,87674caf583b,,c-690eed96-0cf1abd9-ae05907d43ad,1762586149986,Sync,14221.04,1762586149983,21.0.3.12,false,128,24.25,InvokeFunction,,,LATEST,1-690eee25-0c49fa-3e386a238fd9,OnDemand,,,1.11,
,B70395F3A021A5FF8871D46915C2FCC0-20,1762586164,FCRequestMetrics:/n-matmul-128,274,274,,,16220.43,n-matmul-128,false,88b44a48a990,,c-690eed96-0cf1abd9-7684f52346d2,1762586147855,Sync,16221.98,1762586147855,21.0.3.14,false,128,34.25,InvokeFunction,,,LATEST,1-690eee23-0c0a43-adcb6c3f2c00,OnDemand,,,0.43,
,B3D0E276D29FCA59C6A2FD9A6053BFF8-25,1762586164,FCRequestMetrics:/n-matmul-128,265,265,,,14373.99,n-matmul-128,false,8f00d7dabb61,,c-690eed96-0cf1abd9-f9cad621699b,1762586149980,Sync,14381.21,1762586149978,21.0.3.19,false,128,22.35,InvokeFunction,,,LATEST,1-690eee25-0c49fa-7124e4d9d90f,OnDemand,,,1.29,
,F4B8340AC50EC3E566ADB0C15725D8CD-1B,1762586164,FCRequestMetrics:/n-matmul-128,275,275,,,16076.49,n-matmul-128,false,d01135b2ff24,,c-690eeda5-0cf1abd9-865fb5ea7d12,1762586148195,Sync,16078.83,1762586148194,21.0.3.23,false,128,22.73,InvokeFunction,,,LATEST,1-690eee24-0c49fa-e061d184b9e6,OnDemand,,,1.24,
,A9D18AD4109C30D5E34A6CADD737B686-26,1762586164,FCRequestMetrics:/n-matmul-128,265,265,,,14252.35,n-matmul-128,false,07c49809bd2c,,c-690eed85-0cf1abd9-a441473e8758,1762586149954,Sync,14256.30,1762586149953,21.0.3.16,false,128,27.76,InvokeFunction,,,LATEST,1-690eee25-0c49fa-0df67349de7f,OnDemand,,,0.87,
,EF722833BE499284BAB5B89F1A306194-1D,1762586164,FCRequestMetrics:/n-matmul-128,267,267,,,14937.89,n-matmul-128,false,05f9081a497c,,c-690eeda8-0cf1abd9-1aac6742df61,1762586149234,Sync,14939.29,1762586149233,21.0.3.10,false,128,25.73,InvokeFunction,,,LATEST,1-690eee25-0c0a43-ce98d0828d07,OnDemand,,,0.54,
,CD41B0AD1C8EC375FCF48EF027FC064B-27,1762586164,FCRequestMetrics:/n-matmul-128,288,288,,,12814.80,n-matmul-128,false,83be9297cbaa,,c-690eed8d-0cf1abd9-ab9c8f59b975,1762586151739,Sync,12818.51,1762586151739,21.0.3.2,false,128,24.75,InvokeFunction,,,LATEST,1-690eee27-0c0a43-686802063acd,OnDemand,,,0.60,
,9DD0506AA2E1A2F0934A373557F44685-1C,1762586164,FCRequestMetrics:/n-matmul-128,265,265,,,14429.82,n-matmul-128,false,9ff6c72d49d6,,c-690eeda8-0cf1abd9-230be3e98307,1762586149944,Sync,14431.30,1762586149944,21.0.3.11,false,128,23.22,InvokeFunction,,,LATEST,1-690eee25-0c0a43-0f657c73fd43,OnDemand,,,0.47,
,66F11D02496EEE1D7BA3A4E6AB8BA6A5-1B,1762586164,FCRequestMetrics:/n-matmul-128,265,265,,,14342.32,n-matmul-128,false,bd9b5f0f3fc4,,c-690eeda9-0cf1abd9-f9f10a04e676,1762586149972,Sync,14344.29,1762586149971,21.0.3.21,false,128,27.36,InvokeFunction,,,LATEST,1-690eee25-0c0a43-40a7d9d39e4a,OnDemand,,,0.47,
,77A451B62F8AF08AF72FE07E1B84F5E0-1D,1762586164,FCRequestMetrics:/n-matmul-128,265,265,,,14018.52,n-matmul-128,false,0dcdb5385733,,c-690eeda9-0cf1abd9-1346167bcac0,1762586150001,Sync,14020.42,1762586149999,21.0.3.14,false,128,27.73,InvokeFunction,,,LATEST,1-690eee25-0c0a43-3c954e3d29c6,OnDemand,,,0.61,
,2D78B9AAD7920726510731B3A33EE102-1C,1762586164,FCRequestMetrics:/n-matmul-128,282,282,,,16822.91,n-matmul-128,false,09d6302afcc0,,c-690eeda5-0cf1abd9-72fae0c6b355,1762586147177,Sync,16829.55,1762586147175,21.0.3.18,false,128,27.86,InvokeFunction,,,LATEST,1-690eee23-0c49fa-b9001752fdb5,OnDemand,,,1.20,
,04F995287DA1DFFB1087C26FDCCA558E-23,1762586164,FCRequestMetrics:/n-matmul-128,265,265,,,14175.60,n-matmul-128,false,ae45e8272254,,c-690eed96-0cf1abd9-4f0e71ad03f2,1762586149968,Sync,14177.91,1762586149967,21.0.3.14,false,128,22.78,InvokeFunction,,,LATEST,1-690eee25-0c49fa-4b6478865aef,OnDemand,,,0.93,
,46452AD4646881BB08C6B59B48AEDFBA-24,1762586164,FCRequestMetrics:/n-matmul-128,274,274,,,15531.85,n-matmul-128,false,db5d7adaa422,,c-690eed8d-0cf1abd9-7d73f845b0a5,1762586148484,Sync,15542.58,1762586148482,21.0.3.12,false,128,22.50,InvokeFunction,,,LATEST,1-690eee24-0c49fa-dd03ed745f45,OnDemand,,,1.41,
,2E495B2CAC791BF5DF5ED6AA835AFB7D-25,1762586164,FCRequestMetrics:/n-matmul-128,274,274,,,16270.01,n-matmul-128,false,a1e594fd58b9,,c-690eed96-0cf1abd9-438cb8917382,1762586147856,Sync,16273.10,1762586147854,21.0.3.3,false,128,22.37,InvokeFunction,,,LATEST,1-690eee23-0c0a43-1aca15d58309,OnDemand,,,0.52,
,3DF53618FF507B28D295EA10C5C40468-1D,1762586164,FCRequestMetrics:/n-matmul-128,275,275,,,16071.83,n-matmul-128,false,07dcf957ed19,,c-690eeda5-0cf1abd9-879c7e385fb6,1762586148107,Sync,16082.45,1762586148106,21.0.3.10,false,128,23.96,InvokeFunction,,,LATEST,1-690eee24-0c0a43-4400addc4f4c,OnDemand,,,0.61,
,4E6EE341D6B7F4B5F00204E676B0421F-1F,1762586164,FCRequestMetrics:/n-matmul-128,265,265,,,14367.20,n-matmul-128,false,511d80c68358,,c-690eed8d-0cf1abd9-efed7d33773f,1762586149946,Sync,14369.00,1762586149945,21.0.3.18,false,128,24.20,InvokeFunction,,,LATEST,1-690eee25-0c49fa-4fa848dc4001,OnDemand,,,0.94,
,6A8383338392512084A14C3EC7DB7CCC-24,1762586164,FCRequestMetrics:/n-matmul-128,265,265,,,14287.80,n-matmul-128,false,d95f8edd3264,,c-690eed8d-0cf1abd9-54a1d269f410,1762586149944,Sync,14289.79,1762586149942,21.0.3.15,false,128,24.29,InvokeFunction,,,LATEST,1-690eee25-0c49fa-21034dc026df,OnDemand,,,1.14,
,58CCD2DE8E2B0B4D1F6EB957F7930236-26,1762586164,FCRequestMetrics:/n-matmul-128,262,262,,,14279.98,n-matmul-128,false,6736357c0448,,c-690eed85-0cf1abd9-39066bb81db1,1762586149769,Sync,14282.32,1762586149768,21.0.3.13,false,128,27.94,InvokeFunction,,,LATEST,1-690eee25-0c49fa-fbbf438fdd50,OnDemand,,,0.90,
,42E890D6520D105A9B16A20A2B52D801-1E,1762586164,FCRequestMetrics:/n-matmul-128,265,265,,,14879.18,n-matmul-128,false,94b02dd0f401,,c-690eeda9-0cf1abd9-9011fb8320b3,1762586149532,Sync,14881.51,1762586149531,21.0.3.3,false,128,32.23,InvokeFunction,,,LATEST,1-690eee25-0c49fa-4cb8d56f9f2d,OnDemand,,,1.35,
,21A4B0901367BD0C28B579B375001259-20,1762586164,FCRequestMetrics:/n-matmul-128,265,265,,,14837.28,n-matmul-128,false,387d318bc5da,,c-690eeda9-0cf1abd9-e3fe59758c3d,1762586149550,Sync,14839.69,1762586149548,21.0.3.7,false,128,21.93,InvokeFunction,,,LATEST,1-690eee25-0c49fa-e114475edaca,OnDemand,,,1.39,
,CBEBEE735FA2FF6333D0144E3B04208F-18,1762586164,FCRequestMetrics:/n-matmul-128,297,297,,,18151.45,n-matmul-128,false,5205f404b91e,,c-690eedaf-0cf1abd9-dbdd1b76a908,1762586145869,Sync,18153.09,1762586145868,21.0.3.24,false,128,27.18,InvokeFunction,,,LATEST,1-690eee21-0c0a43-2126a342a331,OnDemand,,,0.56,
,35684BB25099CBEDA839F3453B345BB7-24,1762586164,FCRequestMetrics:/n-matmul-128,265,265,,,14332.30,n-matmul-128,false,4704e96ceb34,,c-690eed8d-0cf1abd9-0b031bc7876b,1762586149937,Sync,14334.02,1762586149936,21.0.3.16,false,128,24.35,InvokeFunction,,,LATEST,1-690eee25-0c49fa-c7b2c3715d64,OnDemand,,,0.90,
,06C1AECF0F54657A09035580DC6D0DB0-24,1762586164,FCRequestMetrics:/n-matmul-128,265,265,,,14337.99,n-matmul-128,false,d73180f2ad0e,,c-690eed8d-0cf1abd9-22bbe3b454d8,1762586149935,Sync,14339.41,1762586149934,21.0.3.22,false,128,24.34,InvokeFunction,,,LATEST,1-690eee25-0c0a43-9a1d75a92e79,OnDemand,,,0.56,
,54FD7E1C16E33CD5A572B96CB27C6F6C-25,1762586164,FCRequestMetrics:/n-matmul-128,265,265,,,14817.04,n-matmul-128,false,e563746bf006,,c-690eed96-0cf1abd9-aba818b27a54,1762586149490,Sync,14818.75,1762586149489,21.0.3.25,false,128,22.16,InvokeFunction,,,LATEST,1-690eee25-0c49fa-1dd470fa8a62,OnDemand,,,0.90,
,7CD416EB1ACE12AA7AC4343AE959C347-19,1762586164,FCRequestMetrics:/n-matmul-128,295,295,,,19533.01,n-matmul-128,false,ae49e46b8d18,,c-690eedaf-0cf1abd9-be78ecad56f3,1762586144735,Sync,19540.40,1762586144728,21.0.3.17,false,128,27.66,InvokeFunction,,,LATEST,1-690eee20-0c49fa-e32d962d5a8d,OnDemand,,,0.91,
,10ABC85774F8B9CC368A825065BA6401-1D,1762586164,FCRequestMetrics:/n-matmul-128,278,278,,,16270.86,n-matmul-128,false,fc82228fa9b1,,c-690eeda5-0cf1abd9-1b827a888ff3,1762586147781,Sync,16273.09,1762586147780,21.0.3.13,false,128,27.51,InvokeFunction,,,LATEST,1-690eee23-0c0a43-3bb9a50753c5,OnDemand,,,0.53,
,FAAE9D66D514066559F6F43F02221FE3-21,1762586164,FCRequestMetrics:/n-matmul-128,275,275,,,16409.67,n-matmul-128,false,c90c3b43cf3a,,c-690eed96-0cf1abd9-dd88698fca86,1762586148202,Sync,16411.39,1762586148201,21.0.3.9,false,128,21.74,InvokeFunction,,,LATEST,1-690eee24-0c0a43-61896e795c30,OnDemand,,,0.56,
,5CA892A8CA0A24989C4731381529FB34-23,1762586164,FCRequestMetrics:/n-matmul-128,287,287,,,13340.71,n-matmul-128,false,2e11fae8268d,,c-690eed96-0cf1abd9-77c3d2a5e2ce,1762586151612,Sync,13347.45,1762586151607,21.0.3.20,false,128,22.15,InvokeFunction,,,LATEST,1-690eee27-0c49fa-c2e07a783cd4,OnDemand,,,1.11,
,2FB111C80D55ADD6741728DC024D9859-18,1762586164,FCRequestMetrics:/n-matmul-128,285,285,,,60000.00,n-matmul-128,true,e39bf72b32e8,,c-690eeda5-0cf1abd9-fff5328a1511,1762586104234,Sync,60623.12,1762586104233,21.0.3.20,false,128,2.35,InvokeFunction,,,LATEST,1-690eedf8-0c49fa-ded655a6e2e0,OnDemand,,,1.46,,"{""errorType"":""FunctionTimeoutError""}"
,8E2E03ED22CC6F2DFE55EB8B1A864060-21,1762586165,FCRequestMetrics:/n-matmul-128,265,265,,,15229.63,n-matmul-128,false,cff987abda6a,,c-690eed96-0cf1abd9-e42e31309781,1762586149987,Sync,15231.53,1762586149986,21.0.3.10,false,128,22.05,InvokeFunction,,,LATEST,1-690eee25-0c49fa-2114e279ffd8,OnDemand,,,0.95,
,E83713E0537D2729383D69DFF4C2841B-26,1762586165,FCRequestMetrics:/n-matmul-128,279,279,,,17970.05,n-matmul-128,false,1e9a879a9ce3,,c-690eed86-0cf1abd9-bf3f65b56cbd,1762586147240,Sync,17974.29,1762586147239,21.0.3.8,false,128,21.72,InvokeFunction,,,LATEST,1-690eee23-0c49fa-59b767b7198b,OnDemand,,,1.38,
,8F3A423823DC52F503BC724CE6C60804-1B,1762586165,FCRequestMetrics:/n-matmul-128,265,265,,,15389.43,n-matmul-128,false,f5890c8c5a5b,,c-690eeda5-0cf1abd9-697fc0458885,1762586149956,Sync,15392.84,1762586149955,21.0.3.25,false,128,21.86,InvokeFunction,,,LATEST,1-690eee25-0c0a43-4dde6ff0e83f,OnDemand,,,0.50,
,283F17FB9C9798583A913C144D41C342-26,1762586165,FCRequestMetrics:/n-matmul-128,274,274,,,17366.92,n-matmul-128,false,4703378e3174,,c-690eed86-0cf1abd9-4e796d80ba23,1762586147883,Sync,17368.49,1762586147882,21.0.3.9,false,128,24.04,InvokeFunction,,,LATEST,1-690eee23-0c0a43-975e6ca4f9c6,OnDemand,,,0.52,
,EBC26A7000C29ACFC3147F56410DAFC8-21,1762586165,FCRequestMetrics:/n-matmul-128,267,267,,,16089.45,n-matmul-128,false,ec97bbe6dd57,,c-690eed96-0cf1abd9-da0cdb0222d5,1762586149172,Sync,16093.86,1762586149171,21.0.3.15,false,128,21.99,InvokeFunction,,,LATEST,1-690eee25-0c0a43-f8827806f03c,OnDemand,,,0.53,
,781F1588896B086D7B9525CF26E327EB-1C,1762586165,FCRequestMetrics:/n-matmul-128,267,267,,,15919.43,n-matmul-128,false,4caf80074898,,c-690eeda5-0cf1abd9-14bb1cc6f364,1762586149208,Sync,15920.97,1762586149208,21.0.3.24,false,128,27.79,InvokeFunction,,,LATEST,1-690eee25-0c0a43-d137a0facd26,OnDemand,,,0.49,
,3D18AA0F2F2BEC29E06D342ABCC8325D-21,1762586165,FCRequestMetrics:/n-matmul-128,268,268,,,16119.70,n-matmul-128,false,98fe8105b4b7,,c-690eed96-0cf1abd9-769da4154e8d,1762586149410,Sync,16122.21,1762586149408,21.0.3.8,false,128,27.36,InvokeFunction,,,LATEST,1-690eee25-0c49fa-1a7ff8d86035,OnDemand,,,1.35,
,8BD4AD9E3D09406FDF72A2C557E65602-24,1762586165,FCRequestMetrics:/n-matmul-128,262,262,,,15072.12,n-matmul-128,false,b921ac706f30,,c-690eed8d-0cf1abd9-a5d5bfafa5f0,1762586149933,Sync,15073.63,1762586149933,21.0.3.20,false,128,22.40,InvokeFunction,,,LATEST,1-690eee25-0c0a43-771e9a45ded9,OnDemand,,,0.47,
,8BF05F1C242706C79550D7B32CA90C86-24,1762586165,FCRequestMetrics:/n-matmul-128,287,287,,,13667.31,n-matmul-128,false,54332440cef2,,c-690eed96-0cf1abd9-e216e2341a60,1762586151535,Sync,13670.72,1762586151534,21.0.3.24,false,128,22.34,InvokeFunction,,,LATEST,1-690eee27-0c0a43-311d7a39ff45,OnDemand,,,0.54,
,3FA5063DFE5456024B083E53482C60F0-24,1762586165,FCRequestMetrics:/n-matmul-128,283,283,,,13944.58,n-matmul-128,false,3222ec60138b,,c-690eed96-0cf1abd9-dee09d3a553a,1762586151290,Sync,13946.25,1762586151289,21.0.3.22,false,128,22.38,InvokeFunction,,,LATEST,1-690eee27-0c0a43-d2ef18b53d32,OnDemand,,,0.54,
,C3D70BE59EDDE2E3BAD7D26871BEFCC2-26,1762586165,FCRequestMetrics:/n-matmul-128,283,283,,,13961.38,n-matmul-128,false,5c7d778afaae,,c-690eed8d-0cf1abd9-f42778f29da4,1762586151226,Sync,13963.59,1762586151225,21.0.3.17,false,128,22.46,InvokeFunction,,,LATEST,1-690eee27-0c0a43-c248d8b08949,OnDemand,,,0.52,
,71B50CCCFCB17E1646B11A2BE0A08D93-21,1762586165,FCRequestMetrics:/n-matmul-128,275,275,,,16877.35,n-matmul-128,false,58ac22b3424d,,c-690eed96-0cf1abd9-7899d50458f3,1762586148182,Sync,16879.12,1762586148181,21.0.3.13,false,128,32.29,InvokeFunction,,,LATEST,1-690eee24-0c0a43-f94b603f20f4,OnDemand,,,0.73,
,8E2E03ED22CC6F2DFE55EB8B1A864060-22,1762586165,FCRequestMetrics:/n-matmul-128,89,89,,,0.03,n-matmul-128,true,cff987abda6a,,c-690eed96-0cf1abd9-e42e31309781,1762586165228,Sync,643.47,1762586165226,21.0.3.10,false,128,2.08,InvokeFunction,,,LATEST,1-690eee35-0c49fa-77e23f5f1ef0,OnDemand,,,1.19,,"{""errorType"":""FunctionAbnormalExitError""}"
,A912C88EFEEFC4B218F7735CF74E673B-1B,1762586166,FCRequestMetrics:/n-matmul-128,281,281,,,14100.25,n-matmul-128,false,c124df2e904b,,c-690eeda8-0cf1abd9-66b5ac8b3f4b,1762586152164,Sync,14101.88,1762586152163,21.0.3.13,false,128,21.96,InvokeFunction,,,LATEST,1-690eee28-0c0a43-77ac2815b858,OnDemand,,,0.51,
,545DE9BD42C98B996C6808C99D114C47-1C,1762586166,FCRequestMetrics:/n-matmul-128,265,265,,,16146.56,n-matmul-128,false,0a0aaa3564b0,,c-690eeda5-0cf1abd9-c9445681ee20,1762586150007,Sync,16148.20,1762586150006,21.0.3.22,false,128,25.98,InvokeFunction,,,LATEST,1-690eee26-0c49fa-4b659ad3ce16,OnDemand,,,0.79,
,EB162AD5CEDC859E0500DC7BBAC4AEA6-24,1762586166,FCRequestMetrics:/n-matmul-128,265,265,,,16035.48,n-matmul-128,false,01cff2362e74,,c-690eed84-0cf1abd9-71a3383f4ef8,1762586150011,Sync,16067.79,1762586149993,21.0.3.24,false,128,22.03,InvokeFunction,,,LATEST,1-690eee25-0c49fa-6152991992ea,OnDemand,,,0.82,
,64F0BBA7C58980066176C33658FB272D-22,1762586166,FCRequestMetrics:/n-matmul-128,265,265,,,16101.39,n-matmul-128,false,8f8cb0ae0fff,,c-690eed96-0cf1abd9-556eeff7996f,1762586149965,Sync,16110.11,1762586149964,21.0.3.12,false,128,23.54,InvokeFunction,,,LATEST,1-690eee25-0c49fa-01a6cc23d7a5,OnDemand,,,0.92,
,9A69A015E836A893BB9F5FED7403265F-21,1762586166,FCRequestMetrics:/n-matmul-128,267,267,,,16873.57,n-matmul-128,false,8be9fbcef600,,c-690eed96-0cf1abd9-94394623246b,1762586149307,Sync,16876.76,1762586149305,21.0.3.12,false,128,26.97,InvokeFunction,,,LATEST,1-690eee25-0c49fa-274a600392e4,OnDemand,,,1.39,
,B4A81EAA9A610DB6D6C5F8ED3BF0C5D3-21,1762586166,FCRequestMetrics:/n-matmul-128,262,262,,,16241.39,n-matmul-128,false,5618ff7e0c38,,c-690eed96-0cf1abd9-fe06c54f6777,1762586149933,Sync,16243.73,1762586149932,21.0.3.14,false,128,21.99,InvokeFunction,,,LATEST,1-690eee25-0c49fa-f1c226a366e1,OnDemand,,,0.94,
,B79079C424E0F07A8A390B193B002836-20,1762586166,FCRequestMetrics:/n-matmul-128,286,286,,,15538.54,n-matmul-128,false,692d15f70bf3,,c-690eed96-0cf1abd9-d94777f4e8e6,1762586150667,Sync,15540.68,1762586150666,21.0.3.23,false,128,34.07,InvokeFunction,,,LATEST,1-690eee26-0c0a43-514bb37df9e3,OnDemand,,,0.62,
,6FC75B3DB8851234D07B138AD96FC0A5-26,1762586166,FCRequestMetrics:/n-matmul-128,272,272,,,17338.10,n-matmul-128,false,6b4a94db578b,,c-690eed84-0cf1abd9-be1633f0d0dd,1762586148903,Sync,17342.56,1762586148899,21.0.3.2,false,128,22.32,InvokeFunction,,,LATEST,1-690eee24-0c0a43-ee31b3cdff66,OnDemand,,,0.55,
,22E1961764567BF39BC1317D4E5807AC-1D,1762586166,FCRequestMetrics:/n-matmul-128,265,265,,,16021.63,n-matmul-128,false,93bd50466c24,,c-690eeda5-0cf1abd9-de9e4196dfb2,1762586149990,Sync,16023.05,1762586149989,21.0.3.12,false,128,21.80,InvokeFunction,,,LATEST,1-690eee25-0c0a43-f85a886022f8,OnDemand,,,0.47,
,6175108D96D0CF70554B3773E70F8DCB-1A,1762586166,FCRequestMetrics:/n-matmul-128,265,265,,,17515.22,n-matmul-128,false,e9351adb9afb,,c-690eedaf-0cf1abd9-548ac2e2b910,1762586149455,Sync,17517.41,1762586149455,21.0.3.23,false,128,29.47,InvokeFunction,,,LATEST,1-690eee25-0c0a43-b2ab561b671a,OnDemand,,,0.47,
,10CB9614FCA0A556028B38DC7845A739-20,1762586166,FCRequestMetrics:/n-matmul-128,265,265,,,16109.62,n-matmul-128,false,5a545ca9f709,,c-690eed96-0cf1abd9-95270fc2164f,1762586149944,Sync,16112.05,1762586149943,21.0.3.11,false,128,21.72,InvokeFunction,,,LATEST,1-690eee25-0c49fa-3782f6b58ffe,OnDemand,,,1.22,
,F049A05B05E229468359356494790421-1D,1762586166,FCRequestMetrics:/n-matmul-128,282,282,,,13968.20,n-matmul-128,false,a743b3598854,,c-690eeda8-0cf1abd9-ed6740a826c3,1762586152261,Sync,13970.74,1762586152259,21.0.3.18,false,128,22.18,InvokeFunction,,,LATEST,1-690eee28-0c49fa-777b7431d47f,OnDemand,,,1.41,
,5A317EA240DC46C4E15B8D2E97337C21-25,1762586166,FCRequestMetrics:/n-matmul-128,265,265,,,16180.68,n-matmul-128,false,b656f39d8746,,c-690eed86-0cf1abd9-84d2db55a180,1762586149988,Sync,16182.88,1762586149986,21.0.3.3,false,128,24.05,InvokeFunction,,,LATEST,1-690eee25-0c0a43-3a5f6ffad5ec,OnDemand,,,0.47,
,EC8C35753894B5B9AF0DA4DB7FE9A13B-1D,1762586166,FCRequestMetrics:/n-matmul-128,278,278,,,13507.34,n-matmul-128,false,14f78ff3edc2,,c-690eeda8-0cf1abd9-dbfce724cac6,1762586152689,Sync,13509.99,1762586152688,21.0.3.23,false,128,27.08,InvokeFunction,,,LATEST,1-690eee28-0c49fa-acea86fc0f7a,OnDemand,,,1.41,
,EB162AD5CEDC859E0500DC7BBAC4AEA6-23,1762586166,FCRequestMetrics:/n-matmul-128,76,76,,,0.03,n-matmul-128,true,01cff2362e74,,c-690eed84-0cf1abd9-71a3383f4ef8,1762586166156,Sync,435.52,1762586166154,21.0.3.24,false,128,2.02,InvokeFunction,,,LATEST,1-690eee36-0c49fa-986f2ee43169,OnDemand,,,1.41,,"{""errorType"":""FunctionAbnormalExitError""}"
,64F0BBA7C58980066176C33658FB272D-21,1762586166,FCRequestMetrics:/n-matmul-128,76,76,,,0.03,n-matmul-128,true,8f8cb0ae0fff,,c-690eed96-0cf1abd9-556eeff7996f,1762586166154,Sync,595.44,1762586166154,21.0.3.12,false,128,4.05,InvokeFunction,,,LATEST,1-690eee36-0c0a43-70477959e3f6,OnDemand,,,0.66,,"{""errorType"":""FunctionAbnormalExitError""}"
,945898D0AF47D153C60C831EFEA93697-20,1762586167,FCRequestMetrics:/n-matmul-128,287,287,,,16359.20,n-matmul-128,false,175f45e7fcbd,,c-690eed96-0cf1abd9-9f8f06b7bb4c,1762586150839,Sync,16362.14,1762586150837,21.0.3.17,false,128,21.73,InvokeFunction,,,LATEST,1-690eee26-0c49fa-c31e840c6f2b,OnDemand,,,1.22,
,1B5486964AC6624C37E4AC052D573C0C-1B,1762586167,FCRequestMetrics:/n-matmul-128,272,272,,,18210.03,n-matmul-128,false,e1d941687761,,c-690eedaf-0cf1abd9-f376d98bdc18,1762586148793,Sync,18213.09,1762586148792,21.0.3.25,false,128,27.32,InvokeFunction,,,LATEST,1-690eee24-0c49fa-d003318b03de,OnDemand,,,1.35,
,3DBC61790B9142DDBEDCD6134BB09E3F-26,1762586167,FCRequestMetrics:/n-matmul-128,287,287,,,16589.39,n-matmul-128,false,a28f13fec6d7,,c-690eed84-0cf1abd9-47616b0fcd20,1762586150460,Sync,16591.89,1762586150458,21.0.3.10,false,128,20.46,InvokeFunction,,,LATEST,1-690eee26-0c49fa-5fc71568eb13,OnDemand,,,1.43,
,0048D2107E68C0AF59F0E03E3C5D236C-1E,1762586167,FCRequestMetrics:/n-matmul-128,258,258,,,12744.87,n-matmul-128,false,aeee4fbdde24,,c-690eeda9-0cf1abd9-80c24ee76e6d,1762586155224,Sync,12749.96,1762586155222,21.0.3.8,false,128,27.14,InvokeFunction,,,LATEST,1-690eee2b-0c49fa-ae638096dd47,OnDemand,,,1.26,
,4A03F83F646B3D7AC82B0CB38EE7F6F6-26,1762586167,FCRequestMetrics:/n-matmul-128,285,285,,,15748.92,n-matmul-128,false,d4ea97bb496c,,c-690eed84-0cf1abd9-bf53a1f50706,1762586151337,Sync,15750.34,1762586151336,21.0.3.3,false,128,21.92,InvokeFunction,,,LATEST,1-690eee27-0c0a43-8c26389a57aa,OnDemand,,,0.52,
,8E8ED45746BF551481A42C9EC0C0938D-1C,1762586167,FCRequestMetrics:/n-matmul-128,285,285,,,16019.02,n-matmul-128,false,4e78e1f0ba00,,c-690eeda5-0cf1abd9-1766bd825c2f,1762586151108,Sync,16021.18,1762586151107,21.0.3.21,false,128,21.74,InvokeFunction,,,LATEST,1-690eee27-0c49fa-ce2f34dd09f7,OnDemand,,,1.23,
,7B54E33FC4EF59F9EB611D0DD33DB1AD-27,1762586167,FCRequestMetrics:/n-matmul-128,281,281,,,15766.74,n-matmul-128,false,57decdb25f9e,,c-690eed83-0cf1abd9-0a57e9e3d12f,1762586152176,Sync,15772.88,1762586152175,21.0.3.8,false,128,22.38,InvokeFunction,,,LATEST,1-690eee28-0c49fa-73a8befcbe47,OnDemand,,,0.91,
,91991638294952C1215BFC323DBD0655-26,1762586167,FCRequestMetrics:/n-matmul-128,282,282,,,15692.05,n-matmul-128,false,5abe5fd26a6c,,c-690eed83-0cf1abd9-74cc7252fb9e,1762586152282,Sync,15693.71,1762586152281,21.0.3.2,false,128,24.27,InvokeFunction,,,LATEST,1-690eee28-0c0a43-6d9b18ec6756,OnDemand,,,0.56,
,E73296BB4FF98C51BFC0649F2F271CC3-1C,1762586167,FCRequestMetrics:/n-matmul-128,252,252,,,12886.40,n-matmul-128,false,59d36ceba10f,,c-690eeda8-0cf1abd9-e68ef267c2b5,1762586154251,Sync,12888.92,1762586154249,21.0.3.15,false,128,27.13,InvokeFunction,,,LATEST,1-690eee2a-0c49fa-bd06fd966303,OnDemand,,,1.21,
,0BD475407873CF39B1CA595256226051-1C,1762586167,FCRequestMetrics:/n-matmul-128,254,254,,,13327.93,n-matmul-128,false,83139df080ef,,c-690eeda9-0cf1abd9-42b948b2a68c,1762586153804,Sync,13329.35,1762586153803,21.0.3.25,false,128,27.47,InvokeFunction,,,LATEST,1-690eee29-0c0a43-22e1920aaf08,OnDemand,,,0.57,
,529E5C7FB42ABB8742B7C8F9D897AD63-22,1762586167,FCRequestMetrics:/n-matmul-128,281,281,,,15816.44,n-matmul-128,false,f84b5136dce2,,c-690eed96-0cf1abd9-9ebb1a976fe6,1762586152159,Sync,15819.71,1762586152158,21.0.3.21,false,128,21.57,InvokeFunction,,,LATEST,1-690eee28-0c49fa-a7e9ae40f182,OnDemand,,,1.41,
,E0E0F357761D0248261EE2F10BB55343-20,1762586168,FCRequestMetrics:/n-matmul-128,283,283,,,16942.13,n-matmul-128,false,44413e12b2a5,,c-690eed96-0cf1abd9-2eb0d31dc6a8,1762586151208,Sync,16943.87,1762586151207,21.0.3.20,false,128,26.71,InvokeFunction,,,LATEST,1-690eee27-0c0a43-47e91b7fd7ca,OnDemand,,,0.56,
,E9B4BB61A0BA18E9756EE7B0B19180D4-26,1762586168,FCRequestMetrics:/n-matmul-128,262,262,,,13573.03,n-matmul-128,false,b1fafcece7b1,,c-690eed8d-0cf1abd9-909a8a51e440,1762586154453,Sync,13574.97,1762586154452,21.0.3.11,false,128,27.57,InvokeFunction,,,LATEST,1-690eee2a-0c49fa-1d0de636bd17,OnDemand,,,0.78,
,757982FB0EC94F0DBBC2760980FCB266-26,1762586168,FCRequestMetrics:/n-matmul-128,249,249,,,12385.02,n-matmul-128,false,6448ba91ff26,,c-690eed8d-0cf1abd9-28761e13241d,1762586155819,Sync,12386.90,1762586155817,21.0.3.10,false,128,28.05,InvokeFunction,,,LATEST,1-690eee2b-0c49fa-73acdd9c746c,OnDemand,,,1.09,
,849194F1147E7DC7497DCF82D54F9C08-25,1762586168,FCRequestMetrics:/n-matmul-128,283,283,,,16777.19,n-matmul-128,false,f70324bffef3,,c-690eed84-0cf1abd9-74ad9309d09c,1762586151308,Sync,16779.25,1762586151306,21.0.3.9,false,128,23.95,InvokeFunction,,,LATEST,1-690eee27-0c49fa-7b66cf3005f5,OnDemand,,,1.14,
,BC7D406DCB03E5F0740A7972675CF2F0-26,1762586168,FCRequestMetrics:/n-matmul-128,281,281,,,15907.05,n-matmul-128,false,fec3919de42b,,c-690eed86-0cf1abd9-a3cf507306a7,1762586152159,Sync,15909.71,1762586152157,21.0.3.10,false,128,22.12,InvokeFunction,,,LATEST,1-690eee28-0c49fa-56ab6acd0097,OnDemand,,,1.07,
,2F8E8E9909DF7E4E4F6C84108E3E6391-20,1762586168,FCRequestMetrics:/n-matmul-128,275,275,,,15190.26,n-matmul-128,false,cec312802329,,c-690eed96-0cf1abd9-acd053f7b558,1762586152866,Sync,15192.27,1762586152866,21.0.3.16,false,128,26.65,InvokeFunction,,,LATEST,1-690eee28-0c0a43-76c441830906,OnDemand,,,0.54,
,0BC7559A97094DA3F46167601878453D-1E,1762586168,FCRequestMetrics:/n-matmul-128,252,252,,,13924.72,n-matmul-128,false,75f4143da4af,,c-690eeda8-0cf1abd9-4970429639af,1762586154109,Sync,13926.13,1762586154109,21.0.3.19,false,128,27.48,InvokeFunction,,,LATEST,1-690eee2a-0c0a43-132130afb0a8,OnDemand,,,0.57,
,E94FAD7DFC0D7C430A1E1579F49C2CB6-26,1762586168,FCRequestMetrics:/n-matmul-128,268,268,,,14929.21,n-matmul-128,false,357862df7f73,,c-690eed86-0cf1abd9-f59485cce75a,1762586153185,Sync,14936.10,1762586153184,21.0.3.12,false,128,22.35,InvokeFunction,,,LATEST,1-690eee29-0c0a43-afea7e0c8f46,OnDemand,,,0.51,
,9A69A015E836A893BB9F5FED7403265F-22,1762586168,FCRequestMetrics:/n-matmul-128,76,76,,,0.03,n-matmul-128,true,8be9fbcef600,,c-690eed96-0cf1abd9-94394623246b,1762586166195,Sync,1985.54,1762586166193,21.0.3.12,false,128,2.06,InvokeFunction,,,LATEST,1-690eee36-0c49fa-3f28b66e49b5,OnDemand,,,1.45,,"{""errorType"":""FunctionAbnormalExitError""}"
,B521370D3A6E26470A494F1D2AAFFA3F-22,1762586168,FCRequestMetrics:/n-matmul-128,286,286,,,15977.77,n-matmul-128,false,602c844bf99d,,c-690eed96-0cf1abd9-1fcc961447a6,1762586152039,Sync,15979.45,1762586152038,21.0.3.23,false,128,28.76,InvokeFunction,,,LATEST,1-690eee28-0c0a43-9164cbe1a231,OnDemand,,,0.59,
,AD2D061C819899739344C7154478FB9D-24,1762586168,FCRequestMetrics:/n-matmul-128,252,252,,,14719.48,n-matmul-128,false,3e0e6ec3c35c,,c-690eed89-0cf1abd9-2892cad8d6af,1762586154276,Sync,14730.82,1762586154265,21.0.3.18,false,128,22.28,InvokeFunction,,,LATEST,1-690eee2a-0c0a43-f0ed42032dd1,OnDemand,,,0.49,
,B4A81EAA9A610DB6D6C5F8ED3BF0C5D3-22,1762586168,FCRequestMetrics:/n-matmul-128,76,76,,,0.04,n-matmul-128,true,5618ff7e0c38,,c-690eed96-0cf1abd9-fe06c54f6777,1762586166223,Sync,1971.48,1762586166221,21.0.3.14,false,128,2.19,InvokeFunction,,,LATEST,1-690eee36-0c49fa-04430df2b934,OnDemand,,,1.27,,"{""errorType"":""FunctionAbnormalExitError""}"
,793EEF9B741682B7CE08F12987FEEDB3-27,1762586168,FCRequestMetrics:/n-matmul-128,252,252,,,13903.38,n-matmul-128,false,752a8680e720,,c-690eed8d-0cf1abd9-b4396f6c1b61,1762586154249,Sync,13905.05,1762586154248,21.0.3.3,false,128,27.95,InvokeFunction,,,LATEST,1-690eee2a-0c0a43-3a027ad96d88,OnDemand,,,0.48,
,B79079C424E0F07A8A390B193B002836-22,1762586168,FCRequestMetrics:/n-matmul-128,76,76,,,0.03,n-matmul-128,true,692d15f70bf3,,c-690eed96-0cf1abd9-d94777f4e8e6,1762586166220,Sync,1924.68,1762586166216,21.0.3.23,false,128,4.06,InvokeFunction,,,LATEST,1-690eee36-0c49fa-3435f23e18d7,OnDemand,,,1.15,,"{""errorType"":""FunctionAbnormalExitError""}"
,601984C4C767B3AE29155A0CBC717A02-25,1762586168,FCRequestMetrics:/n-matmul-128,262,262,,,14463.42,n-matmul-128,false,18fcdff65652,,c-690eed84-0cf1abd9-c1ce786e1019,1762586154526,Sync,14468.39,1762586154524,21.0.3.14,false,128,22.21,InvokeFunction,,,LATEST,1-690eee2a-0c49fa-bfc24dd2896e,OnDemand,,,1.14,
,FE62E48614DA949DAF3789D4806A512D-26,1762586168,FCRequestMetrics:/n-matmul-128,249,249,,,14845.69,n-matmul-128,false,4823d83c18dc,,c-690eed89-0cf1abd9-5b9582f39990,1762586154152,Sync,14848.54,1762586154151,21.0.3.17,false,128,22.18,InvokeFunction,,,LATEST,1-690eee2a-0c0a43-3b8756609131,OnDemand,,,0.53,
,1A862A83A1BC2442878624F07715F018-20,1762586169,FCRequestMetrics:/n-matmul-128,249,249,,,15834.28,n-matmul-128,false,efc22426a1fd,,c-690eed96-0cf1abd9-cf74302865f9,1762586154161,Sync,15835.79,1762586154160,21.0.3.21,false,128,22.02,InvokeFunction,,,LATEST,1-690eee2a-0c0a43-a96da041b897,OnDemand,,,0.50,
,803897D30563305B6DBC05E884EC8EC2-1F,1762586169,FCRequestMetrics:/n-matmul-128,262,262,,,15536.18,n-matmul-128,false,2a6f3444e7b4,,c-690eed96-0cf1abd9-1ae336fb64b1,1762586154454,Sync,15538.45,1762586154453,21.0.3.18,false,128,21.88,InvokeFunction,,,LATEST,1-690eee2a-0c0a43-0a1b67ed689b,OnDemand,,,0.50,
,F61B1071476942D4F7B55629DD659612-1F,1762586169,FCRequestMetrics:/n-matmul-128,252,252,,,14789.77,n-matmul-128,false,b611341e3558,,c-690eed96-0cf1abd9-fa1cd72521fa,1762586154258,Sync,14791.17,1762586154258,21.0.3.17,false,128,27.75,InvokeFunction,,,LATEST,1-690eee2a-0c0a43-71f3cca9c009,OnDemand,,,0.45,
,ECE2A195B7556DEA0917BC84976EED68-26,1762586169,FCRequestMetrics:/n-matmul-128,258,258,,,13908.93,n-matmul-128,false,f7238f4600dd,,c-690eed85-0cf1abd9-5f1a2196a420,1762586155105,Sync,13910.38,1762586155105,21.0.3.25,false,128,27.69,InvokeFunction,,,LATEST,1-690eee2b-0c0a43-f2475adadb06,OnDemand,,,0.66,
,B7D4D1DD2FC40780773A1A71845C5151-26,1762586169,FCRequestMetrics:/n-matmul-128,262,262,,,14551.31,n-matmul-128,false,767418f36457,,c-690eed84-0cf1abd9-5d4c970df804,1762586154479,Sync,14553.47,1762586154478,21.0.3.13,false,128,22.46,InvokeFunction,,,LATEST,1-690eee2a-0c49fa-27101a62bd31,OnDemand,,,0.92,
,4145F5C147116C613F389F1FA1269B40-1F,1762586169,FCRequestMetrics:/n-matmul-128,252,252,,,14784.53,n-matmul-128,false,a47c00754ae4,,c-690eed96-0cf1abd9-7ad5956d5a94,1762586154254,Sync,14786.65,1762586154252,21.0.3.18,false,128,23.90,InvokeFunction,,,LATEST,1-690eee2a-0c49fa-35f7c9b3d28e,OnDemand,,,1.10,
,BBD7AB4B6FCD8B52DAEF4384D3C02406-20,1762586169,FCRequestMetrics:/n-matmul-128,252,252,,,14777.55,n-matmul-128,false,4098b7dc32ba,,c-690eed96-0cf1abd9-f0166f4fef4a,1762586154257,Sync,14781.57,1762586154255,21.0.3.25,false,128,25.05,InvokeFunction,,,LATEST,1-690eee2a-0c49fa-950b8820ff45,OnDemand,,,1.34,
,471A481607C500A90EF8B2AC1EAC6971-1D,1762586169,FCRequestMetrics:/n-matmul-128,237,237,,,12340.94,n-matmul-128,false,a2663941b4ef,,c-690eeda9-0cf1abd9-11dd72d57456,1762586156761,Sync,12342.60,1762586156760,21.0.3.17,false,128,23.37,InvokeFunction,,,LATEST,1-690eee2c-0c0a43-6f8c2b64fb53,OnDemand,,,0.59,
,945898D0AF47D153C60C831EFEA93697-22,1762586169,FCRequestMetrics:/n-matmul-128,66,66,,,0.03,n-matmul-128,true,175f45e7fcbd,,c-690eed96-0cf1abd9-9f8f06b7bb4c,1762586167227,Sync,1811.88,1762586167225,21.0.3.17,false,128,2.03,InvokeFunction,,,LATEST,1-690eee37-0c0a43-5066a50f644b,OnDemand,,,0.62,,"{""errorType"":""FunctionAbnormalExitError""}"
,BB17D3743CC1FDE60F1345598BDCEFD7-1F,1762586170,FCRequestMetrics:/n-matmul-128,217,217,,,11753.54,n-matmul-128,false,82ac2eb2520e,,c-690eeda9-0cf1abd9-476f20890ba2,1762586158281,Sync,11760.41,1762586158280,21.0.3.11,false,128,29.45,InvokeFunction,,,LATEST,1-690eee2e-0c49fa-a73143fe730e,OnDemand,,,1.14,
,ACC61EAFD65443D198A5177BAD7DDF02-22,1762586170,FCRequestMetrics:/n-matmul-128,252,252,,,15770.44,n-matmul-128,false,3174e9129044,,c-690eed96-0cf1abd9-645e4a0c60a8,1762586154250,Sync,15771.79,1762586154250,21.0.3.22,false,128,32.37,InvokeFunction,,,LATEST,1-690eee2a-0c0a43-1d74a3596700,OnDemand,,,0.42,
,CFAD3EAED3DA9F0681474476AA4BD35D-1F,1762586170,FCRequestMetrics:/n-matmul-128,216,216,,,11895.32,n-matmul-128,false,d7b80d666e2b,,c-690eedaa-0cf1abd9-4d582ed6e2e0,1762586158144,Sync,11897.52,1762586158143,21.0.3.22,false,128,29.69,InvokeFunction,,,LATEST,1-690eee2e-0c49fa-85273ebf287d,OnDemand,,,1.45,
,22F3F140A6723208B9E7ACF1561A6D49-1E,1762586170,FCRequestMetrics:/n-matmul-128,218,218,,,12392.52,n-matmul-128,false,1bb1546b9f73,,c-690eedaa-0cf1abd9-9d39cd93389c,1762586157683,Sync,12394.13,1762586157682,21.0.3.24,false,128,27.96,InvokeFunction,,,LATEST,1-690eee2d-0c0a43-d3fa9b458922,OnDemand,,,0.60,
,BA5A16F182CE3ABF620021ACFE7D7011-27,1762586170,FCRequestMetrics:/n-matmul-128,228,228,,,11685.53,n-matmul-128,false,bb393646e560,,c-690eed96-0cf1abd9-3dded35d4062,1762586158369,Sync,11687.71,1762586158368,21.0.3.8,false,128,27.59,InvokeFunction,,,LATEST,1-690eee2e-0c49fa-1172324045dc,OnDemand,,,1.07,
,C6012E9AF904BFC7F82B587139A7052F-27,1762586170,FCRequestMetrics:/n-matmul-128,216,216,,,12797.40,n-matmul-128,false,08ad0ef23948,,c-690eed96-0cf1abd9-776d52a791a0,1762586158187,Sync,12799.67,1762586158186,21.0.3.3,false,128,27.96,InvokeFunction,,,LATEST,1-690eee2e-0c49fa-2bb17eaa8d0b,OnDemand,,,1.22,
,7F22DE67CC56E5CE60C18065760DFDF7-21,1762586170,FCRequestMetrics:/n-matmul-128,226,226,,,13536.72,n-matmul-128,false,6aafb671ccf7,,c-690eed96-0cf1abd9-e828e73f8bb0,1762586157419,Sync,13538.70,1762586157418,21.0.3.20,false,128,32.71,InvokeFunction,,,LATEST,1-690eee2d-0c49fa-ccbb0887af61,OnDemand,,,0.95,
,ACC61EAFD65443D198A5177BAD7DDF02-21,1762586170,FCRequestMetrics:/n-matmul-128,39,39,,,0.03,n-matmul-128,true,3174e9129044,,c-690eed96-0cf1abd9-645e4a0c60a8,1762586170027,Sync,493.58,1762586170026,21.0.3.22,false,128,2.12,InvokeFunction,,,LATEST,1-690eee3a-0c0a43-70420c3d9be3,OnDemand,,,0.57,,"{""errorType"":""FunctionAbnormalExitError""}"
,A8D6FAD4E028404BF2BEFFDF098DE909-22,1762586171,FCRequestMetrics:/n-matmul-128,238,238,,,14478.82,n-matmul-128,false,88656d0a707e,,c-690eed96-0cf1abd9-5f48bbab96ce,1762586156530,Sync,14482.04,1762586156528,21.0.3.23,false,128,22.39,InvokeFunction,,,LATEST,1-690eee2c-0c49fa-9128500ecda8,OnDemand,,,1.76,
,3D503442E2C027292A5FED0054EF72C8-29,1762586171,FCRequestMetrics:/n-matmul-128,217,217,,,12694.33,n-matmul-128,false,f832bf8f4093,,c-690eed8d-0cf1abd9-03a276b4fee0,1762586158329,Sync,12695.71,1762586158328,21.0.3.5,false,128,28.04,InvokeFunction,,,LATEST,1-690eee2e-0c0a43-e679963e4f16,OnDemand,,,0.60,
,766129AB7B6D0B09055969F465FC8A08-1B,1762586171,FCRequestMetrics:/n-matmul-128,216,216,,,13012.55,n-matmul-128,false,df4dc26dbca2,,c-690eedad-0cf1abd9-3e9ecfe8951a,1762586158147,Sync,13016.48,1762586158145,21.0.3.13,false,128,22.51,InvokeFunction,,,LATEST,1-690eee2e-0c49fa-3a4fc0d0db37,OnDemand,,,1.42,
,ADA2C4513DB513B16C4AA68C1E56B16B-1F,1762586171,FCRequestMetrics:/n-matmul-128,217,217,,,12829.35,n-matmul-128,false,2e0db407e217,,c-690eeda5-0cf1abd9-e05cdb244a89,1762586158242,Sync,12831.04,1762586158241,21.0.3.9,false,128,34.36,InvokeFunction,,,LATEST,1-690eee2e-0c0a43-052395f91424,OnDemand,,,0.48,
,83A82314888ED1CF5E7B61964546AF33-1E,1762586171,FCRequestMetrics:/n-matmul-128,217,217,,,12755.27,n-matmul-128,false,462f44a2c82a,,c-690eedad-0cf1abd9-7f3a36248a21,1762586158301,Sync,12765.15,1762586158299,21.0.3.2,false,128,27.39,InvokeFunction,,,LATEST,1-690eee2e-0c49fa-b760de5e9816,OnDemand,,,1.20,
,E473C3EB473436CCADF8096E8D0D2C42-20,1762586171,FCRequestMetrics:/n-matmul-128,217,217,,,12787.03,n-matmul-128,false,aa865b939cef,,c-690eed96-0cf1abd9-6da66350de26,1762586158246,Sync,12788.72,1762586158245,21.0.3.16,false,128,22.19,InvokeFunction,,,LATEST,1-690eee2e-0c0a43-1fcbfc8c3175,OnDemand,,,0.49,
,45C231C50F27C559EE3EBEA6F712A3AA-20,1762586171,FCRequestMetrics:/n-matmul-128,217,217,,,13645.68,n-matmul-128,false,0d4cb4afdc65,,c-690eeda5-0cf1abd9-4b4673a66774,1762586158332,Sync,13649.98,1762586158330,21.0.3.8,false,128,26.71,InvokeFunction,,,LATEST,1-690eee2e-0c0a43-7afdead668ea,OnDemand,,,0.53,
,7DD8F4E1BDDE2A8A13DEFA720B6E9373-28,1762586171,FCRequestMetrics:/n-matmul-128,217,217,,,12763.74,n-matmul-128,false,be49f65ae0f9,,c-690eed8d-0cf1abd9-053a84de8167,1762586158240,Sync,12765.93,1762586158239,21.0.3.8,false,128,27.89,InvokeFunction,,,LATEST,1-690eee2e-0c0a43-4e05953bb847,OnDemand,,,0.51,
,4D0C87630DE75182644B9E4D5295586B-29,1762586171,FCRequestMetrics:/n-matmul-128,184,184,,,10105.76,n-matmul-128,false,ce613473cf37,,c-690eed85-0cf1abd9-2f0a1317ca81,1762586160924,Sync,10107.06,1762586160923,21.0.3.11,false,128,34.04,InvokeFunction,,,LATEST,1-690eee30-0c0a43-23ebd7eebcb2,OnDemand,,,0.65,
,C15BF1EC55206DC503800DA01C82FD0A-1C,1762586171,FCRequestMetrics:/n-matmul-128,230,230,,,14040.56,n-matmul-128,false,3dea345b3806,,c-690eedae-0cf1abd9-2315151cf3eb,1762586157167,Sync,14044.51,1762586157165,21.0.3.8,false,128,23.13,InvokeFunction,,,LATEST,1-690eee2d-0c49fa-1daee7b674b6,OnDemand,,,1.55,
,92B3129F074210C7D1784E258F56EC8E-28,1762586171,FCRequestMetrics:/n-matmul-128,218,218,,,13326.93,n-matmul-128,false,54fdf7469d4b,,c-690eed8d-0cf1abd9-e3d670f7e404,1762586157798,Sync,13328.50,1762586157797,21.0.3.16,false,128,30.09,InvokeFunction,,,LATEST,1-690eee2d-0c0a43-1ff1fbc26f99,OnDemand,,,0.64,
,90721D5DEA57FA959D79E839A2790822-1C,1762586171,FCRequestMetrics:/n-matmul-128,228,228,,,12688.15,n-matmul-128,false,b03326c3717a,,c-690eedad-0cf1abd9-bb969c1ece47,1762586158347,Sync,12690.51,1762586158345,21.0.3.15,false,128,27.85,InvokeFunction,,,LATEST,1-690eee2e-0c49fa-49d89e02fbb3,OnDemand,,,1.44,
,29AE8E513B0BDFCBBE8182ECB0CB489D-1D,1762586171,FCRequestMetrics:/n-matmul-128,237,237,,,14298.08,n-matmul-128,false,8aa0e1273cfd,,c-690eedae-0cf1abd9-d84c6a5e8f7f,1762586156796,Sync,14301.04,1762586156794,21.0.3.9,false,128,27.59,InvokeFunction,,,LATEST,1-690eee2c-0c49fa-dba3445d4bff,OnDemand,,,1.29,
,D2BCA0C8052D39835F68F2A25705BDC3-1D,1762586171,FCRequestMetrics:/n-matmul-128,228,228,,,12794.39,n-matmul-128,false,6b0c8a7b5b7d,,c-690eedad-0cf1abd9-43af290c944d,1762586158365,Sync,12795.87,1762586158364,21.0.3.12,false,128,24.58,InvokeFunction,,,LATEST,1-690eee2e-0c0a43-5096b9ffc2f7,OnDemand,,,0.54,
,58100D8F3876904D781824C152698572-26,1762586171,FCRequestMetrics:/n-matmul-128,228,228,,,13602.66,n-matmul-128,false,59ce8020a236,,c-690eed84-0cf1abd9-0fe3463f746c,1762586158350,Sync,13604.61,1762586158349,21.0.3.11,false,128,22.26,InvokeFunction,,,LATEST,1-690eee2e-0c49fa-ba01fa5fc766,OnDemand,,,1.21,
,E25E5AC81214735572C3101D35F1B078-26,1762586172,FCRequestMetrics:/n-matmul-128,170,170,,,10400.66,n-matmul-128,false,23a95b7b22dd,,c-690eed8d-0cf1abd9-05804b5e6825,1762586161674,Sync,10402.78,1762586161672,21.0.3.17,false,128,27.99,InvokeFunction,,,LATEST,1-690eee31-0c49fa-d7c060dd28b9,OnDemand,,,1.45,
,E5B69284F91EC2DF605FC852F4441DE1-23,1762586172,FCRequestMetrics:/n-matmul-128,218,218,,,14304.95,n-matmul-128,false,a79ff7c252e4,,c-690eed96-0cf1abd9-ce2a7ce29ce5,1762586157751,Sync,14307.18,1762586157750,21.0.3.16,false,128,21.93,InvokeFunction,,,LATEST,1-690eee2d-0c49fa-f89fb1f9e2c3,OnDemand,,,1.34,
,1A53D7BA4C6855BB7F6F66CB757FBC63-1C,1762586172,FCRequestMetrics:/n-matmul-128,216,216,,,12535.53,n-matmul-128,false,a75e3f2d1f77,,c-690eedad-0cf1abd9-5a75b37e305c,1762586159468,Sync,12537.46,1762586159467,21.0.3.16,false,128,22.83,InvokeFunction,,,LATEST,1-690eee2f-0c0a43-ab094add7da7,OnDemand,,,0.65,
,DAE6BAF353C38FA45B5DF9AF0F86D659-26,1762586172,FCRequestMetrics:/n-matmul-128,177,177,,,11733.99,n-matmul-128,false,19a08086dcd9,,c-690eed83-0cf1abd9-9b3fcb822613,1762586161215,Sync,11735.60,1762586161214,21.0.3.10,false,128,22.49,InvokeFunction,,,LATEST,1-690eee31-0c0a43-3265f9ebb644,OnDemand,,,0.67,
,03AEEB1D9B7AD58C878D528779156747-1D,1762586172,FCRequestMetrics:/n-matmul-128,217,217,,,13783.71,n-matmul-128,false,0df18e8c62e5,,c-690eedae-0cf1abd9-3b0257a32ea2,1762586158236,Sync,13785.76,1762586158235,21.0.3.11,false,128,23.96,InvokeFunction,,,LATEST,1-690eee2e-0c49fa-27e724f21da5,OnDemand,,,1.00,
,4FAE5B4F008068850E6D6E0BE6E4223E-20,1762586172,FCRequestMetrics:/n-matmul-128,217,217,,,13699.79,n-matmul-128,false,aeecc0ec331a,,c-690eeda5-0cf1abd9-8673b5017294,1762586158330,Sync,13701.92,1762586158329,21.0.3.11,false,128,27.62,InvokeFunction,,,LATEST,1-690eee2e-0c0a43-67163f4e0178,OnDemand,,,0.55,
,B6D50533180C70B5E0BB5DFAA393368E-1C,1762586172,FCRequestMetrics:/n-matmul-128,217,217,,,13771.11,n-matmul-128,false,61f29b5aaa2a,,c-690eedae-0cf1abd9-d16ca912f1de,1762586158246,Sync,13775.26,1762586158245,21.0.3.3,false,128,22.87,InvokeFunction,,,LATEST,1-690eee2e-0c49fa-563f4d21c303,OnDemand,,,0.92,
,69A54F516AD5DA2E071B4EDE812B37FB-1C,1762586172,FCRequestMetrics:/n-matmul-128,217,217,,,13844.91,n-matmul-128,false,483d6d5a401b,,c-690eedae-0cf1abd9-23e27f7352eb,1762586158240,Sync,13846.96,1762586158239,21.0.3.12,false,128,27.64,InvokeFunction,,,LATEST,1-690eee2e-0c49fa-3dcda0232c06,OnDemand,,,0.95,
,D475316053B4F3156CAFE637F1C8214E-1C,1762586173,FCRequestMetrics:/n-matmul-128,235,235,,,14382.35,n-matmul-128,false,3440940bffc2,,c-690eedae-0cf1abd9-af64b33d51aa,1762586158638,Sync,14384.78,1762586158637,21.0.3.10,false,128,29.41,InvokeFunction,,,LATEST,1-690eee2e-0c49fa-a3518ead3e68,OnDemand,,,1.42,
,E3C9ED0B2534F08C4630863A71EE6115-26,1762586173,FCRequestMetrics:/n-matmul-128,116,116,,,9763.98,n-matmul-128,false,87674caf583b,,c-690eed96-0cf1abd9-ae05907d43ad,1762586164212,Sync,9766.13,1762586164210,21.0.3.12,false,128,29.63,InvokeFunction,,,LATEST,1-690eee34-0c49fa-cba125da9880,OnDemand,,,1.06,
,E5B69284F91EC2DF605FC852F4441DE1-22,1762586173,FCRequestMetrics:/n-matmul-128,10,10,,,0.06,n-matmul-128,true,a79ff7c252e4,,c-690eed96-0cf1abd9-ce2a7ce29ce5,1762586172856,Sync,486.18,1762586172855,21.0.3.16,false,128,2.23,InvokeFunction,,,LATEST,1-690eee3c-0c49fa-4ec1a61ac25f,OnDemand,,,0.95,,"{""errorType"":""FunctionAbnormalExitError""}"
,EC8C35753894B5B9AF0DA4DB7FE9A13B-20,1762586174,FCRequestMetrics:/n-matmul-128,76,76,,,7791.34,n-matmul-128,false,14f78ff3edc2,,c-690eeda8-0cf1abd9-dbfce724cac6,1762586166209,Sync,7792.98,1762586166208,21.0.3.23,false,128,26.24,InvokeFunction,,,LATEST,1-690eee36-0c0a43-018466ecb331,OnDemand,,,0.56,
,EC8C35753894B5B9AF0DA4DB7FE9A13B-1F,1762586175,FCRequestMetrics:/n-matmul-128,6,6,,,0.05,n-matmul-128,true,14f78ff3edc2,,c-690eeda8-0cf1abd9-dbfce724cac6,1762586174918,Sync,444.12,1762586174916,21.0.3.23,false,128,2.18,InvokeFunction,,,LATEST,1-690eee3e-0c49fa-c3e61e17961a,OnDemand,,,1.56,,"{""errorType"":""FunctionAbnormalExitError""}"
,890DC515470C0D64B7BCB1DEAC8D6597-26,1762586177,FCRequestMetrics:/n-matmul-128,96,96,,,12596.90,n-matmul-128,false,ed39d36f7908,,c-690eed96-0cf1abd9-0e620186c5f3,1762586164526,Sync,12598.62,1762586164525,21.0.3.25,false,128,31.38,InvokeFunction,,,LATEST,1-690eee34-0c0a43-25aba885968c,OnDemand,,,0.77,
,DD2BC95C544ACAEDCAD224B59098EF74-28,1762586177,FCRequestMetrics:/n-matmul-128,93,93,,,12350.09,n-matmul-128,false,845e91b6cf6b,,c-690eed8d-0cf1abd9-2a8cc4f964bf,1762586164762,Sync,12351.95,1762586164761,21.0.3.13,false,128,29.29,InvokeFunction,,,LATEST,1-690eee34-0c0a43-f82cfd620c9a,OnDemand,,,0.71,
,4FAE5B4F008068850E6D6E0BE6E4223E-23,1762586178,FCRequestMetrics:/n-matmul-128,11,11,,,0.04,n-matmul-128,true,aeecc0ec331a,,c-690eeda5-0cf1abd9-8673b5017294,1762586178210,Sync,439.00,1762586178209,21.0.3.11,false,128,2.05,InvokeFunction,,,LATEST,1-690eee42-0c49fa-6633b13e4f0a,OnDemand,,,1.34,,"{""errorType"":""FunctionAbnormalExitError""}"
,757982FB0EC94F0DBBC2760980FCB266-29,1762586179,FCRequestMetrics:/n-matmul-128,47,47,,,10177.16,n-matmul-128,false,6448ba91ff26,,c-690eed8d-0cf1abd9-28761e13241d,1762586168964,Sync,10179.32,1762586168963,21.0.3.10,false,128,28.00,InvokeFunction,,,LATEST,1-690eee38-0c49fa-8c81d7d28099,OnDemand,,,1.25,
,B4A81EAA9A610DB6D6C5F8ED3BF0C5D3-24,1762586179,FCRequestMetrics:/n-matmul-128,47,47,,,10113.34,n-matmul-128,false,5618ff7e0c38,,c-690eed96-0cf1abd9-fe06c54f6777,1762586168969,Sync,10115.58,1762586168967,21.0.3.23,false,128,22.93,InvokeFunction,,,LATEST,1-690eee38-0c49fa-e9304bbe62fe,OnDemand,,,1.41,
,E25E5AC81214735572C3101D35F1B078-29,1762586179,FCRequestMetrics:/n-matmul-128,9,9,,,6376.98,n-matmul-128,false,23a95b7b22dd,,c-690eed8d-0cf1abd9-05804b5e6825,1762586172662,Sync,6379.05,1762586172660,21.0.3.17,false,128,28.62,InvokeFunction,,,LATEST,1-690eee3c-0c49fa-ebb277d5c512,OnDemand,,,1.35,
,69A54F516AD5DA2E071B4EDE812B37FB-1F,1762586180,FCRequestMetrics:/n-matmul-128,8,8,,,7426.85,n-matmul-128,false,483d6d5a401b,,c-690eedae-0cf1abd9-23e27f7352eb,1762586172573,Sync,7429.45,1762586172572,21.0.3.12,false,128,26.37,InvokeFunction,,,LATEST,1-690eee3c-0c0a43-36809ffda5ab,OnDemand,,,0.64,
,E3C9ED0B2534F08C4630863A71EE6115-2A,1762586181,FCRequestMetrics:/n-matmul-128,7,7,,,5695.16,n-matmul-128,false,87674caf583b,,c-690eed96-0cf1abd9-ae05907d43ad,1762586176288,Sync,5697.20,1762586176286,21.0.3.12,false,128,30.46,InvokeFunction,,,LATEST,1-690eee40-0c49fa-0f1292bd774f,OnDemand,,,1.03,
,69A54F516AD5DA2E071B4EDE812B37FB-1E,1762586181,FCRequestMetrics:/n-matmul-128,7,7,,,0.04,n-matmul-128,true,483d6d5a401b,,c-690eedae-0cf1abd9-23e27f7352eb,1762586180897,Sync,470.17,1762586180895,21.0.3.12,false,128,2.16,InvokeFunction,,,LATEST,1-690eee44-0c49fa-beed7a235689,OnDemand,,,1.64,,"{""errorType"":""FunctionAbnormalExitError""}"
,EC8C35753894B5B9AF0DA4DB7FE9A13B-21,1762586183,FCRequestMetrics:/n-matmul-128,6,6,,,6838.85,n-matmul-128,false,14f78ff3edc2,,c-690eeda8-0cf1abd9-dbfce724cac6,1762586176178,Sync,6840.28,1762586176177,21.0.3.23,false,128,25.46,InvokeFunction,,,LATEST,1-690eee40-0c0a43-bf91fd258a51,OnDemand,,,0.66,
,DAE6BAF353C38FA45B5DF9AF0F86D659-2A,1762586184,FCRequestMetrics:/n-matmul-128,10,10,,,6022.22,n-matmul-128,false,19a08086dcd9,,c-690eed83-0cf1abd9-9b3fcb822613,1762586177978,Sync,6023.58,1762586177977,21.0.3.10,false,128,27.60,InvokeFunction,,,LATEST,1-690eee41-0c0a43-ffca51189ec6,OnDemand,,,0.54,
,E5B69284F91EC2DF605FC852F4441DE1-23,1762586184,FCRequestMetrics:/n-matmul-128,8,8,,,8010.61,n-matmul-128,false,a79ff7c252e4,,c-690eed96-0cf1abd9-ce2a7ce29ce5,1762586176973,Sync,8012.09,1762586176972,21.0.3.16,false,128,22.92,InvokeFunction,,,LATEST,1-690eee40-0c0a43-0c894ce3dae6,OnDemand,,,0.63,
,D475316053B4F3156CAFE637F1C8214E-21,1762586186,FCRequestMetrics:/n-matmul-128,9,9,,,9611.77,n-matmul-128,false,3440940bffc2,,c-690eedae-0cf1abd9-af64b33d51aa,1762586177364,Sync,9613.83,1762586177362,21.0.3.10,false,128,24.36,InvokeFunction,,,LATEST,1-690eee41-0c0a43-83cb08245e7d,OnDemand,,,0.57,
,DD2BC95C544ACAEDCAD224B59098EF74-2B,1762586188,FCRequestMetrics:/n-matmul-128,8,8,,,11666.37,n-matmul-128,false,845e91b6cf6b,,c-690eed8d-0cf1abd9-2a8cc4f964bf,1762586177331,Sync,11668.02,1762586177330,21.0.3.13,false,128,29.61,InvokeFunction,,,LATEST,1-690eee41-0c0a43-c6c3ddde7c3a,OnDemand,,,0.73,
,E3C9ED0B2534F08C4630863A71EE6115-2C,1762586188,FCRequestMetrics:/n-matmul-128,7,7,,,6770.59,n-matmul-128,false,87674caf583b,,c-690eed96-0cf1abd9-ae05907d43ad,1762586182160,Sync,6775.36,1762586182158,21.0.3.12,false,128,30.50,InvokeFunction,,,LATEST,1-690eee46-0c49fa-38595c09f8bd,OnDemand,,,1.32,
,890DC515470C0D64B7BCB1DEAC8D6597-29,1762586189,FCRequestMetrics:/n-matmul-128,7,7,,,11867.20,n-matmul-128,false,ed39d36f7908,,c-690eed96-0cf1abd9-0e620186c5f3,1762586177154,Sync,11868.57,1762586177154,21.0.3.25,false,128,31.79,InvokeFunction,,,LATEST,1-690eee41-0c0a43-d07452ab4a66,OnDemand,,,0.61,
,69A54F516AD5DA2E071B4EDE812B37FB-1F,1762586190,FCRequestMetrics:/n-matmul-128,7,7,,,8132.12,n-matmul-128,false,483d6d5a401b,,c-690eedae-0cf1abd9-23e27f7352eb,1762586181909,Sync,8134.29,1762586181908,21.0.3.12,false,128,26.79,InvokeFunction,,,LATEST,1-690eee45-0c49fa-ce154c04ba24,OnDemand,,,1.41,
,E5B69284F91EC2DF605FC852F4441DE1-25,1762586193,FCRequestMetrics:/n-matmul-128,5,5,,,7851.22,n-matmul-128,false,a79ff7c252e4,,c-690eed96-0cf1abd9-ce2a7ce29ce5,1762586186126,Sync,7856.15,1762586186122,21.0.3.16,false,128,23.35,InvokeFunction,,,LATEST,1-690eee4a-0c0a43-920fb94e1f61,OnDemand,,,0.66,
,890DC515470C0D64B7BCB1DEAC8D6597-2C,1762586196,FCRequestMetrics:/n-matmul-128,2,2,,,6448.23,n-matmul-128,false,ed39d36f7908,,c-690eed96-0cf1abd9-0e620186c5f3,1762586189573,Sync,6449.71,1762586189572,21.0.3.25,false,128,30.58,InvokeFunction,,,LATEST,1-690eee4d-0c0a43-af974bdb5e34,OnDemand,,,0.73,
,69A54F516AD5DA2E071B4EDE812B37FB-23,1762586197,FCRequestMetrics:/n-matmul-128,2,2,,,5401.46,n-matmul-128,false,483d6d5a401b,,c-690eedae-0cf1abd9-23e27f7352eb,1762586191607,Sync,5403.18,1762586191605,21.0.3.12,false,128,31.97,InvokeFunction,,,LATEST,1-690eee4f-0c49fa-6658b590e002,OnDemand,,,0.98,
,890DC515470C0D64B7BCB1DEAC8D6597-2C,1762586199,FCRequestMetrics:/n-matmul-128,1,1,,,0.04,n-matmul-128,true,ed39d36f7908,,c-690eed96-0cf1abd9-0e620186c5f3,1762586198788,Sync,419.72,1762586198788,21.0.3.25,false,128,2.17,InvokeFunction,,,LATEST,1-690eee56-0c0a43-d7fd29903766,OnDemand,,,0.64,,"{""errorType"":""FunctionAbnormalExitError""}"
,69A54F516AD5DA2E071B4EDE812B37FB-25,1762586204,FCRequestMetrics:/n-matmul-128,0,0,,,5389.81,n-matmul-128,false,483d6d5a401b,,c-690eedae-0cf1abd9-23e27f7352eb,1762586198632,Sync,5391.41,1762586198631,21.0.3.12,false,128,32.63,InvokeFunction,,,LATEST,1-690eee56-0c0a43-b452de1c0d61,OnDemand,,,0.70,
,E5B69284F91EC2DF605FC852F4441DE1-29,1762586206,FCRequestMetrics:/n-matmul-128,1,1,,,6670.67,n-matmul-128,false,a79ff7c252e4,,c-690eed96-0cf1abd9-ce2a7ce29ce5,1762586200310,Sync,6672.25,1762586200309,21.0.3.16,false,128,23.42,InvokeFunction,,,LATEST,1-690eee58-0c0a43-5e4d9be47046,OnDemand,,,0.61,
,E3C9ED0B2534F08C4630863A71EE6115-30,1762586207,FCRequestMetrics:/n-matmul-128,4,4,,,0.04,n-matmul-128,true,87674caf583b,,c-690eed96-0cf1abd9-ae05907d43ad,1762586207537,Sync,424.56,1762586207536,21.0.3.12,false,128,4.05,InvokeFunction,,,LATEST,1-690eee5f-0c0a43-d790022ab641,OnDemand,,,0.70,,"{""errorType"":""FunctionAbnormalExitError""}"
,890DC515470C0D64B7BCB1DEAC8D6597-2D,1762586211,FCRequestMetrics:/n-matmul-128,1,1,,,10777.07,n-matmul-128,false,ed39d36f7908,,c-690eed96-0cf1abd9-0e620186c5f3,1762586200290,Sync,10778.84,1762586200288,21.0.3.25,false,128,22.36,InvokeFunction,,,LATEST,1-690eee58-0c49fa-4eb3d267e8aa,OnDemand,,,1.07,
,DD2BC95C544ACAEDCAD224B59098EF74-31,1762586211,FCRequestMetrics:/n-matmul-128,1,1,,,10758.82,n-matmul-128,false,845e91b6cf6b,,c-690eed8d-0cf1abd9-2a8cc4f964bf,1762586200328,Sync,10761.03,1762586200326,21.0.3.13,false,128,28.77,InvokeFunction,,,LATEST,1-690eee58-0c49fa-fce008ebaff2,OnDemand,,,1.15,
,E5B69284F91EC2DF605FC852F4441DE1-2B,1762586213,FCRequestMetrics:/n-matmul-128,2,2,,,5773.00,n-matmul-128,false,a79ff7c252e4,,c-690eed96-0cf1abd9-ce2a7ce29ce5,1762586207287,Sync,5774.56,1762586207286,21.0.3.16,false,128,27.57,InvokeFunction,,,LATEST,1-690eee5f-0c0a43-e173325f3585,OnDemand,,,0.71,
,69A54F516AD5DA2E071B4EDE812B37FB-29,1762586213,FCRequestMetrics:/n-matmul-128,3,3,,,5605.11,n-matmul-128,false,483d6d5a401b,,c-690eedae-0cf1abd9-23e27f7352eb,1762586207404,Sync,5610.23,1762586207399,21.0.3.12,false,128,32.14,InvokeFunction,,,LATEST,1-690eee5f-0c0a43-909cfeb90a86,OnDemand,,,0.66,
,E5B69284F91EC2DF605FC852F4441DE1-2D,1762586213,FCRequestMetrics:/n-matmul-128,1,1,,,0.03,n-matmul-128,true,a79ff7c252e4,,c-690eed96-0cf1abd9-ce2a7ce29ce5,1762586213407,Sync,440.12,1762586213405,21.0.3.16,false,128,2.07,InvokeFunction,,,LATEST,1-690eee65-0c49fa-aaa5a7f1e893,OnDemand,,,1.53,,"{""errorType"":""FunctionAbnormalExitError""}"
,E3C9ED0B2534F08C4630863A71EE6115-32,1762586216,FCRequestMetrics:/n-matmul-128,4,4,,,6188.57,n-matmul-128,false,87674caf583b,,c-690eed96-0cf1abd9-ae05907d43ad,1762586210777,Sync,6190.08,1762586210776,21.0.3.12,false,128,23.48,InvokeFunction,,,LATEST,1-690eee62-0c0a43-6815b0fc24da,OnDemand,,,0.66,
,E5B69284F91EC2DF605FC852F4441DE1-2E,1762586220,FCRequestMetrics:/n-matmul-128,1,1,,,6737.63,n-matmul-128,false,a79ff7c252e4,,c-690eed96-0cf1abd9-ce2a7ce29ce5,1762586214259,Sync,6740.01,1762586214257,21.0.3.16,false,128,23.26,InvokeFunction,,,LATEST,1-690eee66-0c49fa-524b1c77f45c,OnDemand,,,1.26,
,69A54F516AD5DA2E071B4EDE812B37FB-2D,1762586237,FCRequestMetrics:/n-matmul-128,2,2,,,0.07,n-matmul-128,true,483d6d5a401b,,c-690eedae-0cf1abd9-23e27f7352eb,1762586237478,Sync,448.34,1762586237477,21.0.3.12,false,128,6.20,InvokeFunction,,,LATEST,1-690eee7d-0c0a43-0c4117caafa7,OnDemand,,,0.58,,"{""errorType"":""FunctionAbnormalExitError""}"
,E3C9ED0B2534F08C4630863A71EE6115-36,1762586239,FCRequestMetrics:/n-matmul-128,1,1,,,5430.74,n-matmul-128,false,87674caf583b,,c-690eed96-0cf1abd9-ae05907d43ad,1762586234565,Sync,5436.33,1762586234560,21.0.3.12,false,128,23.32,InvokeFunction,,,LATEST,1-690eee7a-0c0a43-3fc3ae454101,OnDemand,,,0.68,
,E5B69284F91EC2DF605FC852F4441DE1-32,1762586240,FCRequestMetrics:/n-matmul-128,0,0,,,6962.27,n-matmul-128,false,a79ff7c252e4,,c-690eed96-0cf1abd9-ce2a7ce29ce5,1762586233079,Sync,6964.08,1762586233078,21.0.3.16,false,128,24.27,InvokeFunction,,,LATEST,1-690eee79-0c49fa-f09c928c16df,OnDemand,,,0.99,
,E5B69284F91EC2DF605FC852F4441DE1-37,1762586269,FCRequestMetrics:/n-matmul-128,0,0,,,5801.38,n-matmul-128,false,a79ff7c252e4,,c-690eed96-0cf1abd9-ce2a7ce29ce5,1762586263251,Sync,5803.58,1762586263249,21.0.3.16,false,128,22.69,InvokeFunction,,,LATEST,1-690eee97-0c49fa-f9ccb98fcaa3,OnDemand,,,1.28,
,E5B69284F91EC2DF605FC852F4441DE1-3B,1762586283,FCRequestMetrics:/n-matmul-128,0,0,,,5141.96,n-matmul-128,false,a79ff7c252e4,,c-690eed96-0cf1abd9-ce2a7ce29ce5,1762586277888,Sync,5143.79,1762586277887,21.0.3.16,false,128,22.85,InvokeFunction,,,LATEST,1-690eeea5-0c49fa-90f94716aaa0,OnDemand,,,1.06,
,A5C7CD7E71BB55429480C147D0ABD6E0-2,1762586891,FCRequestMetrics:/n-matmul-2048,8,8,844.66,1762586890221,770.11,n-matmul-2048,false,b9c50fa7ffa2,ColdStart,c-690ef10b-0cf1abd9-39e48c7dd1cd,1762586891068,Sync,2415.10,1762586889425,21.0.3.8,true,2048,84.64,InvokeFunction,68.84,1762586890221,LATEST,1-690ef10b-0c0a43-7ad431102029,OnDemand,775.19,1762586890290,796.25,
,510F8A150819018E635E267F62520B9B-2,1762586892,FCRequestMetrics:/n-matmul-2048,0,0,729.97,1762586891268,712.94,n-matmul-2048,false,c8577adbf622,ColdStart,c-690ef10b-0cf1abd9-26ef2c508c1e,1762586892000,Sync,2192.41,1762586890521,21.0.3.8,true,2048,84.89,InvokeFunction,34.25,1762586891268,LATEST,1-690ef10b-0c0a43-5bcaf9567d0e,OnDemand,695.12,1762586891303,746.33,
,B63107B9394C762ADF436F322BAA4B65-2,1762586892,FCRequestMetrics:/n-matmul-2048,8,8,777.38,1762586891267,716.41,n-matmul-2048,false,1ccfa60657e6,ColdStart,c-690ef10b-0cf1abd9-672e1c9f5eed,1762586892047,Sync,2295.25,1762586890470,21.0.3.8,true,2048,85.79,InvokeFunction,55.93,1762586891267,LATEST,1-690ef10b-0c49fa-96f4d79f03b8,OnDemand,720.89,1762586891323,796.94,
,211620C9A07558D2D8764497DA6068A4-2,1762586892,FCRequestMetrics:/n-matmul-2048,0,0,758.92,1762586891268,719.95,n-matmul-2048,false,e053c99a8bb6,ColdStart,c-690ef10b-0cf1abd9-9de429f2e3c5,1762586892029,Sync,2257.61,1762586890492,21.0.3.8,true,2048,84.61,InvokeFunction,30.21,1762586891268,LATEST,1-690ef10b-0c0a43-00dbf5b2616b,OnDemand,728.16,1762586891298,775.16,
,2523AFCDD5BD8A2B2953E48983230929-2,1762586892,FCRequestMetrics:/n-matmul-2048,0,0,729.65,1762586891259,703.22,n-matmul-2048,false,01d6f783bdb1,ColdStart,c-690ef10b-0cf1abd9-dd39c218e942,1762586891992,Sync,2191.72,1762586890504,21.0.3.8,true,2048,82.61,InvokeFunction,39.64,1762586891259,LATEST,1-690ef10b-0c49fa-2bf30ad7593e,OnDemand,689.42,1762586891299,754.34,
,9A02C87DA0F400C9E40F40EF2DF6006D-2,1762586892,FCRequestMetrics:/n-matmul-2048,0,0,735.17,1762586891259,703.24,n-matmul-2048,false,3ea4534df15d,ColdStart,c-690ef10b-0cf1abd9-31fefea0e1fd,1762586891999,Sync,2207.90,1762586890498,21.0.3.8,true,2048,82.70,InvokeFunction,36.72,1762586891259,LATEST,1-690ef10b-0c49fa-1381defb1481,OnDemand,697.86,1762586891296,760.53,
,D5A4CD99F058D411C58A3919BEB264F4-2,1762586892,FCRequestMetrics:/n-matmul-2048,0,0,711.13,1762586891266,703.00,n-matmul-2048,false,a1586973fec8,ColdStart,c-690ef10b-0cf1abd9-90463d425ca7,1762586891981,Sync,2147.14,1762586890538,21.0.3.8,true,2048,82.68,InvokeFunction,31.33,1762586891267,LATEST,1-690ef10b-0c49fa-69fbce0f018f,OnDemand,679.23,1762586891298,728.22,
,00E67D373DA9C60BEF759D13208EAAD9-2,1762586892,FCRequestMetrics:/n-matmul-2048,0,0,735.12,1762586891266,705.01,n-matmul-2048,false,9013ed408e73,ColdStart,c-690ef10b-0cf1abd9-dbc16e7d233d,1762586892004,Sync,2202.90,1762586890510,21.0.3.8,true,2048,82.73,InvokeFunction,30.91,1762586891267,LATEST,1-690ef10b-0c49fa-4b80cff672fb,OnDemand,703.60,1762586891298,756.32,
,B2D19E9889F3DDE524F4ACFCF2A5FEBF-2,1762586892,FCRequestMetrics:/n-matmul-2048,0,0,750.19,1762586891258,713.06,n-matmul-2048,false,95f39cca25aa,ColdStart,c-690ef10b-0cf1abd9-336379de3020,1762586892012,Sync,2243.45,1762586890483,21.0.3.8,true,2048,82.78,InvokeFunction,42.73,1762586891259,LATEST,1-690ef10b-0c49fa-e4c149dd94a0,OnDemand,706.87,1762586891302,775.43,
,46B19270B472A6D217A2E559E7E7C97B-2,1762586892,FCRequestMetrics:/n-matmul-2048,0,0,738.39,1762586891266,698.21,n-matmul-2048,false,869d26b39717,ColdStart,c-690ef10b-0cf1abd9-b6750c057b8f,1762586892008,Sync,2194.60,1762586890512,21.0.3.8,true,2048,86.59,InvokeFunction,34.32,1762586891267,LATEST,1-690ef10b-0c49fa-8329569518c5,OnDemand,703.45,1762586891301,754.03,
,A5C7CD7E71BB55429480C147D0ABD6E0-2,1762586892,FCRequestMetrics:/n-matmul-2048,10,10,,,711.83,n-matmul-2048,false,b9c50fa7ffa2,,c-690ef10b-0cf1abd9-39e48c7dd1cd,1762586891843,Sync,2219.16,1762586890337,21.0.3.8,false,2048,92.25,InvokeFunction,,,LATEST,1-690ef10b-0c49fa-7cfe24f90a38,OnDemand,,,1506.49,
,510F8A150819018E635E267F62520B9B-2,1762586893,FCRequestMetrics:/n-matmul-2048,10,10,,,677.99,n-matmul-2048,false,c8577adbf622,,c-690ef10b-0cf1abd9-26ef2c508c1e,1762586892717,Sync,2138.56,1762586891257,21.0.3.8,false,2048,92.27,InvokeFunction,,,LATEST,1-690ef10b-0c0a43-a255a4cb3020,OnDemand,,,1459.75,
,B63107B9394C762ADF436F322BAA4B65-2,1762586893,FCRequestMetrics:/n-matmul-2048,10,10,,,663.43,n-matmul-2048,false,1ccfa60657e6,,c-690ef10b-0cf1abd9-672e1c9f5eed,1762586892769,Sync,1209.15,1762586892223,21.0.3.8,false,2048,92.54,InvokeFunction,,,LATEST,1-690ef10c-0c49fa-726e9c1d9992,OnDemand,,,545.13,
,211620C9A07558D2D8764497DA6068A4-2,1762586893,FCRequestMetrics:/n-matmul-2048,10,10,,,676.45,n-matmul-2048,false,e053c99a8bb6,,c-690ef10b-0cf1abd9-9de429f2e3c5,1762586892753,Sync,2171.82,1762586891258,21.0.3.8,false,2048,92.32,InvokeFunction,,,LATEST,1-690ef10b-0c0a43-5ec9ce3b336e,OnDemand,,,1494.65,
,2523AFCDD5BD8A2B2953E48983230929-2,1762586893,FCRequestMetrics:/n-matmul-2048,10,10,,,657.10,n-matmul-2048,false,01d6f783bdb1,,c-690ef10b-0cf1abd9-dd39c218e942,1762586892699,Sync,2103.78,1762586891253,21.0.3.8,false,2048,90.58,InvokeFunction,,,LATEST,1-690ef10b-0c0a43-38e1f9f90090,OnDemand,,,1446.06,
,9A02C87DA0F400C9E40F40EF2DF6006D-2,1762586893,FCRequestMetrics:/n-matmul-2048,10,10,,,664.61,n-matmul-2048,false,3ea4534df15d,,c-690ef10b-0cf1abd9-31fefea0e1fd,1762586892709,Sync,2121.25,1762586891253,21.0.3.8,false,2048,90.21,InvokeFunction,,,LATEST,1-690ef10b-0c0a43-9e9318d2487e,OnDemand,,,1455.91,
,D5A4CD99F058D411C58A3919BEB264F4-2,1762586893,FCRequestMetrics:/n-matmul-2048,10,10,,,705.83,n-matmul-2048,false,a1586973fec8,,c-690ef10b-0cf1abd9-90463d425ca7,1762586892689,Sync,2141.80,1762586891253,21.0.3.8,false,2048,90.14,InvokeFunction,,,LATEST,1-690ef10b-0c0a43-85c50a855b56,OnDemand,,,1435.28,
,00E67D373DA9C60BEF759D13208EAAD9-2,1762586893,FCRequestMetrics:/n-matmul-2048,10,10,,,669.62,n-matmul-2048,false,9013ed408e73,,c-690ef10b-0cf1abd9-dbc16e7d233d,1762586892717,Sync,2131.24,1762586891256,21.0.3.8,false,2048,90.11,InvokeFunction,,,LATEST,1-690ef10b-0c49fa-8c1386511db7,OnDemand,,,1460.85,
,B2D19E9889F3DDE524F4ACFCF2A5FEBF-2,1762586893,FCRequestMetrics:/n-matmul-2048,10,10,,,700.71,n-matmul-2048,false,95f39cca25aa,,c-690ef10b-0cf1abd9-336379de3020,1762586892730,Sync,2173.82,1762586891257,21.0.3.8,false,2048,90.44,InvokeFunction,,,LATEST,1-690ef10b-0c0a43-c4a8738d2c77,OnDemand,,,1472.33,
,46B19270B472A6D217A2E559E7E7C97B-2,1762586893,FCRequestMetrics:/n-matmul-2048,10,10,,,717.17,n-matmul-2048,false,869d26b39717,,c-690ef10b-0cf1abd9-b6750c057b8f,1762586892710,Sync,2174.17,1762586891254,21.0.3.8,false,2048,94.20,InvokeFunction,,,LATEST,1-690ef10b-0c0a43-59e726d38e73,OnDemand,,,1456.31,
,A5C7CD7E71BB55429480C147D0ABD6E0-2,1762586893,FCRequestMetrics:/n-matmul-2048,10,10,,,893.96,n-matmul-2048,false,b9c50fa7ffa2,,c-690ef10b-0cf1abd9-39e48c7dd1cd,1762586892560,Sync,1568.25,1762586891886,21.0.3.8,false,2048,96.66,InvokeFunction,,,LATEST,1-690ef10c-0c49fa-f48e76d51cd1,OnDemand,,,673.54,
,510F8A150819018E635E267F62520B9B-2,1762586894,FCRequestMetrics:/n-matmul-2048,10,10,,,654.35,n-matmul-2048,false,c8577adbf622,,c-690ef10b-0cf1abd9-26ef2c508c1e,1762586893399,Sync,1316.18,1762586892738,21.0.3.8,false,2048,94.60,InvokeFunction,,,LATEST,1-690ef10c-0c49fa-6133c1e2657a,OnDemand,,,661.04,
,510F8A150819018E635E267F62520B9B-2,1762586894,FCRequestMetrics:/n-matmul-2048,10,10,,,801.76,n-matmul-2048,false,c8577adbf622,,c-690ef10b-0cf1abd9-26ef2c508c1e,1762586894057,Sync,2069.36,1762586892790,21.0.3.8,false,2048,96.33,InvokeFunction,,,LATEST,1-690ef10c-0c0a43-315c212b0ba0,OnDemand,,,1266.59,
,B63107B9394C762ADF436F322BAA4B65-2,1762586894,FCRequestMetrics:/n-matmul-2048,10,10,,,653.16,n-matmul-2048,false,1ccfa60657e6,,c-690ef10b-0cf1abd9-672e1c9f5eed,1762586893437,Sync,1324.51,1762586892766,21.0.3.8,false,2048,94.83,InvokeFunction,,,LATEST,1-690ef10c-0c49fa-d66523b7e613,OnDemand,,,670.70,
,B63107B9394C762ADF436F322BAA4B65-2,1762586894,FCRequestMetrics:/n-matmul-2048,10,10,,,791.04,n-matmul-2048,false,1ccfa60657e6,,c-690ef10b-0cf1abd9-672e1c9f5eed,1762586894094,Sync,2087.47,1762586892803,21.0.3.8,false,2048,96.84,InvokeFunction,,,LATEST,1-690ef10c-0c0a43-729bb565c3e6,OnDemand,,,1290.36,
,211620C9A07558D2D8764497DA6068A4-2,1762586894,FCRequestMetrics:/n-matmul-2048,10,10,,,661.39,n-matmul-2048,false,e053c99a8bb6,,c-690ef10b-0cf1abd9-9de429f2e3c5,1762586893434,Sync,1333.05,1762586892763,21.0.3.8,false,2048,94.68,InvokeFunction,,,LATEST,1-690ef10c-0c49fa-c4e1b8627e5b,OnDemand,,,670.73,
,211620C9A07558D2D8764497DA6068A4-2,1762586894,FCRequestMetrics:/n-matmul-2048,10,10,,,805.65,n-matmul-2048,false,e053c99a8bb6,,c-690ef10b-0cf1abd9-9de429f2e3c5,1762586894101,Sync,2107.00,1762586892804,21.0.3.8,false,2048,96.61,InvokeFunction,,,LATEST,1-690ef10c-0c49fa-b77e06198858,OnDemand,,,1296.25,
,2523AFCDD5BD8A2B2953E48983230929-2,1762586894,FCRequestMetrics:/n-matmul-2048,10,10,,,781.92,n-matmul-2048,false,01d6f783bdb1,,c-690ef10b-0cf1abd9-dd39c218e942,1762586893359,Sync,1920.71,1762586892224,21.0.3.8,false,2048,94.89,InvokeFunction,,,LATEST,1-690ef10c-0c0a43-baf8c56fcb3b,OnDemand,,,1135.63,
,2523AFCDD5BD8A2B2953E48983230929-2,1762586894,FCRequestMetrics:/n-matmul-2048,10,10,,,788.64,n-matmul-2048,false,01d6f783bdb1,,c-690ef10b-0cf1abd9-dd39c218e942,1762586894147,Sync,1665.37,1762586893271,21.0.3.8,false,2048,98.37,InvokeFunction,,,LATEST,1-690ef10d-0c0a43-72fb80554ee3,OnDemand,,,876.07,
,9A02C87DA0F400C9E40F40EF2DF6006D-2,1762586894,FCRequestMetrics:/n-matmul-2048,10,10,,,783.98,n-matmul-2048,false,3ea4534df15d,,c-690ef10b-0cf1abd9-31fefea0e1fd,1762586893378,Sync,1935.16,1762586892228,21.0.3.8,false,2048,94.57,InvokeFunction,,,LATEST,1-690ef10c-0c49fa-5775acb42c75,OnDemand,,,1150.44,
,9A02C87DA0F400C9E40F40EF2DF6006D-2,1762586894,FCRequestMetrics:/n-matmul-2048,10,10,,,787.23,n-matmul-2048,false,3ea4534df15d,,c-690ef10b-0cf1abd9-31fefea0e1fd,1762586894166,Sync,1558.30,1762586893396,21.0.3.8,false,2048,97.89,InvokeFunction,,,LATEST,1-690ef10d-0c0a43-a26986afece1,OnDemand,,,770.42,
,D5A4CD99F058D411C58A3919BEB264F4-2,1762586894,FCRequestMetrics:/n-matmul-2048,10,10,,,786.54,n-matmul-2048,false,a1586973fec8,,c-690ef10b-0cf1abd9-90463d425ca7,1762586893398,Sync,1455.66,1762586892730,21.0.3.8,false,2048,94.34,InvokeFunction,,,LATEST,1-690ef10c-0c49fa-ff49a796dc67,OnDemand,,,668.27,
,D5A4CD99F058D411C58A3919BEB264F4-2,1762586894,FCRequestMetrics:/n-matmul-2048,10,10,,,802.17,n-matmul-2048,false,a1586973fec8,,c-690ef10b-0cf1abd9-90463d425ca7,1762586894189,Sync,1576.05,1762586893416,21.0.3.8,false,2048,97.42,InvokeFunction,,,LATEST,1-690ef10d-0c0a43-dcf6bc913ac2,OnDemand,,,773.11,
,00E67D373DA9C60BEF759D13208EAAD9-2,1762586894,FCRequestMetrics:/n-matmul-2048,10,10,,,797.11,n-matmul-2048,false,9013ed408e73,,c-690ef10b-0cf1abd9-dbc16e7d233d,1762586893390,Sync,1954.38,1762586892233,21.0.3.8,false,2048,94.37,InvokeFunction,,,LATEST,1-690ef10c-0c0a43-954f22469d04,OnDemand,,,1156.56,
,00E67D373DA9C60BEF759D13208EAAD9-2,1762586894,FCRequestMetrics:/n-matmul-2048,10,10,,,806.55,n-matmul-2048,false,9013ed408e73,,c-690ef10b-0cf1abd9-dbc16e7d233d,1762586894191,Sync,1571.69,1762586893426,21.0.3.8,false,2048,97.16,InvokeFunction,,,LATEST,1-690ef10d-0c49fa-739ba6b6aaac,OnDemand,,,764.40,
,B2D19E9889F3DDE524F4ACFCF2A5FEBF-2,1762586894,FCRequestMetrics:/n-matmul-2048,10,10,,,780.98,n-matmul-2048,false,95f39cca25aa,,c-690ef10b-0cf1abd9-336379de3020,1762586893433,Sync,1452.79,1762586892762,21.0.3.8,false,2048,94.80,InvokeFunction,,,LATEST,1-690ef10c-0c0a43-cc7f9c7d8c6d,OnDemand,,,670.51,
,46B19270B472A6D217A2E559E7E7C97B-2,1762586894,FCRequestMetrics:/n-matmul-2048,10,10,,,787.05,n-matmul-2048,false,869d26b39717,,c-690ef10b-0cf1abd9-b6750c057b8f,1762586893431,Sync,1462.56,1762586892757,21.0.3.8,false,2048,98.42,InvokeFunction,,,LATEST,1-690ef10c-0c49fa-117c175f6e6a,OnDemand,,,674.83,
,A5C7CD7E71BB55429480C147D0ABD6E0-2,1762586894,FCRequestMetrics:/n-matmul-2048,10,10,,,871.33,n-matmul-2048,false,b9c50fa7ffa2,,c-690ef10b-0cf1abd9-39e48c7dd1cd,1762586893459,Sync,1663.96,1762586892667,21.0.3.8,false,2048,99.73,InvokeFunction,,,LATEST,1-690ef10d-0c49fa-6c2cd7480a99,OnDemand,,,791.62,
,A5C7CD7E71BB55429480C147D0ABD6E0-0,1762586894,FCRequestMetrics:/n-matmul-2048,10,10,,,0.02,n-matmul-2048,true,b9c50fa7ffa2,,c-690ef10b-0cf1abd9-39e48c7dd1cd,1762586894335,Sync,1307.67,1762586893496,21.0.3.8,false,2048,60.27,InvokeFunction,,,LATEST,1-690ef10e-0c49fa-3546261b9bdd,OnDemand,,,838.77,,"{""errorType"":""FunctionAbnormalExitError""}"
,B2D19E9889F3DDE524F4ACFCF2A5FEBF-2,1762586895,FCRequestMetrics:/n-matmul-2048,10,10,,,786.79,n-matmul-2048,false,95f39cca25aa,,c-690ef10b-0cf1abd9-336379de3020,1762586894218,Sync,1571.27,1762586893434,21.0.3.8,false,2048,97.79,InvokeFunction,,,LATEST,1-690ef10d-0c0a43-0d8f331093a9,OnDemand,,,783.73,
,46B19270B472A6D217A2E559E7E7C97B-2,1762586895,FCRequestMetrics:/n-matmul-2048,10,10,,,793.54,n-matmul-2048,false,869d26b39717,,c-690ef10b-0cf1abd9-b6750c057b8f,1762586894222,Sync,1581.32,1762586893435,21.0.3.8,false,2048,102.02,InvokeFunction,,,LATEST,1-690ef10d-0c0a43-76c69ff78f4e,OnDemand,,,787.15,
,510F8A150819018E635E267F62520B9B-1,1762586895,FCRequestMetrics:/n-matmul-2048,10,10,,,0.02,n-matmul-2048,true,c8577adbf622,,c-690ef10b-0cf1abd9-26ef2c508c1e,1762586894862,Sync,1813.28,1762586893470,21.0.3.8,false,2048,60.52,InvokeFunction,,,LATEST,1-690ef10d-0c0a43-b558a0a9320b,OnDemand,,,1392.80,,"{""errorType"":""FunctionAbnormalExitError""}"
,510F8A150819018E635E267F62520B9B-1,1762586895,FCRequestMetrics:/n-matmul-2048,10,10,,,689.32,n-matmul-2048,false,c8577adbf622,,c-690ef10b-0cf1abd9-26ef2c508c1e,1762586895284,Sync,1746.40,1762586894228,21.0.3.8,false,2048,28.80,InvokeFunction,,,LATEST,1-690ef10e-0c0a43-b72be2dee0dc,OnDemand,,,1056.24,
,2523AFCDD5BD8A2B2953E48983230929-1,1762586895,FCRequestMetrics:/n-matmul-2048,10,10,,,0.03,n-matmul-2048,true,01d6f783bdb1,,c-690ef10b-0cf1abd9-dd39c218e942,1762586894941,Sync,1868.11,1762586893474,21.0.3.8,false,2048,58.43,InvokeFunction,,,LATEST,1-690ef10d-0c49fa-0288c569e5a4,OnDemand,,,1466.97,,"{""errorType"":""FunctionAbnormalExitError""}"
,211620C9A07558D2D8764497DA6068A4-1,1762586895,FCRequestMetrics:/n-matmul-2048,10,10,,,0.02,n-matmul-2048,true,e053c99a8bb6,,c-690ef10b-0cf1abd9-9de429f2e3c5,1762586894914,Sync,1865.52,1762586893469,21.0.3.8,false,2048,60.28,InvokeFunction,,,LATEST,1-690ef10d-0c0a43-a85ef778030c,OnDemand,,,1444.33,,"{""errorType"":""FunctionAbnormalExitError""}"
,9A02C87DA0F400C9E40F40EF2DF6006D-1,1762586895,FCRequestMetrics:/n-matmul-2048,10,10,,,0.03,n-matmul-2048,true,3ea4534df15d,,c-690ef10b-0cf1abd9-31fefea0e1fd,1762586894958,Sync,1283.13,1762586894093,21.0.3.8,false,2048,58.38,InvokeFunction,,,LATEST,1-690ef10e-0c49fa-4071c17d0209,OnDemand,,,864.64,,"{""errorType"":""FunctionAbnormalExitError""}"
,46B19270B472A6D217A2E559E7E7C97B-1,1762586895,FCRequestMetrics:/n-matmul-2048,10,10,,,0.03,n-matmul-2048,true,869d26b39717,,c-690ef10b-0cf1abd9-b6750c057b8f,1762586895020,Sync,1235.92,1762586894203,21.0.3.8,false,2048,62.41,InvokeFunction,,,LATEST,1-690ef10e-0c49fa-67ab6e965350,OnDemand,,,816.27,,"{""errorType"":""FunctionAbnormalExitError""}"
,B63107B9394C762ADF436F322BAA4B65-1,1762586895,FCRequestMetrics:/n-matmul-2048,10,10,,,0.02,n-matmul-2048,true,1ccfa60657e6,,c-690ef10b-0cf1abd9-672e1c9f5eed,1762586894894,Sync,1836.04,1762586893470,21.0.3.8,false,2048,60.38,InvokeFunction,,,LATEST,1-690ef10d-0c0a43-255ca0341d87,OnDemand,,,1423.76,,"{""errorType"":""FunctionAbnormalExitError""}"
,B63107B9394C762ADF436F322BAA4B65-1,1762586895,FCRequestMetrics:/n-matmul-2048,10,10,,,687.44,n-matmul-2048,false,1ccfa60657e6,,c-690ef10b-0cf1abd9-672e1c9f5eed,1762586895308,Sync,1740.49,1762586894255,21.0.3.8,false,2048,26.73,InvokeFunction,,,LATEST,1-690ef10e-0c0a43-0ee8e8c4818a,OnDemand,,,1051.04,
,00E67D373DA9C60BEF759D13208EAAD9-1,1762586895,FCRequestMetrics:/n-matmul-2048,10,10,,,0.05,n-matmul-2048,true,9013ed408e73,,c-690ef10b-0cf1abd9-dbc16e7d233d,1762586895002,Sync,1289.07,1762586894137,21.0.3.8,false,2048,58.40,InvokeFunction,,,LATEST,1-690ef10e-0c49fa-c874269ea00f,OnDemand,,,865.12,,"{""errorType"":""FunctionAbnormalExitError""}"
,D5A4CD99F058D411C58A3919BEB264F4-1,1762586895,FCRequestMetrics:/n-matmul-2048,10,10,,,0.03,n-matmul-2048,true,a1586973fec8,,c-690ef10b-0cf1abd9-90463d425ca7,1762586895002,Sync,1275.11,1762586894136,21.0.3.8,false,2048,58.34,InvokeFunction,,,LATEST,1-690ef10e-0c49fa-a0edc3c71ab3,OnDemand,,,865.48,,"{""errorType"":""FunctionAbnormalExitError""}"
,B2D19E9889F3DDE524F4ACFCF2A5FEBF-1,1762586895,FCRequestMetrics:/n-matmul-2048,10,10,,,0.02,n-matmul-2048,true,95f39cca25aa,,c-690ef10b-0cf1abd9-336379de3020,1762586895008,Sync,1240.58,1762586894198,21.0.3.8,false,2048,58.66,InvokeFunction,,,LATEST,1-690ef10e-0c0a43-328d7b98c0c5,OnDemand,,,810.30,,"{""errorType"":""FunctionAbnormalExitError""}"
,A5C7CD7E71BB55429480C147D0ABD6E0-0,1762586895,FCRequestMetrics:/n-matmul-2048,10,10,,,757.55,n-matmul-2048,false,b9c50fa7ffa2,,c-690ef10b-0cf1abd9-39e48c7dd1cd,1762586894806,Sync,1935.97,1762586893628,21.0.3.8,false,2048,28.40,InvokeFunction,,,LATEST,1-690ef10e-0c0a43-936b6d970ac5,OnDemand,,,1177.49,
,510F8A150819018E635E267F62520B9B-1,1762586896,FCRequestMetrics:/n-matmul-2048,10,10,,,660.51,n-matmul-2048,false,c8577adbf622,,c-690ef10b-0cf1abd9-26ef2c508c1e,1762586895978,Sync,2316.41,1762586894323,21.0.3.8,false,2048,36.55,InvokeFunction,,,LATEST,1-690ef10e-0c49fa-9689b0f55802,OnDemand,,,1655.19,
,2523AFCDD5BD8A2B2953E48983230929-1,1762586896,FCRequestMetrics:/n-matmul-2048,10,10,,,689.58,n-matmul-2048,false,01d6f783bdb1,,c-690ef10b-0cf1abd9-dd39c218e942,1762586895344,Sync,1743.63,1762586894291,21.0.3.8,false,2048,26.63,InvokeFunction,,,LATEST,1-690ef10e-0c49fa-38c237c57833,OnDemand,,,1053.28,
,2523AFCDD5BD8A2B2953E48983230929-1,1762586896,FCRequestMetrics:/n-matmul-2048,10,10,,,638.00,n-matmul-2048,false,01d6f783bdb1,,c-690ef10b-0cf1abd9-dd39c218e942,1762586896037,Sync,1744.11,1762586894932,21.0.3.8,false,2048,34.16,InvokeFunction,,,LATEST,1-690ef10e-0c0a43-62f636b0b862,OnDemand,,,1105.43,
,211620C9A07558D2D8764497DA6068A4-1,1762586896,FCRequestMetrics:/n-matmul-2048,10,10,,,695.72,n-matmul-2048,false,e053c99a8bb6,,c-690ef10b-0cf1abd9-9de429f2e3c5,1762586895337,Sync,1775.67,1762586894257,21.0.3.8,false,2048,28.53,InvokeFunction,,,LATEST,1-690ef10e-0c49fa-a4d23600299e,OnDemand,,,1079.24,
,211620C9A07558D2D8764497DA6068A4-1,1762586896,FCRequestMetrics:/n-matmul-2048,10,10,,,646.80,n-matmul-2048,false,e053c99a8bb6,,c-690ef10b-0cf1abd9-9de429f2e3c5,1762586896036,Sync,1784.03,1762586894899,21.0.3.8,false,2048,36.29,InvokeFunction,,,LATEST,1-690ef10e-0c0a43-6d36acc69e41,OnDemand,,,1136.40,
,9A02C87DA0F400C9E40F40EF2DF6006D-1,1762586896,FCRequestMetrics:/n-matmul-2048,10,10,,,696.49,n-matmul-2048,false,3ea4534df15d,,c-690ef10b-0cf1abd9-31fefea0e1fd,1762586895379,Sync,1784.78,1762586894291,21.0.3.8,false,2048,26.59,InvokeFunction,,,LATEST,1-690ef10e-0c49fa-5d27b45d0ec8,OnDemand,,,1087.50,
,9A02C87DA0F400C9E40F40EF2DF6006D-1,1762586896,FCRequestMetrics:/n-matmul-2048,10,10,,,660.65,n-matmul-2048,false,3ea4534df15d,,c-690ef10b-0cf1abd9-31fefea0e1fd,1762586896079,Sync,1790.44,1762586894950,21.0.3.8,false,2048,34.57,InvokeFunction,,,LATEST,1-690ef10e-0c49fa-3458c4242402,OnDemand,,,1129.11,
,46B19270B472A6D217A2E559E7E7C97B-1,1762586896,FCRequestMetrics:/n-matmul-2048,10,10,,,698.84,n-matmul-2048,false,869d26b39717,,c-690ef10b-0cf1abd9-b6750c057b8f,1762586895442,Sync,1838.52,1762586894303,21.0.3.8,false,2048,26.80,InvokeFunction,,,LATEST,1-690ef10e-0c49fa-8d2c6667f2ef,OnDemand,,,1138.93,
,46B19270B472A6D217A2E559E7E7C97B-1,1762586896,FCRequestMetrics:/n-matmul-2048,10,10,,,635.26,n-matmul-2048,false,869d26b39717,,c-690ef10b-0cf1abd9-b6750c057b8f,1762586896144,Sync,1749.51,1762586895031,21.0.3.8,false,2048,34.64,InvokeFunction,,,LATEST,1-690ef10f-0c0a43-474c50d5e68d,OnDemand,,,1113.49,
,B63107B9394C762ADF436F322BAA4B65-1,1762586896,FCRequestMetrics:/n-matmul-2048,10,10,,,680.62,n-matmul-2048,false,1ccfa60657e6,,c-690ef10b-0cf1abd9-672e1c9f5eed,1762586895999,Sync,2356.96,1762586894323,21.0.3.8,false,2048,34.25,InvokeFunction,,,LATEST,1-690ef10e-0c0a43-c46ecb0a8e1a,OnDemand,,,1675.63,
,00E67D373DA9C60BEF759D13208EAAD9-1,1762586896,FCRequestMetrics:/n-matmul-2048,10,10,,,691.89,n-matmul-2048,false,9013ed408e73,,c-690ef10b-0cf1abd9-dbc16e7d233d,1762586895431,Sync,1826.51,1762586894297,21.0.3.8,false,2048,26.69,InvokeFunction,,,LATEST,1-690ef10e-0c49fa-71ef03697345,OnDemand,,,1131.61,
,00E67D373DA9C60BEF759D13208EAAD9-1,1762586896,FCRequestMetrics:/n-matmul-2048,10,10,,,691.65,n-matmul-2048,false,9013ed408e73,,c-690ef10b-0cf1abd9-dbc16e7d233d,1762586896127,Sync,1826.48,1762586894992,21.0.3.8,false,2048,34.00,InvokeFunction,,,LATEST,1-690ef10e-0c0a43-f4148373dad6,OnDemand,,,1134.14,
,D5A4CD99F058D411C58A3919BEB264F4-1,1762586896,FCRequestMetrics:/n-matmul-2048,10,10,,,767.62,n-matmul-2048,false,a1586973fec8,,c-690ef10b-0cf1abd9-90463d425ca7,1762586895413,Sync,1884.79,1762586894296,21.0.3.8,false,2048,26.64,InvokeFunction,,,LATEST,1-690ef10e-0c0a43-de95cd94b2a6,OnDemand,,,1116.21,
,D5A4CD99F058D411C58A3919BEB264F4-1,1762586896,FCRequestMetrics:/n-matmul-2048,10,10,,,672.04,n-matmul-2048,false,a1586973fec8,,c-690ef10b-0cf1abd9-90463d425ca7,1762586896185,Sync,1820.27,1762586895037,21.0.3.8,false,2048,34.52,InvokeFunction,,,LATEST,1-690ef10f-0c49fa-75cea184ff35,OnDemand,,,1147.51,
,B2D19E9889F3DDE524F4ACFCF2A5FEBF-1,1762586896,FCRequestMetrics:/n-matmul-2048,10,10,,,676.05,n-matmul-2048,false,95f39cca25aa,,c-690ef10b-0cf1abd9-336379de3020,1762586895440,Sync,1819.03,1762586894297,21.0.3.8,false,2048,26.90,InvokeFunction,,,LATEST,1-690ef10e-0c0a43-b43846069c21,OnDemand,,,1142.06,
,B2D19E9889F3DDE524F4ACFCF2A5FEBF-1,1762586896,FCRequestMetrics:/n-matmul-2048,10,10,,,645.33,n-matmul-2048,false,95f39cca25aa,,c-690ef10b-0cf1abd9-336379de3020,1762586896119,Sync,1788.46,1762586894976,21.0.3.8,false,2048,34.61,InvokeFunction,,,LATEST,1-690ef10e-0c0a43-c463eb2b740b,OnDemand,,,1142.43,
,A5C7CD7E71BB55429480C147D0ABD6E0-0,1762586896,FCRequestMetrics:/n-matmul-2048,10,10,,,718.73,n-matmul-2048,false,b9c50fa7ffa2,,c-690ef10b-0cf1abd9-39e48c7dd1cd,1762586895566,Sync,1877.33,1762586894408,21.0.3.8,false,2048,36.63,InvokeFunction,,,LATEST,1-690ef10f-0c0a43-44141e721f43,OnDemand,,,1157.91,
,510F8A150819018E635E267F62520B9B-1,1762586897,FCRequestMetrics:/n-matmul-2048,10,10,,,681.90,n-matmul-2048,false,c8577adbf622,,c-690ef10b-0cf1abd9-26ef2c508c1e,1762586896643,Sync,2269.23,1762586895056,21.0.3.8,false,2048,38.77,InvokeFunction,,,LATEST,1-690ef10f-0c0a43-008289c5613a,OnDemand,,,1586.49,
,2523AFCDD5BD8A2B2953E48983230929-1,1762586897,FCRequestMetrics:/n-matmul-2048,10,10,,,643.59,n-matmul-2048,false,01d6f783bdb1,,c-690ef10b-0cf1abd9-dd39c218e942,1762586896679,Sync,2220.55,1762586895103,21.0.3.8,false,2048,36.49,InvokeFunction,,,LATEST,1-690ef10f-0c49fa-bfa06b4051f6,OnDemand,,,1576.29,
,211620C9A07558D2D8764497DA6068A4-1,1762586897,FCRequestMetrics:/n-matmul-2048,10,10,,,656.20,n-matmul-2048,false,e053c99a8bb6,,c-690ef10b-0cf1abd9-9de429f2e3c5,1762586896687,Sync,2027.73,1762586895316,21.0.3.8,false,2048,38.64,InvokeFunction,,,LATEST,1-690ef10f-0c49fa-7e769a5ef418,OnDemand,,,1370.84,
,9A02C87DA0F400C9E40F40EF2DF6006D-1,1762586897,FCRequestMetrics:/n-matmul-2048,10,10,,,648.60,n-matmul-2048,false,3ea4534df15d,,c-690ef10b-0cf1abd9-31fefea0e1fd,1762586896743,Sync,2048.26,1762586895344,21.0.3.8,false,2048,36.88,InvokeFunction,,,LATEST,1-690ef10f-0c0a43-a8c2a5a74475,OnDemand,,,1398.96,
,46B19270B472A6D217A2E559E7E7C97B-1,1762586897,FCRequestMetrics:/n-matmul-2048,10,10,,,628.65,n-matmul-2048,false,869d26b39717,,c-690ef10b-0cf1abd9-b6750c057b8f,1762586896783,Sync,2084.44,1762586895329,21.0.3.8,false,2048,36.54,InvokeFunction,,,LATEST,1-690ef10f-0c49fa-1e72cf885f21,OnDemand,,,1454.58,
,B63107B9394C762ADF436F322BAA4B65-1,1762586897,FCRequestMetrics:/n-matmul-2048,10,10,,,778.49,n-matmul-2048,false,1ccfa60657e6,,c-690ef10b-0cf1abd9-672e1c9f5eed,1762586896682,Sync,2146.73,1762586895315,21.0.3.8,false,2048,38.44,InvokeFunction,,,LATEST,1-690ef10f-0c49fa-99abaa5977e5,OnDemand,,,1367.56,
,00E67D373DA9C60BEF759D13208EAAD9-1,1762586897,FCRequestMetrics:/n-matmul-2048,10,10,,,646.17,n-matmul-2048,false,9013ed408e73,,c-690ef10b-0cf1abd9-dbc16e7d233d,1762586896822,Sync,2138.18,1762586895330,21.0.3.8,false,2048,36.33,InvokeFunction,,,LATEST,1-690ef10f-0c0a43-c61bb7daf365,OnDemand,,,1491.14,
,D5A4CD99F058D411C58A3919BEB264F4-1,1762586897,FCRequestMetrics:/n-matmul-2048,10,10,,,661.22,n-matmul-2048,false,a1586973fec8,,c-690ef10b-0cf1abd9-90463d425ca7,1762586896860,Sync,2201.81,1762586895320,21.0.3.8,false,2048,36.87,InvokeFunction,,,LATEST,1-690ef10f-0c49fa-5110dcbf0c6e,OnDemand,,,1539.92,
,B2D19E9889F3DDE524F4ACFCF2A5FEBF-1,1762586897,FCRequestMetrics:/n-matmul-2048,10,10,,,775.15,n-matmul-2048,false,95f39cca25aa,,c-690ef10b-0cf1abd9-336379de3020,1762586896767,Sync,2198.42,1762586895345,21.0.3.8,false,2048,39.31,InvokeFunction,,,LATEST,1-690ef10f-0c0a43-474836bf54d9,OnDemand,,,1422.47,
,A5C7CD7E71BB55429480C147D0ABD6E0-0,1762586897,FCRequestMetrics:/n-matmul-2048,10,10,,,860.85,n-matmul-2048,false,b9c50fa7ffa2,,c-690ef10b-0cf1abd9-39e48c7dd1cd,1762586896289,Sync,2411.88,1762586894744,21.0.3.8,false,2048,40.86,InvokeFunction,,,LATEST,1-690ef10f-0c0a43-4f0ab1124f20,OnDemand,,,1544.59,
,510F8A150819018E635E267F62520B9B-1,1762586898,FCRequestMetrics:/n-matmul-2048,10,10,,,798.06,n-matmul-2048,false,c8577adbf622,,c-690ef10b-0cf1abd9-26ef2c508c1e,1762586897328,Sync,2808.14,1762586895318,21.0.3.8,false,2048,40.38,InvokeFunction,,,LATEST,1-690ef10f-0c0a43-4aade5b18e42,OnDemand,,,2009.18,
,2523AFCDD5BD8A2B2953E48983230929-1,1762586898,FCRequestMetrics:/n-matmul-2048,10,10,,,806.34,n-matmul-2048,false,01d6f783bdb1,,c-690ef10b-0cf1abd9-dd39c218e942,1762586897326,Sync,2810.74,1762586895322,21.0.3.8,false,2048,38.42,InvokeFunction,,,LATEST,1-690ef10f-0c0a43-a9d6a369ed51,OnDemand,,,2003.72,
,211620C9A07558D2D8764497DA6068A4-1,1762586898,FCRequestMetrics:/n-matmul-2048,10,10,,,797.92,n-matmul-2048,false,e053c99a8bb6,,c-690ef10b-0cf1abd9-9de429f2e3c5,1762586897347,Sync,2827.08,1762586895319,21.0.3.8,false,2048,40.31,InvokeFunction,,,LATEST,1-690ef10f-0c49fa-8dd460acd2ba,OnDemand,,,2028.38,
,9A02C87DA0F400C9E40F40EF2DF6006D-1,1762586898,FCRequestMetrics:/n-matmul-2048,10,10,,,798.08,n-matmul-2048,false,3ea4534df15d,,c-690ef10b-0cf1abd9-31fefea0e1fd,1762586897395,Sync,2177.17,1762586896017,21.0.3.8,false,2048,38.41,InvokeFunction,,,LATEST,1-690ef110-0c0a43-7ff7106964e6,OnDemand,,,1378.20,
,46B19270B472A6D217A2E559E7E7C97B-1,1762586898,FCRequestMetrics:/n-matmul-2048,10,10,,,809.99,n-matmul-2048,false,869d26b39717,,c-690ef10b-0cf1abd9-b6750c057b8f,1762586897417,Sync,2189.68,1762586896037,21.0.3.8,false,2048,38.68,InvokeFunction,,,LATEST,1-690ef110-0c0a43-8c6fe6456550,OnDemand,,,1378.97,
,B63107B9394C762ADF436F322BAA4B65-1,1762586898,FCRequestMetrics:/n-matmul-2048,10,10,,,798.82,n-matmul-2048,false,1ccfa60657e6,,c-690ef10b-0cf1abd9-672e1c9f5eed,1762586897465,Sync,2192.60,1762586896071,21.0.3.8,false,2048,42.15,InvokeFunction,,,LATEST,1-690ef110-0c49fa-605f084985a4,OnDemand,,,1393.08,
,00E67D373DA9C60BEF759D13208EAAD9-1,1762586898,FCRequestMetrics:/n-matmul-2048,10,10,,,791.70,n-matmul-2048,false,9013ed408e73,,c-690ef10b-0cf1abd9-dbc16e7d233d,1762586897472,Sync,2151.18,1762586896115,21.0.3.8,false,2048,37.70,InvokeFunction,,,LATEST,1-690ef110-0c49fa-87d077d93be1,OnDemand,,,1357.33,
,D5A4CD99F058D411C58A3919BEB264F4-1,1762586898,FCRequestMetrics:/n-matmul-2048,10,10,,,791.08,n-matmul-2048,false,a1586973fec8,,c-690ef10b-0cf1abd9-90463d425ca7,1762586897525,Sync,2161.74,1762586896156,21.0.3.8,false,2048,38.44,InvokeFunction,,,LATEST,1-690ef110-0c0a43-10457483f11d,OnDemand,,,1368.95,
,B2D19E9889F3DDE524F4ACFCF2A5FEBF-1,1762586898,FCRequestMetrics:/n-matmul-2048,10,10,,,785.87,n-matmul-2048,false,95f39cca25aa,,c-690ef10b-0cf1abd9-336379de3020,1762586897547,Sync,2167.36,1762586896166,21.0.3.8,false,2048,42.32,InvokeFunction,,,LATEST,1-690ef110-0c49fa-e998613e4f71,OnDemand,,,1380.65,
,A5C7CD7E71BB55429480C147D0ABD6E0-0,1762586898,FCRequestMetrics:/n-matmul-2048,10,10,,,859.48,n-matmul-2048,false,b9c50fa7ffa2,,c-690ef10b-0cf1abd9-39e48c7dd1cd,1762586897160,Sync,2351.39,1762586895669,21.0.3.8,false,2048,43.86,InvokeFunction,,,LATEST,1-690ef110-0c49fa-5989c74f223d,OnDemand,,,1491.13,
,211620C9A07558D2D8764497DA6068A4-1,1762586898,FCRequestMetrics:/n-matmul-2048,10,10,,,0.05,n-matmul-2048,true,e053c99a8bb6,,c-690ef10b-0cf1abd9-9de429f2e3c5,1762586898149,Sync,1790.92,1762586896768,21.0.3.8,false,2048,4.22,InvokeFunction,,,LATEST,1-690ef110-0c0a43-7b86fdcddac1,OnDemand,,,1380.48,,"{""errorType"":""FunctionAbnormalExitError""}"
,510F8A150819018E635E267F62520B9B-1,1762586898,FCRequestMetrics:/n-matmul-2048,10,10,,,0.02,n-matmul-2048,true,c8577adbf622,,c-690ef10b-0cf1abd9-26ef2c508c1e,1762586898129,Sync,2325.06,1762586896220,21.0.3.8,false,2048,4.25,InvokeFunction,,,LATEST,1-690ef110-0c0a43-1460f5b3503f,OnDemand,,,1909.25,,"{""errorType"":""FunctionAbnormalExitError""}"
,9A02C87DA0F400C9E40F40EF2DF6006D-1,1762586898,FCRequestMetrics:/n-matmul-2048,10,10,,,0.03,n-matmul-2048,true,3ea4534df15d,,c-690ef10b-0cf1abd9-31fefea0e1fd,1762586898197,Sync,1782.51,1762586896831,21.0.3.8,false,2048,2.13,InvokeFunction,,,LATEST,1-690ef110-0c49fa-b3548686b9fa,OnDemand,,,1366.47,,"{""errorType"":""FunctionAbnormalExitError""}"
,46B19270B472A6D217A2E559E7E7C97B-1,1762586898,FCRequestMetrics:/n-matmul-2048,10,10,,,0.03,n-matmul-2048,true,869d26b39717,,c-690ef10b-0cf1abd9-b6750c057b8f,1762586898229,Sync,1783.19,1762586896855,21.0.3.8,false,2048,2.12,InvokeFunction,,,LATEST,1-690ef110-0c0a43-665646319728,OnDemand,,,1373.87,,"{""errorType"":""FunctionAbnormalExitError""}"
,00E67D373DA9C60BEF759D13208EAAD9-1,1762586898,FCRequestMetrics:/n-matmul-2048,10,10,,,0.03,n-matmul-2048,true,9013ed408e73,,c-690ef10b-0cf1abd9-dbc16e7d233d,1762586898269,Sync,1834.90,1762586896880,21.0.3.8,false,2048,2.32,InvokeFunction,,,LATEST,1-690ef110-0c0a43-e3634c167581,OnDemand,,,1389.08,,"{""errorType"":""FunctionAbnormalExitError""}"
,B63107B9394C762ADF436F322BAA4B65-0,1762586898,FCRequestMetrics:/n-matmul-2048,10,10,,,0.04,n-matmul-2048,true,1ccfa60657e6,,c-690ef10b-0cf1abd9-672e1c9f5eed,1762586898267,Sync,1837.90,1762586896867,21.0.3.8,false,2048,2.43,InvokeFunction,,,LATEST,1-690ef110-0c0a43-7d77aeade51f,OnDemand,,,1399.85,,"{""errorType"":""FunctionAbnormalExitError""}"
,2523AFCDD5BD8A2B2953E48983230929-1,1762586898,FCRequestMetrics:/n-matmul-2048,10,10,,,0.04,n-matmul-2048,true,01d6f783bdb1,,c-690ef10b-0cf1abd9-dd39c218e942,1762586898137,Sync,2487.34,1762586896074,21.0.3.8,false,2048,2.25,InvokeFunction,,,LATEST,1-690ef110-0c49fa-d6cf2f79e9ae,OnDemand,,,2062.87,,"{""errorType"":""FunctionAbnormalExitError""}"
,D5A4CD99F058D411C58A3919BEB264F4-1,1762586898,FCRequestMetrics:/n-matmul-2048,10,10,,,0.06,n-matmul-2048,true,a1586973fec8,,c-690ef10b-0cf1abd9-90463d425ca7,1762586898321,Sync,1828.43,1762586896904,21.0.3.8,false,2048,2.36,InvokeFunction,,,LATEST,1-690ef110-0c49fa-449f85e327a1,OnDemand,,,1416.39,,"{""errorType"":""FunctionAbnormalExitError""}"
,A5C7CD7E71BB55429480C147D0ABD6E0-1,1762586898,FCRequestMetrics:/n-matmul-2048,10,10,,,0.02,n-matmul-2048,true,b9c50fa7ffa2,,c-690ef10b-0cf1abd9-39e48c7dd1cd,1762586898024,Sync,1784.94,1762586896679,21.0.3.8,false,2048,4.05,InvokeFunction,,,LATEST,1-690ef111-0c49fa-40e137a25902,OnDemand,,,1344.65,,"{""errorType"":""FunctionAbnormalExitError""}"
,B2D19E9889F3DDE524F4ACFCF2A5FEBF-0,1762586898,FCRequestMetrics:/n-matmul-2048,10,10,,,0.13,n-matmul-2048,true,95f39cca25aa,,c-690ef10b-0cf1abd9-336379de3020,1762586898336,Sync,1827.42,1762586896907,21.0.3.8,false,2048,2.19,InvokeFunction,,,LATEST,1-690ef110-0c0a43-eda44e051261,OnDemand,,,1429.48,,"{""errorType"":""FunctionAbnormalExitError""}"
,211620C9A07558D2D8764497DA6068A4-1,1762586899,FCRequestMetrics:/n-matmul-2048,10,10,,,682.21,n-matmul-2048,false,e053c99a8bb6,,c-690ef10b-0cf1abd9-9de429f2e3c5,1762586898562,Sync,2115.47,1762586897129,21.0.3.8,false,2048,26.69,InvokeFunction,,,LATEST,1-690ef111-0c49fa-b8d93b3cdb98,OnDemand,,,1432.34,
,211620C9A07558D2D8764497DA6068A4-1,1762586899,FCRequestMetrics:/n-matmul-2048,10,10,,,648.51,n-matmul-2048,false,e053c99a8bb6,,c-690ef10b-0cf1abd9-9de429f2e3c5,1762586899248,Sync,1727.81,1762586898169,21.0.3.8,false,2048,34.16,InvokeFunction,,,LATEST,1-690ef112-0c0a43-37c1b27b99ab,OnDemand,,,1078.44,
,510F8A150819018E635E267F62520B9B-1,1762586899,FCRequestMetrics:/n-matmul-2048,10,10,,,699.89,n-matmul-2048,false,c8577adbf622,,c-690ef10b-0cf1abd9-26ef2c508c1e,1762586898547,Sync,2120.43,1762586897128,21.0.3.8,false,2048,26.78,InvokeFunction,,,LATEST,1-690ef111-0c0a43-32fe3441191c,OnDemand,,,1418.11,
,510F8A150819018E635E267F62520B9B-1,1762586899,FCRequestMetrics:/n-matmul-2048,10,10,,,646.68,n-matmul-2048,false,c8577adbf622,,c-690ef10b-0cf1abd9-26ef2c508c1e,1762586899251,Sync,1727.92,1762586898170,21.0.3.8,false,2048,34.54,InvokeFunction,,,LATEST,1-690ef112-0c0a43-a35f48300b95,OnDemand,,,1080.53,
,9A02C87DA0F400C9E40F40EF2DF6006D-1,1762586899,FCRequestMetrics:/n-matmul-2048,10,10,,,703.36,n-matmul-2048,false,3ea4534df15d,,c-690ef10b-0cf1abd9-31fefea0e1fd,1762586898616,Sync,1955.43,1762586897365,21.0.3.8,false,2048,28.78,InvokeFunction,,,LATEST,1-690ef111-0c49fa-34e28611b4d5,OnDemand,,,1251.31,
,9A02C87DA0F400C9E40F40EF2DF6006D-1,1762586899,FCRequestMetrics:/n-matmul-2048,10,10,,,641.45,n-matmul-2048,false,3ea4534df15d,,c-690ef10b-0cf1abd9-31fefea0e1fd,1762586899323,Sync,1787.62,1762586898178,21.0.3.8,false,2048,36.40,InvokeFunction,,,LATEST,1-690ef112-0c49fa-769682f7b21d,OnDemand,,,1145.43,
,46B19270B472A6D217A2E559E7E7C97B-1,1762586899,FCRequestMetrics:/n-matmul-2048,10,10,,,673.89,n-matmul-2048,false,869d26b39717,,c-690ef10b-0cf1abd9-b6750c057b8f,1762586898641,Sync,2180.47,1762586897136,21.0.3.8,false,2048,30.61,InvokeFunction,,,LATEST,1-690ef111-0c49fa-8557376d9d83,OnDemand,,,1505.37,
,46B19270B472A6D217A2E559E7E7C97B-1,1762586899,FCRequestMetrics:/n-matmul-2048,10,10,,,647.98,n-matmul-2048,false,869d26b39717,,c-690ef10b-0cf1abd9-b6750c057b8f,1762586899320,Sync,1792.62,1762586898176,21.0.3.8,false,2048,38.12,InvokeFunction,,,LATEST,1-690ef112-0c0a43-bed216756008,OnDemand,,,1143.93,
,00E67D373DA9C60BEF759D13208EAAD9-1,1762586899,FCRequestMetrics:/n-matmul-2048,10,10,,,677.60,n-matmul-2048,false,9013ed408e73,,c-690ef10b-0cf1abd9-dbc16e7d233d,1762586898717,Sync,1233.34,1762586898162,21.0.3.8,false,2048,28.53,InvokeFunction,,,LATEST,1-690ef112-0c49fa-d9fb5543f117,OnDemand,,,554.86,
,B63107B9394C762ADF436F322BAA4B65-0,1762586899,FCRequestMetrics:/n-matmul-2048,10,10,,,678.43,n-matmul-2048,false,1ccfa60657e6,,c-690ef10b-0cf1abd9-672e1c9f5eed,1762586898707,Sync,2243.57,1762586897142,21.0.3.8,false,2048,28.66,InvokeFunction,,,LATEST,1-690ef111-0c0a43-773b8c7f1d12,OnDemand,,,1564.31,
,2523AFCDD5BD8A2B2953E48983230929-1,1762586899,FCRequestMetrics:/n-matmul-2048,10,10,,,712.65,n-matmul-2048,false,01d6f783bdb1,,c-690ef10b-0cf1abd9-dd39c218e942,1762586898563,Sync,2137.68,1762586897139,21.0.3.8,false,2048,28.87,InvokeFunction,,,LATEST,1-690ef111-0c49fa-ded023a3dc5d,OnDemand,,,1424.12,
,2523AFCDD5BD8A2B2953E48983230929-1,1762586899,FCRequestMetrics:/n-matmul-2048,10,10,,,645.08,n-matmul-2048,false,01d6f783bdb1,,c-690ef10b-0cf1abd9-dd39c218e942,1762586899281,Sync,1752.90,1762586898173,21.0.3.8,false,2048,36.60,InvokeFunction,,,LATEST,1-690ef112-0c49fa-fd2898598f77,OnDemand,,,1107.01,
,D5A4CD99F058D411C58A3919BEB264F4-1,1762586899,FCRequestMetrics:/n-matmul-2048,10,10,,,679.68,n-matmul-2048,false,a1586973fec8,,c-690ef10b-0cf1abd9-90463d425ca7,1762586898735,Sync,1250.95,1762586898164,21.0.3.8,false,2048,26.75,InvokeFunction,,,LATEST,1-690ef112-0c0a43-5b87c547671b,OnDemand,,,570.31,
,A5C7CD7E71BB55429480C147D0ABD6E0-1,1762586899,FCRequestMetrics:/n-matmul-2048,10,10,,,750.53,n-matmul-2048,false,b9c50fa7ffa2,,c-690ef10b-0cf1abd9-39e48c7dd1cd,1762586898468,Sync,1463.74,1762586897755,21.0.3.8,false,2048,28.54,InvokeFunction,,,LATEST,1-690ef112-0c49fa-a3072fa67263,OnDemand,,,712.11,
,A5C7CD7E71BB55429480C147D0ABD6E0-1,1762586899,FCRequestMetrics:/n-matmul-2048,10,10,,,721.01,n-matmul-2048,false,b9c50fa7ffa2,,c-690ef10b-0cf1abd9-39e48c7dd1cd,1762586899222,Sync,2115.60,1762586897829,21.0.3.8,false,2048,36.33,InvokeFunction,,,LATEST,1-690ef112-0c0a43-c424d17d0da1,OnDemand,,,1393.78,
,B2D19E9889F3DDE524F4ACFCF2A5FEBF-0,1762586899,FCRequestMetrics:/n-matmul-2048,10,10,,,673.16,n-matmul-2048,false,95f39cca25aa,,c-690ef10b-0cf1abd9-336379de3020,1762586898736,Sync,1244.91,1762586898165,21.0.3.8,false,2048,26.92,InvokeFunction,,,LATEST,1-690ef112-0c0a43-a0e9a679e96e,OnDemand,,,569.72,
,211620C9A07558D2D8764497DA6068A4-1,1762586900,FCRequestMetrics:/n-matmul-2048,10,10,,,662.95,n-matmul-2048,false,e053c99a8bb6,,c-690ef10b-0cf1abd9-9de429f2e3c5,1762586899900,Sync,2384.46,1762586898179,21.0.3.8,false,2048,36.54,InvokeFunction,,,LATEST,1-690ef112-0c49fa-87fd8aa19262,OnDemand,,,1720.83,
,510F8A150819018E635E267F62520B9B-1,1762586900,FCRequestMetrics:/n-matmul-2048,10,10,,,687.35,n-matmul-2048,false,c8577adbf622,,c-690ef10b-0cf1abd9-26ef2c508c1e,1762586899901,Sync,2412.78,1762586898181,21.0.3.8,false,2048,36.96,InvokeFunction,,,LATEST,1-690ef112-0c0a43-82e2b00e1a56,OnDemand,,,1720.18,
,9A02C87DA0F400C9E40F40EF2DF6006D-1,1762586900,FCRequestMetrics:/n-matmul-2048,10,10,,,637.16,n-matmul-2048,false,3ea4534df15d,,c-690ef10b-0cf1abd9-31fefea0e1fd,1762586899968,Sync,1383.33,1762586899223,21.0.3.8,false,2048,38.45,InvokeFunction,,,LATEST,1-690ef113-0c0a43-8e52f05babc8,OnDemand,,,745.34,
,46B19270B472A6D217A2E559E7E7C97B-1,1762586900,FCRequestMetrics:/n-matmul-2048,10,10,,,647.22,n-matmul-2048,false,869d26b39717,,c-690ef10b-0cf1abd9-b6750c057b8f,1762586899971,Sync,1395.05,1762586899224,21.0.3.8,false,2048,40.39,InvokeFunction,,,LATEST,1-690ef113-0c49fa-37c1042e2326,OnDemand,,,747.09,
,00E67D373DA9C60BEF759D13208EAAD9-1,1762586900,FCRequestMetrics:/n-matmul-2048,10,10,,,652.45,n-matmul-2048,false,9013ed408e73,,c-690ef10b-0cf1abd9-dbc16e7d233d,1762586899398,Sync,1782.81,1762586898268,21.0.3.8,false,2048,36.46,InvokeFunction,,,LATEST,1-690ef112-0c0a43-41043f240294,OnDemand,,,1129.64,
,00E67D373DA9C60BEF759D13208EAAD9-1,1762586900,FCRequestMetrics:/n-matmul-2048,10,10,,,654.07,n-matmul-2048,false,9013ed408e73,,c-690ef10b-0cf1abd9-dbc16e7d233d,1762586900054,Sync,1483.16,1762586899226,21.0.3.8,false,2048,38.79,InvokeFunction,,,LATEST,1-690ef113-0c0a43-8fbe6815fb65,OnDemand,,,828.18,
,B63107B9394C762ADF436F322BAA4B65-0,1762586900,FCRequestMetrics:/n-matmul-2048,10,10,,,636.31,n-matmul-2048,false,1ccfa60657e6,,c-690ef10b-0cf1abd9-672e1c9f5eed,1762586899388,Sync,1790.08,1762586898235,21.0.3.8,false,2048,36.70,InvokeFunction,,,LATEST,1-690ef112-0c0a43-e9b1eb90acf5,OnDemand,,,1153.14,
,B63107B9394C762ADF436F322BAA4B65-0,1762586900,FCRequestMetrics:/n-matmul-2048,10,10,,,661.16,n-matmul-2048,false,1ccfa60657e6,,c-690ef10b-0cf1abd9-672e1c9f5eed,1762586900028,Sync,1465.03,1762586899224,21.0.3.8,false,2048,38.92,InvokeFunction,,,LATEST,1-690ef113-0c49fa-3a1eb08b6462,OnDemand,,,803.18,
,2523AFCDD5BD8A2B2953E48983230929-1,1762586900,FCRequestMetrics:/n-matmul-2048,10,10,,,775.93,n-matmul-2048,false,01d6f783bdb1,,c-690ef10b-0cf1abd9-dd39c218e942,1762586899930,Sync,2520.43,1762586898186,21.0.3.8,false,2048,41.10,InvokeFunction,,,LATEST,1-690ef112-0c49fa-66af0e76a015,OnDemand,,,1743.72,
,D5A4CD99F058D411C58A3919BEB264F4-1,1762586900,FCRequestMetrics:/n-matmul-2048,10,10,,,655.61,n-matmul-2048,false,a1586973fec8,,c-690ef10b-0cf1abd9-90463d425ca7,1762586899419,Sync,1767.31,1762586898307,21.0.3.8,false,2048,34.08,InvokeFunction,,,LATEST,1-690ef112-0c49fa-116262afd938,OnDemand,,,1111.07,
,D5A4CD99F058D411C58A3919BEB264F4-1,1762586900,FCRequestMetrics:/n-matmul-2048,10,10,,,650.37,n-matmul-2048,false,a1586973fec8,,c-690ef10b-0cf1abd9-90463d425ca7,1762586900078,Sync,1501.89,1762586899227,21.0.3.8,false,2048,36.44,InvokeFunction,,,LATEST,1-690ef113-0c49fa-fe628420862e,OnDemand,,,850.75,
,A5C7CD7E71BB55429480C147D0ABD6E0-1,1762586900,FCRequestMetrics:/n-matmul-2048,10,10,,,706.18,n-matmul-2048,false,b9c50fa7ffa2,,c-690ef10b-0cf1abd9-39e48c7dd1cd,1762586899947,Sync,1721.39,1762586898932,21.0.3.8,false,2048,38.75,InvokeFunction,,,LATEST,1-690ef113-0c0a43-fc5618e557b8,OnDemand,,,1014.22,
,B2D19E9889F3DDE524F4ACFCF2A5FEBF-0,1762586900,FCRequestMetrics:/n-matmul-2048,10,10,,,663.19,n-matmul-2048,false,95f39cca25aa,,c-690ef10b-0cf1abd9-336379de3020,1762586899414,Sync,1770.29,1762586898307,21.0.3.8,false,2048,34.67,InvokeFunction,,,LATEST,1-690ef112-0c49fa-72d9346ddd55,OnDemand,,,1106.33,
,B2D19E9889F3DDE524F4ACFCF2A5FEBF-0,1762586900,FCRequestMetrics:/n-matmul-2048,10,10,,,848.12,n-matmul-2048,false,95f39cca25aa,,c-690ef10b-0cf1abd9-336379de3020,1762586900082,Sync,1700.70,1762586899230,21.0.3.8,false,2048,38.70,InvokeFunction,,,LATEST,1-690ef113-0c49fa-1645f7928c91,OnDemand,,,851.72,
,211620C9A07558D2D8764497DA6068A4-1,1762586901,FCRequestMetrics:/n-matmul-2048,10,10,,,815.31,n-matmul-2048,false,e053c99a8bb6,,c-690ef10b-0cf1abd9-9de429f2e3c5,1762586900568,Sync,2150.86,1762586899233,21.0.3.8,false,2048,38.38,InvokeFunction,,,LATEST,1-690ef113-0c49fa-75021eae4b1f,OnDemand,,,1334.63,
,510F8A150819018E635E267F62520B9B-1,1762586901,FCRequestMetrics:/n-matmul-2048,10,10,,,793.09,n-matmul-2048,false,c8577adbf622,,c-690ef10b-0cf1abd9-26ef2c508c1e,1762586900596,Sync,2155.27,1762586899235,21.0.3.8,false,2048,39.07,InvokeFunction,,,LATEST,1-690ef113-0c49fa-885aae73449f,OnDemand,,,1361.25,
,9A02C87DA0F400C9E40F40EF2DF6006D-1,1762586901,FCRequestMetrics:/n-matmul-2048,10,10,,,787.36,n-matmul-2048,false,3ea4534df15d,,c-690ef10b-0cf1abd9-31fefea0e1fd,1762586900609,Sync,2143.98,1762586899253,21.0.3.8,false,2048,40.59,InvokeFunction,,,LATEST,1-690ef113-0c0a43-3c6724ec0c17,OnDemand,,,1355.92,
,46B19270B472A6D217A2E559E7E7C97B-1,1762586901,FCRequestMetrics:/n-matmul-2048,10,10,,,794.71,n-matmul-2048,false,869d26b39717,,c-690ef10b-0cf1abd9-b6750c057b8f,1762586900622,Sync,2164.22,1762586899253,21.0.3.8,false,2048,42.42,InvokeFunction,,,LATEST,1-690ef113-0c0a43-a07c01ab30a1,OnDemand,,,1368.62,
,00E67D373DA9C60BEF759D13208EAAD9-1,1762586901,FCRequestMetrics:/n-matmul-2048,10,10,,,776.03,n-matmul-2048,false,9013ed408e73,,c-690ef10b-0cf1abd9-dbc16e7d233d,1762586900712,Sync,1426.42,1762586900062,21.0.3.8,false,2048,40.34,InvokeFunction,,,LATEST,1-690ef114-0c49fa-0fc8fb3a69fb,OnDemand,,,649.69,
,B63107B9394C762ADF436F322BAA4B65-0,1762586901,FCRequestMetrics:/n-matmul-2048,10,10,,,800.06,n-matmul-2048,false,1ccfa60657e6,,c-690ef10b-0cf1abd9-672e1c9f5eed,1762586900692,Sync,1445.60,1762586900050,21.0.3.8,false,2048,41.20,InvokeFunction,,,LATEST,1-690ef114-0c0a43-6635670e337d,OnDemand,,,641.81,
,2523AFCDD5BD8A2B2953E48983230929-1,1762586901,FCRequestMetrics:/n-matmul-2048,10,10,,,793.58,n-matmul-2048,false,01d6f783bdb1,,c-690ef10b-0cf1abd9-dd39c218e942,1762586900709,Sync,1452.98,1762586900051,21.0.3.8,false,2048,44.34,InvokeFunction,,,LATEST,1-690ef114-0c0a43-db26a596eac0,OnDemand,,,658.70,
,D5A4CD99F058D411C58A3919BEB264F4-1,1762586901,FCRequestMetrics:/n-matmul-2048,10,10,,,788.88,n-matmul-2048,false,a1586973fec8,,c-690ef10b-0cf1abd9-90463d425ca7,1762586900732,Sync,1433.26,1762586900088,21.0.3.8,false,2048,37.94,InvokeFunction,,,LATEST,1-690ef114-0c49fa-cfed77dd0e02,OnDemand,,,643.67,
,A5C7CD7E71BB55429480C147D0ABD6E0-1,1762586901,FCRequestMetrics:/n-matmul-2048,10,10,,,880.61,n-matmul-2048,false,b9c50fa7ffa2,,c-690ef10b-0cf1abd9-39e48c7dd1cd,1762586900656,Sync,1691.55,1762586899846,21.0.3.8,false,2048,40.30,InvokeFunction,,,LATEST,1-690ef114-0c0a43-9c21f4d1105f,OnDemand,,,810.20,
,B2D19E9889F3DDE524F4ACFCF2A5FEBF-0,1762586901,FCRequestMetrics:/n-matmul-2048,10,10,,,797.09,n-matmul-2048,false,95f39cca25aa,,c-690ef10b-0cf1abd9-336379de3020,1762586900937,Sync,1612.10,1762586900123,21.0.3.8,false,2048,42.16,InvokeFunction,,,LATEST,1-690ef114-0c0a43-33549addbde6,OnDemand,,,811.25,
,510F8A150819018E635E267F62520B9B-1,1762586901,FCRequestMetrics:/n-matmul-2048,10,10,,,0.03,n-matmul-2048,true,c8577adbf622,,c-690ef10b-0cf1abd9-26ef2c508c1e,1762586901394,Sync,1671.03,1762586900139,21.0.3.8,false,2048,2.25,InvokeFunction,,,LATEST,1-690ef114-0c49fa-9d1c644b9362,OnDemand,,,1254.94,,"{""errorType"":""FunctionAbnormalExitError""}"
,9A02C87DA0F400C9E40F40EF2DF6006D-1,1762586901,FCRequestMetrics:/n-matmul-2048,10,10,,,0.03,n-matmul-2048,true,3ea4534df15d,,c-690ef10b-0cf1abd9-31fefea0e1fd,1762586901399,Sync,1212.16,1762586900636,21.0.3.8,false,2048,4.21,InvokeFunction,,,LATEST,1-690ef114-0c0a43-002e8be93fa9,OnDemand,,,762.84,,"{""errorType"":""FunctionAbnormalExitError""}"
,00E67D373DA9C60BEF759D13208EAAD9-1,1762586901,FCRequestMetrics:/n-matmul-2048,10,10,,,0.02,n-matmul-2048,true,9013ed408e73,,c-690ef10b-0cf1abd9-dbc16e7d233d,1762586901492,Sync,1010.95,1762586900900,21.0.3.8,false,2048,4.05,InvokeFunction,,,LATEST,1-690ef114-0c0a43-d09423bad7bb,OnDemand,,,591.78,,"{""errorType"":""FunctionAbnormalExitError""}"
,2523AFCDD5BD8A2B2953E48983230929-1,1762586901,FCRequestMetrics:/n-matmul-2048,10,10,,,0.02,n-matmul-2048,true,01d6f783bdb1,,c-690ef10b-0cf1abd9-dd39c218e942,1762586901507,Sync,867.95,1762586901064,21.0.3.8,false,2048,4.18,InvokeFunction,,,LATEST,1-690ef115-0c49fa-32ea2a173890,OnDemand,,,442.72,,"{""errorType"":""FunctionAbnormalExitError""}"
,D5A4CD99F058D411C58A3919BEB264F4-1,1762586901,FCRequestMetrics:/n-matmul-2048,10,10,,,0.03,n-matmul-2048,true,a1586973fec8,,c-690ef10b-0cf1abd9-90463d425ca7,1762586901525,Sync,1048.60,1762586900900,21.0.3.8,false,2048,2.11,InvokeFunction,,,LATEST,1-690ef114-0c49fa-a7cbd0e292ea,OnDemand,,,624.75,,"{""errorType"":""FunctionAbnormalExitError""}"
,211620C9A07558D2D8764497DA6068A4-1,1762586901,FCRequestMetrics:/n-matmul-2048,10,10,,,0.02,n-matmul-2048,true,e053c99a8bb6,,c-690ef10b-0cf1abd9-9de429f2e3c5,1762586901387,Sync,1683.44,1762586900134,21.0.3.8,false,2048,2.22,InvokeFunction,,,LATEST,1-690ef114-0c0a43-f529ddf72912,OnDemand,,,1253.32,,"{""errorType"":""FunctionAbnormalExitError""}"
,46B19270B472A6D217A2E559E7E7C97B-1,1762586901,FCRequestMetrics:/n-matmul-2048,10,10,,,0.04,n-matmul-2048,true,869d26b39717,,c-690ef10b-0cf1abd9-b6750c057b8f,1762586901420,Sync,1092.21,1762586900750,21.0.3.8,false,2048,4.16,InvokeFunction,,,LATEST,1-690ef114-0c49fa-b01a19889238,OnDemand,,,670.11,,"{""errorType"":""FunctionAbnormalExitError""}"
,B63107B9394C762ADF436F322BAA4B65-1,1762586901,FCRequestMetrics:/n-matmul-2048,10,10,,,0.02,n-matmul-2048,true,1ccfa60657e6,,c-690ef10b-0cf1abd9-672e1c9f5eed,1762586901498,Sync,866.00,1762586901032,21.0.3.8,false,2048,4.34,InvokeFunction,,,LATEST,1-690ef115-0c0a43-3682e7103b5c,OnDemand,,,466.25,,"{""errorType"":""FunctionAbnormalExitError""}"
,A5C7CD7E71BB55429480C147D0ABD6E0-1,1762586901,FCRequestMetrics:/n-matmul-2048,10,10,,,0.02,n-matmul-2048,true,b9c50fa7ffa2,,c-690ef10b-0cf1abd9-39e48c7dd1cd,1762586901540,Sync,1558.07,1762586900428,21.0.3.8,false,2048,4.14,InvokeFunction,,,LATEST,1-690ef114-0c49fa-b1dd1fa7dd59,OnDemand,,,1112.58,,"{""errorType"":""FunctionAbnormalExitError""}"
,510F8A150819018E635E267F62520B9B-1,1762586902,FCRequestMetrics:/n-matmul-2048,10,10,,,680.77,n-matmul-2048,false,c8577adbf622,,c-690ef10b-0cf1abd9-26ef2c508c1e,1762586901813,Sync,1063.44,1762586901431,21.0.3.8,false,2048,24.89,InvokeFunction,,,LATEST,1-690ef115-0c49fa-676dd772df1d,OnDemand,,,381.86,
,9A02C87DA0F400C9E40F40EF2DF6006D-1,1762586902,FCRequestMetrics:/n-matmul-2048,10,10,,,668.06,n-matmul-2048,false,3ea4534df15d,,c-690ef10b-0cf1abd9-31fefea0e1fd,1762586901851,Sync,1786.08,1762586900733,21.0.3.8,false,2048,28.69,InvokeFunction,,,LATEST,1-690ef114-0c0a43-ec78091fefc0,OnDemand,,,1116.14,
,00E67D373DA9C60BEF759D13208EAAD9-1,1762586902,FCRequestMetrics:/n-matmul-2048,10,10,,,674.71,n-matmul-2048,false,9013ed408e73,,c-690ef10b-0cf1abd9-dbc16e7d233d,1762586901913,Sync,2305.38,1762586900284,21.0.3.8,false,2048,28.87,InvokeFunction,,,LATEST,1-690ef114-0c0a43-fb49ce8bfe13,OnDemand,,,1628.41,
,2523AFCDD5BD8A2B2953E48983230929-1,1762586902,FCRequestMetrics:/n-matmul-2048,10,10,,,694.83,n-matmul-2048,false,01d6f783bdb1,,c-690ef10b-0cf1abd9-dd39c218e942,1762586901934,Sync,1754.93,1762586900874,21.0.3.8,false,2048,30.18,InvokeFunction,,,LATEST,1-690ef114-0c49fa-35458787cefb,OnDemand,,,1059.14,
,D5A4CD99F058D411C58A3919BEB264F4-1,1762586902,FCRequestMetrics:/n-matmul-2048,10,10,,,681.10,n-matmul-2048,false,a1586973fec8,,c-690ef10b-0cf1abd9-90463d425ca7,1762586901951,Sync,2492.59,1762586900140,21.0.3.8,false,2048,26.72,InvokeFunction,,,LATEST,1-690ef114-0c49fa-4b37d99c31dd,OnDemand,,,1810.74,
,211620C9A07558D2D8764497DA6068A4-1,1762586902,FCRequestMetrics:/n-matmul-2048,10,10,,,709.61,n-matmul-2048,false,e053c99a8bb6,,c-690ef10b-0cf1abd9-9de429f2e3c5,1762586901820,Sync,1624.67,1762586900905,21.0.3.8,false,2048,26.56,InvokeFunction,,,LATEST,1-690ef114-0c49fa-c2bf8fba7c61,OnDemand,,,914.29,
,46B19270B472A6D217A2E559E7E7C97B-1,1762586902,FCRequestMetrics:/n-matmul-2048,10,10,,,691.39,n-matmul-2048,false,869d26b39717,,c-690ef10b-0cf1abd9-b6750c057b8f,1762586901844,Sync,1100.10,1762586901436,21.0.3.8,false,2048,28.62,InvokeFunction,,,LATEST,1-690ef115-0c0a43-ce93a104afa0,OnDemand,,,407.75,
,B63107B9394C762ADF436F322BAA4B65-1,1762586902,FCRequestMetrics:/n-matmul-2048,10,10,,,700.93,n-matmul-2048,false,1ccfa60657e6,,c-690ef10b-0cf1abd9-672e1c9f5eed,1762586901900,Sync,1145.73,1762586901456,21.0.3.8,false,2048,26.74,InvokeFunction,,,LATEST,1-690ef115-0c0a43-dd735c1c635e,OnDemand,,,442.67,
,A5C7CD7E71BB55429480C147D0ABD6E0-1,1762586902,FCRequestMetrics:/n-matmul-2048,10,10,,,742.56,n-matmul-2048,false,b9c50fa7ffa2,,c-690ef10b-0cf1abd9-39e48c7dd1cd,1762586901988,Sync,1346.22,1762586901385,21.0.3.8,false,2048,28.69,InvokeFunction,,,LATEST,1-690ef115-0c49fa-5e7b127a71dc,OnDemand,,,602.83,
,B2D19E9889F3DDE524F4ACFCF2A5FEBF-1,1762586902,FCRequestMetrics:/n-matmul-2048,10,10,,,0.03,n-matmul-2048,true,95f39cca25aa,,c-690ef10b-0cf1abd9-336379de3020,1762586901737,Sync,748.41,1762586901423,21.0.3.8,false,2048,2.37,InvokeFunction,,,LATEST,1-690ef115-0c49fa-e6a3fece6f0e,OnDemand,,,314.65,,"{""errorType"":""FunctionAbnormalExitError""}"
,B2D19E9889F3DDE524F4ACFCF2A5FEBF-1,1762586902,FCRequestMetrics:/n-matmul-2048,10,10,,,681.32,n-matmul-2048,false,95f39cca25aa,,c-690ef10b-0cf1abd9-336379de3020,1762586902173,Sync,1319.71,1762586901535,21.0.3.8,false,2048,28.83,InvokeFunction,,,LATEST,1-690ef115-0c0a43-cf1d26b4e1de,OnDemand,,,637.58,
,510F8A150819018E635E267F62520B9B-1,1762586903,FCRequestMetrics:/n-matmul-2048,10,10,,,643.96,n-matmul-2048,false,c8577adbf622,,c-690ef10b-0cf1abd9-26ef2c508c1e,1762586902499,Sync,1582.07,1762586901561,21.0.3.8,false,2048,32.41,InvokeFunction,,,LATEST,1-690ef115-0c49fa-157ed8e800f5,OnDemand,,,937.27,
,510F8A150819018E635E267F62520B9B-1,1762586903,FCRequestMetrics:/n-matmul-2048,10,10,,,651.89,n-matmul-2048,false,c8577adbf622,,c-690ef10b-0cf1abd9-26ef2c508c1e,1762586903148,Sync,1087.37,1762586902713,21.0.3.8,false,2048,34.66,InvokeFunction,,,LATEST,1-690ef116-0c49fa-f8700ab241f8,OnDemand,,,434.66,
,9A02C87DA0F400C9E40F40EF2DF6006D-1,1762586903,FCRequestMetrics:/n-matmul-2048,10,10,,,688.73,n-matmul-2048,false,3ea4534df15d,,c-690ef10b-0cf1abd9-31fefea0e1fd,1762586902522,Sync,1261.05,1762586901950,21.0.3.8,false,2048,36.42,InvokeFunction,,,LATEST,1-690ef115-0c0a43-6d397103b96e,OnDemand,,,571.58,
,9A02C87DA0F400C9E40F40EF2DF6006D-1,1762586903,FCRequestMetrics:/n-matmul-2048,10,10,,,644.41,n-matmul-2048,false,3ea4534df15d,,c-690ef10b-0cf1abd9-31fefea0e1fd,1762586903215,Sync,967.03,1762586902893,21.0.3.8,false,2048,38.73,InvokeFunction,,,LATEST,1-690ef116-0c49fa-a5360bc0c71e,OnDemand,,,321.96,
,00E67D373DA9C60BEF759D13208EAAD9-1,1762586903,FCRequestMetrics:/n-matmul-2048,7,7,,,644.09,n-matmul-2048,false,9013ed408e73,,c-690ef10b-0cf1abd9-dbc16e7d233d,1762586902665,Sync,645.34,1762586902664,21.0.3.8,false,2048,36.07,InvokeFunction,,,LATEST,1-690ef116-0c0a43-5c0c85ea042e,OnDemand,,,0.49,
,00E67D373DA9C60BEF759D13208EAAD9-1,1762586903,FCRequestMetrics:/n-matmul-2048,10,10,,,642.12,n-matmul-2048,false,9013ed408e73,,c-690ef10b-0cf1abd9-dbc16e7d233d,1762586903312,Sync,1055.36,1762586902899,21.0.3.8,false,2048,38.18,InvokeFunction,,,LATEST,1-690ef116-0c0a43-53e0d658f6eb,OnDemand,,,412.45,
,2523AFCDD5BD8A2B2953E48983230929-1,1762586903,FCRequestMetrics:/n-matmul-2048,7,7,,,637.59,n-matmul-2048,false,01d6f783bdb1,,c-690ef10b-0cf1abd9-dd39c218e942,1762586902658,Sync,644.92,1762586902657,21.0.3.8,false,2048,36.60,InvokeFunction,,,LATEST,1-690ef116-0c0a43-d7ae0b3aa01e,OnDemand,,,0.55,
,2523AFCDD5BD8A2B2953E48983230929-1,1762586903,FCRequestMetrics:/n-matmul-2048,10,10,,,645.69,n-matmul-2048,false,01d6f783bdb1,,c-690ef10b-0cf1abd9-dd39c218e942,1762586903305,Sync,1056.88,1762586902894,21.0.3.8,false,2048,38.86,InvokeFunction,,,LATEST,1-690ef116-0c0a43-03c14b813775,OnDemand,,,410.47,
,D5A4CD99F058D411C58A3919BEB264F4-1,1762586903,FCRequestMetrics:/n-matmul-2048,7,7,,,684.22,n-matmul-2048,false,a1586973fec8,,c-690ef10b-0cf1abd9-90463d425ca7,1762586902651,Sync,686.33,1762586902650,21.0.3.8,false,2048,34.08,InvokeFunction,,,LATEST,1-690ef116-0c49fa-d17d94f9a382,OnDemand,,,1.41,
,D5A4CD99F058D411C58A3919BEB264F4-1,1762586903,FCRequestMetrics:/n-matmul-2048,10,10,,,651.28,n-matmul-2048,false,a1586973fec8,,c-690ef10b-0cf1abd9-90463d425ca7,1762586903339,Sync,1090.39,1762586902901,21.0.3.8,false,2048,36.51,InvokeFunction,,,LATEST,1-690ef116-0c49fa-b573f7428056,OnDemand,,,438.22,
,211620C9A07558D2D8764497DA6068A4-1,1762586903,FCRequestMetrics:/n-matmul-2048,10,10,,,676.92,n-matmul-2048,false,e053c99a8bb6,,c-690ef10b-0cf1abd9-9de429f2e3c5,1762586902533,Sync,1348.90,1762586901861,21.0.3.8,false,2048,34.16,InvokeFunction,,,LATEST,1-690ef115-0c0a43-0b797ae5d297,OnDemand,,,671.21,
,211620C9A07558D2D8764497DA6068A4-1,1762586903,FCRequestMetrics:/n-matmul-2048,10,10,,,781.78,n-matmul-2048,false,e053c99a8bb6,,c-690ef10b-0cf1abd9-9de429f2e3c5,1762586903213,Sync,1152.70,1762586902842,21.0.3.8,false,2048,38.58,InvokeFunction,,,LATEST,1-690ef116-0c0a43-50bdb200e386,OnDemand,,,370.15,
,46B19270B472A6D217A2E559E7E7C97B-1,1762586903,FCRequestMetrics:/n-matmul-2048,10,10,,,648.93,n-matmul-2048,false,869d26b39717,,c-690ef10b-0cf1abd9-b6750c057b8f,1762586902538,Sync,1645.26,1762586901542,21.0.3.8,false,2048,36.42,InvokeFunction,,,LATEST,1-690ef115-0c0a43-98d955a0cff9,OnDemand,,,995.66,
,46B19270B472A6D217A2E559E7E7C97B-1,1762586903,FCRequestMetrics:/n-matmul-2048,10,10,,,802.09,n-matmul-2048,false,869d26b39717,,c-690ef10b-0cf1abd9-b6750c057b8f,1762586903191,Sync,1191.15,1762586902802,21.0.3.8,false,2048,40.87,InvokeFunction,,,LATEST,1-690ef116-0c49fa-d216705cb2c6,OnDemand,,,388.35,
,B63107B9394C762ADF436F322BAA4B65-1,1762586903,FCRequestMetrics:/n-matmul-2048,7,7,,,646.24,n-matmul-2048,false,1ccfa60657e6,,c-690ef10b-0cf1abd9-672e1c9f5eed,1762586902661,Sync,648.30,1762586902660,21.0.3.8,false,2048,34.92,InvokeFunction,,,LATEST,1-690ef116-0c49fa-1810b9ff617e,OnDemand,,,1.17,
,A5C7CD7E71BB55429480C147D0ABD6E0-1,1762586903,FCRequestMetrics:/n-matmul-2048,10,10,,,703.71,n-matmul-2048,false,b9c50fa7ffa2,,c-690ef10b-0cf1abd9-39e48c7dd1cd,1762586902735,Sync,838.97,1762586902600,21.0.3.8,false,2048,36.16,InvokeFunction,,,LATEST,1-690ef116-0c0a43-c19c64af8ed6,OnDemand,,,134.45,
,B2D19E9889F3DDE524F4ACFCF2A5FEBF-1,1762586903,FCRequestMetrics:/n-matmul-2048,10,10,,,653.57,n-matmul-2048,false,95f39cca25aa,,c-690ef10b-0cf1abd9-336379de3020,1762586902858,Sync,807.09,1762586902705,21.0.3.8,false,2048,36.21,InvokeFunction,,,LATEST,1-690ef116-0c0a43-33c44563a676,OnDemand,,,152.76,
,510F8A150819018E635E267F62520B9B-1,1762586904,FCRequestMetrics:/n-matmul-2048,10,10,,,804.48,n-matmul-2048,false,c8577adbf622,,c-690ef10b-0cf1abd9-26ef2c508c1e,1762586903803,Sync,1705.42,1762586902903,21.0.3.8,false,2048,36.18,InvokeFunction,,,LATEST,1-690ef116-0c49fa-efa53b3ea22f,OnDemand,,,900.17,
,9A02C87DA0F400C9E40F40EF2DF6006D-1,1762586904,FCRequestMetrics:/n-matmul-2048,10,10,,,792.58,n-matmul-2048,false,3ea4534df15d,,c-690ef10b-0cf1abd9-31fefea0e1fd,1762586903863,Sync,1757.42,1762586902903,21.0.3.8,false,2048,40.58,InvokeFunction,,,LATEST,1-690ef116-0c0a43-9892f7a14cef,OnDemand,,,959.28,
,00E67D373DA9C60BEF759D13208EAAD9-1,1762586904,FCRequestMetrics:/n-matmul-2048,10,10,,,780.74,n-matmul-2048,false,9013ed408e73,,c-690ef10b-0cf1abd9-dbc16e7d233d,1762586903957,Sync,1834.18,1762586902904,21.0.3.8,false,2048,39.83,InvokeFunction,,,LATEST,1-690ef116-0c0a43-1312a261ec4d,OnDemand,,,1052.66,
,2523AFCDD5BD8A2B2953E48983230929-1,1762586904,FCRequestMetrics:/n-matmul-2048,10,10,,,785.94,n-matmul-2048,false,01d6f783bdb1,,c-690ef10b-0cf1abd9-dd39c218e942,1762586903954,Sync,1836.04,1762586902904,21.0.3.8,false,2048,40.65,InvokeFunction,,,LATEST,1-690ef116-0c0a43-bf70adc3fde8,OnDemand,,,1049.41,
,D5A4CD99F058D411C58A3919BEB264F4-1,1762586904,FCRequestMetrics:/n-matmul-2048,10,10,,,788.29,n-matmul-2048,false,a1586973fec8,,c-690ef10b-0cf1abd9-90463d425ca7,1762586903995,Sync,1877.52,1762586902906,21.0.3.8,false,2048,38.98,InvokeFunction,,,LATEST,1-690ef116-0c49fa-797773ac9a4f,OnDemand,,,1088.50,
,211620C9A07558D2D8764497DA6068A4-1,1762586904,FCRequestMetrics:/n-matmul-2048,10,10,,,795.15,n-matmul-2048,false,e053c99a8bb6,,c-690ef10b-0cf1abd9-9de429f2e3c5,1762586903998,Sync,1886.85,1762586902907,21.0.3.8,false,2048,41.50,InvokeFunction,,,LATEST,1-690ef116-0c0a43-e38508818912,OnDemand,,,1090.93,
,46B19270B472A6D217A2E559E7E7C97B-1,1762586904,FCRequestMetrics:/n-matmul-2048,10,10,,,817.06,n-matmul-2048,false,869d26b39717,,c-690ef10b-0cf1abd9-b6750c057b8f,1762586903997,Sync,1911.98,1762586902906,21.0.3.8,false,2048,44.41,InvokeFunction,,,LATEST,1-690ef116-0c0a43-c0c1c2e68441,OnDemand,,,1090.89,
,B63107B9394C762ADF436F322BAA4B65-1,1762586904,FCRequestMetrics:/n-matmul-2048,10,10,,,784.19,n-matmul-2048,false,1ccfa60657e6,,c-690ef10b-0cf1abd9-672e1c9f5eed,1762586903311,Sync,1197.23,1762586902899,21.0.3.8,false,2048,39.16,InvokeFunction,,,LATEST,1-690ef116-0c0a43-6ddd643eed9d,OnDemand,,,412.24,
,B63107B9394C762ADF436F322BAA4B65-1,1762586904,FCRequestMetrics:/n-matmul-2048,10,10,,,782.68,n-matmul-2048,false,1ccfa60657e6,,c-690ef10b-0cf1abd9-672e1c9f5eed,1762586904099,Sync,1974.62,1762586902908,21.0.3.8,false,2048,41.96,InvokeFunction,,,LATEST,1-690ef116-0c49fa-18b2190239c0,OnDemand,,,1191.28,
,A5C7CD7E71BB55429480C147D0ABD6E0-1,1762586904,FCRequestMetrics:/n-matmul-2048,10,10,,,679.83,n-matmul-2048,false,b9c50fa7ffa2,,c-690ef10b-0cf1abd9-39e48c7dd1cd,1762586903442,Sync,1250.01,1762586902872,21.0.3.8,false,2048,38.33,InvokeFunction,,,LATEST,1-690ef116-0c0a43-b68467d65ee7,OnDemand,,,569.43,
,A5C7CD7E71BB55429480C147D0ABD6E0-1,1762586904,FCRequestMetrics:/n-matmul-2048,10,10,,,791.34,n-matmul-2048,false,b9c50fa7ffa2,,c-690ef10b-0cf1abd9-39e48c7dd1cd,1762586904125,Sync,2000.31,1762586902917,21.0.3.8,false,2048,39.84,InvokeFunction,,,LATEST,1-690ef116-0c0a43-f3d7d9da7497,OnDemand,,,1208.28,
,B2D19E9889F3DDE524F4ACFCF2A5FEBF-1,1762586904,FCRequestMetrics:/n-matmul-2048,10,10,,,642.89,n-matmul-2048,false,95f39cca25aa,,c-690ef10b-0cf1abd9-336379de3020,1762586903516,Sync,1256.38,1762586902903,21.0.3.8,false,2048,38.61,InvokeFunction,,,LATEST,1-690ef116-0c49fa-a20272dfd00d,OnDemand,,,612.66,
,B2D19E9889F3DDE524F4ACFCF2A5FEBF-1,1762586904,FCRequestMetrics:/n-matmul-2048,10,10,,,789.80,n-matmul-2048,false,95f39cca25aa,,c-690ef10b-0cf1abd9-336379de3020,1762586904162,Sync,2039.99,1762586902918,21.0.3.8,false,2048,40.18,InvokeFunction,,,LATEST,1-690ef116-0c0a43-e8d56a8c383c,OnDemand,,,1244.29,
,510F8A150819018E635E267F62520B9B-1,1762586905,FCRequestMetrics:/n-matmul-2048,10,10,,,0.03,n-matmul-2048,true,c8577adbf622,,c-690ef10b-0cf1abd9-26ef2c508c1e,1762586904612,Sync,2116.16,1762586902918,21.0.3.8,false,2048,2.36,InvokeFunction,,,LATEST,1-690ef116-0c49fa-215ba3336f3e,OnDemand,,,1693.12,,"{""errorType"":""FunctionAbnormalExitError""}"
,510F8A150819018E635E267F62520B9B-1,1762586905,FCRequestMetrics:/n-matmul-2048,10,10,,,690.36,n-matmul-2048,false,c8577adbf622,,c-690ef10b-0cf1abd9-26ef2c508c1e,1762586905037,Sync,1639.89,1762586904088,21.0.3.8,false,2048,26.68,InvokeFunction,,,LATEST,1-690ef118-0c49fa-3a9263455d31,OnDemand,,,948.77,
,D5A4CD99F058D411C58A3919BEB264F4-1,1762586905,FCRequestMetrics:/n-matmul-2048,10,10,,,0.03,n-matmul-2048,true,a1586973fec8,,c-690ef10b-0cf1abd9-90463d425ca7,1762586904787,Sync,1192.67,1762586904004,21.0.3.8,false,2048,2.23,InvokeFunction,,,LATEST,1-690ef118-0c0a43-fabfab60a037,OnDemand,,,782.49,,"{""errorType"":""FunctionAbnormalExitError""}"
,D5A4CD99F058D411C58A3919BEB264F4-1,1762586905,FCRequestMetrics:/n-matmul-2048,10,10,,,673.97,n-matmul-2048,false,a1586973fec8,,c-690ef10b-0cf1abd9-90463d425ca7,1762586905198,Sync,1225.52,1762586904647,21.0.3.8,false,2048,26.62,InvokeFunction,,,LATEST,1-690ef118-0c49fa-b16355825e02,OnDemand,,,550.65,
,9A02C87DA0F400C9E40F40EF2DF6006D-1,1762586905,FCRequestMetrics:/n-matmul-2048,10,10,,,0.02,n-matmul-2048,true,3ea4534df15d,,c-690ef10b-0cf1abd9-31fefea0e1fd,1762586904663,Sync,2152.29,1762586902920,21.0.3.8,false,2048,4.11,InvokeFunction,,,LATEST,1-690ef116-0c0a43-b37aac8c58ba,OnDemand,,,1742.80,,"{""errorType"":""FunctionAbnormalExitError""}"
,9A02C87DA0F400C9E40F40EF2DF6006D-1,1762586905,FCRequestMetrics:/n-matmul-2048,10,10,,,669.50,n-matmul-2048,false,3ea4534df15d,,c-690ef10b-0cf1abd9-31fefea0e1fd,1762586905074,Sync,1597.55,1762586904146,21.0.3.8,false,2048,28.62,InvokeFunction,,,LATEST,1-690ef118-0c49fa-f2c81530597f,OnDemand,,,927.25,
,211620C9A07558D2D8764497DA6068A4-1,1762586905,FCRequestMetrics:/n-matmul-2048,10,10,,,0.02,n-matmul-2048,true,e053c99a8bb6,,c-690ef10b-0cf1abd9-9de429f2e3c5,1762586904797,Sync,1183.02,1762586904030,21.0.3.8,false,2048,2.16,InvokeFunction,,,LATEST,1-690ef118-0c49fa-124d56f5ffc7,OnDemand,,,767.01,,"{""errorType"":""FunctionAbnormalExitError""}"
,211620C9A07558D2D8764497DA6068A4-1,1762586905,FCRequestMetrics:/n-matmul-2048,10,10,,,679.35,n-matmul-2048,false,e053c99a8bb6,,c-690ef10b-0cf1abd9-9de429f2e3c5,1762586905215,Sync,1170.49,1762586904724,21.0.3.8,false,2048,26.76,InvokeFunction,,,LATEST,1-690ef118-0c49fa-d5aa469d54f7,OnDemand,,,490.46,
,46B19270B472A6D217A2E559E7E7C97B-1,1762586905,FCRequestMetrics:/n-matmul-2048,10,10,,,0.03,n-matmul-2048,true,869d26b39717,,c-690ef10b-0cf1abd9-b6750c057b8f,1762586904821,Sync,1196.15,1762586904035,21.0.3.8,false,2048,4.16,InvokeFunction,,,LATEST,1-690ef118-0c49fa-42cfbaa9c6b1,OnDemand,,,786.43,,"{""errorType"":""FunctionAbnormalExitError""}"
,46B19270B472A6D217A2E559E7E7C97B-1,1762586905,FCRequestMetrics:/n-matmul-2048,10,10,,,685.00,n-matmul-2048,false,869d26b39717,,c-690ef10b-0cf1abd9-b6750c057b8f,1762586905233,Sync,1194.30,1762586904725,21.0.3.8,false,2048,26.63,InvokeFunction,,,LATEST,1-690ef118-0c49fa-de1349e47a76,OnDemand,,,508.49,
,2523AFCDD5BD8A2B2953E48983230929-1,1762586905,FCRequestMetrics:/n-matmul-2048,10,10,,,0.02,n-matmul-2048,true,01d6f783bdb1,,c-690ef10b-0cf1abd9-dd39c218e942,1762586904743,Sync,1722.72,1762586903418,21.0.3.8,false,2048,4.19,InvokeFunction,,,LATEST,1-690ef117-0c49fa-f36f5a8f6d33,OnDemand,,,1325.52,,"{""errorType"":""FunctionAbnormalExitError""}"
,2523AFCDD5BD8A2B2953E48983230929-1,1762586905,FCRequestMetrics:/n-matmul-2048,10,10,,,696.63,n-matmul-2048,false,01d6f783bdb1,,c-690ef10b-0cf1abd9-dd39c218e942,1762586905142,Sync,1691.84,1762586904148,21.0.3.8,false,2048,26.82,InvokeFunction,,,LATEST,1-690ef118-0c49fa-46a57193ae3e,OnDemand,,,994.48,
,00E67D373DA9C60BEF759D13208EAAD9-1,1762586905,FCRequestMetrics:/n-matmul-2048,10,10,,,0.03,n-matmul-2048,true,9013ed408e73,,c-690ef10b-0cf1abd9-dbc16e7d233d,1762586904742,Sync,1806.30,1762586903339,21.0.3.8,false,2048,4.38,InvokeFunction,,,LATEST,1-690ef117-0c49fa-fbdf5fdf6255,OnDemand,,,1402.44,,"{""errorType"":""FunctionAbnormalExitError""}"
,00E67D373DA9C60BEF759D13208EAAD9-1,1762586905,FCRequestMetrics:/n-matmul-2048,10,10,,,695.90,n-matmul-2048,false,9013ed408e73,,c-690ef10b-0cf1abd9-dbc16e7d233d,1762586905147,Sync,1656.81,1762586904187,21.0.3.8,false,2048,26.58,InvokeFunction,,,LATEST,1-690ef118-0c49fa-37b7a80a69d0,OnDemand,,,960.17,
,B63107B9394C762ADF436F322BAA4B65-1,1762586905,FCRequestMetrics:/n-matmul-2048,10,10,,,0.02,n-matmul-2048,true,1ccfa60657e6,,c-690ef10b-0cf1abd9-672e1c9f5eed,1762586904885,Sync,1266.27,1762586904036,21.0.3.8,false,2048,2.16,InvokeFunction,,,LATEST,1-690ef118-0c0a43-90be3bbb7e6a,OnDemand,,,849.01,,"{""errorType"":""FunctionAbnormalExitError""}"
,B63107B9394C762ADF436F322BAA4B65-1,1762586905,FCRequestMetrics:/n-matmul-2048,10,10,,,667.10,n-matmul-2048,false,1ccfa60657e6,,c-690ef10b-0cf1abd9-672e1c9f5eed,1762586905305,Sync,1243.47,1762586904729,21.0.3.8,false,2048,28.54,InvokeFunction,,,LATEST,1-690ef118-0c49fa-1e80f185e713,OnDemand,,,575.61,
,B2D19E9889F3DDE524F4ACFCF2A5FEBF-1,1762586905,FCRequestMetrics:/n-matmul-2048,10,10,,,0.02,n-matmul-2048,true,95f39cca25aa,,c-690ef10b-0cf1abd9-336379de3020,1762586904960,Sync,1283.67,1762586904087,21.0.3.8,false,2048,4.43,InvokeFunction,,,LATEST,1-690ef118-0c0a43-1c46dffb6bf9,OnDemand,,,873.14,,"{""errorType"":""FunctionAbnormalExitError""}"
,A5C7CD7E71BB55429480C147D0ABD6E0-1,1762586905,FCRequestMetrics:/n-matmul-2048,10,10,,,0.03,n-matmul-2048,true,b9c50fa7ffa2,,c-690ef10b-0cf1abd9-39e48c7dd1cd,1762586904919,Sync,1834.56,1762586903510,21.0.3.8,false,2048,4.29,InvokeFunction,,,LATEST,1-690ef117-0c0a43-85fb1c9d120e,OnDemand,,,1409.54,,"{""errorType"":""FunctionAbnormalExitError""}"
,510F8A150819018E635E267F62520B9B-1,1762586906,FCRequestMetrics:/n-matmul-2048,10,10,,,648.29,n-matmul-2048,false,c8577adbf622,,c-690ef10b-0cf1abd9-26ef2c508c1e,1762586905731,Sync,1641.65,1762586904739,21.0.3.8,false,2048,34.52,InvokeFunction,,,LATEST,1-690ef118-0c49fa-47effdaaba9a,OnDemand,,,992.68,
,D5A4CD99F058D411C58A3919BEB264F4-1,1762586906,FCRequestMetrics:/n-matmul-2048,10,10,,,638.36,n-matmul-2048,false,a1586973fec8,,c-690ef10b-0cf1abd9-90463d425ca7,1762586905876,Sync,1711.96,1762586904803,21.0.3.8,false,2048,34.23,InvokeFunction,,,LATEST,1-690ef118-0c0a43-08f29a8af24e,OnDemand,,,1072.78,
,9A02C87DA0F400C9E40F40EF2DF6006D-1,1762586906,FCRequestMetrics:/n-matmul-2048,10,10,,,642.89,n-matmul-2048,false,3ea4534df15d,,c-690ef10b-0cf1abd9-31fefea0e1fd,1762586905747,Sync,1648.44,1762586904742,21.0.3.8,false,2048,36.19,InvokeFunction,,,LATEST,1-690ef118-0c49fa-e3e155b44e1b,OnDemand,,,1004.89,
,211620C9A07558D2D8764497DA6068A4-1,1762586906,FCRequestMetrics:/n-matmul-2048,10,10,,,643.31,n-matmul-2048,false,e053c99a8bb6,,c-690ef10b-0cf1abd9-9de429f2e3c5,1762586905898,Sync,1712.54,1762586904829,21.0.3.8,false,2048,34.17,InvokeFunction,,,LATEST,1-690ef118-0c0a43-d5b5ec423752,OnDemand,,,1068.58,
,46B19270B472A6D217A2E559E7E7C97B-1,1762586906,FCRequestMetrics:/n-matmul-2048,10,10,,,653.23,n-matmul-2048,false,869d26b39717,,c-690ef10b-0cf1abd9-b6750c057b8f,1762586905924,Sync,1711.12,1762586904866,21.0.3.8,false,2048,34.06,InvokeFunction,,,LATEST,1-690ef118-0c49fa-ccf8b0cdf92c,OnDemand,,,1056.98,
,2523AFCDD5BD8A2B2953E48983230929-1,1762586906,FCRequestMetrics:/n-matmul-2048,10,10,,,642.84,n-matmul-2048,false,01d6f783bdb1,,c-690ef10b-0cf1abd9-dd39c218e942,1762586905844,Sync,1743.00,1762586904744,21.0.3.8,false,2048,34.24,InvokeFunction,,,LATEST,1-690ef118-0c49fa-78b36f678af2,OnDemand,,,1099.35,
,00E67D373DA9C60BEF759D13208EAAD9-1,1762586906,FCRequestMetrics:/n-matmul-2048,10,10,,,633.10,n-matmul-2048,false,9013ed408e73,,c-690ef10b-0cf1abd9-dbc16e7d233d,1762586905848,Sync,1718.04,1762586904763,21.0.3.8,false,2048,34.44,InvokeFunction,,,LATEST,1-690ef118-0c49fa-e5102e0cceae,OnDemand,,,1084.21,
,B63107B9394C762ADF436F322BAA4B65-1,1762586906,FCRequestMetrics:/n-matmul-2048,10,10,,,640.28,n-matmul-2048,false,1ccfa60657e6,,c-690ef10b-0cf1abd9-672e1c9f5eed,1762586905975,Sync,1737.20,1762586904879,21.0.3.8,false,2048,36.44,InvokeFunction,,,LATEST,1-690ef118-0c0a43-c7f719d05005,OnDemand,,,1096.20,
,B2D19E9889F3DDE524F4ACFCF2A5FEBF-1,1762586906,FCRequestMetrics:/n-matmul-2048,10,10,,,690.51,n-matmul-2048,false,95f39cca25aa,,c-690ef10b-0cf1abd9-336379de3020,1762586905372,Sync,1328.58,1762586904735,21.0.3.8,false,2048,28.64,InvokeFunction,,,LATEST,1-690ef118-0c49fa-2170045f3de4,OnDemand,,,637.35,
,B2D19E9889F3DDE524F4ACFCF2A5FEBF-1,1762586906,FCRequestMetrics:/n-matmul-2048,10,10,,,666.39,n-matmul-2048,false,95f39cca25aa,,c-690ef10b-0cf1abd9-336379de3020,1762586906068,Sync,1733.81,1762586905001,21.0.3.8,false,2048,36.47,InvokeFunction,,,LATEST,1-690ef118-0c49fa-4499cc1dde36,OnDemand,,,1066.76,
,A5C7CD7E71BB55429480C147D0ABD6E0-1,1762586906,FCRequestMetrics:/n-matmul-2048,10,10,,,691.51,n-matmul-2048,false,b9c50fa7ffa2,,c-690ef10b-0cf1abd9-39e48c7dd1cd,1762586905347,Sync,1308.80,1762586904730,21.0.3.8,false,2048,28.64,InvokeFunction,,,LATEST,1-690ef118-0c49fa-378051fc1383,OnDemand,,,616.48,
,A5C7CD7E71BB55429480C147D0ABD6E0-1,1762586906,FCRequestMetrics:/n-matmul-2048,10,10,,,643.17,n-matmul-2048,false,b9c50fa7ffa2,,c-690ef10b-0cf1abd9-39e48c7dd1cd,1762586906042,Sync,1751.05,1762586904935,21.0.3.8,false,2048,36.31,InvokeFunction,,,LATEST,1-690ef118-0c0a43-23e3a881147a,OnDemand,,,1107.09,
,510F8A150819018E635E267F62520B9B-1,1762586907,FCRequestMetrics:/n-matmul-2048,10,10,,,777.56,n-matmul-2048,false,c8577adbf622,,c-690ef10b-0cf1abd9-26ef2c508c1e,1762586906383,Sync,2139.74,1762586905022,21.0.3.8,false,2048,38.93,InvokeFunction,,,LATEST,1-690ef119-0c0a43-0a702df92feb,OnDemand,,,1361.05,
,510F8A150819018E635E267F62520B9B-1,1762586907,FCRequestMetrics:/n-matmul-2048,10,10,,,789.71,n-matmul-2048,false,c8577adbf622,,c-690ef10b-0cf1abd9-26ef2c508c1e,1762586907165,Sync,2609.96,1762586905345,21.0.3.8,false,2048,41.86,InvokeFunction,,,LATEST,1-690ef119-0c49fa-e137264f30a2,OnDemand,,,1819.53,
,D5A4CD99F058D411C58A3919BEB264F4-1,1762586907,FCRequestMetrics:/n-matmul-2048,10,10,,,650.79,n-matmul-2048,false,a1586973fec8,,c-690ef10b-0cf1abd9-90463d425ca7,1762586906517,Sync,1834.23,1762586905334,21.0.3.8,false,2048,36.48,InvokeFunction,,,LATEST,1-690ef119-0c0a43-971193663293,OnDemand,,,1182.56,
,D5A4CD99F058D411C58A3919BEB264F4-1,1762586907,FCRequestMetrics:/n-matmul-2048,10,10,,,790.37,n-matmul-2048,false,a1586973fec8,,c-690ef10b-0cf1abd9-90463d425ca7,1762586907172,Sync,2118.91,1762586905844,21.0.3.8,false,2048,38.05,InvokeFunction,,,LATEST,1-690ef119-0c49fa-aba03f739818,OnDemand,,,1327.78,
,9A02C87DA0F400C9E40F40EF2DF6006D-1,1762586907,FCRequestMetrics:/n-matmul-2048,10,10,,,774.89,n-matmul-2048,false,3ea4534df15d,,c-690ef10b-0cf1abd9-31fefea0e1fd,1762586906393,Sync,2130.73,1762586905038,21.0.3.8,false,2048,40.55,InvokeFunction,,,LATEST,1-690ef119-0c0a43-e4f58274b1ed,OnDemand,,,1355.11,
,9A02C87DA0F400C9E40F40EF2DF6006D-1,1762586907,FCRequestMetrics:/n-matmul-2048,10,10,,,792.07,n-matmul-2048,false,3ea4534df15d,,c-690ef10b-0cf1abd9-31fefea0e1fd,1762586907171,Sync,2597.82,1762586905371,21.0.3.8,false,2048,43.38,InvokeFunction,,,LATEST,1-690ef119-0c0a43-6bbe905ce885,OnDemand,,,1799.68,
,211620C9A07558D2D8764497DA6068A4-1,1762586907,FCRequestMetrics:/n-matmul-2048,10,10,,,656.44,n-matmul-2048,false,e053c99a8bb6,,c-690ef10b-0cf1abd9-9de429f2e3c5,1762586906544,Sync,1865.98,1762586905335,21.0.3.8,false,2048,36.47,InvokeFunction,,,LATEST,1-690ef119-0c0a43-60a85b295c4e,OnDemand,,,1208.76,
,46B19270B472A6D217A2E559E7E7C97B-1,1762586907,FCRequestMetrics:/n-matmul-2048,10,10,,,650.37,n-matmul-2048,false,869d26b39717,,c-690ef10b-0cf1abd9-b6750c057b8f,1762586906581,Sync,1896.02,1762586905336,21.0.3.8,false,2048,36.46,InvokeFunction,,,LATEST,1-690ef119-0c49fa-06a28bddf57a,OnDemand,,,1244.96,
,2523AFCDD5BD8A2B2953E48983230929-1,1762586907,FCRequestMetrics:/n-matmul-2048,10,10,,,781.69,n-matmul-2048,false,01d6f783bdb1,,c-690ef10b-0cf1abd9-dd39c218e942,1762586906490,Sync,1940.66,1762586905332,21.0.3.8,false,2048,38.81,InvokeFunction,,,LATEST,1-690ef119-0c0a43-0c9a46b34030,OnDemand,,,1158.23,
,00E67D373DA9C60BEF759D13208EAAD9-1,1762586907,FCRequestMetrics:/n-matmul-2048,10,10,,,788.05,n-matmul-2048,false,9013ed408e73,,c-690ef10b-0cf1abd9-dbc16e7d233d,1762586906485,Sync,1943.66,1762586905332,21.0.3.8,false,2048,38.50,InvokeFunction,,,LATEST,1-690ef119-0c49fa-35f7d359f524,OnDemand,,,1153.83,
,B63107B9394C762ADF436F322BAA4B65-1,1762586907,FCRequestMetrics:/n-matmul-2048,10,10,,,773.18,n-matmul-2048,false,1ccfa60657e6,,c-690ef10b-0cf1abd9-672e1c9f5eed,1762586906619,Sync,2053.33,1762586905339,21.0.3.8,false,2048,40.84,InvokeFunction,,,LATEST,1-690ef119-0c49fa-d761cf78fdb5,OnDemand,,,1279.43,
,B2D19E9889F3DDE524F4ACFCF2A5FEBF-1,1762586907,FCRequestMetrics:/n-matmul-2048,10,10,,,781.95,n-matmul-2048,false,95f39cca25aa,,c-690ef10b-0cf1abd9-336379de3020,1762586906737,Sync,2177.54,1762586905342,21.0.3.8,false,2048,40.26,InvokeFunction,,,LATEST,1-690ef119-0c49fa-d7a4d8290df5,OnDemand,,,1394.87,
,A5C7CD7E71BB55429480C147D0ABD6E0-1,1762586907,FCRequestMetrics:/n-matmul-2048,10,10,,,786.20,n-matmul-2048,false,b9c50fa7ffa2,,c-690ef10b-0cf1abd9-39e48c7dd1cd,1762586906688,Sync,2132.40,1762586905343,21.0.3.8,false,2048,40.84,InvokeFunction,,,LATEST,1-690ef119-0c0a43-7d237c11c629,OnDemand,,,1345.33,
,211620C9A07558D2D8764497DA6068A4-1,1762586908,FCRequestMetrics:/n-matmul-2048,10,10,,,795.27,n-matmul-2048,false,e053c99a8bb6,,c-690ef10b-0cf1abd9-9de429f2e3c5,1762586907204,Sync,2091.79,1762586905909,21.0.3.8,false,2048,38.07,InvokeFunction,,,LATEST,1-690ef119-0c49fa-f3b0e34d4510,OnDemand,,,1295.77,
,46B19270B472A6D217A2E559E7E7C97B-1,1762586908,FCRequestMetrics:/n-matmul-2048,10,10,,,789.58,n-matmul-2048,false,869d26b39717,,c-690ef10b-0cf1abd9-b6750c057b8f,1762586907235,Sync,2114.17,1762586905912,21.0.3.8,false,2048,37.89,InvokeFunction,,,LATEST,1-690ef119-0c49fa-2d7afbae32d0,OnDemand,,,1323.83,
,2523AFCDD5BD8A2B2953E48983230929-1,1762586908,FCRequestMetrics:/n-matmul-2048,10,10,,,783.71,n-matmul-2048,false,01d6f783bdb1,,c-690ef10b-0cf1abd9-dd39c218e942,1762586907275,Sync,2110.60,1762586905949,21.0.3.8,false,2048,41.71,InvokeFunction,,,LATEST,1-690ef119-0c49fa-555e8b03df2e,OnDemand,,,1326.16,
,00E67D373DA9C60BEF759D13208EAAD9-1,1762586908,FCRequestMetrics:/n-matmul-2048,10,10,,,792.53,n-matmul-2048,false,9013ed408e73,,c-690ef10b-0cf1abd9-dbc16e7d233d,1762586907278,Sync,2115.43,1762586905956,21.0.3.8,false,2048,42.30,InvokeFunction,,,LATEST,1-690ef119-0c49fa-3e299630e73e,OnDemand,,,1322.18,
,B63107B9394C762ADF436F322BAA4B65-1,1762586908,FCRequestMetrics:/n-matmul-2048,10,10,,,781.04,n-matmul-2048,false,1ccfa60657e6,,c-690ef10b-0cf1abd9-672e1c9f5eed,1762586907396,Sync,2207.88,1762586905970,21.0.3.8,false,2048,43.51,InvokeFunction,,,LATEST,1-690ef119-0c49fa-20f9402515c9,OnDemand,,,1425.94,
,B2D19E9889F3DDE524F4ACFCF2A5FEBF-1,1762586908,FCRequestMetrics:/n-matmul-2048,10,10,,,813.44,n-matmul-2048,false,95f39cca25aa,,c-690ef10b-0cf1abd9-336379de3020,1762586907523,Sync,2258.85,1762586906079,21.0.3.8,false,2048,44.21,InvokeFunction,,,LATEST,1-690ef11a-0c49fa-3c6fb5c572cb,OnDemand,,,1444.49,
,A5C7CD7E71BB55429480C147D0ABD6E0-1,1762586908,FCRequestMetrics:/n-matmul-2048,10,10,,,894.92,n-matmul-2048,false,b9c50fa7ffa2,,c-690ef10b-0cf1abd9-39e48c7dd1cd,1762586907479,Sync,2362.49,1762586906012,21.0.3.8,false,2048,43.83,InvokeFunction,,,LATEST,1-690ef11a-0c49fa-0f022783c118,OnDemand,,,1466.80,
,46B19270B472A6D217A2E559E7E7C97B-1,1762586908,FCRequestMetrics:/n-matmul-2048,10,10,,,0.08,n-matmul-2048,true,869d26b39717,,c-690ef10b-0cf1abd9-b6750c057b8f,1762586908029,Sync,1531.16,1762586906912,21.0.3.8,false,2048,2.14,InvokeFunction,,,LATEST,1-690ef11a-0c49fa-3eb59822e1f8,OnDemand,,,1117.07,,"{""errorType"":""FunctionAbnormalExitError""}"
,510F8A150819018E635E267F62520B9B-1,1762586908,FCRequestMetrics:/n-matmul-2048,10,10,,,0.02,n-matmul-2048,true,c8577adbf622,,c-690ef10b-0cf1abd9-26ef2c508c1e,1762586907958,Sync,2260.94,1762586906103,21.0.3.8,false,2048,2.25,InvokeFunction,,,LATEST,1-690ef11a-0c49fa-284ab92d664c,OnDemand,,,1854.88,,"{""errorType"":""FunctionAbnormalExitError""}"
,D5A4CD99F058D411C58A3919BEB264F4-1,1762586908,FCRequestMetrics:/n-matmul-2048,10,10,,,0.03,n-matmul-2048,true,a1586973fec8,,c-690ef10b-0cf1abd9-90463d425ca7,1762586907966,Sync,2006.49,1762586906390,21.0.3.8,false,2048,2.27,InvokeFunction,,,LATEST,1-690ef11a-0c49fa-ed9848571849,OnDemand,,,1576.18,,"{""errorType"":""FunctionAbnormalExitError""}"
,2523AFCDD5BD8A2B2953E48983230929-1,1762586908,FCRequestMetrics:/n-matmul-2048,10,10,,,0.02,n-matmul-2048,true,01d6f783bdb1,,c-690ef10b-0cf1abd9-dd39c218e942,1762586908063,Sync,1273.50,1762586907203,21.0.3.8,false,2048,2.25,InvokeFunction,,,LATEST,1-690ef11b-0c0a43-b8b3dcb7fe38,OnDemand,,,859.69,,"{""errorType"":""FunctionAbnormalExitError""}"
,9A02C87DA0F400C9E40F40EF2DF6006D-1,1762586908,FCRequestMetrics:/n-matmul-2048,10,10,,,0.02,n-matmul-2048,true,3ea4534df15d,,c-690ef10b-0cf1abd9-31fefea0e1fd,1762586907973,Sync,1986.78,1762586906393,21.0.3.8,false,2048,4.15,InvokeFunction,,,LATEST,1-690ef11a-0c49fa-cb9828cf2797,OnDemand,,,1579.86,,"{""errorType"":""FunctionAbnormalExitError""}"
,B63107B9394C762ADF436F322BAA4B65-1,1762586908,FCRequestMetrics:/n-matmul-2048,10,10,,,0.02,n-matmul-2048,true,1ccfa60657e6,,c-690ef10b-0cf1abd9-672e1c9f5eed,1762586908181,Sync,1380.29,1762586907209,21.0.3.8,false,2048,4.13,InvokeFunction,,,LATEST,1-690ef11b-0c0a43-53303a00b6ac,OnDemand,,,971.35,,"{""errorType"":""FunctionAbnormalExitError""}"
,00E67D373DA9C60BEF759D13208EAAD9-1,1762586908,FCRequestMetrics:/n-matmul-2048,10,10,,,0.03,n-matmul-2048,true,9013ed408e73,,c-690ef10b-0cf1abd9-dbc16e7d233d,1762586908074,Sync,1286.23,1762586907208,21.0.3.8,false,2048,2.32,InvokeFunction,,,LATEST,1-690ef11b-0c0a43-1211a2143dc0,OnDemand,,,866.41,,"{""errorType"":""FunctionAbnormalExitError""}"
,211620C9A07558D2D8764497DA6068A4-1,1762586908,FCRequestMetrics:/n-matmul-2048,10,10,,,0.03,n-matmul-2048,true,e053c99a8bb6,,c-690ef10b-0cf1abd9-9de429f2e3c5,1762586908003,Sync,2026.63,1762586906394,21.0.3.8,false,2048,2.16,InvokeFunction,,,LATEST,1-690ef11a-0c0a43-c19f82cae243,OnDemand,,,1608.87,,"{""errorType"":""FunctionAbnormalExitError""}"
,B2D19E9889F3DDE524F4ACFCF2A5FEBF-0,1762586908,FCRequestMetrics:/n-matmul-2048,10,10,,,0.04,n-matmul-2048,true,95f39cca25aa,,c-690ef10b-0cf1abd9-336379de3020,1762586908340,Sync,1501.73,1762586907240,21.0.3.8,false,2048,4.16,InvokeFunction,,,LATEST,1-690ef11b-0c0a43-8b89365c8e79,OnDemand,,,1100.56,,"{""errorType"":""FunctionAbnormalExitError""}"
,46B19270B472A6D217A2E559E7E7C97B-1,1762586909,FCRequestMetrics:/n-matmul-2048,10,10,,,698.46,n-matmul-2048,false,869d26b39717,,c-690ef10b-0cf1abd9-b6750c057b8f,1762586908445,Sync,1712.64,1762586907432,21.0.3.8,false,2048,26.76,InvokeFunction,,,LATEST,1-690ef11b-0c49fa-b95b74a25449,OnDemand,,,1013.52,
,46B19270B472A6D217A2E559E7E7C97B-1,1762586909,FCRequestMetrics:/n-matmul-2048,10,10,,,654.09,n-matmul-2048,false,869d26b39717,,c-690ef10b-0cf1abd9-b6750c057b8f,1762586909147,Sync,1759.59,1762586908042,21.0.3.8,false,2048,34.21,InvokeFunction,,,LATEST,1-690ef11c-0c0a43-66af9760c2a2,OnDemand,,,1104.76,
,510F8A150819018E635E267F62520B9B-1,1762586909,FCRequestMetrics:/n-matmul-2048,10,10,,,674.19,n-matmul-2048,false,c8577adbf622,,c-690ef10b-0cf1abd9-26ef2c508c1e,1762586908366,Sync,1769.33,1762586907271,21.0.3.8,false,2048,28.64,InvokeFunction,,,LATEST,1-690ef11b-0c49fa-b46c6bc95af1,OnDemand,,,1094.32,
,510F8A150819018E635E267F62520B9B-1,1762586909,FCRequestMetrics:/n-matmul-2048,10,10,,,647.74,n-matmul-2048,false,c8577adbf622,,c-690ef10b-0cf1abd9-26ef2c508c1e,1762586909044,Sync,2209.15,1762586907483,21.0.3.8,false,2048,36.43,InvokeFunction,,,LATEST,1-690ef11b-0c0a43-0095b7b18651,OnDemand,,,1560.52,
,D5A4CD99F058D411C58A3919BEB264F4-1,1762586909,FCRequestMetrics:/n-matmul-2048,10,10,,,670.67,n-matmul-2048,false,a1586973fec8,,c-690ef10b-0cf1abd9-90463d425ca7,1762586908398,Sync,1652.30,1762586907417,21.0.3.8,false,2048,26.74,InvokeFunction,,,LATEST,1-690ef11b-0c0a43-23897224933b,OnDemand,,,980.71,
,D5A4CD99F058D411C58A3919BEB264F4-1,1762586909,FCRequestMetrics:/n-matmul-2048,10,10,,,644.41,n-matmul-2048,false,a1586973fec8,,c-690ef10b-0cf1abd9-90463d425ca7,1762586909072,Sync,2158.89,1762586907559,21.0.3.8,false,2048,34.26,InvokeFunction,,,LATEST,1-690ef11b-0c49fa-7903e2b0c09e,OnDemand,,,1513.73,
,2523AFCDD5BD8A2B2953E48983230929-1,1762586909,FCRequestMetrics:/n-matmul-2048,10,10,,,685.40,n-matmul-2048,false,01d6f783bdb1,,c-690ef10b-0cf1abd9-dd39c218e942,1762586908478,Sync,1688.92,1762586907475,21.0.3.8,false,2048,26.58,InvokeFunction,,,LATEST,1-690ef11b-0c49fa-e923e7c52de6,OnDemand,,,1002.74,
,2523AFCDD5BD8A2B2953E48983230929-1,1762586909,FCRequestMetrics:/n-matmul-2048,10,10,,,678.57,n-matmul-2048,false,01d6f783bdb1,,c-690ef10b-0cf1abd9-dd39c218e942,1762586909169,Sync,1791.16,1762586908057,21.0.3.8,false,2048,34.39,InvokeFunction,,,LATEST,1-690ef11c-0c49fa-2680a3bf2987,OnDemand,,,1111.91,
,9A02C87DA0F400C9E40F40EF2DF6006D-1,1762586909,FCRequestMetrics:/n-matmul-2048,10,10,,,690.52,n-matmul-2048,false,3ea4534df15d,,c-690ef10b-0cf1abd9-31fefea0e1fd,1762586908382,Sync,1759.37,1762586907314,21.0.3.8,false,2048,26.68,InvokeFunction,,,LATEST,1-690ef11b-0c49fa-a59823cbb6a1,OnDemand,,,1068.21,
,9A02C87DA0F400C9E40F40EF2DF6006D-1,1762586909,FCRequestMetrics:/n-matmul-2048,10,10,,,646.30,n-matmul-2048,false,3ea4534df15d,,c-690ef10b-0cf1abd9-31fefea0e1fd,1762586909076,Sync,1685.29,1762586908038,21.0.3.8,false,2048,34.38,InvokeFunction,,,LATEST,1-690ef11c-0c49fa-ee19052a4065,OnDemand,,,1038.34,
,B63107B9394C762ADF436F322BAA4B65-1,1762586909,FCRequestMetrics:/n-matmul-2048,10,10,,,679.11,n-matmul-2048,false,1ccfa60657e6,,c-690ef10b-0cf1abd9-672e1c9f5eed,1762586908591,Sync,1792.80,1762586907478,21.0.3.8,false,2048,26.64,InvokeFunction,,,LATEST,1-690ef11b-0c49fa-1a665d2db734,OnDemand,,,1112.96,
,B63107B9394C762ADF436F322BAA4B65-1,1762586909,FCRequestMetrics:/n-matmul-2048,10,10,,,632.45,n-matmul-2048,false,1ccfa60657e6,,c-690ef10b-0cf1abd9-672e1c9f5eed,1762586909274,Sync,1810.61,1762586908098,21.0.3.8,false,2048,34.63,InvokeFunction,,,LATEST,1-690ef11c-0c49fa-4f9c4123e0d7,OnDemand,,,1175.68,
,00E67D373DA9C60BEF759D13208EAAD9-1,1762586909,FCRequestMetrics:/n-matmul-2048,10,10,,,706.18,n-matmul-2048,false,9013ed408e73,,c-690ef10b-0cf1abd9-dbc16e7d233d,1762586908496,Sync,1726.14,1762586907477,21.0.3.8,false,2048,26.64,InvokeFunction,,,LATEST,1-690ef11b-0c0a43-ccdcc09a1553,OnDemand,,,1017.92,
,00E67D373DA9C60BEF759D13208EAAD9-1,1762586909,FCRequestMetrics:/n-matmul-2048,10,10,,,656.14,n-matmul-2048,false,9013ed408e73,,c-690ef10b-0cf1abd9-dbc16e7d233d,1762586909207,Sync,1798.62,1762586908065,21.0.3.8,false,2048,34.47,InvokeFunction,,,LATEST,1-690ef11c-0c49fa-7fa97587140b,OnDemand,,,1141.80,
,211620C9A07558D2D8764497DA6068A4-1,1762586909,FCRequestMetrics:/n-matmul-2048,10,10,,,678.59,n-matmul-2048,false,e053c99a8bb6,,c-690ef10b-0cf1abd9-9de429f2e3c5,1762586908422,Sync,1683.81,1762586907418,21.0.3.8,false,2048,28.56,InvokeFunction,,,LATEST,1-690ef11b-0c49fa-c3b72f24a8f2,OnDemand,,,1004.36,
,211620C9A07558D2D8764497DA6068A4-1,1762586909,FCRequestMetrics:/n-matmul-2048,10,10,,,670.85,n-matmul-2048,false,e053c99a8bb6,,c-690ef10b-0cf1abd9-9de429f2e3c5,1762586909105,Sync,1736.72,1762586908039,21.0.3.8,false,2048,35.98,InvokeFunction,,,LATEST,1-690ef11c-0c49fa-32dc6c90eab6,OnDemand,,,1065.04,
,B2D19E9889F3DDE524F4ACFCF2A5FEBF-0,1762586909,FCRequestMetrics:/n-matmul-2048,10,10,,,686.49,n-matmul-2048,false,95f39cca25aa,,c-690ef10b-0cf1abd9-336379de3020,1762586908744,Sync,1952.29,1762586907478,21.0.3.8,false,2048,28.78,InvokeFunction,,,LATEST,1-690ef11b-0c0a43-312582481646,OnDemand,,,1263.84,
,A5C7CD7E71BB55429480C147D0ABD6E0-2,1762586909,FCRequestMetrics:/n-matmul-2048,10,10,,,0.03,n-matmul-2048,true,b9c50fa7ffa2,,c-690ef10b-0cf1abd9-39e48c7dd1cd,1762586908378,Sync,1693.11,1762586907311,21.0.3.8,false,2048,4.20,InvokeFunction,,,LATEST,1-690ef11b-0c0a43-37df549a8409,OnDemand,,,1066.10,,"{""errorType"":""FunctionAbnormalExitError""}"
,A5C7CD7E71BB55429480C147D0ABD6E0-2,1762586909,FCRequestMetrics:/n-matmul-2048,10,10,,,760.75,n-matmul-2048,false,b9c50fa7ffa2,,c-690ef10b-0cf1abd9-39e48c7dd1cd,1762586909006,Sync,2285.50,1762586907483,21.0.3.8,false,2048,29.20,InvokeFunction,,,LATEST,1-690ef11b-0c49fa-dea7f6b9f91b,OnDemand,,,1523.39,
,46B19270B472A6D217A2E559E7E7C97B-1,1762586910,FCRequestMetrics:/n-matmul-2048,10,10,,,658.04,n-matmul-2048,false,869d26b39717,,c-690ef10b-0cf1abd9-b6750c057b8f,1762586909804,Sync,1352.93,1762586909110,21.0.3.8,false,2048,36.64,InvokeFunction,,,LATEST,1-690ef11d-0c0a43-f136878ef5d2,OnDemand,,,694.03,
,510F8A150819018E635E267F62520B9B-1,1762586910,FCRequestMetrics:/n-matmul-2048,10,10,,,785.57,n-matmul-2048,false,c8577adbf622,,c-690ef10b-0cf1abd9-26ef2c508c1e,1762586909694,Sync,2966.97,1762586907514,21.0.3.8,false,2048,40.72,InvokeFunction,,,LATEST,1-690ef11b-0c0a43-ea50da38c9d2,OnDemand,,,2179.85,
,D5A4CD99F058D411C58A3919BEB264F4-1,1762586910,FCRequestMetrics:/n-matmul-2048,10,10,,,781.25,n-matmul-2048,false,a1586973fec8,,c-690ef10b-0cf1abd9-90463d425ca7,1762586909721,Sync,2124.70,1762586908378,21.0.3.8,false,2048,38.77,InvokeFunction,,,LATEST,1-690ef11c-0c49fa-3c4700573a1c,OnDemand,,,1342.76,
,2523AFCDD5BD8A2B2953E48983230929-1,1762586910,FCRequestMetrics:/n-matmul-2048,10,10,,,650.28,n-matmul-2048,false,01d6f783bdb1,,c-690ef10b-0cf1abd9-dd39c218e942,1762586909851,Sync,1390.17,1762586909112,21.0.3.8,false,2048,36.62,InvokeFunction,,,LATEST,1-690ef11d-0c49fa-5b68c6870524,OnDemand,,,739.21,
,9A02C87DA0F400C9E40F40EF2DF6006D-1,1762586910,FCRequestMetrics:/n-matmul-2048,10,10,,,788.24,n-matmul-2048,false,3ea4534df15d,,c-690ef10b-0cf1abd9-31fefea0e1fd,1762586909726,Sync,2294.99,1762586908220,21.0.3.8,false,2048,38.47,InvokeFunction,,,LATEST,1-690ef11c-0c49fa-4e400ed670fe,OnDemand,,,1506.06,
,B63107B9394C762ADF436F322BAA4B65-1,1762586910,FCRequestMetrics:/n-matmul-2048,10,10,,,626.35,n-matmul-2048,false,1ccfa60657e6,,c-690ef10b-0cf1abd9-672e1c9f5eed,1762586909913,Sync,1356.39,1762586909183,21.0.3.8,false,2048,36.43,InvokeFunction,,,LATEST,1-690ef11d-0c49fa-32c86947cb08,OnDemand,,,729.29,
,00E67D373DA9C60BEF759D13208EAAD9-1,1762586910,FCRequestMetrics:/n-matmul-2048,10,10,,,649.66,n-matmul-2048,false,9013ed408e73,,c-690ef10b-0cf1abd9-dbc16e7d233d,1762586909867,Sync,1374.86,1762586909143,21.0.3.8,false,2048,36.62,InvokeFunction,,,LATEST,1-690ef11d-0c49fa-34194f783e3f,OnDemand,,,724.39,
,211620C9A07558D2D8764497DA6068A4-1,1762586910,FCRequestMetrics:/n-matmul-2048,10,10,,,786.63,n-matmul-2048,false,e053c99a8bb6,,c-690ef10b-0cf1abd9-9de429f2e3c5,1762586909779,Sync,1486.41,1762586909080,21.0.3.8,false,2048,40.37,InvokeFunction,,,LATEST,1-690ef11d-0c49fa-f9d38dfbc987,OnDemand,,,699.08,
,B2D19E9889F3DDE524F4ACFCF2A5FEBF-0,1762586910,FCRequestMetrics:/n-matmul-2048,10,10,,,688.76,n-matmul-2048,false,95f39cca25aa,,c-690ef10b-0cf1abd9-336379de3020,1762586909433,Sync,2012.65,1762586908110,21.0.3.8,false,2048,36.27,InvokeFunction,,,LATEST,1-690ef11c-0c49fa-94df0b1d630e,OnDemand,,,1323.20,
,B2D19E9889F3DDE524F4ACFCF2A5FEBF-0,1762586910,FCRequestMetrics:/n-matmul-2048,10,10,,,655.46,n-matmul-2048,false,95f39cca25aa,,c-690ef10b-0cf1abd9-336379de3020,1762586910126,Sync,1579.02,1762586909203,21.0.3.8,false,2048,38.67,InvokeFunction,,,LATEST,1-690ef11d-0c49fa-ef373f44510a,OnDemand,,,922.72,
,A5C7CD7E71BB55429480C147D0ABD6E0-2,1762586910,FCRequestMetrics:/n-matmul-2048,10,10,,,643.63,n-matmul-2048,false,b9c50fa7ffa2,,c-690ef10b-0cf1abd9-39e48c7dd1cd,1762586909772,Sync,2002.82,1762586908413,21.0.3.8,false,2048,36.51,InvokeFunction,,,LATEST,1-690ef11c-0c49fa-a86fbb8df3d6,OnDemand,,,1358.48,
,46B19270B472A6D217A2E559E7E7C97B-1,1762586911,FCRequestMetrics:/n-matmul-2048,10,10,,,786.87,n-matmul-2048,false,869d26b39717,,c-690ef10b-0cf1abd9-b6750c057b8f,1762586910466,Sync,1942.55,1762586909311,21.0.3.8,false,2048,38.30,InvokeFunction,,,LATEST,1-690ef11d-0c49fa-822cca1b1d27,OnDemand,,,1154.93,
,510F8A150819018E635E267F62520B9B-1,1762586911,FCRequestMetrics:/n-matmul-2048,10,10,,,789.25,n-matmul-2048,false,c8577adbf622,,c-690ef10b-0cf1abd9-26ef2c508c1e,1762586910484,Sync,1803.23,1762586909470,21.0.3.8,false,2048,44.00,InvokeFunction,,,LATEST,1-690ef11d-0c0a43-f7e3d3855526,OnDemand,,,1013.33,
,D5A4CD99F058D411C58A3919BEB264F4-1,1762586911,FCRequestMetrics:/n-matmul-2048,10,10,,,789.61,n-matmul-2048,false,a1586973fec8,,c-690ef10b-0cf1abd9-90463d425ca7,1762586910506,Sync,1539.62,1762586909756,21.0.3.8,false,2048,42.08,InvokeFunction,,,LATEST,1-690ef11d-0c49fa-3017ca432ca6,OnDemand,,,749.28,
,2523AFCDD5BD8A2B2953E48983230929-1,1762586911,FCRequestMetrics:/n-matmul-2048,10,10,,,811.98,n-matmul-2048,false,01d6f783bdb1,,c-690ef10b-0cf1abd9-dd39c218e942,1762586910505,Sync,1585.61,1762586909732,21.0.3.8,false,2048,38.34,InvokeFunction,,,LATEST,1-690ef11d-0c0a43-5b58c98d8855,OnDemand,,,772.41,
,9A02C87DA0F400C9E40F40EF2DF6006D-1,1762586911,FCRequestMetrics:/n-matmul-2048,10,10,,,798.77,n-matmul-2048,false,3ea4534df15d,,c-690ef10b-0cf1abd9-31fefea0e1fd,1762586910519,Sync,1561.59,1762586909763,21.0.3.8,false,2048,42.30,InvokeFunction,,,LATEST,1-690ef11d-0c49fa-f92b4f7f0c77,OnDemand,,,755.89,
,B63107B9394C762ADF436F322BAA4B65-1,1762586911,FCRequestMetrics:/n-matmul-2048,10,10,,,781.50,n-matmul-2048,false,1ccfa60657e6,,c-690ef10b-0cf1abd9-672e1c9f5eed,1762586910543,Sync,1511.35,1762586909816,21.0.3.8,false,2048,38.85,InvokeFunction,,,LATEST,1-690ef11d-0c49fa-c2fbc2453e81,OnDemand,,,726.92,
,00E67D373DA9C60BEF759D13208EAAD9-1,1762586911,FCRequestMetrics:/n-matmul-2048,10,10,,,805.87,n-matmul-2048,false,9013ed408e73,,c-690ef10b-0cf1abd9-dbc16e7d233d,1762586910521,Sync,1518.92,1762586909809,21.0.3.8,false,2048,38.68,InvokeFunction,,,LATEST,1-690ef11d-0c49fa-e06f0ff430e6,OnDemand,,,712.39,
,211620C9A07558D2D8764497DA6068A4-1,1762586911,FCRequestMetrics:/n-matmul-2048,10,10,,,792.33,n-matmul-2048,false,e053c99a8bb6,,c-690ef10b-0cf1abd9-9de429f2e3c5,1762586910569,Sync,1520.75,1762586909841,21.0.3.8,false,2048,43.93,InvokeFunction,,,LATEST,1-690ef11d-0c0a43-07da0fbda1a9,OnDemand,,,727.74,
,B2D19E9889F3DDE524F4ACFCF2A5FEBF-0,1762586911,FCRequestMetrics:/n-matmul-2048,10,10,,,782.53,n-matmul-2048,false,95f39cca25aa,,c-690ef10b-0cf1abd9-336379de3020,1762586910787,Sync,1681.73,1762586909888,21.0.3.8,false,2048,40.16,InvokeFunction,,,LATEST,1-690ef11d-0c49fa-baf7c27a532f,OnDemand,,,898.51,
,A5C7CD7E71BB55429480C147D0ABD6E0-2,1762586911,FCRequestMetrics:/n-matmul-2048,10,10,,,821.13,n-matmul-2048,false,b9c50fa7ffa2,,c-690ef10b-0cf1abd9-39e48c7dd1cd,1762586910418,Sync,2006.08,1762586909243,21.0.3.8,false,2048,41.06,InvokeFunction,,,LATEST,1-690ef11d-0c0a43-2df3d3980b87,OnDemand,,,1174.62,
,46B19270B472A6D217A2E559E7E7C97B-1,1762586911,FCRequestMetrics:/n-matmul-2048,10,10,,,0.03,n-matmul-2048,true,869d26b39717,,c-690ef10b-0cf1abd9-b6750c057b8f,1762586911257,Sync,1728.21,1762586909948,21.0.3.8,false,2048,2.26,InvokeFunction,,,LATEST,1-690ef11d-0c49fa-fa487b1581a1,OnDemand,,,1308.54,,"{""errorType"":""FunctionAbnormalExitError""}"
,9A02C87DA0F400C9E40F40EF2DF6006D-1,1762586911,FCRequestMetrics:/n-matmul-2048,10,10,,,0.03,n-matmul-2048,true,3ea4534df15d,,c-690ef10b-0cf1abd9-31fefea0e1fd,1762586911327,Sync,1134.68,1762586910628,21.0.3.8,false,2048,2.35,InvokeFunction,,,LATEST,1-690ef11e-0c0a43-5972ca72941e,OnDemand,,,699.13,,"{""errorType"":""FunctionAbnormalExitError""}"
,B63107B9394C762ADF436F322BAA4B65-1,1762586911,FCRequestMetrics:/n-matmul-2048,10,10,,,0.04,n-matmul-2048,true,1ccfa60657e6,,c-690ef10b-0cf1abd9-672e1c9f5eed,1762586911330,Sync,1089.08,1762586910645,21.0.3.8,false,2048,2.24,InvokeFunction,,,LATEST,1-690ef11e-0c49fa-d2f262282179,OnDemand,,,685.43,,"{""errorType"":""FunctionAbnormalExitError""}"
,510F8A150819018E635E267F62520B9B-1,1762586911,FCRequestMetrics:/n-matmul-2048,10,10,,,0.06,n-matmul-2048,true,c8577adbf622,,c-690ef10b-0cf1abd9-26ef2c508c1e,1762586911277,Sync,1528.72,1762586910161,21.0.3.8,false,2048,4.16,InvokeFunction,,,LATEST,1-690ef11e-0c49fa-8f2f4cff8686,OnDemand,,,1115.34,,"{""errorType"":""FunctionAbnormalExitError""}"
,211620C9A07558D2D8764497DA6068A4-1,1762586911,FCRequestMetrics:/n-matmul-2048,10,10,,,0.03,n-matmul-2048,true,e053c99a8bb6,,c-690ef10b-0cf1abd9-9de429f2e3c5,1762586911365,Sync,1132.79,1762586910661,21.0.3.8,false,2048,4.21,InvokeFunction,,,LATEST,1-690ef11e-0c49fa-0fb65f0815f8,OnDemand,,,703.21,,"{""errorType"":""FunctionAbnormalExitError""}"
,00E67D373DA9C60BEF759D13208EAAD9-1,1762586911,FCRequestMetrics:/n-matmul-2048,10,10,,,0.02,n-matmul-2048,true,9013ed408e73,,c-690ef10b-0cf1abd9-dbc16e7d233d,1762586911332,Sync,1147.58,1762586910646,21.0.3.8,false,2048,2.08,InvokeFunction,,,LATEST,1-690ef11e-0c49fa-872512fa3642,OnDemand,,,685.80,,"{""errorType"":""FunctionAbnormalExitError""}"
,D5A4CD99F058D411C58A3919BEB264F4-1,1762586911,FCRequestMetrics:/n-matmul-2048,10,10,,,0.04,n-matmul-2048,true,a1586973fec8,,c-690ef10b-0cf1abd9-90463d425ca7,1762586911299,Sync,1154.18,1762586910573,21.0.3.8,false,2048,2.32,InvokeFunction,,,LATEST,1-690ef11e-0c49fa-2ee0c7913613,OnDemand,,,725.95,,"{""errorType"":""FunctionAbnormalExitError""}"
,2523AFCDD5BD8A2B2953E48983230929-1,1762586911,FCRequestMetrics:/n-matmul-2048,10,10,,,0.02,n-matmul-2048,true,01d6f783bdb1,,c-690ef10b-0cf1abd9-dd39c218e942,1762586911321,Sync,1132.90,1762586910610,21.0.3.8,false,2048,2.07,InvokeFunction,,,LATEST,1-690ef11e-0c0a43-234a682607a6,OnDemand,,,710.16,,"{""errorType"":""FunctionAbnormalExitError""}"
,A5C7CD7E71BB55429480C147D0ABD6E0-2,1762586912,FCRequestMetrics:/n-matmul-2048,10,10,,,1363.67,n-matmul-2048,false,b9c50fa7ffa2,,c-690ef10b-0cf1abd9-39e48c7dd1cd,1762586911252,Sync,2714.40,1762586909902,21.0.3.8,false,2048,44.40,InvokeFunction,,,LATEST,1-690ef11d-0c49fa-4459e633afa9,OnDemand,,,1349.82,
,46B19270B472A6D217A2E559E7E7C97B-1,1762586912,FCRequestMetrics:/n-matmul-2048,10,10,,,685.63,n-matmul-2048,false,869d26b39717,,c-690ef10b-0cf1abd9-b6750c057b8f,1762586911678,Sync,1676.01,1762586910688,21.0.3.8,false,2048,28.75,InvokeFunction,,,LATEST,1-690ef11e-0c49fa-73ef8e3305c2,OnDemand,,,989.63,
,9A02C87DA0F400C9E40F40EF2DF6006D-1,1762586912,FCRequestMetrics:/n-matmul-2048,10,10,,,680.36,n-matmul-2048,false,3ea4534df15d,,c-690ef10b-0cf1abd9-31fefea0e1fd,1762586911765,Sync,1540.03,1762586910906,21.0.3.8,false,2048,26.58,InvokeFunction,,,LATEST,1-690ef11e-0c0a43-e7947327429d,OnDemand,,,857.75,
,B63107B9394C762ADF436F322BAA4B65-1,1762586912,FCRequestMetrics:/n-matmul-2048,10,10,,,680.64,n-matmul-2048,false,1ccfa60657e6,,c-690ef10b-0cf1abd9-672e1c9f5eed,1762586911735,Sync,1519.31,1762586910897,21.0.3.8,false,2048,26.57,InvokeFunction,,,LATEST,1-690ef11e-0c0a43-e7b44dd30ee5,OnDemand,,,837.91,
,510F8A150819018E635E267F62520B9B-1,1762586912,FCRequestMetrics:/n-matmul-2048,10,10,,,708.42,n-matmul-2048,false,c8577adbf622,,c-690ef10b-0cf1abd9-26ef2c508c1e,1762586911692,Sync,1709.90,1762586910691,21.0.3.8,false,2048,26.71,InvokeFunction,,,LATEST,1-690ef11e-0c49fa-b874ad0bb3ee,OnDemand,,,1000.75,
,211620C9A07558D2D8764497DA6068A4-1,1762586912,FCRequestMetrics:/n-matmul-2048,10,10,,,676.40,n-matmul-2048,false,e053c99a8bb6,,c-690ef10b-0cf1abd9-9de429f2e3c5,1762586911795,Sync,1557.32,1762586910915,21.0.3.8,false,2048,28.77,InvokeFunction,,,LATEST,1-690ef11e-0c0a43-0134aeff9426,OnDemand,,,880.27,
,00E67D373DA9C60BEF759D13208EAAD9-1,1762586912,FCRequestMetrics:/n-matmul-2048,10,10,,,704.13,n-matmul-2048,false,9013ed408e73,,c-690ef10b-0cf1abd9-dbc16e7d233d,1762586911795,Sync,1589.92,1762586910910,21.0.3.8,false,2048,26.72,InvokeFunction,,,LATEST,1-690ef11e-0c49fa-7c181ffee0f1,OnDemand,,,884.96,
,D5A4CD99F058D411C58A3919BEB264F4-1,1762586912,FCRequestMetrics:/n-matmul-2048,10,10,,,704.97,n-matmul-2048,false,a1586973fec8,,c-690ef10b-0cf1abd9-90463d425ca7,1762586911729,Sync,1538.93,1762586910896,21.0.3.8,false,2048,26.58,InvokeFunction,,,LATEST,1-690ef11e-0c49fa-4bd59ff9b00f,OnDemand,,,833.16,
,2523AFCDD5BD8A2B2953E48983230929-1,1762586912,FCRequestMetrics:/n-matmul-2048,10,10,,,682.40,n-matmul-2048,false,01d6f783bdb1,,c-690ef10b-0cf1abd9-dd39c218e942,1762586911745,Sync,1524.74,1762586910904,21.0.3.8,false,2048,26.81,InvokeFunction,,,LATEST,1-690ef11e-0c49fa-3c4a2870eabc,OnDemand,,,841.65,
,B2D19E9889F3DDE524F4ACFCF2A5FEBF-1,1762586912,FCRequestMetrics:/n-matmul-2048,10,10,,,0.04,n-matmul-2048,true,95f39cca25aa,,c-690ef10b-0cf1abd9-336379de3020,1762586911573,Sync,1344.95,1762586910665,21.0.3.8,false,2048,4.32,InvokeFunction,,,LATEST,1-690ef11e-0c49fa-bd5d1d487da6,OnDemand,,,907.75,,"{""errorType"":""FunctionAbnormalExitError""}"
,B2D19E9889F3DDE524F4ACFCF2A5FEBF-1,1762586912,FCRequestMetrics:/n-matmul-2048,10,10,,,674.07,n-matmul-2048,false,95f39cca25aa,,c-690ef10b-0cf1abd9-336379de3020,1762586912012,Sync,1770.33,1762586910916,21.0.3.8,false,2048,26.64,InvokeFunction,,,LATEST,1-690ef11e-0c49fa-2bea560a85b2,OnDemand,,,1095.42,
,46B19270B472A6D217A2E559E7E7C97B-1,1762586913,FCRequestMetrics:/n-matmul-2048,10,10,,,679.45,n-matmul-2048,false,869d26b39717,,c-690ef10b-0cf1abd9-b6750c057b8f,1762586912368,Sync,2130.85,1762586910917,21.0.3.8,false,2048,36.68,InvokeFunction,,,LATEST,1-690ef11e-0c49fa-ae6ebc57b60a,OnDemand,,,1450.72,
,46B19270B472A6D217A2E559E7E7C97B-1,1762586913,FCRequestMetrics:/n-matmul-2048,10,10,,,629.95,n-matmul-2048,false,869d26b39717,,c-690ef10b-0cf1abd9-b6750c057b8f,1762586913051,Sync,1985.81,1762586911695,21.0.3.8,false,2048,38.32,InvokeFunction,,,LATEST,1-690ef11f-0c49fa-eb2eaebe1753,OnDemand,,,1355.12,
,9A02C87DA0F400C9E40F40EF2DF6006D-1,1762586913,FCRequestMetrics:/n-matmul-2048,10,10,,,640.08,n-matmul-2048,false,3ea4534df15d,,c-690ef10b-0cf1abd9-31fefea0e1fd,1762586912449,Sync,1755.76,1762586911334,21.0.3.8,false,2048,34.43,InvokeFunction,,,LATEST,1-690ef11f-0c49fa-0ee175d3049b,OnDemand,,,1114.95,
,9A02C87DA0F400C9E40F40EF2DF6006D-1,1762586913,FCRequestMetrics:/n-matmul-2048,10,10,,,613.98,n-matmul-2048,false,3ea4534df15d,,c-690ef10b-0cf1abd9-31fefea0e1fd,1762586913093,Sync,1776.99,1762586911930,21.0.3.8,false,2048,36.13,InvokeFunction,,,LATEST,1-690ef11f-0c0a43-7d265064015a,OnDemand,,,1162.34,
,B63107B9394C762ADF436F322BAA4B65-1,1762586913,FCRequestMetrics:/n-matmul-2048,10,10,,,636.04,n-matmul-2048,false,1ccfa60657e6,,c-690ef10b-0cf1abd9-672e1c9f5eed,1762586912419,Sync,1724.84,1762586911331,21.0.3.8,false,2048,34.05,InvokeFunction,,,LATEST,1-690ef11f-0c49fa-6a081e130f65,OnDemand,,,1088.17,
,B63107B9394C762ADF436F322BAA4B65-1,1762586913,FCRequestMetrics:/n-matmul-2048,10,10,,,644.58,n-matmul-2048,false,1ccfa60657e6,,c-690ef10b-0cf1abd9-672e1c9f5eed,1762586913058,Sync,1877.64,1762586911827,21.0.3.8,false,2048,36.53,InvokeFunction,,,LATEST,1-690ef11f-0c0a43-d56fe38cd67d,OnDemand,,,1231.72,
,510F8A150819018E635E267F62520B9B-1,1762586913,FCRequestMetrics:/n-matmul-2048,10,10,,,637.58,n-matmul-2048,false,c8577adbf622,,c-690ef10b-0cf1abd9-26ef2c508c1e,1762586912403,Sync,2122.29,1762586910919,21.0.3.8,false,2048,34.43,InvokeFunction,,,LATEST,1-690ef11e-0c0a43-e2e78b90e591,OnDemand,,,1484.02,
,510F8A150819018E635E267F62520B9B-1,1762586913,FCRequestMetrics:/n-matmul-2048,10,10,,,656.21,n-matmul-2048,false,c8577adbf622,,c-690ef10b-0cf1abd9-26ef2c508c1e,1762586913045,Sync,2006.95,1762586911695,21.0.3.8,false,2048,36.80,InvokeFunction,,,LATEST,1-690ef11f-0c49fa-2e55940d23a6,OnDemand,,,1349.93,
,211620C9A07558D2D8764497DA6068A4-1,1762586913,FCRequestMetrics:/n-matmul-2048,10,10,,,645.42,n-matmul-2048,false,e053c99a8bb6,,c-690ef10b-0cf1abd9-9de429f2e3c5,1762586912475,Sync,1785.66,1762586911336,21.0.3.8,false,2048,36.75,InvokeFunction,,,LATEST,1-690ef11f-0c49fa-09923d071261,OnDemand,,,1139.49,
,211620C9A07558D2D8764497DA6068A4-1,1762586913,FCRequestMetrics:/n-matmul-2048,10,10,,,651.27,n-matmul-2048,false,e053c99a8bb6,,c-690ef10b-0cf1abd9-9de429f2e3c5,1762586913125,Sync,1285.87,1762586912491,21.0.3.8,false,2048,39.00,InvokeFunction,,,LATEST,1-690ef120-0c49fa-990a9267b34b,OnDemand,,,633.90,
,00E67D373DA9C60BEF759D13208EAAD9-1,1762586913,FCRequestMetrics:/n-matmul-2048,10,10,,,654.78,n-matmul-2048,false,9013ed408e73,,c-690ef10b-0cf1abd9-dbc16e7d233d,1762586912503,Sync,1822.44,1762586911336,21.0.3.8,false,2048,34.01,InvokeFunction,,,LATEST,1-690ef11f-0c49fa-e7b9302a157c,OnDemand,,,1167.01,
,00E67D373DA9C60BEF759D13208EAAD9-1,1762586913,FCRequestMetrics:/n-matmul-2048,10,10,,,661.01,n-matmul-2048,false,9013ed408e73,,c-690ef10b-0cf1abd9-dbc16e7d233d,1762586913162,Sync,1301.81,1762586912521,21.0.3.8,false,2048,36.39,InvokeFunction,,,LATEST,1-690ef120-0c49fa-ba0f2a31a9e9,OnDemand,,,640.09,
,D5A4CD99F058D411C58A3919BEB264F4-1,1762586913,FCRequestMetrics:/n-matmul-2048,10,10,,,648.10,n-matmul-2048,false,a1586973fec8,,c-690ef10b-0cf1abd9-90463d425ca7,1762586912438,Sync,1753.73,1762586911333,21.0.3.8,false,2048,34.40,InvokeFunction,,,LATEST,1-690ef11f-0c49fa-2ed14469a829,OnDemand,,,1104.97,
,D5A4CD99F058D411C58A3919BEB264F4-1,1762586913,FCRequestMetrics:/n-matmul-2048,10,10,,,776.33,n-matmul-2048,false,a1586973fec8,,c-690ef10b-0cf1abd9-90463d425ca7,1762586913090,Sync,1940.24,1762586911926,21.0.3.8,false,2048,38.42,InvokeFunction,,,LATEST,1-690ef11f-0c0a43-953fc17fa589,OnDemand,,,1163.19,
,2523AFCDD5BD8A2B2953E48983230929-1,1762586913,FCRequestMetrics:/n-matmul-2048,10,10,,,664.68,n-matmul-2048,false,01d6f783bdb1,,c-690ef10b-0cf1abd9-dd39c218e942,1762586912431,Sync,1765.28,1762586911331,21.0.3.8,false,2048,34.48,InvokeFunction,,,LATEST,1-690ef11f-0c49fa-710e5b73221c,OnDemand,,,1099.95,
,2523AFCDD5BD8A2B2953E48983230929-1,1762586913,FCRequestMetrics:/n-matmul-2048,10,10,,,815.37,n-matmul-2048,false,01d6f783bdb1,,c-690ef10b-0cf1abd9-dd39c218e942,1762586913100,Sync,1546.64,1762586912369,21.0.3.8,false,2048,38.91,InvokeFunction,,,LATEST,1-690ef120-0c49fa-55ad921d431e,OnDemand,,,730.57,
,B2D19E9889F3DDE524F4ACFCF2A5FEBF-1,1762586913,FCRequestMetrics:/n-matmul-2048,10,10,,,643.91,n-matmul-2048,false,95f39cca25aa,,c-690ef10b-0cf1abd9-336379de3020,1762586912690,Sync,1993.17,1762586911341,21.0.3.8,false,2048,34.22,InvokeFunction,,,LATEST,1-690ef11f-0c49fa-3530935cc689,OnDemand,,,1348.57,
,B2D19E9889F3DDE524F4ACFCF2A5FEBF-1,1762586913,FCRequestMetrics:/n-matmul-2048,10,10,,,649.92,n-matmul-2048,false,95f39cca25aa,,c-690ef10b-0cf1abd9-336379de3020,1762586913337,Sync,1104.70,1762586912883,21.0.3.8,false,2048,36.39,InvokeFunction,,,LATEST,1-690ef120-0c0a43-6695db73f70d,OnDemand,,,454.07,
,A5C7CD7E71BB55429480C147D0ABD6E0-3,1762586913,FCRequestMetrics:/n-matmul-2048,10,10,,,0.06,n-matmul-2048,true,b9c50fa7ffa2,,c-690ef10b-0cf1abd9-39e48c7dd1cd,1762586912620,Sync,1821.93,1762586911338,21.0.3.8,false,2048,4.19,InvokeFunction,,,LATEST,1-690ef11f-0c49fa-c4136c585e5b,OnDemand,,,1282.46,,"{""errorType"":""FunctionAbnormalExitError""}"
,A5C7CD7E71BB55429480C147D0ABD6E0-3,1762586913,FCRequestMetrics:/n-matmul-2048,10,10,,,704.33,n-matmul-2048,false,b9c50fa7ffa2,,c-690ef10b-0cf1abd9-39e48c7dd1cd,1762586913162,Sync,1372.69,1762586912494,21.0.3.8,false,2048,28.69,InvokeFunction,,,LATEST,1-690ef120-0c49fa-7d090f2ad006,OnDemand,,,667.64,
,46B19270B472A6D217A2E559E7E7C97B-1,1762586914,FCRequestMetrics:/n-matmul-2048,10,10,,,797.38,n-matmul-2048,false,869d26b39717,,c-690ef10b-0cf1abd9-b6750c057b8f,1762586913685,Sync,1109.28,1762586913373,21.0.3.8,false,2048,40.77,InvokeFunction,,,LATEST,1-690ef121-0c49fa-181a78a7c8c6,OnDemand,,,311.21,
,9A02C87DA0F400C9E40F40EF2DF6006D-1,1762586914,FCRequestMetrics:/n-matmul-2048,10,10,,,791.40,n-matmul-2048,false,3ea4534df15d,,c-690ef10b-0cf1abd9-31fefea0e1fd,1762586913722,Sync,795.31,1762586913721,21.0.3.8,false,2048,38.61,InvokeFunction,,,LATEST,1-690ef121-0c49fa-6fc62445ead3,OnDemand,,,1.43,
,B63107B9394C762ADF436F322BAA4B65-1,1762586914,FCRequestMetrics:/n-matmul-2048,8,8,,,785.69,n-matmul-2048,false,1ccfa60657e6,,c-690ef10b-0cf1abd9-672e1c9f5eed,1762586913742,Sync,787.50,1762586913741,21.0.3.8,false,2048,37.91,InvokeFunction,,,LATEST,1-690ef121-0c49fa-f4712f953e23,OnDemand,,,1.13,
,510F8A150819018E635E267F62520B9B-1,1762586914,FCRequestMetrics:/n-matmul-2048,8,8,,,794.04,n-matmul-2048,false,c8577adbf622,,c-690ef10b-0cf1abd9-26ef2c508c1e,1762586913743,Sync,795.25,1762586913743,21.0.3.8,false,2048,38.07,InvokeFunction,,,LATEST,1-690ef121-0c0a43-a02486016af6,OnDemand,,,0.51,
,211620C9A07558D2D8764497DA6068A4-1,1762586914,FCRequestMetrics:/n-matmul-2048,8,8,,,791.10,n-matmul-2048,false,e053c99a8bb6,,c-690ef10b-0cf1abd9-9de429f2e3c5,1762586913780,Sync,824.95,1762586913747,21.0.3.8,false,2048,41.05,InvokeFunction,,,LATEST,1-690ef121-0c0a43-e34265ad3b8e,OnDemand,,,33.13,
,00E67D373DA9C60BEF759D13208EAAD9-1,1762586914,FCRequestMetrics:/n-matmul-2048,8,8,,,793.59,n-matmul-2048,false,9013ed408e73,,c-690ef10b-0cf1abd9-dbc16e7d233d,1762586913828,Sync,804.76,1762586913817,21.0.3.8,false,2048,38.18,InvokeFunction,,,LATEST,1-690ef121-0c49fa-ad367868a0bb,OnDemand,,,10.43,
,D5A4CD99F058D411C58A3919BEB264F4-1,1762586914,FCRequestMetrics:/n-matmul-2048,10,10,,,786.84,n-matmul-2048,false,a1586973fec8,,c-690ef10b-0cf1abd9-90463d425ca7,1762586913870,Sync,796.24,1762586913862,21.0.3.8,false,2048,42.07,InvokeFunction,,,LATEST,1-690ef121-0c49fa-4b802e2a5624,OnDemand,,,7.71,
,2523AFCDD5BD8A2B2953E48983230929-1,1762586914,FCRequestMetrics:/n-matmul-2048,10,10,,,797.99,n-matmul-2048,false,01d6f783bdb1,,c-690ef10b-0cf1abd9-dd39c218e942,1762586913919,Sync,809.93,1762586913907,21.0.3.8,false,2048,42.20,InvokeFunction,,,LATEST,1-690ef121-0c0a43-170db5689a7a,OnDemand,,,11.19,
,B2D19E9889F3DDE524F4ACFCF2A5FEBF-1,1762586914,FCRequestMetrics:/n-matmul-2048,10,10,,,781.57,n-matmul-2048,false,95f39cca25aa,,c-690ef10b-0cf1abd9-336379de3020,1762586913991,Sync,833.00,1762586913940,21.0.3.8,false,2048,37.65,InvokeFunction,,,LATEST,1-690ef121-0c49fa-42a93cec7766,OnDemand,,,50.67,
,A5C7CD7E71BB55429480C147D0ABD6E0-3,1762586914,FCRequestMetrics:/n-matmul-2048,10,10,,,656.17,n-matmul-2048,false,b9c50fa7ffa2,,c-690ef10b-0cf1abd9-39e48c7dd1cd,1762586913909,Sync,658.40,1762586913907,21.0.3.8,false,2048,36.05,InvokeFunction,,,LATEST,1-690ef121-0c49fa-fe689811dcd0,OnDemand,,,1.43,
,46B19270B472A6D217A2E559E7E7C97B-1,1762586914,FCRequestMetrics:/n-matmul-2048,10,10,,,0.03,n-matmul-2048,true,869d26b39717,,c-690ef10b-0cf1abd9-b6750c057b8f,1762586914486,Sync,960.92,1762586913943,21.0.3.8,false,2048,4.43,InvokeFunction,,,LATEST,1-690ef121-0c0a43-4c52e3d6a513,OnDemand,,,542.78,,"{""errorType"":""FunctionAbnormalExitError""}"
,9A02C87DA0F400C9E40F40EF2DF6006D-1,1762586914,FCRequestMetrics:/n-matmul-2048,10,10,,,0.03,n-matmul-2048,true,3ea4534df15d,,c-690ef10b-0cf1abd9-31fefea0e1fd,1762586914519,Sync,985.20,1762586913944,21.0.3.8,false,2048,2.16,InvokeFunction,,,LATEST,1-690ef121-0c49fa-90b01ee8fa0f,OnDemand,,,575.01,,"{""errorType"":""FunctionAbnormalExitError""}"
,510F8A150819018E635E267F62520B9B-1,1762586914,FCRequestMetrics:/n-matmul-2048,10,10,,,0.03,n-matmul-2048,true,c8577adbf622,,c-690ef10b-0cf1abd9-26ef2c508c1e,1762586914541,Sync,1003.11,1762586913946,21.0.3.8,false,2048,2.25,InvokeFunction,,,LATEST,1-690ef121-0c49fa-0c1fe6017397,OnDemand,,,594.00,,"{""errorType"":""FunctionAbnormalExitError""}"
,B63107B9394C762ADF436F322BAA4B65-1,1762586914,FCRequestMetrics:/n-matmul-2048,10,10,,,0.03,n-matmul-2048,true,1ccfa60657e6,,c-690ef10b-0cf1abd9-672e1c9f5eed,1762586914531,Sync,1004.75,1762586913947,21.0.3.8,false,2048,2.22,InvokeFunction,,,LATEST,1-690ef121-0c0a43-2934df29e2a9,OnDemand,,,584.68,,"{""errorType"":""FunctionAbnormalExitError""}"
,211620C9A07558D2D8764497DA6068A4-1,1762586914,FCRequestMetrics:/n-matmul-2048,10,10,,,0.02,n-matmul-2048,true,e053c99a8bb6,,c-690ef10b-0cf1abd9-9de429f2e3c5,1762586914574,Sync,1024.15,1762586913950,21.0.3.8,false,2048,4.30,InvokeFunction,,,LATEST,1-690ef121-0c49fa-0bf639bb8521,OnDemand,,,623.78,,"{""errorType"":""FunctionAbnormalExitError""}"
,A5C7CD7E71BB55429480C147D0ABD6E0-3,1762586915,FCRequestMetrics:/n-matmul-2048,10,10,,,791.84,n-matmul-2048,false,b9c50fa7ffa2,,c-690ef10b-0cf1abd9-39e48c7dd1cd,1762586914569,Sync,1413.43,1762586913948,21.0.3.8,false,2048,40.49,InvokeFunction,,,LATEST,1-690ef121-0c49fa-076c23397cf8,OnDemand,,,620.83,
,46B19270B472A6D217A2E559E7E7C97B-1,1762586915,FCRequestMetrics:/n-matmul-2048,10,10,,,677.22,n-matmul-2048,false,869d26b39717,,c-690ef10b-0cf1abd9-b6750c057b8f,1762586914906,Sync,1623.34,1762586913960,21.0.3.8,false,2048,28.60,InvokeFunction,,,LATEST,1-690ef121-0c49fa-ee0ceea35839,OnDemand,,,945.29,
,9A02C87DA0F400C9E40F40EF2DF6006D-1,1762586915,FCRequestMetrics:/n-matmul-2048,10,10,,,677.56,n-matmul-2048,false,3ea4534df15d,,c-690ef10b-0cf1abd9-31fefea0e1fd,1762586914931,Sync,1645.96,1762586913964,21.0.3.8,false,2048,26.58,InvokeFunction,,,LATEST,1-690ef121-0c0a43-4c2b452878f6,OnDemand,,,967.47,
,510F8A150819018E635E267F62520B9B-1,1762586915,FCRequestMetrics:/n-matmul-2048,10,10,,,716.01,n-matmul-2048,false,c8577adbf622,,c-690ef10b-0cf1abd9-26ef2c508c1e,1762586914951,Sync,1700.64,1762586913967,21.0.3.8,false,2048,26.61,InvokeFunction,,,LATEST,1-690ef121-0c0a43-0df5de1fa0f6,OnDemand,,,983.87,
,B63107B9394C762ADF436F322BAA4B65-1,1762586915,FCRequestMetrics:/n-matmul-2048,10,10,,,692.10,n-matmul-2048,false,1ccfa60657e6,,c-690ef10b-0cf1abd9-672e1c9f5eed,1762586914954,Sync,1678.84,1762586913968,21.0.3.8,false,2048,28.60,InvokeFunction,,,LATEST,1-690ef121-0c0a43-b13f47dd68ef,OnDemand,,,984.54,
,211620C9A07558D2D8764497DA6068A4-1,1762586915,FCRequestMetrics:/n-matmul-2048,10,10,,,685.91,n-matmul-2048,false,e053c99a8bb6,,c-690ef10b-0cf1abd9-9de429f2e3c5,1762586914976,Sync,1694.29,1762586913970,21.0.3.8,false,2048,28.30,InvokeFunction,,,LATEST,1-690ef121-0c0a43-26a57c53da21,OnDemand,,,1005.70,
,00E67D373DA9C60BEF759D13208EAAD9-1,1762586915,FCRequestMetrics:/n-matmul-2048,10,10,,,0.03,n-matmul-2048,true,9013ed408e73,,c-690ef10b-0cf1abd9-dbc16e7d233d,1762586914625,Sync,1101.54,1762586913951,21.0.3.8,false,2048,2.20,InvokeFunction,,,LATEST,1-690ef121-0c0a43-d0d61cd76706,OnDemand,,,673.53,,"{""errorType"":""FunctionAbnormalExitError""}"
,00E67D373DA9C60BEF759D13208EAAD9-1,1762586915,FCRequestMetrics:/n-matmul-2048,10,10,,,677.29,n-matmul-2048,false,9013ed408e73,,c-690ef10b-0cf1abd9-dbc16e7d233d,1762586915054,Sync,1760.54,1762586913972,21.0.3.8,false,2048,26.62,InvokeFunction,,,LATEST,1-690ef121-0c49fa-b3b5e72379bc,OnDemand,,,1082.35,
,D5A4CD99F058D411C58A3919BEB264F4-1,1762586915,FCRequestMetrics:/n-matmul-2048,10,10,,,0.03,n-matmul-2048,true,a1586973fec8,,c-690ef10b-0cf1abd9-90463d425ca7,1762586914662,Sync,1112.85,1762586913956,21.0.3.8,false,2048,2.16,InvokeFunction,,,LATEST,1-690ef121-0c49fa-94d400b8fe5b,OnDemand,,,705.87,,"{""errorType"":""FunctionAbnormalExitError""}"
,D5A4CD99F058D411C58A3919BEB264F4-1,1762586915,FCRequestMetrics:/n-matmul-2048,10,10,,,697.31,n-matmul-2048,false,a1586973fec8,,c-690ef10b-0cf1abd9-90463d425ca7,1762586915070,Sync,1795.84,1762586913972,21.0.3.8,false,2048,28.67,InvokeFunction,,,LATEST,1-690ef121-0c0a43-6d5ee1a070b2,OnDemand,,,1097.66,
,2523AFCDD5BD8A2B2953E48983230929-1,1762586915,FCRequestMetrics:/n-matmul-2048,10,10,,,0.02,n-matmul-2048,true,01d6f783bdb1,,c-690ef10b-0cf1abd9-dd39c218e942,1762586914720,Sync,1170.94,1762586913958,21.0.3.8,false,2048,2.15,InvokeFunction,,,LATEST,1-690ef121-0c0a43-90567caf00e7,OnDemand,,,761.90,,"{""errorType"":""FunctionAbnormalExitError""}"
,2523AFCDD5BD8A2B2953E48983230929-1,1762586915,FCRequestMetrics:/n-matmul-2048,10,10,,,684.33,n-matmul-2048,false,01d6f783bdb1,,c-690ef10b-0cf1abd9-dd39c218e942,1762586915131,Sync,1840.04,1762586913976,21.0.3.8,false,2048,26.67,InvokeFunction,,,LATEST,1-690ef121-0c0a43-dc400a5bc72e,OnDemand,,,1153.81,
,B2D19E9889F3DDE524F4ACFCF2A5FEBF-1,1762586915,FCRequestMetrics:/n-matmul-2048,10,10,,,0.03,n-matmul-2048,true,95f39cca25aa,,c-690ef10b-0cf1abd9-336379de3020,1762586914776,Sync,1224.85,1762586913960,21.0.3.8,false,2048,2.25,InvokeFunction,,,LATEST,1-690ef121-0c49fa-3c25723dd241,OnDemand,,,816.57,,"{""errorType"":""FunctionAbnormalExitError""}"
,B2D19E9889F3DDE524F4ACFCF2A5FEBF-1,1762586915,FCRequestMetrics:/n-matmul-2048,10,10,,,673.56,n-matmul-2048,false,95f39cca25aa,,c-690ef10b-0cf1abd9-336379de3020,1762586915186,Sync,1882.44,1762586913978,21.0.3.8,false,2048,28.62,InvokeFunction,,,LATEST,1-690ef121-0c0a43-863ff7470430,OnDemand,,,1208.04,
,A5C7CD7E71BB55429480C147D0ABD6E0-3,1762586916,FCRequestMetrics:/n-matmul-2048,10,10,,,808.75,n-matmul-2048,false,b9c50fa7ffa2,,c-690ef10b-0cf1abd9-39e48c7dd1cd,1762586915364,Sync,2194.75,1762586913978,21.0.3.8,false,2048,43.84,InvokeFunction,,,LATEST,1-690ef121-0c0a43-0693712a1646,OnDemand,,,1385.33,
,46B19270B472A6D217A2E559E7E7C97B-1,1762586916,FCRequestMetrics:/n-matmul-2048,10,10,,,640.55,n-matmul-2048,false,869d26b39717,,c-690ef10b-0cf1abd9-b6750c057b8f,1762586915587,Sync,2248.08,1762586913980,21.0.3.8,false,2048,36.51,InvokeFunction,,,LATEST,1-690ef121-0c49fa-a1213969ddd7,OnDemand,,,1606.87,
,46B19270B472A6D217A2E559E7E7C97B-1,1762586916,FCRequestMetrics:/n-matmul-2048,10,10,,,653.10,n-matmul-2048,false,869d26b39717,,c-690ef10b-0cf1abd9-b6750c057b8f,1762586916231,Sync,1920.97,1762586914964,21.0.3.8,false,2048,40.56,InvokeFunction,,,LATEST,1-690ef122-0c49fa-9d164d21dfb9,OnDemand,,,1267.01,
,9A02C87DA0F400C9E40F40EF2DF6006D-1,1762586916,FCRequestMetrics:/n-matmul-2048,10,10,,,646.95,n-matmul-2048,false,3ea4534df15d,,c-690ef10b-0cf1abd9-31fefea0e1fd,1762586915614,Sync,1655.13,1762586914607,21.0.3.8,false,2048,34.19,InvokeFunction,,,LATEST,1-690ef122-0c49fa-9eb15e44af26,OnDemand,,,1006.90,
,510F8A150819018E635E267F62520B9B-1,1762586916,FCRequestMetrics:/n-matmul-2048,10,10,,,640.03,n-matmul-2048,false,c8577adbf622,,c-690ef10b-0cf1abd9-26ef2c508c1e,1762586915671,Sync,1614.02,1762586914697,21.0.3.8,false,2048,34.43,InvokeFunction,,,LATEST,1-690ef122-0c49fa-fc97c73a68c3,OnDemand,,,973.32,
,B63107B9394C762ADF436F322BAA4B65-1,1762586916,FCRequestMetrics:/n-matmul-2048,10,10,,,668.70,n-matmul-2048,false,1ccfa60657e6,,c-690ef10b-0cf1abd9-672e1c9f5eed,1762586915649,Sync,1559.73,1762586914759,21.0.3.8,false,2048,36.13,InvokeFunction,,,LATEST,1-690ef122-0c0a43-246f8f1d15ec,OnDemand,,,890.36,
,211620C9A07558D2D8764497DA6068A4-1,1762586916,FCRequestMetrics:/n-matmul-2048,10,10,,,667.71,n-matmul-2048,false,e053c99a8bb6,,c-690ef10b-0cf1abd9-9de429f2e3c5,1762586915668,Sync,1523.71,1762586914812,21.0.3.8,false,2048,36.10,InvokeFunction,,,LATEST,1-690ef122-0c49fa-946484663901,OnDemand,,,855.09,
,00E67D373DA9C60BEF759D13208EAAD9-1,1762586916,FCRequestMetrics:/n-matmul-2048,10,10,,,645.05,n-matmul-2048,false,9013ed408e73,,c-690ef10b-0cf1abd9-dbc16e7d233d,1762586915736,Sync,1804.21,1762586914577,21.0.3.8,false,2048,34.50,InvokeFunction,,,LATEST,1-690ef122-0c0a43-6e0b94432f17,OnDemand,,,1158.37,
,D5A4CD99F058D411C58A3919BEB264F4-1,1762586916,FCRequestMetrics:/n-matmul-2048,10,10,,,638.22,n-matmul-2048,false,a1586973fec8,,c-690ef10b-0cf1abd9-90463d425ca7,1762586915771,Sync,1854.08,1762586914556,21.0.3.8,false,2048,36.70,InvokeFunction,,,LATEST,1-690ef122-0c49fa-79686c499e13,OnDemand,,,1215.13,
,2523AFCDD5BD8A2B2953E48983230929-1,1762586916,FCRequestMetrics:/n-matmul-2048,10,10,,,637.90,n-matmul-2048,false,01d6f783bdb1,,c-690ef10b-0cf1abd9-dd39c218e942,1762586915818,Sync,2466.15,1762586913991,21.0.3.8,false,2048,34.59,InvokeFunction,,,LATEST,1-690ef121-0c0a43-93f3fc805764,OnDemand,,,1827.54,
,B2D19E9889F3DDE524F4ACFCF2A5FEBF-1,1762586916,FCRequestMetrics:/n-matmul-2048,10,10,,,649.99,n-matmul-2048,false,95f39cca25aa,,c-690ef10b-0cf1abd9-336379de3020,1762586915863,Sync,1901.57,1762586914612,21.0.3.8,false,2048,36.29,InvokeFunction,,,LATEST,1-690ef122-0c0a43-e97783225f6e,OnDemand,,,1250.82,
,A5C7CD7E71BB55429480C147D0ABD6E0-3,1762586916,FCRequestMetrics:/n-matmul-2048,10,10,,,0.03,n-matmul-2048,true,b9c50fa7ffa2,,c-690ef10b-0cf1abd9-39e48c7dd1cd,1762586916177,Sync,1939.76,1762586914662,21.0.3.8,false,2048,4.39,InvokeFunction,,,LATEST,1-690ef122-0c49fa-166b95efae55,OnDemand,,,1514.91,,"{""errorType"":""FunctionAbnormalExitError""}"
,46B19270B472A6D217A2E559E7E7C97B-1,1762586917,FCRequestMetrics:/n-matmul-2048,10,10,,,791.75,n-matmul-2048,false,869d26b39717,,c-690ef10b-0cf1abd9-b6750c057b8f,1762586916889,Sync,2028.08,1762586915653,21.0.3.8,false,2048,40.98,InvokeFunction,,,LATEST,1-690ef123-0c0a43-3ecf77a99a36,OnDemand,,,1235.57,
,9A02C87DA0F400C9E40F40EF2DF6006D-1,1762586917,FCRequestMetrics:/n-matmul-2048,10,10,,,816.41,n-matmul-2048,false,3ea4534df15d,,c-690ef10b-0cf1abd9-31fefea0e1fd,1762586916266,Sync,2115.70,1762586914967,21.0.3.8,false,2048,38.65,InvokeFunction,,,LATEST,1-690ef122-0c49fa-9cfa005fc416,OnDemand,,,1298.49,
,9A02C87DA0F400C9E40F40EF2DF6006D-1,1762586917,FCRequestMetrics:/n-matmul-2048,10,10,,,800.13,n-matmul-2048,false,3ea4534df15d,,c-690ef10b-0cf1abd9-31fefea0e1fd,1762586917086,Sync,2198.95,1762586915688,21.0.3.8,false,2048,41.81,InvokeFunction,,,LATEST,1-690ef123-0c0a43-642c75966313,OnDemand,,,1398.12,
,510F8A150819018E635E267F62520B9B-1,1762586917,FCRequestMetrics:/n-matmul-2048,10,10,,,782.95,n-matmul-2048,false,c8577adbf622,,c-690ef10b-0cf1abd9-26ef2c508c1e,1762586916314,Sync,2130.40,1762586914967,21.0.3.8,false,2048,38.78,InvokeFunction,,,LATEST,1-690ef122-0c0a43-fdf7bb727c95,OnDemand,,,1346.80,
,510F8A150819018E635E267F62520B9B-1,1762586917,FCRequestMetrics:/n-matmul-2048,10,10,,,798.11,n-matmul-2048,false,c8577adbf622,,c-690ef10b-0cf1abd9-26ef2c508c1e,1762586917100,Sync,2194.49,1762586915704,21.0.3.8,false,2048,41.88,InvokeFunction,,,LATEST,1-690ef123-0c0a43-1e26c385c983,OnDemand,,,1395.66,
,B63107B9394C762ADF436F322BAA4B65-1,1762586917,FCRequestMetrics:/n-matmul-2048,10,10,,,795.44,n-matmul-2048,false,1ccfa60657e6,,c-690ef10b-0cf1abd9-672e1c9f5eed,1762586916321,Sync,2146.63,1762586914970,21.0.3.8,false,2048,40.46,InvokeFunction,,,LATEST,1-690ef122-0c0a43-233c10159dd7,OnDemand,,,1350.45,
,B63107B9394C762ADF436F322BAA4B65-1,1762586917,FCRequestMetrics:/n-matmul-2048,10,10,,,810.88,n-matmul-2048,false,1ccfa60657e6,,c-690ef10b-0cf1abd9-672e1c9f5eed,1762586917120,Sync,2224.26,1762586915707,21.0.3.8,false,2048,43.56,InvokeFunction,,,LATEST,1-690ef123-0c0a43-1e10b0a382a0,OnDemand,,,1412.69,
,211620C9A07558D2D8764497DA6068A4-1,1762586917,FCRequestMetrics:/n-matmul-2048,10,10,,,783.77,n-matmul-2048,false,e053c99a8bb6,,c-690ef10b-0cf1abd9-9de429f2e3c5,1762586916339,Sync,2151.27,1762586914972,21.0.3.8,false,2048,40.58,InvokeFunction,,,LATEST,1-690ef122-0c0a43-60e3c06006ad,OnDemand,,,1366.72,
,211620C9A07558D2D8764497DA6068A4-1,1762586917,FCRequestMetrics:/n-matmul-2048,10,10,,,805.28,n-matmul-2048,false,e053c99a8bb6,,c-690ef10b-0cf1abd9-9de429f2e3c5,1762586917127,Sync,2161.32,1762586915772,21.0.3.8,false,2048,43.57,InvokeFunction,,,LATEST,1-690ef123-0c49fa-a18b17653e43,OnDemand,,,1354.58,
,00E67D373DA9C60BEF759D13208EAAD9-1,1762586917,FCRequestMetrics:/n-matmul-2048,10,10,,,774.80,n-matmul-2048,false,9013ed408e73,,c-690ef10b-0cf1abd9-dbc16e7d233d,1762586916385,Sync,2638.42,1762586914522,21.0.3.8,false,2048,38.96,InvokeFunction,,,LATEST,1-690ef122-0c49fa-e985c4876e6a,OnDemand,,,1862.88,
,00E67D373DA9C60BEF759D13208EAAD9-1,1762586917,FCRequestMetrics:/n-matmul-2048,10,10,,,799.57,n-matmul-2048,false,9013ed408e73,,c-690ef10b-0cf1abd9-dbc16e7d233d,1762586917164,Sync,2160.01,1762586915807,21.0.3.8,false,2048,42.00,InvokeFunction,,,LATEST,1-690ef123-0c0a43-354f1ab62fb2,OnDemand,,,1356.30,
,D5A4CD99F058D411C58A3919BEB264F4-1,1762586917,FCRequestMetrics:/n-matmul-2048,10,10,,,778.41,n-matmul-2048,false,a1586973fec8,,c-690ef10b-0cf1abd9-90463d425ca7,1762586916413,Sync,2220.44,1762586914972,21.0.3.8,false,2048,40.99,InvokeFunction,,,LATEST,1-690ef122-0c49fa-56a70127bb31,OnDemand,,,1441.10,
,2523AFCDD5BD8A2B2953E48983230929-1,1762586917,FCRequestMetrics:/n-matmul-2048,10,10,,,776.31,n-matmul-2048,false,01d6f783bdb1,,c-690ef10b-0cf1abd9-dd39c218e942,1762586916460,Sync,1836.53,1762586915400,21.0.3.8,false,2048,39.02,InvokeFunction,,,LATEST,1-690ef123-0c49fa-6a8987b541f4,OnDemand,,,1059.53,
,B2D19E9889F3DDE524F4ACFCF2A5FEBF-1,1762586917,FCRequestMetrics:/n-matmul-2048,10,10,,,773.24,n-matmul-2048,false,95f39cca25aa,,c-690ef10b-0cf1abd9-336379de3020,1762586916516,Sync,2721.79,1762586914568,21.0.3.8,false,2048,40.54,InvokeFunction,,,LATEST,1-690ef122-0c49fa-dc6e4ba15e8e,OnDemand,,,1947.76,
,A5C7CD7E71BB55429480C147D0ABD6E0-3,1762586917,FCRequestMetrics:/n-matmul-2048,10,10,,,682.49,n-matmul-2048,false,b9c50fa7ffa2,,c-690ef10b-0cf1abd9-39e48c7dd1cd,1762586916604,Sync,1663.77,1762586915623,21.0.3.8,false,2048,26.99,InvokeFunction,,,LATEST,1-690ef123-0c49fa-e2f473de9cf9,OnDemand,,,980.38,
,A5C7CD7E71BB55429480C147D0ABD6E0-3,1762586917,FCRequestMetrics:/n-matmul-2048,10,10,,,649.94,n-matmul-2048,false,b9c50fa7ffa2,,c-690ef10b-0cf1abd9-39e48c7dd1cd,1762586917290,Sync,1728.26,1762586916212,21.0.3.8,false,2048,34.04,InvokeFunction,,,LATEST,1-690ef124-0c0a43-1098569c7716,OnDemand,,,1077.49,
,D5A4CD99F058D411C58A3919BEB264F4-1,1762586918,FCRequestMetrics:/n-matmul-2048,10,10,,,811.27,n-matmul-2048,false,a1586973fec8,,c-690ef10b-0cf1abd9-90463d425ca7,1762586917195,Sync,2150.10,1762586915857,21.0.3.8,false,2048,45.18,InvokeFunction,,,LATEST,1-690ef123-0c0a43-f67d5e0bd3fd,OnDemand,,,1338.17,
,2523AFCDD5BD8A2B2953E48983230929-1,1762586918,FCRequestMetrics:/n-matmul-2048,10,10,,,787.19,n-matmul-2048,false,01d6f783bdb1,,c-690ef10b-0cf1abd9-dd39c218e942,1762586917240,Sync,2128.27,1762586915900,21.0.3.8,false,2048,42.34,InvokeFunction,,,LATEST,1-690ef123-0c0a43-6d6fdfad0f6c,OnDemand,,,1340.25,
,B2D19E9889F3DDE524F4ACFCF2A5FEBF-1,1762586918,FCRequestMetrics:/n-matmul-2048,10,10,,,790.44,n-matmul-2048,false,95f39cca25aa,,c-690ef10b-0cf1abd9-336379de3020,1762586917294,Sync,1821.65,1762586916268,21.0.3.8,false,2048,44.09,InvokeFunction,,,LATEST,1-690ef124-0c49fa-06db10182b60,OnDemand,,,1025.22,
,A5C7CD7E71BB55429480C147D0ABD6E0-3,1762586918,FCRequestMetrics:/n-matmul-2048,10,10,,,653.42,n-matmul-2048,false,b9c50fa7ffa2,,c-690ef10b-0cf1abd9-39e48c7dd1cd,1762586917944,Sync,2148.65,1762586916449,21.0.3.8,false,2048,36.49,InvokeFunction,,,LATEST,1-690ef124-0c49fa-affc94662f5f,OnDemand,,,1494.47,
,46B19270B472A6D217A2E559E7E7C97B-1,1762586918,FCRequestMetrics:/n-matmul-2048,10,10,,,0.02,n-matmul-2048,true,869d26b39717,,c-690ef10b-0cf1abd9-b6750c057b8f,1762586917684,Sync,1800.83,1762586916303,21.0.3.8,false,2048,4.07,InvokeFunction,,,LATEST,1-690ef124-0c49fa-d13cbc14c14b,OnDemand,,,1380.61,,"{""errorType"":""FunctionAbnormalExitError""}"
,46B19270B472A6D217A2E559E7E7C97B-1,1762586918,FCRequestMetrics:/n-matmul-2048,10,10,,,690.38,n-matmul-2048,false,869d26b39717,,c-690ef10b-0cf1abd9-b6750c057b8f,1762586918105,Sync,1660.17,1762586917136,21.0.3.8,false,2048,26.74,InvokeFunction,,,LATEST,1-690ef125-0c0a43-a0c67cce7ee5,OnDemand,,,968.95,
,510F8A150819018E635E267F62520B9B-1,1762586918,FCRequestMetrics:/n-matmul-2048,10,10,,,0.02,n-matmul-2048,true,c8577adbf622,,c-690ef10b-0cf1abd9-26ef2c508c1e,1762586917901,Sync,1967.57,1762586916359,21.0.3.8,false,2048,2.21,InvokeFunction,,,LATEST,1-690ef124-0c0a43-61f430e4eb9a,OnDemand,,,1542.21,,"{""errorType"":""FunctionAbnormalExitError""}"
,211620C9A07558D2D8764497DA6068A4-1,1762586918,FCRequestMetrics:/n-matmul-2048,10,10,,,0.04,n-matmul-2048,true,e053c99a8bb6,,c-690ef10b-0cf1abd9-9de429f2e3c5,1762586917937,Sync,1935.01,1762586916421,21.0.3.8,false,2048,4.22,InvokeFunction,,,LATEST,1-690ef124-0c0a43-1380b6ce7488,OnDemand,,,1515.84,,"{""errorType"":""FunctionAbnormalExitError""}"
,9A02C87DA0F400C9E40F40EF2DF6006D-1,1762586918,FCRequestMetrics:/n-matmul-2048,10,10,,,0.04,n-matmul-2048,true,3ea4534df15d,,c-690ef10b-0cf1abd9-31fefea0e1fd,1762586917889,Sync,1945.47,1762586916350,21.0.3.8,false,2048,2.22,InvokeFunction,,,LATEST,1-690ef124-0c49fa-fb2bc4d9bbcd,OnDemand,,,1538.92,,"{""errorType"":""FunctionAbnormalExitError""}"
,9A02C87DA0F400C9E40F40EF2DF6006D-1,1762586918,FCRequestMetrics:/n-matmul-2048,10,10,,,671.50,n-matmul-2048,false,3ea4534df15d,,c-690ef10b-0cf1abd9-31fefea0e1fd,1762586918298,Sync,1812.99,1762586917157,21.0.3.8,false,2048,26.71,InvokeFunction,,,LATEST,1-690ef125-0c0a43-28bcd651fbfc,OnDemand,,,1140.59,
,B63107B9394C762ADF436F322BAA4B65-1,1762586918,FCRequestMetrics:/n-matmul-2048,10,10,,,0.02,n-matmul-2048,true,1ccfa60657e6,,c-690ef10b-0cf1abd9-672e1c9f5eed,1762586917934,Sync,1975.15,1762586916375,21.0.3.8,false,2048,4.19,InvokeFunction,,,LATEST,1-690ef124-0c49fa-ba81f010b5f8,OnDemand,,,1559.35,,"{""errorType"":""FunctionAbnormalExitError""}"
,B2D19E9889F3DDE524F4ACFCF2A5FEBF-1,1762586918,FCRequestMetrics:/n-matmul-2048,10,10,,,0.03,n-matmul-2048,true,95f39cca25aa,,c-690ef10b-0cf1abd9-336379de3020,1762586918094,Sync,1393.53,1762586917122,21.0.3.8,false,2048,4.25,InvokeFunction,,,LATEST,1-690ef125-0c49fa-5c6a1756bb38,OnDemand,,,971.47,,"{""errorType"":""FunctionAbnormalExitError""}"
,D5A4CD99F058D411C58A3919BEB264F4-1,1762586918,FCRequestMetrics:/n-matmul-2048,10,10,,,0.02,n-matmul-2048,true,a1586973fec8,,c-690ef10b-0cf1abd9-90463d425ca7,1762586918010,Sync,1859.94,1762586916553,21.0.3.8,false,2048,4.09,InvokeFunction,,,LATEST,1-690ef124-0c0a43-8bf44d339208,OnDemand,,,1456.70,,"{""errorType"":""FunctionAbnormalExitError""}"
,00E67D373DA9C60BEF759D13208EAAD9-1,1762586918,FCRequestMetrics:/n-matmul-2048,10,10,,,0.03,n-matmul-2048,true,9013ed408e73,,c-690ef10b-0cf1abd9-dbc16e7d233d,1762586917970,Sync,1908.10,1762586916496,21.0.3.8,false,2048,2.20,InvokeFunction,,,LATEST,1-690ef124-0c0a43-eb4469f0b7fc,OnDemand,,,1474.01,,"{""errorType"":""FunctionAbnormalExitError""}"
,2523AFCDD5BD8A2B2953E48983230929-1,1762586918,FCRequestMetrics:/n-matmul-2048,10,10,,,0.02,n-matmul-2048,true,01d6f783bdb1,,c-690ef10b-0cf1abd9-dd39c218e942,1762586918031,Sync,1545.75,1762586916924,21.0.3.8,false,2048,2.19,InvokeFunction,,,LATEST,1-690ef124-0c49fa-c05114276342,OnDemand,,,1106.96,,"{""errorType"":""FunctionAbnormalExitError""}"
,A5C7CD7E71BB55429480C147D0ABD6E0-3,1762586919,FCRequestMetrics:/n-matmul-2048,10,10,,,795.18,n-matmul-2048,false,b9c50fa7ffa2,,c-690ef10b-0cf1abd9-39e48c7dd1cd,1762586918601,Sync,1248.93,1762586918148,21.0.3.8,false,2048,38.35,InvokeFunction,,,LATEST,1-690ef126-0c0a43-c15df41e815d,OnDemand,,,452.96,
,46B19270B472A6D217A2E559E7E7C97B-1,1762586919,FCRequestMetrics:/n-matmul-2048,10,10,,,688.98,n-matmul-2048,false,869d26b39717,,c-690ef10b-0cf1abd9-b6750c057b8f,1762586918799,Sync,1326.86,1762586918162,21.0.3.8,false,2048,34.42,InvokeFunction,,,LATEST,1-690ef126-0c0a43-c24ab5ae57f8,OnDemand,,,636.78,
,510F8A150819018E635E267F62520B9B-1,1762586919,FCRequestMetrics:/n-matmul-2048,10,10,,,673.20,n-matmul-2048,false,c8577adbf622,,c-690ef10b-0cf1abd9-26ef2c508c1e,1762586918329,Sync,1839.59,1762586917163,21.0.3.8,false,2048,26.75,InvokeFunction,,,LATEST,1-690ef125-0c0a43-c4315cb9c54c,OnDemand,,,1164.28,
,510F8A150819018E635E267F62520B9B-1,1762586919,FCRequestMetrics:/n-matmul-2048,10,10,,,646.83,n-matmul-2048,false,c8577adbf622,,c-690ef10b-0cf1abd9-26ef2c508c1e,1762586919006,Sync,1454.56,1762586918199,21.0.3.8,false,2048,34.24,InvokeFunction,,,LATEST,1-690ef126-0c49fa-eb8d76d0ee5d,OnDemand,,,806.70,
,211620C9A07558D2D8764497DA6068A4-1,1762586919,FCRequestMetrics:/n-matmul-2048,10,10,,,684.86,n-matmul-2048,false,e053c99a8bb6,,c-690ef10b-0cf1abd9-9de429f2e3c5,1762586918358,Sync,1810.47,1762586917233,21.0.3.8,false,2048,27.05,InvokeFunction,,,LATEST,1-690ef125-0c49fa-944e496871d3,OnDemand,,,1124.87,
,211620C9A07558D2D8764497DA6068A4-1,1762586919,FCRequestMetrics:/n-matmul-2048,10,10,,,644.48,n-matmul-2048,false,e053c99a8bb6,,c-690ef10b-0cf1abd9-9de429f2e3c5,1762586919046,Sync,1367.50,1762586918323,21.0.3.8,false,2048,34.14,InvokeFunction,,,LATEST,1-690ef126-0c0a43-ba1f4bb186e2,OnDemand,,,722.25,
,9A02C87DA0F400C9E40F40EF2DF6006D-1,1762586919,FCRequestMetrics:/n-matmul-2048,10,10,,,642.83,n-matmul-2048,false,3ea4534df15d,,c-690ef10b-0cf1abd9-31fefea0e1fd,1762586918972,Sync,1420.45,1762586918195,21.0.3.8,false,2048,34.49,InvokeFunction,,,LATEST,1-690ef126-0c0a43-54b9e893754d,OnDemand,,,776.95,
,B63107B9394C762ADF436F322BAA4B65-1,1762586919,FCRequestMetrics:/n-matmul-2048,10,10,,,677.53,n-matmul-2048,false,1ccfa60657e6,,c-690ef10b-0cf1abd9-672e1c9f5eed,1762586918352,Sync,1831.44,1762586917199,21.0.3.8,false,2048,26.68,InvokeFunction,,,LATEST,1-690ef125-0c49fa-a12fdc084b6a,OnDemand,,,1153.29,
,B63107B9394C762ADF436F322BAA4B65-1,1762586919,FCRequestMetrics:/n-matmul-2048,10,10,,,642.31,n-matmul-2048,false,1ccfa60657e6,,c-690ef10b-0cf1abd9-672e1c9f5eed,1762586919033,Sync,1470.35,1762586918205,21.0.3.8,false,2048,34.38,InvokeFunction,,,LATEST,1-690ef126-0c0a43-74405d04e656,OnDemand,,,827.33,
,B2D19E9889F3DDE524F4ACFCF2A5FEBF-1,1762586919,FCRequestMetrics:/n-matmul-2048,10,10,,,687.94,n-matmul-2048,false,95f39cca25aa,,c-690ef10b-0cf1abd9-336379de3020,1762586918517,Sync,1483.58,1762586917722,21.0.3.8,false,2048,26.66,InvokeFunction,,,LATEST,1-690ef125-0c0a43-a9f37927295b,OnDemand,,,794.91,
,B2D19E9889F3DDE524F4ACFCF2A5FEBF-1,1762586919,FCRequestMetrics:/n-matmul-2048,10,10,,,639.82,n-matmul-2048,false,95f39cca25aa,,c-690ef10b-0cf1abd9-336379de3020,1762586919209,Sync,1517.75,1762586918331,21.0.3.8,false,2048,34.23,InvokeFunction,,,LATEST,1-690ef126-0c49fa-f797fb531c08,OnDemand,,,877.14,
,D5A4CD99F058D411C58A3919BEB264F4-1,1762586919,FCRequestMetrics:/n-matmul-2048,10,10,,,670.32,n-matmul-2048,false,a1586973fec8,,c-690ef10b-0cf1abd9-90463d425ca7,1762586918414,Sync,1759.69,1762586917326,21.0.3.8,false,2048,26.74,InvokeFunction,,,LATEST,1-690ef125-0c49fa-2f465c933b34,OnDemand,,,1088.27,
,D5A4CD99F058D411C58A3919BEB264F4-1,1762586919,FCRequestMetrics:/n-matmul-2048,10,10,,,649.15,n-matmul-2048,false,a1586973fec8,,c-690ef10b-0cf1abd9-90463d425ca7,1762586919089,Sync,1411.24,1762586918328,21.0.3.8,false,2048,34.56,InvokeFunction,,,LATEST,1-690ef126-0c49fa-571c2b8b44e5,OnDemand,,,761.19,
,00E67D373DA9C60BEF759D13208EAAD9-1,1762586919,FCRequestMetrics:/n-matmul-2048,10,10,,,686.87,n-matmul-2048,false,9013ed408e73,,c-690ef10b-0cf1abd9-dbc16e7d233d,1762586918406,Sync,1817.59,1762586917275,21.0.3.8,false,2048,26.71,InvokeFunction,,,LATEST,1-690ef125-0c49fa-48e479f85e7f,OnDemand,,,1129.99,
,00E67D373DA9C60BEF759D13208EAAD9-1,1762586919,FCRequestMetrics:/n-matmul-2048,10,10,,,653.35,n-matmul-2048,false,9013ed408e73,,c-690ef10b-0cf1abd9-dbc16e7d233d,1762586919096,Sync,1425.00,1762586918328,21.0.3.8,false,2048,34.43,InvokeFunction,,,LATEST,1-690ef126-0c0a43-d64d6fe98f29,OnDemand,,,767.71,
,2523AFCDD5BD8A2B2953E48983230929-1,1762586919,FCRequestMetrics:/n-matmul-2048,10,10,,,669.67,n-matmul-2048,false,01d6f783bdb1,,c-690ef10b-0cf1abd9-dd39c218e942,1762586918472,Sync,1812.99,1762586917329,21.0.3.8,false,2048,26.59,InvokeFunction,,,LATEST,1-690ef125-0c49fa-98b775098df3,OnDemand,,,1142.64,
,2523AFCDD5BD8A2B2953E48983230929-1,1762586919,FCRequestMetrics:/n-matmul-2048,10,10,,,650.65,n-matmul-2048,false,01d6f783bdb1,,c-690ef10b-0cf1abd9-dd39c218e942,1762586919145,Sync,1467.08,1762586918329,21.0.3.8,false,2048,34.46,InvokeFunction,,,LATEST,1-690ef126-0c0a43-e6f96a60f584,OnDemand,,,815.76,
,A5C7CD7E71BB55429480C147D0ABD6E0-2,1762586919,FCRequestMetrics:/n-matmul-2048,10,10,,,0.03,n-matmul-2048,true,b9c50fa7ffa2,,c-690ef10b-0cf1abd9-39e48c7dd1cd,1762586919400,Sync,1495.32,1762586918333,21.0.3.8,false,2048,2.23,InvokeFunction,,,LATEST,1-690ef126-0c49fa-29ad40446dac,OnDemand,,,1066.21,,"{""errorType"":""FunctionAbnormalExitError""}"
,46B19270B472A6D217A2E559E7E7C97B-1,1762586920,FCRequestMetrics:/n-matmul-2048,10,10,,,789.44,n-matmul-2048,false,869d26b39717,,c-690ef10b-0cf1abd9-b6750c057b8f,1762586919496,Sync,1947.50,1762586918338,21.0.3.8,false,2048,38.61,InvokeFunction,,,LATEST,1-690ef126-0c0a43-2f09fd74c3c9,OnDemand,,,1157.29,
,510F8A150819018E635E267F62520B9B-1,1762586920,FCRequestMetrics:/n-matmul-2048,10,10,,,645.92,n-matmul-2048,false,c8577adbf622,,c-690ef10b-0cf1abd9-26ef2c508c1e,1762586919657,Sync,1961.98,1762586918342,21.0.3.8,false,2048,36.41,InvokeFunction,,,LATEST,1-690ef126-0c49fa-657334320e27,OnDemand,,,1315.35,
,211620C9A07558D2D8764497DA6068A4-1,1762586920,FCRequestMetrics:/n-matmul-2048,10,10,,,670.30,n-matmul-2048,false,e053c99a8bb6,,c-690ef10b-0cf1abd9-9de429f2e3c5,1762586919693,Sync,2021.09,1762586918343,21.0.3.8,false,2048,36.47,InvokeFunction,,,LATEST,1-690ef126-0c0a43-770a41b6bb56,OnDemand,,,1350.04,
,9A02C87DA0F400C9E40F40EF2DF6006D-1,1762586920,FCRequestMetrics:/n-matmul-2048,10,10,,,775.25,n-matmul-2048,false,3ea4534df15d,,c-690ef10b-0cf1abd9-31fefea0e1fd,1762586919619,Sync,2054.90,1762586918340,21.0.3.8,false,2048,38.90,InvokeFunction,,,LATEST,1-690ef126-0c49fa-f10c07f2010a,OnDemand,,,1278.86,
,B63107B9394C762ADF436F322BAA4B65-1,1762586920,FCRequestMetrics:/n-matmul-2048,10,10,,,780.91,n-matmul-2048,false,1ccfa60657e6,,c-690ef10b-0cf1abd9-672e1c9f5eed,1762586919678,Sync,2117.15,1762586918343,21.0.3.8,false,2048,39.08,InvokeFunction,,,LATEST,1-690ef126-0c0a43-6b2fdbf59d2e,OnDemand,,,1334.94,
,B2D19E9889F3DDE524F4ACFCF2A5FEBF-1,1762586920,FCRequestMetrics:/n-matmul-2048,10,10,,,658.16,n-matmul-2048,false,95f39cca25aa,,c-690ef10b-0cf1abd9-336379de3020,1762586919853,Sync,1331.89,1762586919180,21.0.3.8,false,2048,36.52,InvokeFunction,,,LATEST,1-690ef127-0c49fa-c1790ad1e1dc,OnDemand,,,672.91,
,D5A4CD99F058D411C58A3919BEB264F4-1,1762586920,FCRequestMetrics:/n-matmul-2048,10,10,,,785.82,n-matmul-2048,false,a1586973fec8,,c-690ef10b-0cf1abd9-90463d425ca7,1762586919742,Sync,2175.96,1762586918352,21.0.3.8,false,2048,38.79,InvokeFunction,,,LATEST,1-690ef126-0c49fa-5bec21ddaa95,OnDemand,,,1389.51,
,00E67D373DA9C60BEF759D13208EAAD9-1,1762586920,FCRequestMetrics:/n-matmul-2048,10,10,,,777.14,n-matmul-2048,false,9013ed408e73,,c-690ef10b-0cf1abd9-dbc16e7d233d,1762586919756,Sync,2176.79,1762586918357,21.0.3.8,false,2048,38.84,InvokeFunction,,,LATEST,1-690ef126-0c49fa-f5568cd1444e,OnDemand,,,1398.89,
,2523AFCDD5BD8A2B2953E48983230929-1,1762586920,FCRequestMetrics:/n-matmul-2048,10,10,,,784.75,n-matmul-2048,false,01d6f783bdb1,,c-690ef10b-0cf1abd9-dd39c218e942,1762586919800,Sync,1688.47,1762586918897,21.0.3.8,false,2048,38.63,InvokeFunction,,,LATEST,1-690ef126-0c0a43-f67276677f17,OnDemand,,,902.98,
,A5C7CD7E71BB55429480C147D0ABD6E0-2,1762586920,FCRequestMetrics:/n-matmul-2048,10,10,,,699.93,n-matmul-2048,false,b9c50fa7ffa2,,c-690ef10b-0cf1abd9-39e48c7dd1cd,1762586919830,Sync,1354.04,1762586919177,21.0.3.8,false,2048,28.72,InvokeFunction,,,LATEST,1-690ef127-0c0a43-92c25789f801,OnDemand,,,653.20,
,46B19270B472A6D217A2E559E7E7C97B-1,1762586921,FCRequestMetrics:/n-matmul-2048,10,10,,,789.90,n-matmul-2048,false,869d26b39717,,c-690ef10b-0cf1abd9-b6750c057b8f,1762586920289,Sync,1899.75,1762586919180,21.0.3.8,false,2048,41.85,InvokeFunction,,,LATEST,1-690ef127-0c0a43-2084b3a6a6a3,OnDemand,,,1108.43,
,510F8A150819018E635E267F62520B9B-1,1762586921,FCRequestMetrics:/n-matmul-2048,10,10,,,792.55,n-matmul-2048,false,c8577adbf622,,c-690ef10b-0cf1abd9-26ef2c508c1e,1762586920308,Sync,1915.21,1762586919186,21.0.3.8,false,2048,38.27,InvokeFunction,,,LATEST,1-690ef127-0c49fa-39d12c4efbf8,OnDemand,,,1121.88,
,211620C9A07558D2D8764497DA6068A4-1,1762586921,FCRequestMetrics:/n-matmul-2048,10,10,,,789.23,n-matmul-2048,false,e053c99a8bb6,,c-690ef10b-0cf1abd9-9de429f2e3c5,1762586920367,Sync,1970.45,1762586919186,21.0.3.8,false,2048,37.80,InvokeFunction,,,LATEST,1-690ef127-0c49fa-39eafc309811,OnDemand,,,1180.47,
,9A02C87DA0F400C9E40F40EF2DF6006D-1,1762586921,FCRequestMetrics:/n-matmul-2048,10,10,,,792.00,n-matmul-2048,false,3ea4534df15d,,c-690ef10b-0cf1abd9-31fefea0e1fd,1762586920398,Sync,1999.55,1762586919191,21.0.3.8,false,2048,42.55,InvokeFunction,,,LATEST,1-690ef127-0c0a43-d204f353f31f,OnDemand,,,1206.62,
,B63107B9394C762ADF436F322BAA4B65-1,1762586921,FCRequestMetrics:/n-matmul-2048,10,10,,,788.67,n-matmul-2048,false,1ccfa60657e6,,c-690ef10b-0cf1abd9-672e1c9f5eed,1762586920463,Sync,2056.75,1762586919196,21.0.3.8,false,2048,42.02,InvokeFunction,,,LATEST,1-690ef127-0c49fa-6339abf4787d,OnDemand,,,1267.39,
,B2D19E9889F3DDE524F4ACFCF2A5FEBF-1,1762586921,FCRequestMetrics:/n-matmul-2048,10,10,,,790.41,n-matmul-2048,false,95f39cca25aa,,c-690ef10b-0cf1abd9-336379de3020,1762586920515,Sync,2108.72,1762586919197,21.0.3.8,false,2048,37.64,InvokeFunction,,,LATEST,1-690ef127-0c0a43-59ae6d676a03,OnDemand,,,1317.31,
,D5A4CD99F058D411C58A3919BEB264F4-1,1762586921,FCRequestMetrics:/n-matmul-2048,10,10,,,791.63,n-matmul-2048,false,a1586973fec8,,c-690ef10b-0cf1abd9-90463d425ca7,1762586920534,Sync,2126.83,1762586919199,21.0.3.8,false,2048,42.11,InvokeFunction,,,LATEST,1-690ef127-0c0a43-e5da9f006d18,OnDemand,,,1334.46,
,00E67D373DA9C60BEF759D13208EAAD9-1,1762586921,FCRequestMetrics:/n-matmul-2048,10,10,,,784.83,n-matmul-2048,false,9013ed408e73,,c-690ef10b-0cf1abd9-dbc16e7d233d,1762586920537,Sync,2125.59,1762586919201,21.0.3.8,false,2048,41.70,InvokeFunction,,,LATEST,1-690ef127-0c49fa-2fb63b0bd81c,OnDemand,,,1336.08,
,2523AFCDD5BD8A2B2953E48983230929-1,1762586921,FCRequestMetrics:/n-matmul-2048,10,10,,,790.41,n-matmul-2048,false,01d6f783bdb1,,c-690ef10b-0cf1abd9-dd39c218e942,1762586920588,Sync,2175.12,1762586919204,21.0.3.8,false,2048,41.80,InvokeFunction,,,LATEST,1-690ef127-0c49fa-8344db4f2c25,OnDemand,,,1384.00,
,A5C7CD7E71BB55429480C147D0ABD6E0-2,1762586921,FCRequestMetrics:/n-matmul-2048,10,10,,,655.79,n-matmul-2048,false,b9c50fa7ffa2,,c-690ef10b-0cf1abd9-39e48c7dd1cd,1762586920534,Sync,1992.40,1762586919198,21.0.3.8,false,2048,36.51,InvokeFunction,,,LATEST,1-690ef127-0c0a43-6bfd906708ee,OnDemand,,,1335.88,
,A5C7CD7E71BB55429480C147D0ABD6E0-2,1762586921,FCRequestMetrics:/n-matmul-2048,10,10,,,785.33,n-matmul-2048,false,b9c50fa7ffa2,,c-690ef10b-0cf1abd9-39e48c7dd1cd,1762586921193,Sync,2272.69,1762586919707,21.0.3.8,false,2048,41.00,InvokeFunction,,,LATEST,1-690ef127-0c0a43-e3b530f654a7,OnDemand,,,1486.37,
,46B19270B472A6D217A2E559E7E7C97B-1,1762586921,FCRequestMetrics:/n-matmul-2048,10,10,,,0.02,n-matmul-2048,true,869d26b39717,,c-690ef10b-0cf1abd9-b6750c057b8f,1762586921082,Sync,2284.15,1762586919209,21.0.3.8,false,2048,2.17,InvokeFunction,,,LATEST,1-690ef127-0c0a43-2b6c28992f45,OnDemand,,,1872.53,,"{""errorType"":""FunctionAbnormalExitError""}"
,9A02C87DA0F400C9E40F40EF2DF6006D-1,1762586921,FCRequestMetrics:/n-matmul-2048,10,10,,,0.03,n-matmul-2048,true,3ea4534df15d,,c-690ef10b-0cf1abd9-31fefea0e1fd,1762586921197,Sync,1885.33,1762586919719,21.0.3.8,false,2048,2.17,InvokeFunction,,,LATEST,1-690ef127-0c49fa-57d0095d0c0c,OnDemand,,,1478.00,,"{""errorType"":""FunctionAbnormalExitError""}"
,510F8A150819018E635E267F62520B9B-1,1762586921,FCRequestMetrics:/n-matmul-2048,10,10,,,0.03,n-matmul-2048,true,c8577adbf622,,c-690ef10b-0cf1abd9-26ef2c508c1e,1762586921104,Sync,1850.93,1762586919671,21.0.3.8,false,2048,2.05,InvokeFunction,,,LATEST,1-690ef127-0c49fa-fd7c05f66c38,OnDemand,,,1432.63,,"{""errorType"":""FunctionAbnormalExitError""}"
,D5A4CD99F058D411C58A3919BEB264F4-1,1762586921,FCRequestMetrics:/n-matmul-2048,10,10,,,0.04,n-matmul-2048,true,a1586973fec8,,c-690ef10b-0cf1abd9-90463d425ca7,1762586921329,Sync,1986.22,1762586919747,21.0.3.8,false,2048,2.22,InvokeFunction,,,LATEST,1-690ef127-0c49fa-b82c52310667,OnDemand,,,1581.26,,"{""errorType"":""FunctionAbnormalExitError""}"
,00E67D373DA9C60BEF759D13208EAAD9-1,1762586921,FCRequestMetrics:/n-matmul-2048,10,10,,,0.03,n-matmul-2048,true,9013ed408e73,,c-690ef10b-0cf1abd9-dbc16e7d233d,1762586921329,Sync,1993.69,1762586919765,21.0.3.8,false,2048,2.26,InvokeFunction,,,LATEST,1-690ef127-0c0a43-173887c4a583,OnDemand,,,1564.49,,"{""errorType"":""FunctionAbnormalExitError""}"
,B63107B9394C762ADF436F322BAA4B65-1,1762586921,FCRequestMetrics:/n-matmul-2048,10,10,,,0.02,n-matmul-2048,true,1ccfa60657e6,,c-690ef10b-0cf1abd9-672e1c9f5eed,1762586921255,Sync,1936.24,1762586919727,21.0.3.8,false,2048,2.23,InvokeFunction,,,LATEST,1-690ef127-0c0a43-bbbafbff2a8c,OnDemand,,,1528.40,,"{""errorType"":""FunctionAbnormalExitError""}"
,211620C9A07558D2D8764497DA6068A4-1,1762586921,FCRequestMetrics:/n-matmul-2048,10,10,,,0.03,n-matmul-2048,true,e053c99a8bb6,,c-690ef10b-0cf1abd9-9de429f2e3c5,1762586921160,Sync,1898.54,1762586919672,21.0.3.8,false,2048,2.09,InvokeFunction,,,LATEST,1-690ef127-0c49fa-163df2c803cf,OnDemand,,,1488.15,,"{""errorType"":""FunctionAbnormalExitError""}"
,2523AFCDD5BD8A2B2953E48983230929-1,1762586921,FCRequestMetrics:/n-matmul-2048,10,10,,,0.03,n-matmul-2048,true,01d6f783bdb1,,c-690ef10b-0cf1abd9-dd39c218e942,1762586921385,Sync,1964.53,1762586919826,21.0.3.8,false,2048,2.14,InvokeFunction,,,LATEST,1-690ef127-0c49fa-9198d183873b,OnDemand,,,1558.81,,"{""errorType"":""FunctionAbnormalExitError""}"
,B2D19E9889F3DDE524F4ACFCF2A5FEBF-1,1762586921,FCRequestMetrics:/n-matmul-2048,10,10,,,0.03,n-matmul-2048,true,95f39cca25aa,,c-690ef10b-0cf1abd9-336379de3020,1762586921310,Sync,2029.00,1762586919734,21.0.3.8,false,2048,2.25,InvokeFunction,,,LATEST,1-690ef127-0c49fa-7b18a0837d78,OnDemand,,,1575.62,,"{""errorType"":""FunctionAbnormalExitError""}"
,A5C7CD7E71BB55429480C147D0ABD6E0-2,1762586922,FCRequestMetrics:/n-matmul-2048,10,10,,,808.76,n-matmul-2048,false,b9c50fa7ffa2,,c-690ef10b-0cf1abd9-39e48c7dd1cd,1762586921982,Sync,2261.38,1762586920530,21.0.3.8,false,2048,45.02,InvokeFunction,,,LATEST,1-690ef128-0c0a43-731be39812d2,OnDemand,,,1451.92,
,46B19270B472A6D217A2E559E7E7C97B-1,1762586922,FCRequestMetrics:/n-matmul-2048,10,10,,,682.48,n-matmul-2048,false,869d26b39717,,c-690ef10b-0cf1abd9-b6750c057b8f,1762586921495,Sync,2342.46,1762586919836,21.0.3.8,false,2048,28.65,InvokeFunction,,,LATEST,1-690ef127-0c0a43-94ea1e514632,OnDemand,,,1657.97,
,46B19270B472A6D217A2E559E7E7C97B-1,1762586922,FCRequestMetrics:/n-matmul-2048,10,10,,,651.98,n-matmul-2048,false,869d26b39717,,c-690ef10b-0cf1abd9-b6750c057b8f,1762586922181,Sync,2290.54,1762586920543,21.0.3.8,false,2048,36.26,InvokeFunction,,,LATEST,1-690ef128-0c0a43-fe2ed4ceaad8,OnDemand,,,1637.89,
,9A02C87DA0F400C9E40F40EF2DF6006D-1,1762586922,FCRequestMetrics:/n-matmul-2048,10,10,,,693.31,n-matmul-2048,false,3ea4534df15d,,c-690ef10b-0cf1abd9-31fefea0e1fd,1762586921607,Sync,1847.95,1762586920452,21.0.3.8,false,2048,26.61,InvokeFunction,,,LATEST,1-690ef128-0c49fa-7428a72d6373,OnDemand,,,1153.83,
,9A02C87DA0F400C9E40F40EF2DF6006D-1,1762586922,FCRequestMetrics:/n-matmul-2048,10,10,,,634.12,n-matmul-2048,false,3ea4534df15d,,c-690ef10b-0cf1abd9-31fefea0e1fd,1762586922304,Sync,1796.74,1762586921142,21.0.3.8,false,2048,34.49,InvokeFunction,,,LATEST,1-690ef129-0c49fa-b37df4f584c5,OnDemand,,,1161.94,
,510F8A150819018E635E267F62520B9B-1,1762586922,FCRequestMetrics:/n-matmul-2048,10,10,,,775.97,n-matmul-2048,false,c8577adbf622,,c-690ef10b-0cf1abd9-26ef2c508c1e,1762586921524,Sync,2435.51,1762586919865,21.0.3.8,false,2048,26.67,InvokeFunction,,,LATEST,1-690ef127-0c49fa-7dbec2f9ee70,OnDemand,,,1658.63,
,510F8A150819018E635E267F62520B9B-1,1762586922,FCRequestMetrics:/n-matmul-2048,10,10,,,645.04,n-matmul-2048,false,c8577adbf622,,c-690ef10b-0cf1abd9-26ef2c508c1e,1762586922304,Sync,1781.04,1762586921169,21.0.3.8,false,2048,34.39,InvokeFunction,,,LATEST,1-690ef129-0c49fa-483c3609233d,OnDemand,,,1135.25,
,D5A4CD99F058D411C58A3919BEB264F4-1,1762586922,FCRequestMetrics:/n-matmul-2048,10,10,,,698.75,n-matmul-2048,false,a1586973fec8,,c-690ef10b-0cf1abd9-90463d425ca7,1762586921735,Sync,1977.81,1762586920457,21.0.3.8,false,2048,29.68,InvokeFunction,,,LATEST,1-690ef128-0c49fa-9cb15654d22d,OnDemand,,,1278.38,
,00E67D373DA9C60BEF759D13208EAAD9-1,1762586922,FCRequestMetrics:/n-matmul-2048,10,10,,,683.21,n-matmul-2048,false,9013ed408e73,,c-690ef10b-0cf1abd9-dbc16e7d233d,1762586921760,Sync,1979.35,1762586920464,21.0.3.8,false,2048,26.50,InvokeFunction,,,LATEST,1-690ef128-0c49fa-9cf43658fff3,OnDemand,,,1295.45,
,B63107B9394C762ADF436F322BAA4B65-1,1762586922,FCRequestMetrics:/n-matmul-2048,10,10,,,662.99,n-matmul-2048,false,1ccfa60657e6,,c-690ef10b-0cf1abd9-672e1c9f5eed,1762586921665,Sync,1873.67,1762586920454,21.0.3.8,false,2048,26.66,InvokeFunction,,,LATEST,1-690ef128-0c49fa-88f85c42190e,OnDemand,,,1210.01,
,B63107B9394C762ADF436F322BAA4B65-1,1762586922,FCRequestMetrics:/n-matmul-2048,10,10,,,642.14,n-matmul-2048,false,1ccfa60657e6,,c-690ef10b-0cf1abd9-672e1c9f5eed,1762586922331,Sync,1783.70,1762586921197,21.0.3.8,false,2048,34.32,InvokeFunction,,,LATEST,1-690ef129-0c49fa-e43b56f18c30,OnDemand,,,1134.67,
,211620C9A07558D2D8764497DA6068A4-1,1762586922,FCRequestMetrics:/n-matmul-2048,10,10,,,711.60,n-matmul-2048,false,e053c99a8bb6,,c-690ef10b-0cf1abd9-9de429f2e3c5,1762586921572,Sync,1840.14,1762586920444,21.0.3.8,false,2048,26.64,InvokeFunction,,,LATEST,1-690ef128-0c49fa-f224dece7d60,OnDemand,,,1127.82,
,211620C9A07558D2D8764497DA6068A4-1,1762586922,FCRequestMetrics:/n-matmul-2048,10,10,,,649.08,n-matmul-2048,false,e053c99a8bb6,,c-690ef10b-0cf1abd9-9de429f2e3c5,1762586922287,Sync,2340.06,1762586920597,21.0.3.8,false,2048,34.30,InvokeFunction,,,LATEST,1-690ef128-0c0a43-59a07b63b573,OnDemand,,,1690.22,
,2523AFCDD5BD8A2B2953E48983230929-1,1762586922,FCRequestMetrics:/n-matmul-2048,10,10,,,674.43,n-matmul-2048,false,01d6f783bdb1,,c-690ef10b-0cf1abd9-dd39c218e942,1762586921792,Sync,1936.39,1762586920531,21.0.3.8,false,2048,28.59,InvokeFunction,,,LATEST,1-690ef128-0c0a43-ba1a07d30da2,OnDemand,,,1260.88,
,B2D19E9889F3DDE524F4ACFCF2A5FEBF-1,1762586922,FCRequestMetrics:/n-matmul-2048,10,10,,,678.40,n-matmul-2048,false,95f39cca25aa,,c-690ef10b-0cf1abd9-336379de3020,1762586921765,Sync,1925.16,1762586920518,21.0.3.8,false,2048,28.70,InvokeFunction,,,LATEST,1-690ef128-0c0a43-f11e69d3997b,OnDemand,,,1246.00,
,E08BA4ABFB8C4109D958EF35CCDE9E75-2,1762586922,FCRequestMetrics:/n-matmul-2048,10,10,,,879.74,n-matmul-2048,false,f6ea6fba0d1f,,c-690ef12a-0cf1abd9-0e59ac1cec40,1762586921788,Sync,1117.55,1762586921552,21.0.3.6,false,2048,84.85,InvokeFunction,,,LATEST,1-690ef12b-0c49fa-99e30bb27f82,OnDemand,,,236.27,
,46B19270B472A6D217A2E559E7E7C97B-1,1762586923,FCRequestMetrics:/n-matmul-2048,10,10,,,651.48,n-matmul-2048,false,869d26b39717,,c-690ef10b-0cf1abd9-b6750c057b8f,1762586922835,Sync,2068.10,1762586921419,21.0.3.8,false,2048,38.64,InvokeFunction,,,LATEST,1-690ef129-0c49fa-6e85a93beabe,OnDemand,,,1415.97,
,9A02C87DA0F400C9E40F40EF2DF6006D-1,1762586923,FCRequestMetrics:/n-matmul-2048,10,10,,,627.97,n-matmul-2048,false,3ea4534df15d,,c-690ef10b-0cf1abd9-31fefea0e1fd,1762586922942,Sync,2007.19,1762586921563,21.0.3.8,false,2048,36.14,InvokeFunction,,,LATEST,1-690ef129-0c49fa-4d6956faa040,OnDemand,,,1378.36,
,510F8A150819018E635E267F62520B9B-1,1762586923,FCRequestMetrics:/n-matmul-2048,10,10,,,658.09,n-matmul-2048,false,c8577adbf622,,c-690ef10b-0cf1abd9-26ef2c508c1e,1762586922953,Sync,1997.55,1762586921614,21.0.3.8,false,2048,36.73,InvokeFunction,,,LATEST,1-690ef129-0c49fa-a4fd280fad55,OnDemand,,,1338.79,
,D5A4CD99F058D411C58A3919BEB264F4-1,1762586923,FCRequestMetrics:/n-matmul-2048,10,10,,,638.83,n-matmul-2048,false,a1586973fec8,,c-690ef10b-0cf1abd9-90463d425ca7,1762586922438,Sync,1801.55,1762586921281,21.0.3.8,false,2048,36.67,InvokeFunction,,,LATEST,1-690ef129-0c49fa-edd9171862b2,OnDemand,,,1156.59,
,D5A4CD99F058D411C58A3919BEB264F4-1,1762586923,FCRequestMetrics:/n-matmul-2048,10,10,,,648.85,n-matmul-2048,false,a1586973fec8,,c-690ef10b-0cf1abd9-90463d425ca7,1762586923085,Sync,2056.10,1762586921679,21.0.3.8,false,2048,38.84,InvokeFunction,,,LATEST,1-690ef129-0c0a43-9e4c032b6717,OnDemand,,,1406.49,
,00E67D373DA9C60BEF759D13208EAAD9-1,1762586923,FCRequestMetrics:/n-matmul-2048,10,10,,,647.07,n-matmul-2048,false,9013ed408e73,,c-690ef10b-0cf1abd9-dbc16e7d233d,1762586922447,Sync,1801.17,1762586921294,21.0.3.8,false,2048,34.33,InvokeFunction,,,LATEST,1-690ef129-0c49fa-656e808e0f08,OnDemand,,,1153.23,
,00E67D373DA9C60BEF759D13208EAAD9-1,1762586923,FCRequestMetrics:/n-matmul-2048,10,10,,,658.79,n-matmul-2048,false,9013ed408e73,,c-690ef10b-0cf1abd9-dbc16e7d233d,1762586923098,Sync,2045.73,1762586921712,21.0.3.8,false,2048,36.86,InvokeFunction,,,LATEST,1-690ef129-0c49fa-ad52fa696aaf,OnDemand,,,1386.26,
,B63107B9394C762ADF436F322BAA4B65-1,1762586923,FCRequestMetrics:/n-matmul-2048,10,10,,,780.70,n-matmul-2048,false,1ccfa60657e6,,c-690ef10b-0cf1abd9-672e1c9f5eed,1762586922983,Sync,2125.30,1762586921639,21.0.3.8,false,2048,38.82,InvokeFunction,,,LATEST,1-690ef129-0c49fa-fde9a14fcc81,OnDemand,,,1343.87,
,211620C9A07558D2D8764497DA6068A4-1,1762586923,FCRequestMetrics:/n-matmul-2048,10,10,,,792.04,n-matmul-2048,false,e053c99a8bb6,,c-690ef10b-0cf1abd9-9de429f2e3c5,1762586922940,Sync,2366.55,1762586921366,21.0.3.8,false,2048,38.55,InvokeFunction,,,LATEST,1-690ef129-0c49fa-b127338e0aa0,OnDemand,,,1573.79,
,2523AFCDD5BD8A2B2953E48983230929-1,1762586923,FCRequestMetrics:/n-matmul-2048,10,10,,,650.15,n-matmul-2048,false,01d6f783bdb1,,c-690ef10b-0cf1abd9-dd39c218e942,1762586922470,Sync,1755.79,1762586921365,21.0.3.8,false,2048,36.21,InvokeFunction,,,LATEST,1-690ef129-0c0a43-6b873ff37fbf,OnDemand,,,1104.84,
,2523AFCDD5BD8A2B2953E48983230929-1,1762586923,FCRequestMetrics:/n-matmul-2048,10,10,,,779.09,n-matmul-2048,false,01d6f783bdb1,,c-690ef10b-0cf1abd9-dd39c218e942,1762586923124,Sync,2130.63,1762586921773,21.0.3.8,false,2048,40.56,InvokeFunction,,,LATEST,1-690ef129-0c0a43-c860e0175960,OnDemand,,,1350.82,
,B2D19E9889F3DDE524F4ACFCF2A5FEBF-1,1762586923,FCRequestMetrics:/n-matmul-2048,10,10,,,666.32,n-matmul-2048,false,95f39cca25aa,,c-690ef10b-0cf1abd9-336379de3020,1762586922447,Sync,1830.55,1762586921283,21.0.3.8,false,2048,36.34,InvokeFunction,,,LATEST,1-690ef129-0c49fa-e71377ade674,OnDemand,,,1163.54,
,B2D19E9889F3DDE524F4ACFCF2A5FEBF-1,1762586923,FCRequestMetrics:/n-matmul-2048,10,10,,,786.44,n-matmul-2048,false,95f39cca25aa,,c-690ef10b-0cf1abd9-336379de3020,1762586923117,Sync,2338.74,1762586921565,21.0.3.8,false,2048,40.49,InvokeFunction,,,LATEST,1-690ef129-0c49fa-b69ede06bfb0,OnDemand,,,1551.55,
,A5C7CD7E71BB55429480C147D0ABD6E0-3,1762586923,FCRequestMetrics:/n-matmul-2048,10,10,,,0.02,n-matmul-2048,true,b9c50fa7ffa2,,c-690ef10b-0cf1abd9-39e48c7dd1cd,1762586922794,Sync,1851.69,1762586921366,21.0.3.8,false,2048,4.09,InvokeFunction,,,LATEST,1-690ef129-0c0a43-02afad29db76,OnDemand,,,1428.07,,"{""errorType"":""FunctionAbnormalExitError""}"
,A5C7CD7E71BB55429480C147D0ABD6E0-3,1762586923,FCRequestMetrics:/n-matmul-2048,10,10,,,683.06,n-matmul-2048,false,b9c50fa7ffa2,,c-690ef10b-0cf1abd9-39e48c7dd1cd,1762586923219,Sync,2260.70,1762586921642,21.0.3.8,false,2048,36.68,InvokeFunction,,,LATEST,1-690ef129-0c49fa-c7725fbee87a,OnDemand,,,1576.60,
,E08BA4ABFB8C4109D958EF35CCDE9E75-2,1762586923,FCRequestMetrics:/n-matmul-2048,11,11,,,693.00,n-matmul-2048,false,f6ea6fba0d1f,,c-690ef12a-0cf1abd9-0e59ac1cec40,1762586922673,Sync,2356.22,1762586921010,21.0.3.6,false,2048,92.12,InvokeFunction,,,LATEST,1-690ef12a-0c0a43-6ead8b2881d8,OnDemand,,,1662.53,
,46B19270B472A6D217A2E559E7E7C97B-1,1762586924,FCRequestMetrics:/n-matmul-2048,11,11,,,794.18,n-matmul-2048,false,869d26b39717,,c-690ef10b-0cf1abd9-b6750c057b8f,1762586923490,Sync,2720.22,1762586921565,21.0.3.8,false,2048,40.16,InvokeFunction,,,LATEST,1-690ef129-0c0a43-a843b6722ca1,OnDemand,,,1925.31,
,9A02C87DA0F400C9E40F40EF2DF6006D-1,1762586924,FCRequestMetrics:/n-matmul-2048,11,11,,,791.18,n-matmul-2048,false,3ea4534df15d,,c-690ef10b-0cf1abd9-31fefea0e1fd,1762586923574,Sync,2477.76,1762586921888,21.0.3.8,false,2048,38.94,InvokeFunction,,,LATEST,1-690ef129-0c49fa-3b30b03eb376,OnDemand,,,1685.90,
,510F8A150819018E635E267F62520B9B-1,1762586924,FCRequestMetrics:/n-matmul-2048,11,11,,,785.63,n-matmul-2048,false,c8577adbf622,,c-690ef10b-0cf1abd9-26ef2c508c1e,1762586923614,Sync,3053.21,1762586921347,21.0.3.8,false,2048,38.88,InvokeFunction,,,LATEST,1-690ef129-0c0a43-a51db0564618,OnDemand,,,2266.90,
,D5A4CD99F058D411C58A3919BEB264F4-1,1762586924,FCRequestMetrics:/n-matmul-2048,11,11,,,783.05,n-matmul-2048,false,a1586973fec8,,c-690ef10b-0cf1abd9-90463d425ca7,1762586923738,Sync,2039.10,1762586922482,21.0.3.8,false,2048,41.07,InvokeFunction,,,LATEST,1-690ef12a-0c49fa-5cdb46c51bc1,OnDemand,,,1255.15,
,00E67D373DA9C60BEF759D13208EAAD9-1,1762586924,FCRequestMetrics:/n-matmul-2048,11,11,,,782.26,n-matmul-2048,false,9013ed408e73,,c-690ef10b-0cf1abd9-dbc16e7d233d,1762586923760,Sync,2059.69,1762586922483,21.0.3.8,false,2048,38.31,InvokeFunction,,,LATEST,1-690ef12a-0c0a43-f2b89126a83d,OnDemand,,,1276.77,
,B63107B9394C762ADF436F322BAA4B65-1,1762586924,FCRequestMetrics:/n-matmul-2048,11,11,,,785.66,n-matmul-2048,false,1ccfa60657e6,,c-690ef10b-0cf1abd9-672e1c9f5eed,1762586923768,Sync,2066.96,1762586922487,21.0.3.8,false,2048,41.80,InvokeFunction,,,LATEST,1-690ef12a-0c49fa-62631de705fb,OnDemand,,,1280.42,
,211620C9A07558D2D8764497DA6068A4-1,1762586924,FCRequestMetrics:/n-matmul-2048,11,11,,,833.87,n-matmul-2048,false,e053c99a8bb6,,c-690ef10b-0cf1abd9-9de429f2e3c5,1762586923736,Sync,2096.99,1762586922473,21.0.3.8,false,2048,41.44,InvokeFunction,,,LATEST,1-690ef12a-0c49fa-e9b6d8527206,OnDemand,,,1262.45,
,2523AFCDD5BD8A2B2953E48983230929-1,1762586924,FCRequestMetrics:/n-matmul-2048,11,11,,,786.99,n-matmul-2048,false,01d6f783bdb1,,c-690ef10b-0cf1abd9-dd39c218e942,1762586923906,Sync,2099.97,1762586922593,21.0.3.8,false,2048,43.38,InvokeFunction,,,LATEST,1-690ef12a-0c0a43-7346e936f7fe,OnDemand,,,1312.28,
,B2D19E9889F3DDE524F4ACFCF2A5FEBF-1,1762586924,FCRequestMetrics:/n-matmul-2048,11,11,,,792.19,n-matmul-2048,false,95f39cca25aa,,c-690ef10b-0cf1abd9-336379de3020,1762586923908,Sync,2112.12,1762586922594,21.0.3.8,false,2048,43.35,InvokeFunction,,,LATEST,1-690ef12a-0c49fa-83273a8554ef,OnDemand,,,1313.84,
,A5C7CD7E71BB55429480C147D0ABD6E0-3,1762586924,FCRequestMetrics:/n-matmul-2048,11,11,,,651.36,n-matmul-2048,false,b9c50fa7ffa2,,c-690ef10b-0cf1abd9-39e48c7dd1cd,1762586923905,Sync,2050.07,1762586922507,21.0.3.8,false,2048,44.62,InvokeFunction,,,LATEST,1-690ef12a-0c0a43-b40fe74b80d7,OnDemand,,,1398.01,
,E08BA4ABFB8C4109D958EF35CCDE9E75-2,1762586924,FCRequestMetrics:/n-matmul-2048,11,11,,,801.10,n-matmul-2048,false,f6ea6fba0d1f,,c-690ef12a-0cf1abd9-0e59ac1cec40,1762586923369,Sync,1159.26,1762586923011,21.0.3.6,false,2048,96.54,InvokeFunction,,,LATEST,1-690ef12c-0c0a43-8fed6bb0257f,OnDemand,,,357.46,
,E08BA4ABFB8C4109D958EF35CCDE9E75-2,1762586924,FCRequestMetrics:/n-matmul-2048,13,13,,,816.65,n-matmul-2048,false,f6ea6fba0d1f,,c-690ef12a-0cf1abd9-0e59ac1cec40,1762586924174,Sync,1503.37,1762586923489,21.0.3.6,false,2048,100.11,InvokeFunction,,,LATEST,1-690ef12d-0c49fa-0ec3fdc7ede3,OnDemand,,,685.59,
,46B19270B472A6D217A2E559E7E7C97B-1,1762586924,FCRequestMetrics:/n-matmul-2048,11,11,,,0.02,n-matmul-2048,true,869d26b39717,,c-690ef10b-0cf1abd9-b6750c057b8f,1762586924287,Sync,1568.48,1762586923160,21.0.3.8,false,2048,4.26,InvokeFunction,,,LATEST,1-690ef12b-0c0a43-d2d891bd616f,OnDemand,,,1126.78,,"{""errorType"":""FunctionAbnormalExitError""}"
,510F8A150819018E635E267F62520B9B-0,1762586924,FCRequestMetrics:/n-matmul-2048,11,11,,,0.02,n-matmul-2048,true,c8577adbf622,,c-690ef10b-0cf1abd9-26ef2c508c1e,1762586924403,Sync,1554.39,1762586923271,21.0.3.8,false,2048,2.22,InvokeFunction,,,LATEST,1-690ef12b-0c49fa-c582bdfd2293,OnDemand,,,1131.89,,"{""errorType"":""FunctionAbnormalExitError""}"
,9A02C87DA0F400C9E40F40EF2DF6006D-1,1762586924,FCRequestMetrics:/n-matmul-2048,11,11,,,0.02,n-matmul-2048,true,3ea4534df15d,,c-690ef10b-0cf1abd9-31fefea0e1fd,1762586924369,Sync,1597.84,1762586923179,21.0.3.8,false,2048,2.20,InvokeFunction,,,LATEST,1-690ef12b-0c0a43-2114a5f4e4c1,OnDemand,,,1189.96,,"{""errorType"":""FunctionAbnormalExitError""}"
,211620C9A07558D2D8764497DA6068A4-1,1762586924,FCRequestMetrics:/n-matmul-2048,11,11,,,0.03,n-matmul-2048,true,e053c99a8bb6,,c-690ef10b-0cf1abd9-9de429f2e3c5,1762586924573,Sync,673.56,1762586924323,21.0.3.8,false,2048,2.20,InvokeFunction,,,LATEST,1-690ef12c-0c0a43-466e06f35ccf,OnDemand,,,249.26,,"{""errorType"":""FunctionAbnormalExitError""}"
,B63107B9394C762ADF436F322BAA4B65-1,1762586924,FCRequestMetrics:/n-matmul-2048,11,11,,,0.03,n-matmul-2048,true,1ccfa60657e6,,c-690ef10b-0cf1abd9-672e1c9f5eed,1762586924557,Sync,917.09,1762586924039,21.0.3.8,false,2048,2.20,InvokeFunction,,,LATEST,1-690ef12c-0c0a43-761cbe67cab6,OnDemand,,,517.77,,"{""errorType"":""FunctionAbnormalExitError""}"
,D5A4CD99F058D411C58A3919BEB264F4-1,1762586924,FCRequestMetrics:/n-matmul-2048,11,11,,,0.03,n-matmul-2048,true,a1586973fec8,,c-690ef10b-0cf1abd9-90463d425ca7,1762586924524,Sync,1490.08,1762586923443,21.0.3.8,false,2048,4.20,InvokeFunction,,,LATEST,1-690ef12b-0c49fa-84a7ab72afe5,OnDemand,,,1080.95,,"{""errorType"":""FunctionAbnormalExitError""}"
,00E67D373DA9C60BEF759D13208EAAD9-1,1762586924,FCRequestMetrics:/n-matmul-2048,11,11,,,0.03,n-matmul-2048,true,9013ed408e73,,c-690ef10b-0cf1abd9-dbc16e7d233d,1762586924546,Sync,1466.51,1762586923494,21.0.3.8,false,2048,2.09,InvokeFunction,,,LATEST,1-690ef12b-0c49fa-9c04e43166ca,OnDemand,,,1051.42,,"{""errorType"":""FunctionAbnormalExitError""}"
,C38D529AEE78E8BFEBBDDADEDE13D41B-2,1762586924,FCRequestMetrics:/n-matmul-2048,11,11,,,736.73,n-matmul-2048,false,965073b71ef9,,c-690ef12c-0cf1abd9-ee855b82b2d6,1762586924242,Sync,965.45,1762586924015,21.0.3.7,false,2048,82.67,InvokeFunction,,,LATEST,1-690ef12c-0c49fa-d3726f7b782f,OnDemand,,,227.15,
,A5C7CD7E71BB55429480C147D0ABD6E0-3,1762586925,FCRequestMetrics:/n-matmul-2048,11,11,,,675.94,n-matmul-2048,false,b9c50fa7ffa2,,c-690ef10b-0cf1abd9-39e48c7dd1cd,1762586924560,Sync,958.00,1762586924279,21.0.3.8,false,2048,46.70,InvokeFunction,,,LATEST,1-690ef12c-0c0a43-3781712f55ed,OnDemand,,,281.14,
,46B19270B472A6D217A2E559E7E7C97B-1,1762586925,FCRequestMetrics:/n-matmul-2048,11,11,,,680.58,n-matmul-2048,false,869d26b39717,,c-690ef10b-0cf1abd9-b6750c057b8f,1762586924731,Sync,972.24,1762586924440,21.0.3.8,false,2048,26.66,InvokeFunction,,,LATEST,1-690ef12c-0c0a43-8a0e1ab3b1f7,OnDemand,,,289.65,
,510F8A150819018E635E267F62520B9B-0,1762586925,FCRequestMetrics:/n-matmul-2048,11,11,,,685.87,n-matmul-2048,false,c8577adbf622,,c-690ef10b-0cf1abd9-26ef2c508c1e,1762586924827,Sync,931.16,1762586924583,21.0.3.8,false,2048,28.68,InvokeFunction,,,LATEST,1-690ef12c-0c0a43-442e3f84e417,OnDemand,,,244.42,
,9A02C87DA0F400C9E40F40EF2DF6006D-1,1762586925,FCRequestMetrics:/n-matmul-2048,11,11,,,676.27,n-matmul-2048,false,3ea4534df15d,,c-690ef10b-0cf1abd9-31fefea0e1fd,1762586924778,Sync,894.78,1762586924560,21.0.3.8,false,2048,26.58,InvokeFunction,,,LATEST,1-690ef12c-0c0a43-58cb7f304376,OnDemand,,,217.81,
,211620C9A07558D2D8764497DA6068A4-1,1762586925,FCRequestMetrics:/n-matmul-2048,11,11,,,686.92,n-matmul-2048,false,e053c99a8bb6,,c-690ef10b-0cf1abd9-9de429f2e3c5,1762586924999,Sync,878.44,1762586924808,21.0.3.8,false,2048,26.64,InvokeFunction,,,LATEST,1-690ef12c-0c0a43-7b0feb55a4d2,OnDemand,,,189.53,
,B63107B9394C762ADF436F322BAA4B65-1,1762586925,FCRequestMetrics:/n-matmul-2048,11,11,,,671.40,n-matmul-2048,false,1ccfa60657e6,,c-690ef10b-0cf1abd9-672e1c9f5eed,1762586924958,Sync,1021.36,1762586924609,21.0.3.8,false,2048,28.64,InvokeFunction,,,LATEST,1-690ef12c-0c49fa-95f6ac0dd4ff,OnDemand,,,349.11,
,D5A4CD99F058D411C58A3919BEB264F4-1,1762586925,FCRequestMetrics:/n-matmul-2048,11,11,,,698.61,n-matmul-2048,false,a1586973fec8,,c-690ef10b-0cf1abd9-90463d425ca7,1762586924936,Sync,1039.96,1762586924595,21.0.3.8,false,2048,26.63,InvokeFunction,,,LATEST,1-690ef12c-0c49fa-a3393ad98a5a,OnDemand,,,340.61,
,00E67D373DA9C60BEF759D13208EAAD9-1,1762586925,FCRequestMetrics:/n-matmul-2048,11,11,,,675.85,n-matmul-2048,false,9013ed408e73,,c-690ef10b-0cf1abd9-dbc16e7d233d,1762586924963,Sync,1006.27,1762586924633,21.0.3.8,false,2048,26.72,InvokeFunction,,,LATEST,1-690ef12c-0c49fa-dc9dd9d5f3f0,OnDemand,,,329.61,
,B2D19E9889F3DDE524F4ACFCF2A5FEBF-1,1762586925,FCRequestMetrics:/n-matmul-2048,11,11,,,0.02,n-matmul-2048,true,95f39cca25aa,,c-690ef10b-0cf1abd9-336379de3020,1762586924709,Sync,699.86,1762586924436,21.0.3.8,false,2048,4.16,InvokeFunction,,,LATEST,1-690ef12c-0c0a43-c31e76e01384,OnDemand,,,272.63,,"{""errorType"":""FunctionAbnormalExitError""}"
,B2D19E9889F3DDE524F4ACFCF2A5FEBF-1,1762586925,FCRequestMetrics:/n-matmul-2048,11,11,,,691.16,n-matmul-2048,false,95f39cca25aa,,c-690ef10b-0cf1abd9-336379de3020,1762586925138,Sync,1002.07,1762586924828,21.0.3.8,false,2048,26.80,InvokeFunction,,,LATEST,1-690ef12c-0c0a43-81f3f90c48eb,OnDemand,,,308.99,
,2523AFCDD5BD8A2B2953E48983230929-1,1762586925,FCRequestMetrics:/n-matmul-2048,11,11,,,0.03,n-matmul-2048,true,01d6f783bdb1,,c-690ef10b-0cf1abd9-dd39c218e942,1762586924696,Sync,703.74,1762586924407,21.0.3.8,false,2048,4.29,InvokeFunction,,,LATEST,1-690ef12c-0c0a43-5a7eba476330,OnDemand,,,288.74,,"{""errorType"":""FunctionAbnormalExitError""}"
,2523AFCDD5BD8A2B2953E48983230929-1,1762586925,FCRequestMetrics:/n-matmul-2048,11,11,,,671.43,n-matmul-2048,false,01d6f783bdb1,,c-690ef10b-0cf1abd9-dd39c218e942,1762586925113,Sync,960.32,1762586924825,21.0.3.8,false,2048,28.60,InvokeFunction,,,LATEST,1-690ef12c-0c0a43-44e4853676fe,OnDemand,,,286.91,
,C38D529AEE78E8BFEBBDDADEDE13D41B-2,1762586925,FCRequestMetrics:/n-matmul-2048,15,15,,,667.53,n-matmul-2048,false,965073b71ef9,,c-690ef12c-0cf1abd9-ee855b82b2d6,1762586924983,Sync,1829.10,1762586923822,21.0.3.7,false,2048,90.48,InvokeFunction,,,LATEST,1-690ef12c-0c49fa-0504a2f4ffa1,OnDemand,,,1160.91,
,DDEEB29FD5ADFBB67E4F2FEB83463658-2,1762586925,FCRequestMetrics:/n-matmul-2048,12,12,,,723.32,n-matmul-2048,false,bc52147f2a7a,,c-690ef12c-0cf1abd9-69aaf8ca2a4b,1762586924466,Sync,1535.22,1762586923656,21.0.3.8,false,2048,84.78,InvokeFunction,,,LATEST,1-690ef12c-0c49fa-af6d5cf67452,OnDemand,,,809.48,
,DDEEB29FD5ADFBB67E4F2FEB83463658-2,1762586925,FCRequestMetrics:/n-matmul-2048,15,15,,,661.79,n-matmul-2048,false,bc52147f2a7a,,c-690ef12c-0cf1abd9-69aaf8ca2a4b,1762586925195,Sync,1404.24,1762586924453,21.0.3.8,false,2048,92.26,InvokeFunction,,,LATEST,1-690ef12d-0c0a43-ce6fd6382e61,OnDemand,,,741.76,
,EB19AA8F9B61C51C3FCBC98D949BD1C2-2,1762586925,FCRequestMetrics:/n-matmul-2048,16,16,,,719.76,n-matmul-2048,false,211d8375abf1,,c-690ef12d-0cf1abd9-78e04fcb7549,1762586925189,Sync,1148.69,1762586924761,21.0.3.8,false,2048,84.99,InvokeFunction,,,LATEST,1-690ef12d-0c49fa-0e884a67d635,OnDemand,,,427.44,
,82C12ED6E643926156E0217F8DC83EE9-2,1762586925,FCRequestMetrics:/n-matmul-2048,15,15,,,715.17,n-matmul-2048,false,a9b6a74eafdc,,c-690ef12d-0cf1abd9-2948faf88166,1762586924687,Sync,1224.07,1762586924180,21.0.3.8,false,2048,84.78,InvokeFunction,,,LATEST,1-690ef12d-0c0a43-50f3e14f8569,OnDemand,,,507.26,
,5E9C37D1C997E792337F0D79C839D1F6-2,1762586925,FCRequestMetrics:/n-matmul-2048,13,13,,,712.65,n-matmul-2048,false,7be323259747,,c-690ef12d-0cf1abd9-4ddba8cb6fd4,1762586925110,Sync,868.28,1762586924956,21.0.3.8,false,2048,82.84,InvokeFunction,,,LATEST,1-690ef12d-0c0a43-21413a700564,OnDemand,,,153.89,
,7C3B3344857E71889D56CDA44A54F6B2-2,1762586925,FCRequestMetrics:/n-matmul-2048,13,13,,,727.58,n-matmul-2048,false,687fca8d325c,,c-690ef12c-0cf1abd9-6ced060ffe1b,1762586924438,Sync,1141.22,1762586924025,21.0.3.8,false,2048,82.67,InvokeFunction,,,LATEST,1-690ef12d-0c49fa-023ba45e32e2,OnDemand,,,412.35,
,7C3B3344857E71889D56CDA44A54F6B2-2,1762586925,FCRequestMetrics:/n-matmul-2048,17,17,,,646.85,n-matmul-2048,false,687fca8d325c,,c-690ef12c-0cf1abd9-6ced060ffe1b,1762586925170,Sync,1429.87,1762586924387,21.0.3.8,false,2048,90.11,InvokeFunction,,,LATEST,1-690ef12d-0c0a43-17183a4d468f,OnDemand,,,782.31,
,E08BA4ABFB8C4109D958EF35CCDE9E75-1,1762586925,FCRequestMetrics:/n-matmul-2048,17,17,,,0.02,n-matmul-2048,true,f6ea6fba0d1f,,c-690ef12a-0cf1abd9-0e59ac1cec40,1762586924995,Sync,1205.95,1762586924210,21.0.3.6,false,2048,60.24,InvokeFunction,,,LATEST,1-690ef12d-0c0a43-3e5baea10764,OnDemand,,,784.91,,"{""errorType"":""FunctionAbnormalExitError""}"
,A5C7CD7E71BB55429480C147D0ABD6E0-3,1762586926,FCRequestMetrics:/n-matmul-2048,12,12,,,812.36,n-matmul-2048,false,b9c50fa7ffa2,,c-690ef10b-0cf1abd9-39e48c7dd1cd,1762586925240,Sync,1176.07,1762586924877,21.0.3.8,false,2048,48.23,InvokeFunction,,,LATEST,1-690ef12c-0c49fa-36da7082246a,OnDemand,,,363.05,
,46B19270B472A6D217A2E559E7E7C97B-1,1762586926,FCRequestMetrics:/n-matmul-2048,12,12,,,644.70,n-matmul-2048,false,869d26b39717,,c-690ef10b-0cf1abd9-b6750c057b8f,1762586925415,Sync,1162.29,1762586924898,21.0.3.8,false,2048,34.42,InvokeFunction,,,LATEST,1-690ef12c-0c0a43-01385b147672,OnDemand,,,516.87,
,46B19270B472A6D217A2E559E7E7C97B-1,1762586926,FCRequestMetrics:/n-matmul-2048,15,15,,,647.99,n-matmul-2048,false,869d26b39717,,c-690ef10b-0cf1abd9-b6750c057b8f,1762586926063,Sync,1523.11,1762586925188,21.0.3.8,false,2048,36.65,InvokeFunction,,,LATEST,1-690ef12d-0c49fa-417d18953074,OnDemand,,,874.37,
,510F8A150819018E635E267F62520B9B-0,1762586926,FCRequestMetrics:/n-matmul-2048,12,12,,,646.46,n-matmul-2048,false,c8577adbf622,,c-690ef10b-0cf1abd9-26ef2c508c1e,1762586925516,Sync,1237.90,1762586924926,21.0.3.8,false,2048,36.50,InvokeFunction,,,LATEST,1-690ef12c-0c0a43-30f5fc528ae3,OnDemand,,,590.08,
,510F8A150819018E635E267F62520B9B-0,1762586926,FCRequestMetrics:/n-matmul-2048,15,15,,,649.92,n-matmul-2048,false,c8577adbf622,,c-690ef10b-0cf1abd9-26ef2c508c1e,1762586926166,Sync,1364.71,1762586925452,21.0.3.8,false,2048,38.66,InvokeFunction,,,LATEST,1-690ef12d-0c0a43-4809c29e061e,OnDemand,,,714.11,
,9A02C87DA0F400C9E40F40EF2DF6006D-1,1762586926,FCRequestMetrics:/n-matmul-2048,12,12,,,640.47,n-matmul-2048,false,3ea4534df15d,,c-690ef10b-0cf1abd9-31fefea0e1fd,1762586925458,Sync,1201.62,1762586924898,21.0.3.8,false,2048,34.58,InvokeFunction,,,LATEST,1-690ef12c-0c49fa-030ab31c3ea7,OnDemand,,,560.48,
,9A02C87DA0F400C9E40F40EF2DF6006D-1,1762586926,FCRequestMetrics:/n-matmul-2048,15,15,,,796.89,n-matmul-2048,false,3ea4534df15d,,c-690ef10b-0cf1abd9-31fefea0e1fd,1762586926102,Sync,1624.12,1762586925276,21.0.3.8,false,2048,39.02,InvokeFunction,,,LATEST,1-690ef12d-0c0a43-dd6811ca60b5,OnDemand,,,826.52,
,211620C9A07558D2D8764497DA6068A4-1,1762586926,FCRequestMetrics:/n-matmul-2048,13,13,,,650.70,n-matmul-2048,false,e053c99a8bb6,,c-690ef10b-0cf1abd9-9de429f2e3c5,1762586925689,Sync,1308.94,1762586925032,21.0.3.8,false,2048,34.64,InvokeFunction,,,LATEST,1-690ef12d-0c0a43-ce559b8573d9,OnDemand,,,657.51,
,211620C9A07558D2D8764497DA6068A4-1,1762586926,FCRequestMetrics:/n-matmul-2048,16,16,,,652.01,n-matmul-2048,false,e053c99a8bb6,,c-690ef10b-0cf1abd9-9de429f2e3c5,1762586926343,Sync,1339.95,1762586925659,21.0.3.8,false,2048,36.82,InvokeFunction,,,LATEST,1-690ef12d-0c0a43-6239d7d67ab3,OnDemand,,,683.82,
,B63107B9394C762ADF436F322BAA4B65-1,1762586926,FCRequestMetrics:/n-matmul-2048,12,12,,,635.26,n-matmul-2048,false,1ccfa60657e6,,c-690ef10b-0cf1abd9-672e1c9f5eed,1762586925633,Sync,1340.12,1762586924929,21.0.3.8,false,2048,36.34,InvokeFunction,,,LATEST,1-690ef12c-0c0a43-45ec58deb974,OnDemand,,,704.10,
,D5A4CD99F058D411C58A3919BEB264F4-1,1762586926,FCRequestMetrics:/n-matmul-2048,13,13,,,643.95,n-matmul-2048,false,a1586973fec8,,c-690ef10b-0cf1abd9-90463d425ca7,1762586925638,Sync,1291.40,1762586924991,21.0.3.8,false,2048,34.10,InvokeFunction,,,LATEST,1-690ef12c-0c0a43-82258d1194b7,OnDemand,,,646.74,
,00E67D373DA9C60BEF759D13208EAAD9-1,1762586926,FCRequestMetrics:/n-matmul-2048,13,13,,,651.26,n-matmul-2048,false,9013ed408e73,,c-690ef10b-0cf1abd9-dbc16e7d233d,1762586925642,Sync,1293.60,1762586925001,21.0.3.8,false,2048,34.07,InvokeFunction,,,LATEST,1-690ef12d-0c0a43-a1fe7fda6daf,OnDemand,,,641.54,
,B2D19E9889F3DDE524F4ACFCF2A5FEBF-1,1762586926,FCRequestMetrics:/n-matmul-2048,13,13,,,640.96,n-matmul-2048,false,95f39cca25aa,,c-690ef10b-0cf1abd9-336379de3020,1762586925832,Sync,1740.68,1762586924733,21.0.3.8,false,2048,34.64,InvokeFunction,,,LATEST,1-690ef12c-0c0a43-c399ffc6389c,OnDemand,,,1099.01,
,2523AFCDD5BD8A2B2953E48983230929-1,1762586926,FCRequestMetrics:/n-matmul-2048,13,13,,,649.02,n-matmul-2048,false,01d6f783bdb1,,c-690ef10b-0cf1abd9-dd39c218e942,1762586925788,Sync,1693.73,1762586924744,21.0.3.8,false,2048,36.11,InvokeFunction,,,LATEST,1-690ef12c-0c49fa-e5f9f251f392,OnDemand,,,1044.02,
,C38D529AEE78E8BFEBBDDADEDE13D41B-2,1762586926,FCRequestMetrics:/n-matmul-2048,17,17,,,663.53,n-matmul-2048,false,965073b71ef9,,c-690ef12c-0cf1abd9-ee855b82b2d6,1762586925655,Sync,1445.51,1762586924874,21.0.3.7,false,2048,92.68,InvokeFunction,,,LATEST,1-690ef12d-0c49fa-e088a6c02cca,OnDemand,,,781.27,
,DDEEB29FD5ADFBB67E4F2FEB83463658-2,1762586926,FCRequestMetrics:/n-matmul-2048,17,17,,,662.77,n-matmul-2048,false,bc52147f2a7a,,c-690ef12c-0cf1abd9-69aaf8ca2a4b,1762586925861,Sync,970.43,1762586925554,21.0.3.8,false,2048,94.73,InvokeFunction,,,LATEST,1-690ef12e-0c49fa-b46a0503ff1c,OnDemand,,,306.54,
,EB19AA8F9B61C51C3FCBC98D949BD1C2-2,1762586926,FCRequestMetrics:/n-matmul-2048,17,17,,,657.79,n-matmul-2048,false,211d8375abf1,,c-690ef12d-0cf1abd9-78e04fcb7549,1762586925917,Sync,1056.26,1762586925519,21.0.3.8,false,2048,92.51,InvokeFunction,,,LATEST,1-690ef12e-0c49fa-7252b2e5fe1d,OnDemand,,,394.15,
,A5C7CD7E71BB55429480C147D0ABD6E0-2,1762586926,FCRequestMetrics:/n-matmul-2048,15,15,,,0.03,n-matmul-2048,true,b9c50fa7ffa2,,c-690ef10b-0cf1abd9-39e48c7dd1cd,1762586926056,Sync,1326.08,1762586925174,21.0.3.8,false,2048,2.34,InvokeFunction,,,LATEST,1-690ef12d-0c49fa-9c97b63b4a6f,OnDemand,,,882.08,,"{""errorType"":""FunctionAbnormalExitError""}"
,82C12ED6E643926156E0217F8DC83EE9-2,1762586926,FCRequestMetrics:/n-matmul-2048,17,17,,,652.06,n-matmul-2048,false,a9b6a74eafdc,,c-690ef12d-0cf1abd9-2948faf88166,1762586925407,Sync,980.27,1762586925081,21.0.3.8,false,2048,92.45,InvokeFunction,,,LATEST,1-690ef12e-0c49fa-cc58276c5f03,OnDemand,,,326.34,
,82C12ED6E643926156E0217F8DC83EE9-2,1762586926,FCRequestMetrics:/n-matmul-2048,18,18,,,649.85,n-matmul-2048,false,a9b6a74eafdc,,c-690ef12d-0cf1abd9-2948faf88166,1762586926065,Sync,1173.56,1762586925543,21.0.3.8,false,2048,94.54,InvokeFunction,,,LATEST,1-690ef12f-0c49fa-b1aff2862767,OnDemand,,,522.06,
,5E9C37D1C997E792337F0D79C839D1F6-2,1762586926,FCRequestMetrics:/n-matmul-2048,17,17,,,655.81,n-matmul-2048,false,7be323259747,,c-690ef12d-0cf1abd9-4ddba8cb6fd4,1762586925828,Sync,1437.12,1762586925047,21.0.3.8,false,2048,90.23,InvokeFunction,,,LATEST,1-690ef12d-0c49fa-77131b0d5b69,OnDemand,,,780.17,
,7C3B3344857E71889D56CDA44A54F6B2-2,1762586926,FCRequestMetrics:/n-matmul-2048,18,18,,,672.10,n-matmul-2048,false,687fca8d325c,,c-690ef12c-0cf1abd9-6ced060ffe1b,1762586925820,Sync,1121.54,1762586925372,21.0.3.8,false,2048,92.34,InvokeFunction,,,LATEST,1-690ef12e-0c0a43-f5b284077ec9,OnDemand,,,448.50,
,B10148BC96FECE49F2FC2439520A3175-2,1762586926,FCRequestMetrics:/n-matmul-2048,17,17,,,732.70,n-matmul-2048,false,9ae0a7a16fc1,,c-690ef12e-0cf1abd9-86b866453e74,1762586925579,Sync,1133.13,1762586925180,21.0.3.7,false,2048,82.99,InvokeFunction,,,LATEST,1-690ef12e-0c49fa-df750fbd44e9,OnDemand,,,399.12,
,E08BA4ABFB8C4109D958EF35CCDE9E75-1,1762586926,FCRequestMetrics:/n-matmul-2048,17,17,,,693.45,n-matmul-2048,false,f6ea6fba0d1f,,c-690ef12a-0cf1abd9-0e59ac1cec40,1762586925419,Sync,978.16,1762586925135,21.0.3.6,false,2048,28.66,InvokeFunction,,,LATEST,1-690ef12e-0c49fa-f7cb0aabdbd1,OnDemand,,,283.94,
,E08BA4ABFB8C4109D958EF35CCDE9E75-1,1762586926,FCRequestMetrics:/n-matmul-2048,18,18,,,674.75,n-matmul-2048,false,f6ea6fba0d1f,,c-690ef12a-0cf1abd9-0e59ac1cec40,1762586926119,Sync,1196.24,1762586925598,21.0.3.6,false,2048,36.53,InvokeFunction,,,LATEST,1-690ef12f-0c0a43-1aeba402a6f8,OnDemand,,,517.87,
,46B19270B472A6D217A2E559E7E7C97B-1,1762586927,FCRequestMetrics:/n-matmul-2048,17,17,,,789.21,n-matmul-2048,false,869d26b39717,,c-690ef10b-0cf1abd9-b6750c057b8f,1762586926714,Sync,1685.34,1762586925824,21.0.3.8,false,2048,38.31,InvokeFunction,,,LATEST,1-690ef12d-0c0a43-fd2d11a44167,OnDemand,,,890.11,
,510F8A150819018E635E267F62520B9B-0,1762586927,FCRequestMetrics:/n-matmul-2048,17,17,,,813.79,n-matmul-2048,false,c8577adbf622,,c-690ef10b-0cf1abd9-26ef2c508c1e,1762586926820,Sync,1495.05,1762586926140,21.0.3.8,false,2048,40.31,InvokeFunction,,,LATEST,1-690ef12e-0c49fa-2634251db4a8,OnDemand,,,680.40,
,9A02C87DA0F400C9E40F40EF2DF6006D-1,1762586927,FCRequestMetrics:/n-matmul-2048,17,17,,,827.40,n-matmul-2048,false,3ea4534df15d,,c-690ef10b-0cf1abd9-31fefea0e1fd,1762586926903,Sync,1570.29,1762586926166,21.0.3.8,false,2048,41.80,InvokeFunction,,,LATEST,1-690ef12e-0c49fa-3c0f26cd8b4c,OnDemand,,,737.28,
,211620C9A07558D2D8764497DA6068A4-1,1762586927,FCRequestMetrics:/n-matmul-2048,17,17,,,819.58,n-matmul-2048,false,e053c99a8bb6,,c-690ef10b-0cf1abd9-9de429f2e3c5,1762586927002,Sync,1104.42,1762586926718,21.0.3.8,false,2048,38.53,InvokeFunction,,,LATEST,1-690ef12e-0c49fa-cb59f9b2ac02,OnDemand,,,283.99,
,B63107B9394C762ADF436F322BAA4B65-1,1762586927,FCRequestMetrics:/n-matmul-2048,15,15,,,779.37,n-matmul-2048,false,1ccfa60657e6,,c-690ef10b-0cf1abd9-672e1c9f5eed,1762586926270,Sync,1556.55,1762586925494,21.0.3.8,false,2048,40.65,InvokeFunction,,,LATEST,1-690ef12d-0c0a43-9c9484f89c64,OnDemand,,,776.45,
,B63107B9394C762ADF436F322BAA4B65-1,1762586927,FCRequestMetrics:/n-matmul-2048,17,17,,,783.99,n-matmul-2048,false,1ccfa60657e6,,c-690ef10b-0cf1abd9-672e1c9f5eed,1762586927054,Sync,1111.20,1762586926728,21.0.3.8,false,2048,43.93,InvokeFunction,,,LATEST,1-690ef12e-0c49fa-7b038dcc547a,OnDemand,,,326.52,
,D5A4CD99F058D411C58A3919BEB264F4-1,1762586927,FCRequestMetrics:/n-matmul-2048,15,15,,,804.15,n-matmul-2048,false,a1586973fec8,,c-690ef10b-0cf1abd9-90463d425ca7,1762586926285,Sync,1535.63,1762586925554,21.0.3.8,false,2048,38.73,InvokeFunction,,,LATEST,1-690ef12d-0c0a43-216ff03e4169,OnDemand,,,730.79,
,D5A4CD99F058D411C58A3919BEB264F4-1,1762586927,FCRequestMetrics:/n-matmul-2048,17,17,,,807.21,n-matmul-2048,false,a1586973fec8,,c-690ef10b-0cf1abd9-90463d425ca7,1762586927093,Sync,1172.52,1762586926728,21.0.3.8,false,2048,41.47,InvokeFunction,,,LATEST,1-690ef12e-0c49fa-85fe57d9a40e,OnDemand,,,364.59,
,00E67D373DA9C60BEF759D13208EAAD9-1,1762586927,FCRequestMetrics:/n-matmul-2048,15,15,,,834.16,n-matmul-2048,false,9013ed408e73,,c-690ef10b-0cf1abd9-dbc16e7d233d,1762586926297,Sync,1502.63,1762586925629,21.0.3.8,false,2048,38.40,InvokeFunction,,,LATEST,1-690ef12d-0c49fa-492e3703f296,OnDemand,,,667.81,
,00E67D373DA9C60BEF759D13208EAAD9-1,1762586927,FCRequestMetrics:/n-matmul-2048,18,18,,,783.20,n-matmul-2048,false,9013ed408e73,,c-690ef10b-0cf1abd9-dbc16e7d233d,1762586927135,Sync,1151.52,1762586926767,21.0.3.8,false,2048,41.30,InvokeFunction,,,LATEST,1-690ef12e-0c0a43-a977fc281bef,OnDemand,,,367.44,
,B2D19E9889F3DDE524F4ACFCF2A5FEBF-1,1762586927,FCRequestMetrics:/n-matmul-2048,17,17,,,657.15,n-matmul-2048,false,95f39cca25aa,,c-690ef10b-0cf1abd9-336379de3020,1762586926476,Sync,1459.20,1762586925675,21.0.3.8,false,2048,37.04,InvokeFunction,,,LATEST,1-690ef12d-0c49fa-7da8f7f3ad77,OnDemand,,,800.76,
,B2D19E9889F3DDE524F4ACFCF2A5FEBF-1,1762586927,FCRequestMetrics:/n-matmul-2048,18,18,,,795.97,n-matmul-2048,false,95f39cca25aa,,c-690ef10b-0cf1abd9-336379de3020,1762586927137,Sync,1161.81,1762586926772,21.0.3.8,false,2048,38.66,InvokeFunction,,,LATEST,1-690ef12e-0c0a43-87182e991c9a,OnDemand,,,365.13,
,2523AFCDD5BD8A2B2953E48983230929-1,1762586927,FCRequestMetrics:/n-matmul-2048,17,17,,,775.33,n-matmul-2048,false,01d6f783bdb1,,c-690ef10b-0cf1abd9-dd39c218e942,1762586926441,Sync,1547.64,1762586925669,21.0.3.8,false,2048,40.68,InvokeFunction,,,LATEST,1-690ef12d-0c49fa-41c487aa8beb,OnDemand,,,771.45,
,C38D529AEE78E8BFEBBDDADEDE13D41B-2,1762586927,FCRequestMetrics:/n-matmul-2048,18,18,,,815.42,n-matmul-2048,false,965073b71ef9,,c-690ef12c-0cf1abd9-ee855b82b2d6,1762586926324,Sync,945.41,1762586926195,21.0.3.7,false,2048,94.52,InvokeFunction,,,LATEST,1-690ef12f-0c49fa-08973f297dfa,OnDemand,,,128.63,
,DDEEB29FD5ADFBB67E4F2FEB83463658-2,1762586927,FCRequestMetrics:/n-matmul-2048,18,18,,,816.93,n-matmul-2048,false,bc52147f2a7a,,c-690ef12c-0cf1abd9-69aaf8ca2a4b,1762586926528,Sync,1244.12,1762586926101,21.0.3.8,false,2048,96.59,InvokeFunction,,,LATEST,1-690ef12f-0c49fa-5afc7263950d,OnDemand,,,426.34,
,EB19AA8F9B61C51C3FCBC98D949BD1C2-2,1762586927,FCRequestMetrics:/n-matmul-2048,18,18,,,783.77,n-matmul-2048,false,211d8375abf1,,c-690ef12d-0cf1abd9-78e04fcb7549,1762586926580,Sync,1396.82,1762586925967,21.0.3.8,false,2048,96.56,InvokeFunction,,,LATEST,1-690ef12f-0c49fa-f326afc0c744,OnDemand,,,612.43,
,A5C7CD7E71BB55429480C147D0ABD6E0-2,1762586927,FCRequestMetrics:/n-matmul-2048,17,17,,,680.04,n-matmul-2048,false,b9c50fa7ffa2,,c-690ef10b-0cf1abd9-39e48c7dd1cd,1762586926502,Sync,1504.78,1762586925678,21.0.3.8,false,2048,26.76,InvokeFunction,,,LATEST,1-690ef12d-0c49fa-47825987ab1f,OnDemand,,,824.00,
,A5C7CD7E71BB55429480C147D0ABD6E0-2,1762586927,FCRequestMetrics:/n-matmul-2048,18,18,,,654.93,n-matmul-2048,false,b9c50fa7ffa2,,c-690ef10b-0cf1abd9-39e48c7dd1cd,1762586927186,Sync,1068.95,1762586926773,21.0.3.8,false,2048,34.57,InvokeFunction,,,LATEST,1-690ef12e-0c49fa-48e7540a87d6,OnDemand,,,413.25,
,82C12ED6E643926156E0217F8DC83EE9-2,1762586927,FCRequestMetrics:/n-matmul-2048,19,19,,,807.36,n-matmul-2048,false,a9b6a74eafdc,,c-690ef12d-0cf1abd9-2948faf88166,1762586926720,Sync,1313.09,1762586926215,21.0.3.8,false,2048,96.13,InvokeFunction,,,LATEST,1-690ef12f-0c49fa-ce8fb3ca58a3,OnDemand,,,504.99,
,5E9C37D1C997E792337F0D79C839D1F6-2,1762586927,FCRequestMetrics:/n-matmul-2048,18,18,,,795.93,n-matmul-2048,false,7be323259747,,c-690ef12d-0cf1abd9-4ddba8cb6fd4,1762586926488,Sync,877.37,1762586926407,21.0.3.8,false,2048,94.79,InvokeFunction,,,LATEST,1-690ef12f-0c0a43-02dfc177dcb7,OnDemand,,,80.59,
,7C3B3344857E71889D56CDA44A54F6B2-2,1762586927,FCRequestMetrics:/n-matmul-2048,18,18,,,805.69,n-matmul-2048,false,687fca8d325c,,c-690ef12c-0cf1abd9-6ced060ffe1b,1762586926496,Sync,1439.78,1762586925862,21.0.3.8,false,2048,94.15,InvokeFunction,,,LATEST,1-690ef12f-0c49fa-01e0d863e7b4,OnDemand,,,633.45,
,B10148BC96FECE49F2FC2439520A3175-2,1762586927,FCRequestMetrics:/n-matmul-2048,18,18,,,684.06,n-matmul-2048,false,9ae0a7a16fc1,,c-690ef12e-0cf1abd9-86b866453e74,1762586926318,Sync,1289.82,1762586925713,21.0.3.7,false,2048,90.45,InvokeFunction,,,LATEST,1-690ef12f-0c49fa-e39aa03eae1e,OnDemand,,,604.87,
,B10148BC96FECE49F2FC2439520A3175-2,1762586927,FCRequestMetrics:/n-matmul-2048,19,19,,,783.01,n-matmul-2048,false,9ae0a7a16fc1,,c-690ef12e-0cf1abd9-86b866453e74,1762586927006,Sync,1392.40,1762586926398,21.0.3.7,false,2048,94.98,InvokeFunction,,,LATEST,1-690ef12f-0c0a43-67b59a6fcb7f,OnDemand,,,608.28,
,E08BA4ABFB8C4109D958EF35CCDE9E75-1,1762586927,FCRequestMetrics:/n-matmul-2048,19,19,,,679.76,n-matmul-2048,false,f6ea6fba0d1f,,c-690ef12a-0cf1abd9-0e59ac1cec40,1762586926798,Sync,1188.32,1762586926290,21.0.3.6,false,2048,38.81,InvokeFunction,,,LATEST,1-690ef12f-0c49fa-c9128431ecbe,OnDemand,,,507.77,
,46B19270B472A6D217A2E559E7E7C97B-1,1762586927,FCRequestMetrics:/n-matmul-2048,18,18,,,0.03,n-matmul-2048,true,869d26b39717,,c-690ef10b-0cf1abd9-b6750c057b8f,1762586927512,Sync,757.04,1762586927181,21.0.3.8,false,2048,2.09,InvokeFunction,,,LATEST,1-690ef12f-0c0a43-2a4002622c27,OnDemand,,,330.74,,"{""errorType"":""FunctionAbnormalExitError""}"
,C38D529AEE78E8BFEBBDDADEDE13D41B-1,1762586927,FCRequestMetrics:/n-matmul-2048,18,18,,,0.04,n-matmul-2048,true,965073b71ef9,,c-690ef12c-0cf1abd9-ee855b82b2d6,1762586927144,Sync,814.91,1762586926740,21.0.3.7,false,2048,58.51,InvokeFunction,,,LATEST,1-690ef12f-0c0a43-242cd625be4a,OnDemand,,,404.02,,"{""errorType"":""FunctionAbnormalExitError""}"
,BF6FA9AF6994B690E2E5555B14FF4940-2,1762586927,FCRequestMetrics:/n-matmul-2048,18,18,,,728.76,n-matmul-2048,false,21ba44532db0,,c-690ef12f-0cf1abd9-72da07858f04,1762586926724,Sync,1035.59,1762586926418,21.0.3.8,false,2048,84.60,InvokeFunction,,,LATEST,1-690ef12f-0c0a43-66cd65e6274f,OnDemand,,,305.38,
,DDEEB29FD5ADFBB67E4F2FEB83463658-1,1762586927,FCRequestMetrics:/n-matmul-2048,19,19,,,0.02,n-matmul-2048,true,bc52147f2a7a,,c-690ef12c-0cf1abd9-69aaf8ca2a4b,1762586927347,Sync,1135.01,1762586926641,21.0.3.8,false,2048,60.42,InvokeFunction,,,LATEST,1-690ef12f-0c0a43-710e646ee9da,OnDemand,,,706.62,,"{""errorType"":""FunctionAbnormalExitError""}"
,2523AFCDD5BD8A2B2953E48983230929-1,1762586928,FCRequestMetrics:/n-matmul-2048,18,18,,,807.04,n-matmul-2048,false,01d6f783bdb1,,c-690ef10b-0cf1abd9-dd39c218e942,1762586927220,Sync,1253.12,1762586926775,21.0.3.8,false,2048,43.05,InvokeFunction,,,LATEST,1-690ef12e-0c49fa-2ff2b88da982,OnDemand,,,445.33,
,EB19AA8F9B61C51C3FCBC98D949BD1C2-2,1762586928,FCRequestMetrics:/n-matmul-2048,19,19,,,791.98,n-matmul-2048,false,211d8375abf1,,c-690ef12d-0cf1abd9-78e04fcb7549,1762586927367,Sync,1585.89,1762586926574,21.0.3.8,false,2048,99.53,InvokeFunction,,,LATEST,1-690ef12f-0c0a43-f42d87a39103,OnDemand,,,793.11,
,A5C7CD7E71BB55429480C147D0ABD6E0-2,1762586928,FCRequestMetrics:/n-matmul-2048,18,18,,,786.49,n-matmul-2048,false,b9c50fa7ffa2,,c-690ef10b-0cf1abd9-39e48c7dd1cd,1762586927845,Sync,1441.05,1762586927191,21.0.3.8,false,2048,38.94,InvokeFunction,,,LATEST,1-690ef12f-0c49fa-64c31d2bd2c0,OnDemand,,,653.88,
,5E9C37D1C997E792337F0D79C839D1F6-2,1762586928,FCRequestMetrics:/n-matmul-2048,18,18,,,820.61,n-matmul-2048,false,7be323259747,,c-690ef12d-0cf1abd9-4ddba8cb6fd4,1762586927288,Sync,1165.15,1762586926944,21.0.3.8,false,2048,97.57,InvokeFunction,,,LATEST,1-690ef12f-0c0a43-32ee753c786a,OnDemand,,,343.81,
,B10148BC96FECE49F2FC2439520A3175-2,1762586928,FCRequestMetrics:/n-matmul-2048,6,6,,,791.23,n-matmul-2048,false,9ae0a7a16fc1,,c-690ef12e-0cf1abd9-86b866453e74,1762586927992,Sync,792.66,1762586927991,21.0.3.7,false,2048,98.27,InvokeFunction,,,LATEST,1-690ef131-0c0a43-c7d92f838292,OnDemand,,,0.49,
,E08BA4ABFB8C4109D958EF35CCDE9E75-1,1762586928,FCRequestMetrics:/n-matmul-2048,6,6,,,946.59,n-matmul-2048,false,f6ea6fba0d1f,,c-690ef12a-0cf1abd9-0e59ac1cec40,1762586927961,Sync,947.90,1762586927960,21.0.3.6,false,2048,40.36,InvokeFunction,,,LATEST,1-690ef131-0c0a43-0ed97594d285,OnDemand,,,0.48,
,46B19270B472A6D217A2E559E7E7C97B-1,1762586928,FCRequestMetrics:/n-matmul-2048,18,18,,,700.65,n-matmul-2048,false,869d26b39717,,c-690ef10b-0cf1abd9-b6750c057b8f,1762586927942,Sync,933.02,1762586927710,21.0.3.8,false,2048,28.74,InvokeFunction,,,LATEST,1-690ef12f-0c0a43-986a37455b17,OnDemand,,,231.24,
,9A02C87DA0F400C9E40F40EF2DF6006D-1,1762586928,FCRequestMetrics:/n-matmul-2048,18,18,,,0.03,n-matmul-2048,true,3ea4534df15d,,c-690ef10b-0cf1abd9-31fefea0e1fd,1762586927740,Sync,961.64,1762586927185,21.0.3.8,false,2048,2.15,InvokeFunction,,,LATEST,1-690ef12f-0c49fa-68fc792308ff,OnDemand,,,554.04,,"{""errorType"":""FunctionAbnormalExitError""}"
,9A02C87DA0F400C9E40F40EF2DF6006D-1,1762586928,FCRequestMetrics:/n-matmul-2048,18,18,,,683.11,n-matmul-2048,false,3ea4534df15d,,c-690ef10b-0cf1abd9-31fefea0e1fd,1762586928149,Sync,1106.99,1762586927726,21.0.3.8,false,2048,28.66,InvokeFunction,,,LATEST,1-690ef12f-0c49fa-e0866c6f0f52,OnDemand,,,423.23,
,B63107B9394C762ADF436F322BAA4B65-0,1762586928,FCRequestMetrics:/n-matmul-2048,18,18,,,0.04,n-matmul-2048,true,1ccfa60657e6,,c-690ef10b-0cf1abd9-672e1c9f5eed,1762586927842,Sync,1057.62,1762586927189,21.0.3.8,false,2048,4.04,InvokeFunction,,,LATEST,1-690ef12f-0c0a43-1c2ae6c34397,OnDemand,,,652.82,,"{""errorType"":""FunctionAbnormalExitError""}"
,B2D19E9889F3DDE524F4ACFCF2A5FEBF-1,1762586928,FCRequestMetrics:/n-matmul-2048,18,18,,,0.02,n-matmul-2048,true,95f39cca25aa,,c-690ef10b-0cf1abd9-336379de3020,1762586927936,Sync,643.31,1762586927704,21.0.3.8,false,2048,2.29,InvokeFunction,,,LATEST,1-690ef12f-0c0a43-078857260c9d,OnDemand,,,232.07,,"{""errorType"":""FunctionAbnormalExitError""}"
,00E67D373DA9C60BEF759D13208EAAD9-1,1762586928,FCRequestMetrics:/n-matmul-2048,18,18,,,0.02,n-matmul-2048,true,9013ed408e73,,c-690ef10b-0cf1abd9-dbc16e7d233d,1762586927921,Sync,648.09,1762586927704,21.0.3.8,false,2048,2.22,InvokeFunction,,,LATEST,1-690ef12f-0c0a43-0d9854f3c0b4,OnDemand,,,217.14,,"{""errorType"":""FunctionAbnormalExitError""}"
,D5A4CD99F058D411C58A3919BEB264F4-1,1762586928,FCRequestMetrics:/n-matmul-2048,18,18,,,0.04,n-matmul-2048,true,a1586973fec8,,c-690ef10b-0cf1abd9-90463d425ca7,1762586927904,Sync,1067.27,1762586927269,21.0.3.8,false,2048,2.23,InvokeFunction,,,LATEST,1-690ef12f-0c49fa-1b0f451af173,OnDemand,,,634.96,,"{""errorType"":""FunctionAbnormalExitError""}"
,211620C9A07558D2D8764497DA6068A4-1,1762586928,FCRequestMetrics:/n-matmul-2048,18,18,,,0.02,n-matmul-2048,true,e053c99a8bb6,,c-690ef10b-0cf1abd9-9de429f2e3c5,1762586927825,Sync,1058.15,1762586927188,21.0.3.8,false,2048,2.14,InvokeFunction,,,LATEST,1-690ef12f-0c0a43-b2a79e868dbd,OnDemand,,,636.95,,"{""errorType"":""FunctionAbnormalExitError""}"
,211620C9A07558D2D8764497DA6068A4-1,1762586928,FCRequestMetrics:/n-matmul-2048,19,19,,,682.60,n-matmul-2048,false,e053c99a8bb6,,c-690ef10b-0cf1abd9-9de429f2e3c5,1762586928248,Sync,1193.29,1762586927738,21.0.3.8,false,2048,26.57,InvokeFunction,,,LATEST,1-690ef12f-0c0a43-5401c6f53c37,OnDemand,,,508.77,
,510F8A150819018E635E267F62520B9B-1,1762586928,FCRequestMetrics:/n-matmul-2048,18,18,,,0.03,n-matmul-2048,true,c8577adbf622,,c-690ef10b-0cf1abd9-26ef2c508c1e,1762586927637,Sync,867.91,1762586927183,21.0.3.8,false,2048,4.19,InvokeFunction,,,LATEST,1-690ef12f-0c0a43-2d0d9f40f3fd,OnDemand,,,454.31,,"{""errorType"":""FunctionAbnormalExitError""}"
,510F8A150819018E635E267F62520B9B-1,1762586928,FCRequestMetrics:/n-matmul-2048,18,18,,,688.28,n-matmul-2048,false,c8577adbf622,,c-690ef10b-0cf1abd9-26ef2c508c1e,1762586928053,Sync,1027.98,1762586927713,21.0.3.8,false,2048,28.59,InvokeFunction,,,LATEST,1-690ef12f-0c49fa-2d2595fc3bd9,OnDemand,,,338.48,
,C38D529AEE78E8BFEBBDDADEDE13D41B-1,1762586928,FCRequestMetrics:/n-matmul-2048,19,19,,,714.35,n-matmul-2048,false,965073b71ef9,,c-690ef12c-0cf1abd9-ee855b82b2d6,1762586927557,Sync,1320.97,1762586926951,21.0.3.7,false,2048,30.54,InvokeFunction,,,LATEST,1-690ef12f-0c49fa-7a920c835cb9,OnDemand,,,605.91,
,BF6FA9AF6994B690E2E5555B14FF4940-2,1762586928,FCRequestMetrics:/n-matmul-2048,6,6,,,655.78,n-matmul-2048,false,21ba44532db0,,c-690ef12f-0cf1abd9-72da07858f04,1762586928113,Sync,657.44,1762586928112,21.0.3.8,false,2048,92.62,InvokeFunction,,,LATEST,1-690ef131-0c49fa-a0cb49b77e16,OnDemand,,,0.87,
,2523AFCDD5BD8A2B2953E48983230929-1,1762586928,FCRequestMetrics:/n-matmul-2048,18,18,,,0.02,n-matmul-2048,true,01d6f783bdb1,,c-690ef10b-0cf1abd9-dd39c218e942,1762586928031,Sync,759.65,1762586927709,21.0.3.8,false,2048,4.07,InvokeFunction,,,LATEST,1-690ef12f-0c49fa-55aa73a6a117,OnDemand,,,322.26,,"{""errorType"":""FunctionAbnormalExitError""}"
,18363E7E93F59FF8F193127D52D86051-1,1762586928,FCRequestMetrics:/n-matmul-2048,5,5,,,740.36,n-matmul-2048,false,3f9c9a307fd4,,c-690ef130-0cf1abd9-454ab669b866,1762586928129,Sync,742.26,1762586928128,21.0.3.8,false,2048,82.76,InvokeFunction,,,LATEST,1-690ef131-0c0a43-324b2ad4b915,OnDemand,,,0.57,
,EB19AA8F9B61C51C3FCBC98D949BD1C2-0,1762586928,FCRequestMetrics:/n-matmul-2048,5,5,,,0.02,n-matmul-2048,true,211d8375abf1,,c-690ef12d-0cf1abd9-78e04fcb7549,1762586928200,Sync,460.64,1762586928200,21.0.3.8,false,2048,60.29,InvokeFunction,,,LATEST,1-690ef131-0c0a43-d548642960cd,OnDemand,,,0.56,,"{""errorType"":""FunctionAbnormalExitError""}"
,82C12ED6E643926156E0217F8DC83EE9-1,1762586928,FCRequestMetrics:/n-matmul-2048,6,6,,,0.04,n-matmul-2048,true,a9b6a74eafdc,,c-690ef12d-0cf1abd9-2948faf88166,1762586927902,Sync,492.55,1762586927901,21.0.3.8,false,2048,60.41,InvokeFunction,,,LATEST,1-690ef131-0c0a43-044f3697cfa0,OnDemand,,,0.42,,"{""errorType"":""FunctionAbnormalExitError""}"
,7C3B3344857E71889D56CDA44A54F6B2-1,1762586928,FCRequestMetrics:/n-matmul-2048,14,14,,,0.07,n-matmul-2048,true,687fca8d325c,,c-690ef12c-0cf1abd9-6ced060ffe1b,1762586928297,Sync,425.84,1762586928295,21.0.3.8,false,2048,58.42,InvokeFunction,,,LATEST,1-690ef131-0c49fa-774cb030e71e,OnDemand,,,1.15,,"{""errorType"":""FunctionAbnormalExitError""}"
,A5C7CD7E71BB55429480C147D0ABD6E0-2,1762586929,FCRequestMetrics:/n-matmul-2048,19,19,,,795.30,n-matmul-2048,false,b9c50fa7ffa2,,c-690ef10b-0cf1abd9-39e48c7dd1cd,1762586928635,Sync,1635.51,1762586927796,21.0.3.8,false,2048,42.02,InvokeFunction,,,LATEST,1-690ef12f-0c0a43-14a73c9befb1,OnDemand,,,838.89,
,46B19270B472A6D217A2E559E7E7C97B-1,1762586929,FCRequestMetrics:/n-matmul-2048,19,19,,,653.69,n-matmul-2048,false,869d26b39717,,c-690ef10b-0cf1abd9-b6750c057b8f,1762586928646,Sync,1232.60,1762586928068,21.0.3.8,false,2048,36.57,InvokeFunction,,,LATEST,1-690ef130-0c49fa-64996becdbbf,OnDemand,,,578.21,
,B63107B9394C762ADF436F322BAA4B65-0,1762586929,FCRequestMetrics:/n-matmul-2048,19,19,,,760.66,n-matmul-2048,false,1ccfa60657e6,,c-690ef10b-0cf1abd9-672e1c9f5eed,1762586928248,Sync,1248.83,1762586927760,21.0.3.8,false,2048,26.53,InvokeFunction,,,LATEST,1-690ef12f-0c49fa-d2a7e52e0a42,OnDemand,,,487.32,
,B2D19E9889F3DDE524F4ACFCF2A5FEBF-1,1762586929,FCRequestMetrics:/n-matmul-2048,19,19,,,669.74,n-matmul-2048,false,95f39cca25aa,,c-690ef10b-0cf1abd9-336379de3020,1762586928349,Sync,1190.18,1762586927829,21.0.3.8,false,2048,26.78,InvokeFunction,,,LATEST,1-690ef12f-0c49fa-7cefe6203e04,OnDemand,,,519.59,
,00E67D373DA9C60BEF759D13208EAAD9-1,1762586929,FCRequestMetrics:/n-matmul-2048,19,19,,,712.77,n-matmul-2048,false,9013ed408e73,,c-690ef10b-0cf1abd9-dbc16e7d233d,1762586928355,Sync,1349.89,1762586927719,21.0.3.8,false,2048,28.55,InvokeFunction,,,LATEST,1-690ef12f-0c0a43-11966e52a9d8,OnDemand,,,634.56,
,D5A4CD99F058D411C58A3919BEB264F4-1,1762586929,FCRequestMetrics:/n-matmul-2048,19,19,,,742.22,n-matmul-2048,false,a1586973fec8,,c-690ef10b-0cf1abd9-90463d425ca7,1762586928338,Sync,1281.14,1762586927799,21.0.3.8,false,2048,26.61,InvokeFunction,,,LATEST,1-690ef12f-0c0a43-825e550804cf,OnDemand,,,538.15,
,C38D529AEE78E8BFEBBDDADEDE13D41B-1,1762586929,FCRequestMetrics:/n-matmul-2048,6,6,,,730.75,n-matmul-2048,false,965073b71ef9,,c-690ef12c-0cf1abd9-ee855b82b2d6,1762586928286,Sync,732.96,1762586928284,21.0.3.7,false,2048,38.26,InvokeFunction,,,LATEST,1-690ef131-0c49fa-775d1da1b846,OnDemand,,,1.25,
,BF6FA9AF6994B690E2E5555B14FF4940-2,1762586929,FCRequestMetrics:/n-matmul-2048,20,20,,,662.43,n-matmul-2048,false,21ba44532db0,,c-690ef12f-0cf1abd9-72da07858f04,1762586928773,Sync,986.90,1762586928449,21.0.3.8,false,2048,94.91,InvokeFunction,,,LATEST,1-690ef131-0c0a43-0612f7edb292,OnDemand,,,323.63,
,2523AFCDD5BD8A2B2953E48983230929-1,1762586929,FCRequestMetrics:/n-matmul-2048,19,19,,,759.29,n-matmul-2048,false,01d6f783bdb1,,c-690ef10b-0cf1abd9-dd39c218e942,1762586928471,Sync,1304.09,1762586927927,21.0.3.8,false,2048,26.62,InvokeFunction,,,LATEST,1-690ef12f-0c49fa-2b66b3ce76a6,OnDemand,,,543.99,
,2523AFCDD5BD8A2B2953E48983230929-1,1762586929,FCRequestMetrics:/n-matmul-2048,6,6,,,644.04,n-matmul-2048,false,01d6f783bdb1,,c-690ef10b-0cf1abd9-dd39c218e942,1762586929298,Sync,645.94,1762586929297,21.0.3.8,false,2048,34.32,InvokeFunction,,,LATEST,1-690ef131-0c49fa-77bfa9a1e6d1,OnDemand,,,1.13,
,A5C7CD7E71BB55429480C147D0ABD6E0-3,1762586929,FCRequestMetrics:/n-matmul-2048,6,6,,,0.03,n-matmul-2048,true,b9c50fa7ffa2,,c-690ef10b-0cf1abd9-39e48c7dd1cd,1762586929473,Sync,452.34,1762586929472,21.0.3.8,false,2048,2.11,InvokeFunction,,,LATEST,1-690ef131-0c0a43-908fe97e801e,OnDemand,,,0.52,,"{""errorType"":""FunctionAbnormalExitError""}"
,18363E7E93F59FF8F193127D52D86051-1,1762586929,FCRequestMetrics:/n-matmul-2048,20,20,,,656.46,n-matmul-2048,false,3f9c9a307fd4,,c-690ef130-0cf1abd9-454ab669b866,1762586928874,Sync,1026.85,1762586928505,21.0.3.8,false,2048,90.12,InvokeFunction,,,LATEST,1-690ef131-0c49fa-1d51600cbf91,OnDemand,,,369.71,
,DDEEB29FD5ADFBB67E4F2FEB83463658-1,1762586929,FCRequestMetrics:/n-matmul-2048,14,14,,,806.36,n-matmul-2048,false,bc52147f2a7a,,c-690ef12c-0cf1abd9-69aaf8ca2a4b,1762586928615,Sync,808.09,1762586928613,21.0.3.8,false,2048,29.25,InvokeFunction,,,LATEST,1-690ef131-0c49fa-373bdd2c980b,OnDemand,,,0.88,
,EB19AA8F9B61C51C3FCBC98D949BD1C2-0,1762586929,FCRequestMetrics:/n-matmul-2048,20,20,,,785.12,n-matmul-2048,false,211d8375abf1,,c-690ef12d-0cf1abd9-78e04fcb7549,1762586928662,Sync,961.13,1762586928486,21.0.3.8,false,2048,26.55,InvokeFunction,,,LATEST,1-690ef131-0c0a43-83e9e9092c9b,OnDemand,,,175.26,
,82C12ED6E643926156E0217F8DC83EE9-1,1762586929,FCRequestMetrics:/n-matmul-2048,20,20,,,930.54,n-matmul-2048,false,a9b6a74eafdc,,c-690ef12d-0cf1abd9-2948faf88166,1762586928396,Sync,1238.02,1762586928089,21.0.3.8,false,2048,26.64,InvokeFunction,,,LATEST,1-690ef131-0c49fa-7ca07268050f,OnDemand,,,306.45,
,7C3B3344857E71889D56CDA44A54F6B2-1,1762586929,FCRequestMetrics:/n-matmul-2048,20,20,,,994.78,n-matmul-2048,false,687fca8d325c,,c-690ef12c-0cf1abd9-6ced060ffe1b,1762586928723,Sync,1345.76,1762586928373,21.0.3.8,false,2048,26.64,InvokeFunction,,,LATEST,1-690ef131-0c49fa-6b768a45e84d,OnDemand,,,350.34,
,5E9C37D1C997E792337F0D79C839D1F6-1,1762586929,FCRequestMetrics:/n-matmul-2048,14,14,,,0.03,n-matmul-2048,true,7be323259747,,c-690ef12d-0cf1abd9-4ddba8cb6fd4,1762586928904,Sync,459.66,1762586928903,21.0.3.8,false,2048,58.38,InvokeFunction,,,LATEST,1-690ef131-0c0a43-098fc1b09c15,OnDemand,,,0.53,,"{""errorType"":""FunctionAbnormalExitError""}"
,E08BA4ABFB8C4109D958EF35CCDE9E75-1,1762586929,FCRequestMetrics:/n-matmul-2048,20,20,,,0.03,n-matmul-2048,true,f6ea6fba0d1f,,c-690ef12a-0cf1abd9-0e59ac1cec40,1762586928911,Sync,1177.53,1762586928275,21.0.3.6,false,2048,4.22,InvokeFunction,,,LATEST,1-690ef131-0c49fa-a0dd5a4015a4,OnDemand,,,636.22,,"{""errorType"":""FunctionAbnormalExitError""}"
,B10148BC96FECE49F2FC2439520A3175-1,1762586929,FCRequestMetrics:/n-matmul-2048,20,20,,,0.02,n-matmul-2048,true,9ae0a7a16fc1,,c-690ef12e-0cf1abd9-86b866453e74,1762586928791,Sync,766.94,1762586928437,21.0.3.7,false,2048,58.53,InvokeFunction,,,LATEST,1-690ef131-0c49fa-ab62ee199eb3,OnDemand,,,353.75,,"{""errorType"":""FunctionAbnormalExitError""}"
,46B19270B472A6D217A2E559E7E7C97B-1,1762586930,FCRequestMetrics:/n-matmul-2048,5,5,,,779.60,n-matmul-2048,false,869d26b39717,,c-690ef10b-0cf1abd9-b6750c057b8f,1762586929341,Sync,781.45,1762586929340,21.0.3.8,false,2048,41.01,InvokeFunction,,,LATEST,1-690ef131-0c49fa-859242b03b3d,OnDemand,,,0.93,
,46B19270B472A6D217A2E559E7E7C97B-1,1762586930,FCRequestMetrics:/n-matmul-2048,20,20,,,798.55,n-matmul-2048,false,869d26b39717,,c-690ef10b-0cf1abd9-b6750c057b8f,1762586930124,Sync,1186.50,1762586929737,21.0.3.8,false,2048,44.57,InvokeFunction,,,LATEST,1-690ef131-0c0a43-b9932b29164e,OnDemand,,,387.12,
,9A02C87DA0F400C9E40F40EF2DF6006D-1,1762586930,FCRequestMetrics:/n-matmul-2048,14,14,,,645.85,n-matmul-2048,false,3ea4534df15d,,c-690ef10b-0cf1abd9-31fefea0e1fd,1762586929698,Sync,647.13,1762586929697,21.0.3.8,false,2048,36.43,InvokeFunction,,,LATEST,1-690ef131-0c0a43-d2252425e604,OnDemand,,,0.48,
,9A02C87DA0F400C9E40F40EF2DF6006D-1,1762586930,FCRequestMetrics:/n-matmul-2048,20,20,,,647.21,n-matmul-2048,false,3ea4534df15d,,c-690ef10b-0cf1abd9-31fefea0e1fd,1762586930347,Sync,953.66,1762586930042,21.0.3.8,false,2048,38.86,InvokeFunction,,,LATEST,1-690ef132-0c49fa-09a131c58818,OnDemand,,,305.62,
,B63107B9394C762ADF436F322BAA4B65-0,1762586930,FCRequestMetrics:/n-matmul-2048,6,6,,,647.75,n-matmul-2048,false,1ccfa60657e6,,c-690ef10b-0cf1abd9-672e1c9f5eed,1762586929591,Sync,650.41,1762586929590,21.0.3.8,false,2048,34.39,InvokeFunction,,,LATEST,1-690ef131-0c49fa-e34219d3282b,OnDemand,,,0.92,
,B2D19E9889F3DDE524F4ACFCF2A5FEBF-1,1762586930,FCRequestMetrics:/n-matmul-2048,6,6,,,633.13,n-matmul-2048,false,95f39cca25aa,,c-690ef10b-0cf1abd9-336379de3020,1762586929566,Sync,634.46,1762586929565,21.0.3.8,false,2048,34.34,InvokeFunction,,,LATEST,1-690ef131-0c0a43-7edc2fe5af30,OnDemand,,,0.50,
,B2D19E9889F3DDE524F4ACFCF2A5FEBF-1,1762586930,FCRequestMetrics:/n-matmul-2048,20,20,,,776.66,n-matmul-2048,false,95f39cca25aa,,c-690ef10b-0cf1abd9-336379de3020,1762586930202,Sync,1186.25,1762586929793,21.0.3.8,false,2048,38.80,InvokeFunction,,,LATEST,1-690ef131-0c0a43-b596897dda45,OnDemand,,,408.78,
,00E67D373DA9C60BEF759D13208EAAD9-1,1762586930,FCRequestMetrics:/n-matmul-2048,6,6,,,647.30,n-matmul-2048,false,9013ed408e73,,c-690ef10b-0cf1abd9-dbc16e7d233d,1762586929546,Sync,649.29,1762586929545,21.0.3.8,false,2048,36.21,InvokeFunction,,,LATEST,1-690ef131-0c49fa-a9813286f80b,OnDemand,,,1.15,
,00E67D373DA9C60BEF759D13208EAAD9-1,1762586930,FCRequestMetrics:/n-matmul-2048,20,20,,,650.24,n-matmul-2048,false,9013ed408e73,,c-690ef10b-0cf1abd9-dbc16e7d233d,1762586930198,Sync,1056.50,1762586929792,21.0.3.8,false,2048,38.49,InvokeFunction,,,LATEST,1-690ef131-0c49fa-c2ccba7eacb8,OnDemand,,,405.57,
,D5A4CD99F058D411C58A3919BEB264F4-1,1762586930,FCRequestMetrics:/n-matmul-2048,6,6,,,644.23,n-matmul-2048,false,a1586973fec8,,c-690ef10b-0cf1abd9-90463d425ca7,1762586929546,Sync,646.36,1762586929545,21.0.3.8,false,2048,34.40,InvokeFunction,,,LATEST,1-690ef131-0c49fa-53303c0a5828,OnDemand,,,1.38,
,D5A4CD99F058D411C58A3919BEB264F4-1,1762586930,FCRequestMetrics:/n-matmul-2048,20,20,,,645.04,n-matmul-2048,false,a1586973fec8,,c-690ef10b-0cf1abd9-90463d425ca7,1762586930194,Sync,1059.45,1762586929780,21.0.3.8,false,2048,36.74,InvokeFunction,,,LATEST,1-690ef131-0c0a43-fb362cf7ebb3,OnDemand,,,413.71,
,211620C9A07558D2D8764497DA6068A4-1,1762586930,FCRequestMetrics:/n-matmul-2048,14,14,,,665.60,n-matmul-2048,false,e053c99a8bb6,,c-690ef10b-0cf1abd9-9de429f2e3c5,1762586929673,Sync,666.91,1762586929672,21.0.3.8,false,2048,34.34,InvokeFunction,,,LATEST,1-690ef131-0c0a43-874e9730a725,OnDemand,,,0.56,
,510F8A150819018E635E267F62520B9B-1,1762586930,FCRequestMetrics:/n-matmul-2048,14,14,,,668.69,n-matmul-2048,false,c8577adbf622,,c-690ef10b-0cf1abd9-26ef2c508c1e,1762586929699,Sync,670.58,1762586929698,21.0.3.8,false,2048,36.12,InvokeFunction,,,LATEST,1-690ef131-0c49fa-55072192bcaa,OnDemand,,,1.16,
,C38D529AEE78E8BFEBBDDADEDE13D41B-1,1762586930,FCRequestMetrics:/n-matmul-2048,20,20,,,989.91,n-matmul-2048,false,965073b71ef9,,c-690ef12c-0cf1abd9-ee855b82b2d6,1762586929021,Sync,1285.50,1762586928726,21.0.3.7,false,2048,42.41,InvokeFunction,,,LATEST,1-690ef131-0c0a43-8cb4db195cec,OnDemand,,,294.47,
,BF6FA9AF6994B690E2E5555B14FF4940-2,1762586930,FCRequestMetrics:/n-matmul-2048,20,20,,,1066.98,n-matmul-2048,false,21ba44532db0,,c-690ef12f-0cf1abd9-72da07858f04,1762586929439,Sync,1753.66,1762586928754,21.0.3.8,false,2048,97.54,InvokeFunction,,,LATEST,1-690ef132-0c49fa-e52dbb1aa487,OnDemand,,,684.95,
,2523AFCDD5BD8A2B2953E48983230929-1,1762586930,FCRequestMetrics:/n-matmul-2048,20,20,,,647.16,n-matmul-2048,false,01d6f783bdb1,,c-690ef10b-0cf1abd9-dd39c218e942,1762586929946,Sync,882.28,1762586929711,21.0.3.8,false,2048,36.70,InvokeFunction,,,LATEST,1-690ef131-0c49fa-14afd7073591,OnDemand,,,234.26,
,A5C7CD7E71BB55429480C147D0ABD6E0-3,1762586930,FCRequestMetrics:/n-matmul-2048,20,20,,,693.61,n-matmul-2048,false,b9c50fa7ffa2,,c-690ef10b-0cf1abd9-39e48c7dd1cd,1762586929932,Sync,919.26,1762586929708,21.0.3.8,false,2048,26.59,InvokeFunction,,,LATEST,1-690ef131-0c49fa-761fde7ce9e8,OnDemand,,,218.91,
,18363E7E93F59FF8F193127D52D86051-1,1762586930,FCRequestMetrics:/n-matmul-2048,20,20,,,800.20,n-matmul-2048,false,3f9c9a307fd4,,c-690ef130-0cf1abd9-454ab669b866,1762586929535,Sync,1424.72,1762586928911,21.0.3.8,false,2048,94.55,InvokeFunction,,,LATEST,1-690ef132-0c0a43-2247c3ff8492,OnDemand,,,623.35,
,DDEEB29FD5ADFBB67E4F2FEB83463658-1,1762586930,FCRequestMetrics:/n-matmul-2048,20,20,,,970.66,n-matmul-2048,false,bc52147f2a7a,,c-690ef12c-0cf1abd9-69aaf8ca2a4b,1762586929425,Sync,1400.56,1762586928996,21.0.3.8,false,2048,36.23,InvokeFunction,,,LATEST,1-690ef132-0c0a43-9076c2a4438f,OnDemand,,,429.10,
,EB19AA8F9B61C51C3FCBC98D949BD1C2-0,1762586930,FCRequestMetrics:/n-matmul-2048,20,20,,,1000.24,n-matmul-2048,false,211d8375abf1,,c-690ef12d-0cf1abd9-78e04fcb7549,1762586929450,Sync,1760.27,1762586928691,21.0.3.8,false,2048,34.45,InvokeFunction,,,LATEST,1-690ef131-0c0a43-83a24ef1d4f0,OnDemand,,,759.27,
,82C12ED6E643926156E0217F8DC83EE9-1,1762586930,FCRequestMetrics:/n-matmul-2048,20,20,,,890.63,n-matmul-2048,false,a9b6a74eafdc,,c-690ef12d-0cf1abd9-2948faf88166,1762586929331,Sync,1591.62,1762586928630,21.0.3.8,false,2048,34.34,InvokeFunction,,,LATEST,1-690ef132-0c49fa-fecdaa4960e2,OnDemand,,,700.19,
,7C3B3344857E71889D56CDA44A54F6B2-1,1762586930,FCRequestMetrics:/n-matmul-2048,20,20,,,831.01,n-matmul-2048,false,687fca8d325c,,c-690ef12c-0cf1abd9-6ced060ffe1b,1762586929722,Sync,1323.08,1762586929231,21.0.3.8,false,2048,34.09,InvokeFunction,,,LATEST,1-690ef132-0c49fa-7165ce7de7ac,OnDemand,,,491.05,
,5E9C37D1C997E792337F0D79C839D1F6-1,1762586930,FCRequestMetrics:/n-matmul-2048,20,20,,,1004.18,n-matmul-2048,false,7be323259747,,c-690ef12d-0cf1abd9-4ddba8cb6fd4,1762586929364,Sync,1363.85,1762586929007,21.0.3.8,false,2048,28.63,InvokeFunction,,,LATEST,1-690ef131-0c0a43-53a4de0a5e01,OnDemand,,,357.04,
,E08BA4ABFB8C4109D958EF35CCDE9E75-1,1762586930,FCRequestMetrics:/n-matmul-2048,20,20,,,1005.07,n-matmul-2048,false,f6ea6fba0d1f,,c-690ef12a-0cf1abd9-0e59ac1cec40,1762586929456,Sync,1495.06,1762586928966,21.0.3.6,false,2048,31.51,InvokeFunction,,,LATEST,1-690ef132-0c49fa-700502e25a97,OnDemand,,,489.36,
,B10148BC96FECE49F2FC2439520A3175-1,1762586930,FCRequestMetrics:/n-matmul-2048,20,20,,,794.59,n-matmul-2048,false,9ae0a7a16fc1,,c-690ef12e-0cf1abd9-86b866453e74,1762586929206,Sync,1392.16,1762586928609,21.0.3.7,false,2048,28.63,InvokeFunction,,,LATEST,1-690ef132-0c49fa-cb40c7667fd2,OnDemand,,,596.85,
,9A02C87DA0F400C9E40F40EF2DF6006D-1,1762586931,FCRequestMetrics:/n-matmul-2048,20,20,,,815.70,n-matmul-2048,false,3ea4534df15d,,c-690ef10b-0cf1abd9-31fefea0e1fd,1762586930998,Sync,1464.82,1762586930350,21.0.3.8,false,2048,40.69,InvokeFunction,,,LATEST,1-690ef132-0c0a43-b3b9f1e0e8a8,OnDemand,,,648.46,
,B63107B9394C762ADF436F322BAA4B65-0,1762586931,FCRequestMetrics:/n-matmul-2048,20,20,,,798.53,n-matmul-2048,false,1ccfa60657e6,,c-690ef10b-0cf1abd9-672e1c9f5eed,1762586930243,Sync,1159.69,1762586929882,21.0.3.8,false,2048,38.72,InvokeFunction,,,LATEST,1-690ef131-0c49fa-4ac8cb802d9f,OnDemand,,,360.51,
,B63107B9394C762ADF436F322BAA4B65-0,1762586931,FCRequestMetrics:/n-matmul-2048,20,20,,,780.75,n-matmul-2048,false,1ccfa60657e6,,c-690ef10b-0cf1abd9-672e1c9f5eed,1762586931045,Sync,1239.44,1762586930587,21.0.3.8,false,2048,41.99,InvokeFunction,,,LATEST,1-690ef132-0c49fa-81f9b2886f02,OnDemand,,,457.82,
,B2D19E9889F3DDE524F4ACFCF2A5FEBF-1,1762586931,FCRequestMetrics:/n-matmul-2048,20,20,,,800.72,n-matmul-2048,false,95f39cca25aa,,c-690ef10b-0cf1abd9-336379de3020,1762586930981,Sync,1437.79,1762586930345,21.0.3.8,false,2048,41.80,InvokeFunction,,,LATEST,1-690ef132-0c0a43-0e938182c6f0,OnDemand,,,636.42,
,00E67D373DA9C60BEF759D13208EAAD9-1,1762586931,FCRequestMetrics:/n-matmul-2048,20,20,,,785.96,n-matmul-2048,false,9013ed408e73,,c-690ef10b-0cf1abd9-dbc16e7d233d,1762586930852,Sync,1406.89,1762586930234,21.0.3.8,false,2048,40.58,InvokeFunction,,,LATEST,1-690ef132-0c49fa-04b760e3f87c,OnDemand,,,618.24,
,D5A4CD99F058D411C58A3919BEB264F4-1,1762586931,FCRequestMetrics:/n-matmul-2048,20,20,,,788.52,n-matmul-2048,false,a1586973fec8,,c-690ef10b-0cf1abd9-90463d425ca7,1762586930843,Sync,1400.99,1762586930231,21.0.3.8,false,2048,38.52,InvokeFunction,,,LATEST,1-690ef132-0c49fa-076e5ea5c696,OnDemand,,,611.75,
,211620C9A07558D2D8764497DA6068A4-1,1762586931,FCRequestMetrics:/n-matmul-2048,20,20,,,799.24,n-matmul-2048,false,e053c99a8bb6,,c-690ef10b-0cf1abd9-9de429f2e3c5,1762586930342,Sync,1334.19,1762586929808,21.0.3.8,false,2048,38.71,InvokeFunction,,,LATEST,1-690ef131-0c49fa-c0c372b6d0e6,OnDemand,,,534.24,
,211620C9A07558D2D8764497DA6068A4-1,1762586931,FCRequestMetrics:/n-matmul-2048,20,20,,,793.74,n-matmul-2048,false,e053c99a8bb6,,c-690ef10b-0cf1abd9-9de429f2e3c5,1762586931145,Sync,1284.63,1762586930655,21.0.3.8,false,2048,41.94,InvokeFunction,,,LATEST,1-690ef132-0c0a43-43a06c7f3b55,OnDemand,,,490.19,
,510F8A150819018E635E267F62520B9B-1,1762586931,FCRequestMetrics:/n-matmul-2048,20,20,,,785.88,n-matmul-2048,false,c8577adbf622,,c-690ef10b-0cf1abd9-26ef2c508c1e,1762586930372,Sync,1113.41,1762586930045,21.0.3.8,false,2048,40.51,InvokeFunction,,,LATEST,1-690ef132-0c0a43-60fb4e1f3d47,OnDemand,,,326.74,
,510F8A150819018E635E267F62520B9B-1,1762586931,FCRequestMetrics:/n-matmul-2048,20,20,,,786.08,n-matmul-2048,false,c8577adbf622,,c-690ef10b-0cf1abd9-26ef2c508c1e,1762586931161,Sync,1281.32,1762586930669,21.0.3.8,false,2048,43.84,InvokeFunction,,,LATEST,1-690ef132-0c49fa-3d81ccbffdb1,OnDemand,,,492.21,
,C38D529AEE78E8BFEBBDDADEDE13D41B-1,1762586931,FCRequestMetrics:/n-matmul-2048,20,20,,,1001.81,n-matmul-2048,false,965073b71ef9,,c-690ef12c-0cf1abd9-ee855b82b2d6,1762586930015,Sync,2194.66,1762586928827,21.0.3.7,false,2048,45.35,InvokeFunction,,,LATEST,1-690ef131-0c0a43-908f608dc72f,OnDemand,,,1187.15,
,2523AFCDD5BD8A2B2953E48983230929-1,1762586931,FCRequestMetrics:/n-matmul-2048,20,20,,,788.22,n-matmul-2048,false,01d6f783bdb1,,c-690ef10b-0cf1abd9-dd39c218e942,1762586930597,Sync,1282.45,1762586930103,21.0.3.8,false,2048,38.54,InvokeFunction,,,LATEST,1-690ef132-0c49fa-01e0d81ae61d,OnDemand,,,493.54,
,A5C7CD7E71BB55429480C147D0ABD6E0-3,1762586931,FCRequestMetrics:/n-matmul-2048,20,20,,,664.00,n-matmul-2048,false,b9c50fa7ffa2,,c-690ef10b-0cf1abd9-39e48c7dd1cd,1762586930632,Sync,1160.61,1762586930136,21.0.3.8,false,2048,34.43,InvokeFunction,,,LATEST,1-690ef132-0c49fa-f5554d5c5737,OnDemand,,,495.96,
,A5C7CD7E71BB55429480C147D0ABD6E0-3,1762586931,FCRequestMetrics:/n-matmul-2048,20,20,,,672.29,n-matmul-2048,false,b9c50fa7ffa2,,c-690ef10b-0cf1abd9-39e48c7dd1cd,1762586931299,Sync,1302.54,1762586930670,21.0.3.8,false,2048,36.82,InvokeFunction,,,LATEST,1-690ef132-0c49fa-1206fe5355aa,OnDemand,,,629.38,
,18363E7E93F59FF8F193127D52D86051-1,1762586931,FCRequestMetrics:/n-matmul-2048,13,13,,,1170.73,n-matmul-2048,false,3f9c9a307fd4,,c-690ef130-0cf1abd9-454ab669b866,1762586930669,Sync,1172.77,1762586930667,21.0.3.8,false,2048,98.12,InvokeFunction,,,LATEST,1-690ef133-0c49fa-37c7174c89b0,OnDemand,,,1.18,
,DDEEB29FD5ADFBB67E4F2FEB83463658-1,1762586931,FCRequestMetrics:/n-matmul-2048,18,18,,,657.06,n-matmul-2048,false,bc52147f2a7a,,c-690ef12c-0cf1abd9-69aaf8ca2a4b,1762586930953,Sync,659.09,1762586930952,21.0.3.8,false,2048,38.39,InvokeFunction,,,LATEST,1-690ef134-0c49fa-61ce2a843258,OnDemand,,,1.16,
,EB19AA8F9B61C51C3FCBC98D949BD1C2-0,1762586931,FCRequestMetrics:/n-matmul-2048,13,13,,,659.53,n-matmul-2048,false,211d8375abf1,,c-690ef12d-0cf1abd9-78e04fcb7549,1762586930640,Sync,661.09,1762586930639,21.0.3.8,false,2048,36.63,InvokeFunction,,,LATEST,1-690ef133-0c49fa-5f0ef11d734d,OnDemand,,,0.84,
,82C12ED6E643926156E0217F8DC83EE9-1,1762586931,FCRequestMetrics:/n-matmul-2048,13,13,,,803.00,n-matmul-2048,false,a9b6a74eafdc,,c-690ef12d-0cf1abd9-2948faf88166,1762586930263,Sync,805.36,1762586930261,21.0.3.8,false,2048,38.25,InvokeFunction,,,LATEST,1-690ef133-0c49fa-2a0b501cbd55,OnDemand,,,1.38,
,82C12ED6E643926156E0217F8DC83EE9-1,1762586931,FCRequestMetrics:/n-matmul-2048,20,20,,,796.86,n-matmul-2048,false,a9b6a74eafdc,,c-690ef12d-0cf1abd9-2948faf88166,1762586931071,Sync,1293.21,1762586930575,21.0.3.8,false,2048,41.73,InvokeFunction,,,LATEST,1-690ef134-0c49fa-66c767cdaa23,OnDemand,,,495.60,
,7C3B3344857E71889D56CDA44A54F6B2-1,1762586931,FCRequestMetrics:/n-matmul-2048,18,18,,,783.95,n-matmul-2048,false,687fca8d325c,,c-690ef12c-0cf1abd9-6ced060ffe1b,1762586930586,Sync,786.09,1762586930584,21.0.3.8,false,2048,38.68,InvokeFunction,,,LATEST,1-690ef133-0c49fa-5ec6cb16a877,OnDemand,,,1.32,
,5E9C37D1C997E792337F0D79C839D1F6-1,1762586931,FCRequestMetrics:/n-matmul-2048,20,20,,,813.60,n-matmul-2048,false,7be323259747,,c-690ef12d-0cf1abd9-4ddba8cb6fd4,1762586930374,Sync,1315.44,1762586929884,21.0.3.8,false,2048,36.32,InvokeFunction,,,LATEST,1-690ef132-0c0a43-26947b832cf5,OnDemand,,,490.17,
,E08BA4ABFB8C4109D958EF35CCDE9E75-1,1762586931,FCRequestMetrics:/n-matmul-2048,19,19,,,644.82,n-matmul-2048,false,f6ea6fba0d1f,,c-690ef12a-0cf1abd9-0e59ac1cec40,1762586930486,Sync,646.92,1762586930485,21.0.3.6,false,2048,36.35,InvokeFunction,,,LATEST,1-690ef134-0c49fa-529a57ec805c,OnDemand,,,1.37,
,E08BA4ABFB8C4109D958EF35CCDE9E75-1,1762586931,FCRequestMetrics:/n-matmul-2048,20,20,,,793.90,n-matmul-2048,false,f6ea6fba0d1f,,c-690ef12a-0cf1abd9-0e59ac1cec40,1762586931134,Sync,1275.46,1762586930653,21.0.3.6,false,2048,40.94,InvokeFunction,,,LATEST,1-690ef134-0c0a43-44e5c300c3d5,OnDemand,,,480.75,
,46B19270B472A6D217A2E559E7E7C97B-0,1762586931,FCRequestMetrics:/n-matmul-2048,20,20,,,0.04,n-matmul-2048,true,869d26b39717,,c-690ef10b-0cf1abd9-b6750c057b8f,1762586930925,Sync,1101.23,1762586930250,21.0.3.8,false,2048,4.38,InvokeFunction,,,LATEST,1-690ef132-0c49fa-8582f16c0cd7,OnDemand,,,674.81,,"{""errorType"":""FunctionAbnormalExitError""}"
,B10148BC96FECE49F2FC2439520A3175-1,1762586931,FCRequestMetrics:/n-matmul-2048,13,13,,,964.60,n-matmul-2048,false,9ae0a7a16fc1,,c-690ef12e-0cf1abd9-86b866453e74,1762586930378,Sync,966.72,1762586930377,21.0.3.7,false,2048,36.07,InvokeFunction,,,LATEST,1-690ef133-0c0a43-d427f1f29e51,OnDemand,,,0.49,
,C38D529AEE78E8BFEBBDDADEDE13D41B-1,1762586931,FCRequestMetrics:/n-matmul-2048,18,18,,,0.03,n-matmul-2048,true,965073b71ef9,,c-690ef12c-0cf1abd9-ee855b82b2d6,1762586931028,Sync,432.23,1762586931027,21.0.3.7,false,2048,6.16,InvokeFunction,,,LATEST,1-690ef134-0c49fa-475ad61eb915,OnDemand,,,1.35,,"{""errorType"":""FunctionAbnormalExitError""}"
,BF6FA9AF6994B690E2E5555B14FF4940-1,1762586931,FCRequestMetrics:/n-matmul-2048,18,18,,,0.03,n-matmul-2048,true,21ba44532db0,,c-690ef12f-0cf1abd9-72da07858f04,1762586930520,Sync,571.23,1762586930518,21.0.3.8,false,2048,60.38,InvokeFunction,,,LATEST,1-690ef133-0c49fa-1959af7fc7ff,OnDemand,,,1.32,,"{""errorType"":""FunctionAbnormalExitError""}"
,BF6FA9AF6994B690E2E5555B14FF4940-1,1762586931,FCRequestMetrics:/n-matmul-2048,20,20,,,726.11,n-matmul-2048,false,21ba44532db0,,c-690ef12f-0cf1abd9-72da07858f04,1762586931092,Sync,1170.81,1762586930648,21.0.3.8,false,2048,26.36,InvokeFunction,,,LATEST,1-690ef134-0c0a43-4d919ce2a564,OnDemand,,,443.59,
,A5C7CD7E71BB55429480C147D0ABD6E0-3,1762586932,FCRequestMetrics:/n-matmul-2048,18,18,,,800.63,n-matmul-2048,false,b9c50fa7ffa2,,c-690ef10b-0cf1abd9-39e48c7dd1cd,1762586931979,Sync,802.06,1762586931979,21.0.3.8,false,2048,39.52,InvokeFunction,,,LATEST,1-690ef133-0c0a43-a241309dd665,OnDemand,,,0.52,
,DDEEB29FD5ADFBB67E4F2FEB83463658-1,1762586932,FCRequestMetrics:/n-matmul-2048,20,20,,,793.01,n-matmul-2048,false,bc52147f2a7a,,c-690ef12c-0cf1abd9-69aaf8ca2a4b,1762586931614,Sync,1346.79,1762586931061,21.0.3.8,false,2048,40.41,InvokeFunction,,,LATEST,1-690ef134-0c49fa-a0ac11351c78,OnDemand,,,553.13,
,EB19AA8F9B61C51C3FCBC98D949BD1C2-0,1762586932,FCRequestMetrics:/n-matmul-2048,20,20,,,786.35,n-matmul-2048,false,211d8375abf1,,c-690ef12d-0cf1abd9-78e04fcb7549,1762586931304,Sync,1181.84,1762586930909,21.0.3.8,false,2048,38.29,InvokeFunction,,,LATEST,1-690ef134-0c49fa-a23be83886d9,OnDemand,,,394.68,
,7C3B3344857E71889D56CDA44A54F6B2-1,1762586932,FCRequestMetrics:/n-matmul-2048,20,20,,,796.52,n-matmul-2048,false,687fca8d325c,,c-690ef12c-0cf1abd9-6ced060ffe1b,1762586931373,Sync,1264.21,1762586930906,21.0.3.8,false,2048,41.52,InvokeFunction,,,LATEST,1-690ef134-0c0a43-9ee81eb575c8,OnDemand,,,466.70,
,5E9C37D1C997E792337F0D79C839D1F6-1,1762586932,FCRequestMetrics:/n-matmul-2048,18,18,,,812.38,n-matmul-2048,false,7be323259747,,c-690ef12d-0cf1abd9-4ddba8cb6fd4,1762586931212,Sync,814.55,1762586931210,21.0.3.8,false,2048,40.07,InvokeFunction,,,LATEST,1-690ef133-0c49fa-42c2fbb924b5,OnDemand,,,1.36,
,5E9C37D1C997E792337F0D79C839D1F6-1,1762586932,FCRequestMetrics:/n-matmul-2048,20,20,,,814.33,n-matmul-2048,false,7be323259747,,c-690ef12d-0cf1abd9-4ddba8cb6fd4,1762586932028,Sync,1469.40,1762586931374,21.0.3.8,false,2048,43.48,InvokeFunction,,,LATEST,1-690ef134-0c0a43-93c53fbc39ff,OnDemand,,,654.34,
,E08BA4ABFB8C4109D958EF35CCDE9E75-1,1762586932,FCRequestMetrics:/n-matmul-2048,20,20,,,802.17,n-matmul-2048,false,f6ea6fba0d1f,,c-690ef12a-0cf1abd9-0e59ac1cec40,1762586931931,Sync,1394.82,1762586931340,21.0.3.6,false,2048,44.15,InvokeFunction,,,LATEST,1-690ef134-0c0a43-bf3602101d65,OnDemand,,,590.82,
,46B19270B472A6D217A2E559E7E7C97B-0,1762586932,FCRequestMetrics:/n-matmul-2048,20,20,,,677.00,n-matmul-2048,false,869d26b39717,,c-690ef10b-0cf1abd9-b6750c057b8f,1762586931353,Sync,1530.32,1762586930501,21.0.3.8,false,2048,28.50,InvokeFunction,,,LATEST,1-690ef132-0c49fa-fe7b02f464f9,OnDemand,,,852.40,
,46B19270B472A6D217A2E559E7E7C97B-0,1762586932,FCRequestMetrics:/n-matmul-2048,19,19,,,690.72,n-matmul-2048,false,869d26b39717,,c-690ef10b-0cf1abd9-b6750c057b8f,1762586932049,Sync,692.06,1762586932049,21.0.3.8,false,2048,36.10,InvokeFunction,,,LATEST,1-690ef134-0c0a43-c6e33310774e,OnDemand,,,0.45,
,B10148BC96FECE49F2FC2439520A3175-1,1762586932,FCRequestMetrics:/n-matmul-2048,20,20,,,786.19,n-matmul-2048,false,9ae0a7a16fc1,,c-690ef12e-0cf1abd9-86b866453e74,1762586931349,Sync,1525.51,1762586930610,21.0.3.7,false,2048,40.02,InvokeFunction,,,LATEST,1-690ef134-0c49fa-f10e02785349,OnDemand,,,738.48,
,B10148BC96FECE49F2FC2439520A3175-1,1762586932,FCRequestMetrics:/n-matmul-2048,20,20,,,812.98,n-matmul-2048,false,9ae0a7a16fc1,,c-690ef12e-0cf1abd9-86b866453e74,1762586932139,Sync,1185.15,1762586931768,21.0.3.7,false,2048,43.28,InvokeFunction,,,LATEST,1-690ef135-0c0a43-46bcacfed367,OnDemand,,,371.42,
,9A02C87DA0F400C9E40F40EF2DF6006D-1,1762586932,FCRequestMetrics:/n-matmul-2048,13,13,,,0.02,n-matmul-2048,true,3ea4534df15d,,c-690ef10b-0cf1abd9-31fefea0e1fd,1762586931829,Sync,405.82,1762586931828,21.0.3.8,false,2048,4.23,InvokeFunction,,,LATEST,1-690ef133-0c49fa-d8c7aec36e72,OnDemand,,,0.94,,"{""errorType"":""FunctionAbnormalExitError""}"
,9A02C87DA0F400C9E40F40EF2DF6006D-1,1762586932,FCRequestMetrics:/n-matmul-2048,20,20,,,680.27,n-matmul-2048,false,3ea4534df15d,,c-690ef10b-0cf1abd9-31fefea0e1fd,1762586932236,Sync,840.99,1762586932076,21.0.3.8,false,2048,26.91,InvokeFunction,,,LATEST,1-690ef134-0c49fa-46798f62c94c,OnDemand,,,160.05,
,D5A4CD99F058D411C58A3919BEB264F4-1,1762586932,FCRequestMetrics:/n-matmul-2048,13,13,,,0.04,n-matmul-2048,true,a1586973fec8,,c-690ef10b-0cf1abd9-90463d425ca7,1762586931868,Sync,412.76,1762586931867,21.0.3.8,false,2048,2.11,InvokeFunction,,,LATEST,1-690ef133-0c49fa-3641244ca428,OnDemand,,,1.42,,"{""errorType"":""FunctionAbnormalExitError""}"
,D5A4CD99F058D411C58A3919BEB264F4-1,1762586932,FCRequestMetrics:/n-matmul-2048,20,20,,,696.06,n-matmul-2048,false,a1586973fec8,,c-690ef10b-0cf1abd9-90463d425ca7,1762586932282,Sync,887.43,1762586932091,21.0.3.8,false,2048,26.66,InvokeFunction,,,LATEST,1-690ef134-0c0a43-6e89ba1752f0,OnDemand,,,189.27,
,B2D19E9889F3DDE524F4ACFCF2A5FEBF-1,1762586932,FCRequestMetrics:/n-matmul-2048,13,13,,,0.04,n-matmul-2048,true,95f39cca25aa,,c-690ef10b-0cf1abd9-336379de3020,1762586931833,Sync,416.14,1762586931832,21.0.3.8,false,2048,2.39,InvokeFunction,,,LATEST,1-690ef133-0c49fa-b7ca5dffd339,OnDemand,,,0.87,,"{""errorType"":""FunctionAbnormalExitError""}"
,B2D19E9889F3DDE524F4ACFCF2A5FEBF-1,1762586932,FCRequestMetrics:/n-matmul-2048,20,20,,,677.56,n-matmul-2048,false,95f39cca25aa,,c-690ef10b-0cf1abd9-336379de3020,1762586932250,Sync,852.18,1762586932076,21.0.3.8,false,2048,26.54,InvokeFunction,,,LATEST,1-690ef134-0c49fa-651196e66008,OnDemand,,,173.76,
,B63107B9394C762ADF436F322BAA4B65-1,1762586932,FCRequestMetrics:/n-matmul-2048,13,13,,,0.02,n-matmul-2048,true,1ccfa60657e6,,c-690ef10b-0cf1abd9-672e1c9f5eed,1762586931832,Sync,433.13,1762586931831,21.0.3.8,false,2048,2.07,InvokeFunction,,,LATEST,1-690ef133-0c49fa-b4f9f55bb520,OnDemand,,,1.01,,"{""errorType"":""FunctionAbnormalExitError""}"
,B63107B9394C762ADF436F322BAA4B65-1,1762586932,FCRequestMetrics:/n-matmul-2048,20,20,,,683.62,n-matmul-2048,false,1ccfa60657e6,,c-690ef10b-0cf1abd9-672e1c9f5eed,1762586932266,Sync,863.98,1762586932087,21.0.3.8,false,2048,26.64,InvokeFunction,,,LATEST,1-690ef134-0c49fa-528dc53f80ce,OnDemand,,,179.50,
,00E67D373DA9C60BEF759D13208EAAD9-1,1762586932,FCRequestMetrics:/n-matmul-2048,13,13,,,0.05,n-matmul-2048,true,9013ed408e73,,c-690ef10b-0cf1abd9-dbc16e7d233d,1762586931862,Sync,423.36,1762586931860,21.0.3.8,false,2048,4.18,InvokeFunction,,,LATEST,1-690ef133-0c49fa-6b6841a6d0f1,OnDemand,,,1.35,,"{""errorType"":""FunctionAbnormalExitError""}"
,00E67D373DA9C60BEF759D13208EAAD9-1,1762586932,FCRequestMetrics:/n-matmul-2048,20,20,,,679.37,n-matmul-2048,false,9013ed408e73,,c-690ef10b-0cf1abd9-dbc16e7d233d,1762586932285,Sync,871.34,1762586932094,21.0.3.8,false,2048,26.72,InvokeFunction,,,LATEST,1-690ef134-0c0a43-0b6bd8d9cfe9,OnDemand,,,191.02,
,211620C9A07558D2D8764497DA6068A4-1,1762586932,FCRequestMetrics:/n-matmul-2048,18,18,,,0.04,n-matmul-2048,true,e053c99a8bb6,,c-690ef10b-0cf1abd9-9de429f2e3c5,1762586931950,Sync,418.39,1762586931950,21.0.3.8,false,2048,2.02,InvokeFunction,,,LATEST,1-690ef133-0c0a43-1408a089c835,OnDemand,,,0.55,,"{""errorType"":""FunctionAbnormalExitError""}"
,510F8A150819018E635E267F62520B9B-1,1762586932,FCRequestMetrics:/n-matmul-2048,18,18,,,0.02,n-matmul-2048,true,c8577adbf622,,c-690ef10b-0cf1abd9-26ef2c508c1e,1762586932009,Sync,425.25,1762586932009,21.0.3.8,false,2048,4.10,InvokeFunction,,,LATEST,1-690ef134-0c0a43-8d7aed7e38aa,OnDemand,,,0.53,,"{""errorType"":""FunctionAbnormalExitError""}"
,2523AFCDD5BD8A2B2953E48983230929-1,1762586932,FCRequestMetrics:/n-matmul-2048,19,19,,,0.03,n-matmul-2048,true,01d6f783bdb1,,c-690ef10b-0cf1abd9-dd39c218e942,1762586932076,Sync,419.87,1762586932076,21.0.3.8,false,2048,2.34,InvokeFunction,,,LATEST,1-690ef134-0c0a43-3ec32ab851d7,OnDemand,,,0.54,,"{""errorType"":""FunctionAbnormalExitError""}"
,18363E7E93F59FF8F193127D52D86051-1,1762586932,FCRequestMetrics:/n-matmul-2048,20,20,,,0.03,n-matmul-2048,true,3f9c9a307fd4,,c-690ef130-0cf1abd9-454ab669b866,1762586931845,Sync,1048.19,1762586931342,21.0.3.8,false,2048,58.28,InvokeFunction,,,LATEST,1-690ef134-0c49fa-ce543047c12c,OnDemand,,,501.96,,"{""errorType"":""FunctionAbnormalExitError""}"
,C38D529AEE78E8BFEBBDDADEDE13D41B-1,1762586932,FCRequestMetrics:/n-matmul-2048,20,20,,,706.43,n-matmul-2048,false,965073b71ef9,,c-690ef12c-0cf1abd9-ee855b82b2d6,1762586931462,Sync,1058.21,1762586931110,21.0.3.7,false,2048,26.71,InvokeFunction,,,LATEST,1-690ef134-0c49fa-e432337a646d,OnDemand,,,351.02,
,C38D529AEE78E8BFEBBDDADEDE13D41B-1,1762586932,FCRequestMetrics:/n-matmul-2048,20,20,,,656.80,n-matmul-2048,false,965073b71ef9,,c-690ef12c-0cf1abd9-ee855b82b2d6,1762586932172,Sync,1120.32,1762586931709,21.0.3.7,false,2048,34.05,InvokeFunction,,,LATEST,1-690ef134-0c0a43-5b46d9a8fc95,OnDemand,,,462.80,
,BF6FA9AF6994B690E2E5555B14FF4940-1,1762586932,FCRequestMetrics:/n-matmul-2048,20,20,,,643.88,n-matmul-2048,false,21ba44532db0,,c-690ef12f-0cf1abd9-72da07858f04,1762586931821,Sync,1172.44,1762586931301,21.0.3.8,false,2048,34.17,InvokeFunction,,,LATEST,1-690ef134-0c0a43-094e6537db76,OnDemand,,,520.74,
,7C3B3344857E71889D56CDA44A54F6B2-1,1762586932,FCRequestMetrics:/n-matmul-2048,20,20,,,0.04,n-matmul-2048,true,687fca8d325c,,c-690ef12c-0cf1abd9-6ced060ffe1b,1762586932175,Sync,1040.19,1762586931565,21.0.3.8,false,2048,2.20,InvokeFunction,,,LATEST,1-690ef134-0c49fa-64e91f8963de,OnDemand,,,609.69,,"{""errorType"":""FunctionAbnormalExitError""}"
,DDEEB29FD5ADFBB67E4F2FEB83463658-3,1762586932,FCRequestMetrics:/n-matmul-2048,20,20,,,0.02,n-matmul-2048,true,bc52147f2a7a,,c-690ef12c-0cf1abd9-69aaf8ca2a4b,1762586932411,Sync,1100.91,1762586931740,21.0.3.8,false,2048,4.12,InvokeFunction,,,LATEST,1-690ef134-0c0a43-dc90fe0f2800,OnDemand,,,670.86,,"{""errorType"":""FunctionAbnormalExitError""}"
,EB19AA8F9B61C51C3FCBC98D949BD1C2-1,1762586932,FCRequestMetrics:/n-matmul-2048,20,20,,,0.03,n-matmul-2048,true,211d8375abf1,,c-690ef12d-0cf1abd9-78e04fcb7549,1762586932094,Sync,924.00,1762586931593,21.0.3.8,false,2048,2.10,InvokeFunction,,,LATEST,1-690ef134-0c49fa-a2e26c4b6495,OnDemand,,,500.33,,"{""errorType"":""FunctionAbnormalExitError""}"
,82C12ED6E643926156E0217F8DC83EE9-0,1762586932,FCRequestMetrics:/n-matmul-2048,20,20,,,0.03,n-matmul-2048,true,a9b6a74eafdc,,c-690ef12d-0cf1abd9-2948faf88166,1762586931872,Sync,1044.66,1762586931263,21.0.3.8,false,2048,2.25,InvokeFunction,,,LATEST,1-690ef134-0c49fa-d195dd402fb1,OnDemand,,,608.37,,"{""errorType"":""FunctionAbnormalExitError""}"
,46B19270B472A6D217A2E559E7E7C97B-0,1762586933,FCRequestMetrics:/n-matmul-2048,20,20,,,790.04,n-matmul-2048,false,869d26b39717,,c-690ef10b-0cf1abd9-b6750c057b8f,1762586932744,Sync,1271.96,1762586932263,21.0.3.8,false,2048,40.59,InvokeFunction,,,LATEST,1-690ef134-0c49fa-fbf8e74837e0,OnDemand,,,481.03,
,9A02C87DA0F400C9E40F40EF2DF6006D-1,1762586933,FCRequestMetrics:/n-matmul-2048,20,20,,,642.34,n-matmul-2048,false,3ea4534df15d,,c-690ef10b-0cf1abd9-31fefea0e1fd,1762586932920,Sync,1101.30,1762586932461,21.0.3.8,false,2048,34.20,InvokeFunction,,,LATEST,1-690ef134-0c0a43-266cb9949c0c,OnDemand,,,458.28,
,D5A4CD99F058D411C58A3919BEB264F4-1,1762586933,FCRequestMetrics:/n-matmul-2048,20,20,,,674.19,n-matmul-2048,false,a1586973fec8,,c-690ef10b-0cf1abd9-90463d425ca7,1762586932983,Sync,1104.85,1762586932559,21.0.3.8,false,2048,34.45,InvokeFunction,,,LATEST,1-690ef134-0c49fa-716aa65e6f70,OnDemand,,,424.00,
,B2D19E9889F3DDE524F4ACFCF2A5FEBF-1,1762586933,FCRequestMetrics:/n-matmul-2048,20,20,,,644.57,n-matmul-2048,false,95f39cca25aa,,c-690ef10b-0cf1abd9-336379de3020,1762586932932,Sync,1114.78,1762586932462,21.0.3.8,false,2048,34.64,InvokeFunction,,,LATEST,1-690ef134-0c49fa-d5a8c5c34eb8,OnDemand,,,469.52,
,B63107B9394C762ADF436F322BAA4B65-1,1762586933,FCRequestMetrics:/n-matmul-2048,20,20,,,664.36,n-matmul-2048,false,1ccfa60657e6,,c-690ef10b-0cf1abd9-672e1c9f5eed,1762586932954,Sync,1063.94,1762586932555,21.0.3.8,false,2048,33.96,InvokeFunction,,,LATEST,1-690ef134-0c0a43-bfda90f057fd,OnDemand,,,398.89,
,00E67D373DA9C60BEF759D13208EAAD9-1,1762586933,FCRequestMetrics:/n-matmul-2048,20,20,,,640.60,n-matmul-2048,false,9013ed408e73,,c-690ef10b-0cf1abd9-dbc16e7d233d,1762586932968,Sync,1054.67,1762586932555,21.0.3.8,false,2048,34.27,InvokeFunction,,,LATEST,1-690ef134-0c49fa-196738abfd39,OnDemand,,,413.31,
,211620C9A07558D2D8764497DA6068A4-1,1762586933,FCRequestMetrics:/n-matmul-2048,20,20,,,723.90,n-matmul-2048,false,e053c99a8bb6,,c-690ef10b-0cf1abd9-9de429f2e3c5,1762586932370,Sync,999.99,1762586932094,21.0.3.8,false,2048,26.66,InvokeFunction,,,LATEST,1-690ef134-0c49fa-f37f6ab1bfcb,OnDemand,,,275.23,
,211620C9A07558D2D8764497DA6068A4-1,1762586933,FCRequestMetrics:/n-matmul-2048,20,20,,,652.91,n-matmul-2048,false,e053c99a8bb6,,c-690ef10b-0cf1abd9-9de429f2e3c5,1762586933097,Sync,1107.47,1762586932643,21.0.3.8,false,2048,34.30,InvokeFunction,,,LATEST,1-690ef134-0c0a43-9f70c928c38e,OnDemand,,,453.76,
,510F8A150819018E635E267F62520B9B-1,1762586933,FCRequestMetrics:/n-matmul-2048,20,20,,,675.68,n-matmul-2048,false,c8577adbf622,,c-690ef10b-0cf1abd9-26ef2c508c1e,1762586932436,Sync,1017.17,1762586932095,21.0.3.8,false,2048,26.57,InvokeFunction,,,LATEST,1-690ef134-0c0a43-fd52e21c3dce,OnDemand,,,339.56,
,510F8A150819018E635E267F62520B9B-1,1762586933,FCRequestMetrics:/n-matmul-2048,20,20,,,646.50,n-matmul-2048,false,c8577adbf622,,c-690ef10b-0cf1abd9-26ef2c508c1e,1762586933116,Sync,1120.38,1762586932643,21.0.3.8,false,2048,34.37,InvokeFunction,,,LATEST,1-690ef134-0c49fa-19f639d1dd44,OnDemand,,,471.99,
,2523AFCDD5BD8A2B2953E48983230929-1,1762586933,FCRequestMetrics:/n-matmul-2048,20,20,,,689.10,n-matmul-2048,false,01d6f783bdb1,,c-690ef10b-0cf1abd9-dd39c218e942,1762586932498,Sync,1066.64,1762586932125,21.0.3.8,false,2048,26.86,InvokeFunction,,,LATEST,1-690ef134-0c0a43-bdd4531a3f57,OnDemand,,,370.93,
,2523AFCDD5BD8A2B2953E48983230929-1,1762586933,FCRequestMetrics:/n-matmul-2048,20,20,,,639.62,n-matmul-2048,false,01d6f783bdb1,,c-690ef10b-0cf1abd9-dd39c218e942,1762586933195,Sync,1104.46,1762586932731,21.0.3.8,false,2048,34.36,InvokeFunction,,,LATEST,1-690ef134-0c49fa-6aed147a2262,OnDemand,,,464.17,
,18363E7E93F59FF8F193127D52D86051-1,1762586933,FCRequestMetrics:/n-matmul-2048,20,20,,,688.99,n-matmul-2048,false,3f9c9a307fd4,,c-690ef130-0cf1abd9-454ab669b866,1762586932393,Sync,1104.02,1762586931978,21.0.3.8,false,2048,26.62,InvokeFunction,,,LATEST,1-690ef135-0c0a43-6f1284df0399,OnDemand,,,414.14,
,18363E7E93F59FF8F193127D52D86051-1,1762586933,FCRequestMetrics:/n-matmul-2048,11,11,,,658.56,n-matmul-2048,false,3f9c9a307fd4,,c-690ef130-0cf1abd9-454ab669b866,1762586933114,Sync,662.70,1762586933113,21.0.3.8,false,2048,34.21,InvokeFunction,,,LATEST,1-690ef136-0c49fa-1aa86d657da8,OnDemand,,,1.35,
,BF6FA9AF6994B690E2E5555B14FF4940-1,1762586933,FCRequestMetrics:/n-matmul-2048,11,11,,,659.03,n-matmul-2048,false,21ba44532db0,,c-690ef12f-0cf1abd9-72da07858f04,1762586932888,Sync,660.29,1762586932888,21.0.3.8,false,2048,36.56,InvokeFunction,,,LATEST,1-690ef136-0c0a43-c9240dd9d298,OnDemand,,,0.49,
,5E9C37D1C997E792337F0D79C839D1F6-1,1762586933,FCRequestMetrics:/n-matmul-2048,20,20,,,0.03,n-matmul-2048,true,7be323259747,,c-690ef12d-0cf1abd9-4ddba8cb6fd4,1762586932846,Sync,869.03,1762586932424,21.0.3.8,false,2048,4.36,InvokeFunction,,,LATEST,1-690ef135-0c49fa-85337b813817,OnDemand,,,422.12,,"{""errorType"":""FunctionAbnormalExitError""}"
,7C3B3344857E71889D56CDA44A54F6B2-1,1762586933,FCRequestMetrics:/n-matmul-2048,11,11,,,679.71,n-matmul-2048,false,687fca8d325c,,c-690ef12c-0cf1abd9-6ced060ffe1b,1762586932864,Sync,681.29,1762586932863,21.0.3.8,false,2048,28.61,InvokeFunction,,,LATEST,1-690ef136-0c49fa-bd7e62652ae7,OnDemand,,,0.81,
,DDEEB29FD5ADFBB67E4F2FEB83463658-3,1762586933,FCRequestMetrics:/n-matmul-2048,11,11,,,666.90,n-matmul-2048,false,bc52147f2a7a,,c-690ef12c-0cf1abd9-69aaf8ca2a4b,1762586933295,Sync,668.55,1762586933295,21.0.3.8,false,2048,28.64,InvokeFunction,,,LATEST,1-690ef136-0c0a43-e769e47dac69,OnDemand,,,0.52,
,EB19AA8F9B61C51C3FCBC98D949BD1C2-1,1762586933,FCRequestMetrics:/n-matmul-2048,20,20,,,720.36,n-matmul-2048,false,211d8375abf1,,c-690ef12d-0cf1abd9-78e04fcb7549,1762586932519,Sync,1119.26,1762586932121,21.0.3.8,false,2048,26.62,InvokeFunction,,,LATEST,1-690ef135-0c0a43-b9b63f7cef93,OnDemand,,,397.58,
,EB19AA8F9B61C51C3FCBC98D949BD1C2-1,1762586933,FCRequestMetrics:/n-matmul-2048,20,20,,,671.33,n-matmul-2048,false,211d8375abf1,,c-690ef12d-0cf1abd9-78e04fcb7549,1762586933243,Sync,710.39,1762586933204,21.0.3.8,false,2048,34.55,InvokeFunction,,,LATEST,1-690ef136-0c0a43-9d9f534c0ed6,OnDemand,,,38.49,
,A5C7CD7E71BB55429480C147D0ABD6E0-3,1762586933,FCRequestMetrics:/n-matmul-2048,20,20,,,0.03,n-matmul-2048,true,b9c50fa7ffa2,,c-690ef10b-0cf1abd9-39e48c7dd1cd,1762586932784,Sync,1052.38,1762586932167,21.0.3.8,false,2048,2.19,InvokeFunction,,,LATEST,1-690ef134-0c49fa-c2a30f9218dc,OnDemand,,,616.57,,"{""errorType"":""FunctionAbnormalExitError""}"
,A5C7CD7E71BB55429480C147D0ABD6E0-3,1762586933,FCRequestMetrics:/n-matmul-2048,20,20,,,676.70,n-matmul-2048,false,b9c50fa7ffa2,,c-690ef10b-0cf1abd9-39e48c7dd1cd,1762586933221,Sync,1152.62,1762586932745,21.0.3.8,false,2048,26.73,InvokeFunction,,,LATEST,1-690ef134-0c0a43-5b30ddff6e1f,OnDemand,,,474.87,
,E08BA4ABFB8C4109D958EF35CCDE9E75-1,1762586933,FCRequestMetrics:/n-matmul-2048,11,11,,,0.04,n-matmul-2048,true,f6ea6fba0d1f,,c-690ef12a-0cf1abd9-0e59ac1cec40,1762586932751,Sync,411.64,1762586932751,21.0.3.6,false,2048,4.20,InvokeFunction,,,LATEST,1-690ef136-0c0a43-3f42b44befc8,OnDemand,,,0.53,,"{""errorType"":""FunctionAbnormalExitError""}"
,E08BA4ABFB8C4109D958EF35CCDE9E75-1,1762586933,FCRequestMetrics:/n-matmul-2048,20,20,,,698.52,n-matmul-2048,false,f6ea6fba0d1f,,c-690ef12a-0cf1abd9-0e59ac1cec40,1762586933164,Sync,997.31,1762586932865,21.0.3.6,false,2048,26.62,InvokeFunction,,,LATEST,1-690ef136-0c0a43-621eba4e9aff,OnDemand,,,297.87,
,B10148BC96FECE49F2FC2439520A3175-1,1762586933,FCRequestMetrics:/n-matmul-2048,20,20,,,0.02,n-matmul-2048,true,9ae0a7a16fc1,,c-690ef12e-0cf1abd9-86b866453e74,1762586932956,Sync,492.62,1762586932887,21.0.3.7,false,2048,4.21,InvokeFunction,,,LATEST,1-690ef136-0c49fa-11b6d3055a03,OnDemand,,,69.06,,"{""errorType"":""FunctionAbnormalExitError""}"
,82C12ED6E643926156E0217F8DC83EE9-0,1762586933,FCRequestMetrics:/n-matmul-2048,11,11,,,749.29,n-matmul-2048,false,a9b6a74eafdc,,c-690ef12d-0cf1abd9-2948faf88166,1762586932728,Sync,750.80,1762586932727,21.0.3.8,false,2048,26.71,InvokeFunction,,,LATEST,1-690ef136-0c49fa-d9b014f2103c,OnDemand,,,0.74,
,46B19270B472A6D217A2E559E7E7C97B-0,1762586934,FCRequestMetrics:/n-matmul-2048,20,20,,,823.39,n-matmul-2048,false,869d26b39717,,c-690ef10b-0cf1abd9-b6750c057b8f,1762586933538,Sync,2178.50,1762586932184,21.0.3.8,false,2048,43.50,InvokeFunction,,,LATEST,1-690ef134-0c49fa-7a55a277bf68,OnDemand,,,1354.30,
,9A02C87DA0F400C9E40F40EF2DF6006D-1,1762586934,FCRequestMetrics:/n-matmul-2048,20,20,,,642.22,n-matmul-2048,false,3ea4534df15d,,c-690ef10b-0cf1abd9-31fefea0e1fd,1762586933565,Sync,1251.79,1762586932956,21.0.3.8,false,2048,36.55,InvokeFunction,,,LATEST,1-690ef134-0c49fa-14867b18a355,OnDemand,,,608.73,
,D5A4CD99F058D411C58A3919BEB264F4-1,1762586934,FCRequestMetrics:/n-matmul-2048,20,20,,,653.46,n-matmul-2048,false,a1586973fec8,,c-690ef10b-0cf1abd9-90463d425ca7,1762586933667,Sync,2151.86,1762586932169,21.0.3.8,false,2048,36.66,InvokeFunction,,,LATEST,1-690ef134-0c0a43-4988dc560447,OnDemand,,,1497.56,
,B2D19E9889F3DDE524F4ACFCF2A5FEBF-1,1762586934,FCRequestMetrics:/n-matmul-2048,20,20,,,773.70,n-matmul-2048,false,95f39cca25aa,,c-690ef10b-0cf1abd9-336379de3020,1762586933580,Sync,1260.22,1762586933094,21.0.3.8,false,2048,38.96,InvokeFunction,,,LATEST,1-690ef135-0c0a43-b3302da2bd2a,OnDemand,,,485.78,
,B63107B9394C762ADF436F322BAA4B65-1,1762586934,FCRequestMetrics:/n-matmul-2048,20,20,,,777.80,n-matmul-2048,false,1ccfa60657e6,,c-690ef10b-0cf1abd9-672e1c9f5eed,1762586933621,Sync,2253.26,1762586932146,21.0.3.8,false,2048,38.32,InvokeFunction,,,LATEST,1-690ef134-0c0a43-9b4c3f918837,OnDemand,,,1474.67,
,00E67D373DA9C60BEF759D13208EAAD9-1,1762586934,FCRequestMetrics:/n-matmul-2048,20,20,,,785.97,n-matmul-2048,false,9013ed408e73,,c-690ef10b-0cf1abd9-dbc16e7d233d,1762586933612,Sync,1285.67,1762586933112,21.0.3.8,false,2048,38.74,InvokeFunction,,,LATEST,1-690ef135-0c49fa-c63d6f5a40b4,OnDemand,,,498.98,
,211620C9A07558D2D8764497DA6068A4-1,1762586934,FCRequestMetrics:/n-matmul-2048,20,20,,,786.65,n-matmul-2048,false,e053c99a8bb6,,c-690ef10b-0cf1abd9-9de429f2e3c5,1762586933753,Sync,1388.63,1762586933152,21.0.3.8,false,2048,38.63,InvokeFunction,,,LATEST,1-690ef135-0c0a43-539fdfcaffe8,OnDemand,,,601.26,
,18363E7E93F59FF8F193127D52D86051-1,1762586934,FCRequestMetrics:/n-matmul-2048,20,20,,,646.78,n-matmul-2048,false,3f9c9a307fd4,,c-690ef130-0cf1abd9-454ab669b866,1762586933778,Sync,1180.66,1762586933245,21.0.3.8,false,2048,36.58,InvokeFunction,,,LATEST,1-690ef136-0c0a43-a19f6143bdf2,OnDemand,,,533.06,
,C38D529AEE78E8BFEBBDDADEDE13D41B-1,1762586934,FCRequestMetrics:/n-matmul-2048,11,11,,,794.76,n-matmul-2048,false,965073b71ef9,,c-690ef12c-0cf1abd9-ee855b82b2d6,1762586933424,Sync,796.94,1762586933423,21.0.3.7,false,2048,38.45,InvokeFunction,,,LATEST,1-690ef136-0c49fa-debf04a9ae0e,OnDemand,,,1.10,
,BF6FA9AF6994B690E2E5555B14FF4940-1,1762586934,FCRequestMetrics:/n-matmul-2048,20,20,,,788.57,n-matmul-2048,false,21ba44532db0,,c-690ef12f-0cf1abd9-72da07858f04,1762586933551,Sync,1322.20,1762586933018,21.0.3.8,false,2048,38.02,InvokeFunction,,,LATEST,1-690ef136-0c49fa-5bceb7da90c5,OnDemand,,,532.41,
,5E9C37D1C997E792337F0D79C839D1F6-1,1762586934,FCRequestMetrics:/n-matmul-2048,11,11,,,714.04,n-matmul-2048,false,7be323259747,,c-690ef12d-0cf1abd9-4ddba8cb6fd4,1762586933392,Sync,715.82,1762586933391,21.0.3.8,false,2048,28.87,InvokeFunction,,,LATEST,1-690ef136-0c49fa-01f89b8c4b54,OnDemand,,,0.90,
,5E9C37D1C997E792337F0D79C839D1F6-1,1762586934,FCRequestMetrics:/n-matmul-2048,20,20,,,656.68,n-matmul-2048,false,7be323259747,,c-690ef12d-0cf1abd9-4ddba8cb6fd4,1762586934111,Sync,1082.25,1762586933686,21.0.3.8,false,2048,36.52,InvokeFunction,,,LATEST,1-690ef136-0c49fa-5daa7b95d95f,OnDemand,,,424.86,
,7C3B3344857E71889D56CDA44A54F6B2-1,1762586934,FCRequestMetrics:/n-matmul-2048,20,20,,,674.52,n-matmul-2048,false,687fca8d325c,,c-690ef12c-0cf1abd9-6ced060ffe1b,1762586933548,Sync,1131.69,1762586933091,21.0.3.8,false,2048,36.61,InvokeFunction,,,LATEST,1-690ef136-0c0a43-16732294f0ec,OnDemand,,,456.44,
,DDEEB29FD5ADFBB67E4F2FEB83463658-3,1762586934,FCRequestMetrics:/n-matmul-2048,20,20,,,668.89,n-matmul-2048,false,bc52147f2a7a,,c-690ef12c-0cf1abd9-69aaf8ca2a4b,1762586933966,Sync,1015.40,1762586933620,21.0.3.8,false,2048,36.66,InvokeFunction,,,LATEST,1-690ef136-0c0a43-c993c3ea49b6,OnDemand,,,345.78,
,EB19AA8F9B61C51C3FCBC98D949BD1C2-1,1762586934,FCRequestMetrics:/n-matmul-2048,20,20,,,658.70,n-matmul-2048,false,211d8375abf1,,c-690ef12d-0cf1abd9-78e04fcb7549,1762586933917,Sync,1052.46,1762586933524,21.0.3.8,false,2048,36.84,InvokeFunction,,,LATEST,1-690ef136-0c49fa-d4d4246f3af3,OnDemand,,,392.95,
,E08BA4ABFB8C4109D958EF35CCDE9E75-1,1762586934,FCRequestMetrics:/n-matmul-2048,20,20,,,647.92,n-matmul-2048,false,f6ea6fba0d1f,,c-690ef12a-0cf1abd9-0e59ac1cec40,1762586933865,Sync,1267.46,1762586933246,21.0.3.6,false,2048,34.41,InvokeFunction,,,LATEST,1-690ef136-0c0a43-067c4d6cec62,OnDemand,,,618.87,
,B10148BC96FECE49F2FC2439520A3175-1,1762586934,FCRequestMetrics:/n-matmul-2048,20,20,,,692.69,n-matmul-2048,false,9ae0a7a16fc1,,c-690ef12e-0cf1abd9-86b866453e74,1762586933383,Sync,1168.27,1762586932908,21.0.3.7,false,2048,26.71,InvokeFunction,,,LATEST,1-690ef136-0c0a43-b9c3bc5a1f8e,OnDemand,,,473.51,
,B10148BC96FECE49F2FC2439520A3175-1,1762586934,FCRequestMetrics:/n-matmul-2048,20,20,,,647.04,n-matmul-2048,false,9ae0a7a16fc1,,c-690ef12e-0cf1abd9-86b866453e74,1762586934079,Sync,1784.14,1762586932943,21.0.3.7,false,2048,34.72,InvokeFunction,,,LATEST,1-690ef136-0c49fa-d83c49667274,OnDemand,,,1136.35,
,82C12ED6E643926156E0217F8DC83EE9-0,1762586934,FCRequestMetrics:/n-matmul-2048,20,20,,,676.33,n-matmul-2048,false,a9b6a74eafdc,,c-690ef12d-0cf1abd9-2948faf88166,1762586933481,Sync,1070.37,1762586933096,21.0.3.8,false,2048,34.16,InvokeFunction,,,LATEST,1-690ef136-0c0a43-2532ef57b921,OnDemand,,,385.04,
,46B19270B472A6D217A2E559E7E7C97B-0,1762586934,FCRequestMetrics:/n-matmul-2048,11,11,,,0.03,n-matmul-2048,true,869d26b39717,,c-690ef10b-0cf1abd9-b6750c057b8f,1762586934365,Sync,445.19,1762586934365,21.0.3.8,false,2048,4.13,InvokeFunction,,,LATEST,1-690ef136-0c0a43-3ae24979951f,OnDemand,,,0.57,,"{""errorType"":""FunctionAbnormalExitError""}"
,9A02C87DA0F400C9E40F40EF2DF6006D-1,1762586935,FCRequestMetrics:/n-matmul-2048,11,11,,,785.32,n-matmul-2048,false,3ea4534df15d,,c-690ef10b-0cf1abd9-31fefea0e1fd,1762586934250,Sync,787.19,1762586934249,21.0.3.8,false,2048,38.11,InvokeFunction,,,LATEST,1-690ef136-0c49fa-8d17247e4a5b,OnDemand,,,1.11,
,D5A4CD99F058D411C58A3919BEB264F4-1,1762586935,FCRequestMetrics:/n-matmul-2048,11,11,,,782.76,n-matmul-2048,false,a1586973fec8,,c-690ef10b-0cf1abd9-90463d425ca7,1762586934337,Sync,784.52,1762586934336,21.0.3.8,false,2048,38.32,InvokeFunction,,,LATEST,1-690ef136-0c49fa-605c5afa6e5a,OnDemand,,,1.03,
,B2D19E9889F3DDE524F4ACFCF2A5FEBF-1,1762586935,FCRequestMetrics:/n-matmul-2048,11,11,,,775.10,n-matmul-2048,false,95f39cca25aa,,c-690ef10b-0cf1abd9-336379de3020,1762586934362,Sync,776.31,1762586934362,21.0.3.8,false,2048,42.05,InvokeFunction,,,LATEST,1-690ef136-0c0a43-509f969156bf,OnDemand,,,0.54,
,B63107B9394C762ADF436F322BAA4B65-1,1762586935,FCRequestMetrics:/n-matmul-2048,11,11,,,780.05,n-matmul-2048,false,1ccfa60657e6,,c-690ef10b-0cf1abd9-672e1c9f5eed,1762586934402,Sync,786.64,1762586934401,21.0.3.8,false,2048,42.30,InvokeFunction,,,LATEST,1-690ef136-0c49fa-1de6cfd5a432,OnDemand,,,1.11,
,00E67D373DA9C60BEF759D13208EAAD9-1,1762586935,FCRequestMetrics:/n-matmul-2048,11,11,,,789.66,n-matmul-2048,false,9013ed408e73,,c-690ef10b-0cf1abd9-dbc16e7d233d,1762586934406,Sync,790.88,1762586934405,21.0.3.8,false,2048,41.96,InvokeFunction,,,LATEST,1-690ef136-0c0a43-69db915d2dd6,OnDemand,,,0.47,
,211620C9A07558D2D8764497DA6068A4-1,1762586935,FCRequestMetrics:/n-matmul-2048,20,20,,,804.42,n-matmul-2048,false,e053c99a8bb6,,c-690ef10b-0cf1abd9-9de429f2e3c5,1762586934542,Sync,908.76,1762586934439,21.0.3.8,false,2048,41.34,InvokeFunction,,,LATEST,1-690ef136-0c0a43-dde9c2677491,OnDemand,,,103.64,
,510F8A150819018E635E267F62520B9B-1,1762586935,FCRequestMetrics:/n-matmul-2048,11,11,,,649.80,n-matmul-2048,false,c8577adbf622,,c-690ef10b-0cf1abd9-26ef2c508c1e,1762586934425,Sync,652.10,1762586934423,21.0.3.8,false,2048,36.69,InvokeFunction,,,LATEST,1-690ef136-0c49fa-8a07d8ac0176,OnDemand,,,1.38,
,510F8A150819018E635E267F62520B9B-1,1762586935,FCRequestMetrics:/n-matmul-2048,20,20,,,793.95,n-matmul-2048,false,c8577adbf622,,c-690ef10b-0cf1abd9-26ef2c508c1e,1762586935078,Sync,1298.03,1762586934574,21.0.3.8,false,2048,38.97,InvokeFunction,,,LATEST,1-690ef136-0c0a43-bf8097b93b0e,OnDemand,,,503.33,
,2523AFCDD5BD8A2B2953E48983230929-1,1762586935,FCRequestMetrics:/n-matmul-2048,11,11,,,641.13,n-matmul-2048,false,01d6f783bdb1,,c-690ef10b-0cf1abd9-dd39c218e942,1762586934407,Sync,642.40,1762586934407,21.0.3.8,false,2048,36.68,InvokeFunction,,,LATEST,1-690ef136-0c0a43-8751d99b129d,OnDemand,,,0.51,
,2523AFCDD5BD8A2B2953E48983230929-1,1762586935,FCRequestMetrics:/n-matmul-2048,20,20,,,795.28,n-matmul-2048,false,01d6f783bdb1,,c-690ef10b-0cf1abd9-dd39c218e942,1762586935052,Sync,1151.06,1762586934702,21.0.3.8,false,2048,38.51,InvokeFunction,,,LATEST,1-690ef136-0c49fa-55f6fd146fe5,OnDemand,,,349.78,
,18363E7E93F59FF8F193127D52D86051-1,1762586935,FCRequestMetrics:/n-matmul-2048,20,20,,,796.94,n-matmul-2048,false,3f9c9a307fd4,,c-690ef130-0cf1abd9-454ab669b866,1762586934429,Sync,1312.49,1762586933914,21.0.3.8,false,2048,38.58,InvokeFunction,,,LATEST,1-690ef137-0c49fa-8f89fd664828,OnDemand,,,514.85,
,C38D529AEE78E8BFEBBDDADEDE13D41B-1,1762586935,FCRequestMetrics:/n-matmul-2048,20,20,,,795.63,n-matmul-2048,false,965073b71ef9,,c-690ef12c-0cf1abd9-ee855b82b2d6,1762586934224,Sync,1219.82,1762586933800,21.0.3.7,false,2048,42.23,InvokeFunction,,,LATEST,1-690ef136-0c0a43-8fee74cd0cec,OnDemand,,,423.47,
,5E9C37D1C997E792337F0D79C839D1F6-1,1762586935,FCRequestMetrics:/n-matmul-2048,20,20,,,672.45,n-matmul-2048,false,7be323259747,,c-690ef12d-0cf1abd9-4ddba8cb6fd4,1762586934772,Sync,1299.59,1762586934145,21.0.3.8,false,2048,38.65,InvokeFunction,,,LATEST,1-690ef136-0c49fa-e567ed491b68,OnDemand,,,626.33,
,7C3B3344857E71889D56CDA44A54F6B2-1,1762586935,FCRequestMetrics:/n-matmul-2048,20,20,,,781.41,n-matmul-2048,false,687fca8d325c,,c-690ef12c-0cf1abd9-6ced060ffe1b,1762586934226,Sync,1249.70,1762586933759,21.0.3.8,false,2048,40.91,InvokeFunction,,,LATEST,1-690ef137-0c49fa-388b31581d3a,OnDemand,,,467.56,
,7C3B3344857E71889D56CDA44A54F6B2-1,1762586935,FCRequestMetrics:/n-matmul-2048,12,12,,,782.80,n-matmul-2048,false,687fca8d325c,,c-690ef12c-0cf1abd9-6ced060ffe1b,1762586935048,Sync,790.07,1762586935047,21.0.3.8,false,2048,44.28,InvokeFunction,,,LATEST,1-690ef138-0c49fa-0f7a6c433c7e,OnDemand,,,1.01,
,DDEEB29FD5ADFBB67E4F2FEB83463658-3,1762586935,FCRequestMetrics:/n-matmul-2048,20,20,,,770.45,n-matmul-2048,false,bc52147f2a7a,,c-690ef12c-0cf1abd9-69aaf8ca2a4b,1762586934638,Sync,1319.28,1762586934090,21.0.3.8,false,2048,40.52,InvokeFunction,,,LATEST,1-690ef137-0c0a43-a33bd25cc281,OnDemand,,,547.88,
,A5C7CD7E71BB55429480C147D0ABD6E0-3,1762586935,FCRequestMetrics:/n-matmul-2048,11,11,,,650.54,n-matmul-2048,false,b9c50fa7ffa2,,c-690ef10b-0cf1abd9-39e48c7dd1cd,1762586934394,Sync,652.05,1762586934393,21.0.3.8,false,2048,34.52,InvokeFunction,,,LATEST,1-690ef136-0c0a43-8843647bf93c,OnDemand,,,0.53,
,A5C7CD7E71BB55429480C147D0ABD6E0-3,1762586935,FCRequestMetrics:/n-matmul-2048,20,20,,,783.43,n-matmul-2048,false,b9c50fa7ffa2,,c-690ef10b-0cf1abd9-39e48c7dd1cd,1762586935046,Sync,1153.32,1762586934677,21.0.3.8,false,2048,38.95,InvokeFunction,,,LATEST,1-690ef136-0c0a43-8bd969c1fcfc,OnDemand,,,368.90,
,E08BA4ABFB8C4109D958EF35CCDE9E75-1,1762586935,FCRequestMetrics:/n-matmul-2048,15,15,,,783.94,n-matmul-2048,false,f6ea6fba0d1f,,c-690ef12a-0cf1abd9-0e59ac1cec40,1762586934532,Sync,785.80,1762586934531,21.0.3.6,false,2048,38.75,InvokeFunction,,,LATEST,1-690ef138-0c49fa-3204f42c3ef9,OnDemand,,,0.87,
,B10148BC96FECE49F2FC2439520A3175-1,1762586935,FCRequestMetrics:/n-matmul-2048,12,12,,,649.77,n-matmul-2048,false,9ae0a7a16fc1,,c-690ef12e-0cf1abd9-86b866453e74,1762586934734,Sync,651.45,1762586934733,21.0.3.7,false,2048,37.11,InvokeFunction,,,LATEST,1-690ef138-0c49fa-6c48616d9d4b,OnDemand,,,0.93,
,9A02C87DA0F400C9E40F40EF2DF6006D-1,1762586935,FCRequestMetrics:/n-matmul-2048,20,20,,,0.03,n-matmul-2048,true,3ea4534df15d,,c-690ef10b-0cf1abd9-31fefea0e1fd,1762586935039,Sync,772.31,1762586934676,21.0.3.8,false,2048,2.20,InvokeFunction,,,LATEST,1-690ef136-0c49fa-bd7d8aab91e4,OnDemand,,,362.90,,"{""errorType"":""FunctionAbnormalExitError""}"
,82C12ED6E643926156E0217F8DC83EE9-0,1762586935,FCRequestMetrics:/n-matmul-2048,14,14,,,661.21,n-matmul-2048,false,a9b6a74eafdc,,c-690ef12d-0cf1abd9-2948faf88166,1762586934971,Sync,662.50,1762586934971,21.0.3.8,false,2048,36.57,InvokeFunction,,,LATEST,1-690ef138-0c0a43-c2b9c1c26ce1,OnDemand,,,0.51,
,B63107B9394C762ADF436F322BAA4B65-0,1762586935,FCRequestMetrics:/n-matmul-2048,20,20,,,0.07,n-matmul-2048,true,1ccfa60657e6,,c-690ef10b-0cf1abd9-672e1c9f5eed,1762586935191,Sync,813.55,1762586934779,21.0.3.8,false,2048,2.29,InvokeFunction,,,LATEST,1-690ef136-0c49fa-a266ec02672b,OnDemand,,,411.55,,"{""errorType"":""FunctionAbnormalExitError""}"
,D5A4CD99F058D411C58A3919BEB264F4-1,1762586935,FCRequestMetrics:/n-matmul-2048,20,20,,,0.03,n-matmul-2048,true,a1586973fec8,,c-690ef10b-0cf1abd9-90463d425ca7,1762586935124,Sync,822.99,1762586934740,21.0.3.8,false,2048,2.15,InvokeFunction,,,LATEST,1-690ef136-0c49fa-d1e39ba48373,OnDemand,,,383.65,,"{""errorType"":""FunctionAbnormalExitError""}"
,46B19270B472A6D217A2E559E7E7C97B-0,1762586935,FCRequestMetrics:/n-matmul-2048,20,20,,,673.08,n-matmul-2048,false,869d26b39717,,c-690ef10b-0cf1abd9-b6750c057b8f,1762586934812,Sync,1032.35,1762586934453,21.0.3.8,false,2048,26.75,InvokeFunction,,,LATEST,1-690ef136-0c49fa-2f75b08e8d97,OnDemand,,,358.35,
,B2D19E9889F3DDE524F4ACFCF2A5FEBF-1,1762586935,FCRequestMetrics:/n-matmul-2048,20,20,,,0.02,n-matmul-2048,true,95f39cca25aa,,c-690ef10b-0cf1abd9-336379de3020,1762586935141,Sync,985.86,1762586934564,21.0.3.8,false,2048,2.09,InvokeFunction,,,LATEST,1-690ef136-0c49fa-989f17232dfa,OnDemand,,,577.50,,"{""errorType"":""FunctionAbnormalExitError""}"
,00E67D373DA9C60BEF759D13208EAAD9-1,1762586935,FCRequestMetrics:/n-matmul-2048,20,20,,,0.03,n-matmul-2048,true,9013ed408e73,,c-690ef10b-0cf1abd9-dbc16e7d233d,1762586935198,Sync,832.15,1762586934783,21.0.3.8,false,2048,2.16,InvokeFunction,,,LATEST,1-690ef136-0c0a43-7f199255d64b,OnDemand,,,415.26,,"{""errorType"":""FunctionAbnormalExitError""}"
,211620C9A07558D2D8764497DA6068A4-1,1762586935,FCRequestMetrics:/n-matmul-2048,20,20,,,0.03,n-matmul-2048,true,e053c99a8bb6,,c-690ef10b-0cf1abd9-9de429f2e3c5,1762586935350,Sync,959.18,1762586934801,21.0.3.8,false,2048,2.24,InvokeFunction,,,LATEST,1-690ef136-0c49fa-014a3a67712c,OnDemand,,,548.92,,"{""errorType"":""FunctionAbnormalExitError""}"
,18363E7E93F59FF8F193127D52D86051-0,1762586935,FCRequestMetrics:/n-matmul-2048,12,12,,,0.05,n-matmul-2048,true,3f9c9a307fd4,,c-690ef130-0cf1abd9-454ab669b866,1762586935267,Sync,433.09,1762586935266,21.0.3.8,false,2048,2.06,InvokeFunction,,,LATEST,1-690ef138-0c49fa-3b153bb8cd7b,OnDemand,,,1.16,,"{""errorType"":""FunctionAbnormalExitError""}"
,BF6FA9AF6994B690E2E5555B14FF4940-0,1762586935,FCRequestMetrics:/n-matmul-2048,14,14,,,0.11,n-matmul-2048,true,21ba44532db0,,c-690ef12f-0cf1abd9-72da07858f04,1762586935132,Sync,421.03,1762586935131,21.0.3.8,false,2048,2.07,InvokeFunction,,,LATEST,1-690ef138-0c49fa-760f11ff7caa,OnDemand,,,1.11,,"{""errorType"":""FunctionAbnormalExitError""}"
,5E9C37D1C997E792337F0D79C839D1F6-1,1762586936,FCRequestMetrics:/n-matmul-2048,12,12,,,794.57,n-matmul-2048,false,7be323259747,,c-690ef12d-0cf1abd9-4ddba8cb6fd4,1762586935573,Sync,796.47,1762586935572,21.0.3.8,false,2048,40.37,InvokeFunction,,,LATEST,1-690ef138-0c49fa-abc854b6603e,OnDemand,,,0.94,
,DDEEB29FD5ADFBB67E4F2FEB83463658-3,1762586936,FCRequestMetrics:/n-matmul-2048,12,12,,,785.09,n-matmul-2048,false,bc52147f2a7a,,c-690ef12c-0cf1abd9-69aaf8ca2a4b,1762586935421,Sync,786.34,1762586935421,21.0.3.8,false,2048,44.13,InvokeFunction,,,LATEST,1-690ef138-0c0a43-8021561f891f,OnDemand,,,0.54,
,EB19AA8F9B61C51C3FCBC98D949BD1C2-1,1762586936,FCRequestMetrics:/n-matmul-2048,14,14,,,878.36,n-matmul-2048,false,211d8375abf1,,c-690ef12d-0cf1abd9-78e04fcb7549,1762586935396,Sync,880.08,1762586935394,21.0.3.8,false,2048,38.68,InvokeFunction,,,LATEST,1-690ef138-0c49fa-045746a1fc47,OnDemand,,,0.92,
,E08BA4ABFB8C4109D958EF35CCDE9E75-1,1762586936,FCRequestMetrics:/n-matmul-2048,20,20,,,791.92,n-matmul-2048,false,f6ea6fba0d1f,,c-690ef12a-0cf1abd9-0e59ac1cec40,1762586935321,Sync,1065.59,1762586935048,21.0.3.6,false,2048,41.71,InvokeFunction,,,LATEST,1-690ef138-0c49fa-1f3052f32881,OnDemand,,,272.93,
,B10148BC96FECE49F2FC2439520A3175-1,1762586936,FCRequestMetrics:/n-matmul-2048,20,20,,,804.03,n-matmul-2048,false,9ae0a7a16fc1,,c-690ef12e-0cf1abd9-86b866453e74,1762586935388,Sync,1106.65,1762586935086,21.0.3.7,false,2048,38.62,InvokeFunction,,,LATEST,1-690ef138-0c49fa-3f60e013e874,OnDemand,,,301.94,
,9A02C87DA0F400C9E40F40EF2DF6006D-1,1762586936,FCRequestMetrics:/n-matmul-2048,20,20,,,669.31,n-matmul-2048,false,3ea4534df15d,,c-690ef10b-0cf1abd9-31fefea0e1fd,1762586935450,Sync,1289.82,1762586934830,21.0.3.8,false,2048,28.57,InvokeFunction,,,LATEST,1-690ef136-0c0a43-8012de3c7e3e,OnDemand,,,619.84,
,9A02C87DA0F400C9E40F40EF2DF6006D-1,1762586936,FCRequestMetrics:/n-matmul-2048,14,14,,,650.71,n-matmul-2048,false,3ea4534df15d,,c-690ef10b-0cf1abd9-31fefea0e1fd,1762586936135,Sync,652.31,1762586936133,21.0.3.8,false,2048,36.13,InvokeFunction,,,LATEST,1-690ef138-0c49fa-48f60b9950da,OnDemand,,,0.92,
,82C12ED6E643926156E0217F8DC83EE9-0,1762586936,FCRequestMetrics:/n-matmul-2048,20,20,,,832.16,n-matmul-2048,false,a9b6a74eafdc,,c-690ef12d-0cf1abd9-2948faf88166,1762586935636,Sync,1320.65,1762586935150,21.0.3.8,false,2048,38.59,InvokeFunction,,,LATEST,1-690ef138-0c49fa-511e3579344c,OnDemand,,,486.31,
,B63107B9394C762ADF436F322BAA4B65-0,1762586936,FCRequestMetrics:/n-matmul-2048,20,20,,,672.57,n-matmul-2048,false,1ccfa60657e6,,c-690ef10b-0cf1abd9-672e1c9f5eed,1762586935594,Sync,1370.67,1762586934897,21.0.3.8,false,2048,28.84,InvokeFunction,,,LATEST,1-690ef136-0c0a43-2ffaf936b132,OnDemand,,,697.12,
,B63107B9394C762ADF436F322BAA4B65-0,1762586936,FCRequestMetrics:/n-matmul-2048,12,12,,,642.01,n-matmul-2048,false,1ccfa60657e6,,c-690ef10b-0cf1abd9-672e1c9f5eed,1762586936319,Sync,643.85,1762586936318,21.0.3.8,false,2048,36.43,InvokeFunction,,,LATEST,1-690ef138-0c49fa-819e7077e589,OnDemand,,,1.11,
,D5A4CD99F058D411C58A3919BEB264F4-1,1762586936,FCRequestMetrics:/n-matmul-2048,20,20,,,674.23,n-matmul-2048,false,a1586973fec8,,c-690ef10b-0cf1abd9-90463d425ca7,1762586935564,Sync,1252.10,1762586934987,21.0.3.8,false,2048,30.98,InvokeFunction,,,LATEST,1-690ef136-0c0a43-2c720fdb81ff,OnDemand,,,576.80,
,D5A4CD99F058D411C58A3919BEB264F4-1,1762586936,FCRequestMetrics:/n-matmul-2048,12,12,,,649.77,n-matmul-2048,false,a1586973fec8,,c-690ef10b-0cf1abd9-90463d425ca7,1762586936342,Sync,651.74,1762586936341,21.0.3.8,false,2048,38.16,InvokeFunction,,,LATEST,1-690ef138-0c49fa-d906792becf3,OnDemand,,,1.07,
,46B19270B472A6D217A2E559E7E7C97B-0,1762586936,FCRequestMetrics:/n-matmul-2048,20,20,,,648.97,n-matmul-2048,false,869d26b39717,,c-690ef10b-0cf1abd9-b6750c057b8f,1762586935489,Sync,1303.74,1762586934834,21.0.3.8,false,2048,34.64,InvokeFunction,,,LATEST,1-690ef136-0c49fa-071a35919669,OnDemand,,,654.06,
,B2D19E9889F3DDE524F4ACFCF2A5FEBF-1,1762586936,FCRequestMetrics:/n-matmul-2048,20,20,,,673.96,n-matmul-2048,false,95f39cca25aa,,c-690ef10b-0cf1abd9-336379de3020,1762586935551,Sync,1298.87,1762586934927,21.0.3.8,false,2048,26.55,InvokeFunction,,,LATEST,1-690ef136-0c0a43-7db20ea35567,OnDemand,,,624.16,
,B2D19E9889F3DDE524F4ACFCF2A5FEBF-1,1762586936,FCRequestMetrics:/n-matmul-2048,12,12,,,646.60,n-matmul-2048,false,95f39cca25aa,,c-690ef10b-0cf1abd9-336379de3020,1762586936240,Sync,648.44,1762586936239,21.0.3.8,false,2048,34.36,InvokeFunction,,,LATEST,1-690ef138-0c49fa-db9fb1dc34c7,OnDemand,,,1.16,
,00E67D373DA9C60BEF759D13208EAAD9-1,1762586936,FCRequestMetrics:/n-matmul-2048,20,20,,,682.10,n-matmul-2048,false,9013ed408e73,,c-690ef10b-0cf1abd9-dbc16e7d233d,1762586935617,Sync,1229.41,1762586935070,21.0.3.8,false,2048,26.34,InvokeFunction,,,LATEST,1-690ef137-0c0a43-67b388314883,OnDemand,,,545.16,
,00E67D373DA9C60BEF759D13208EAAD9-1,1762586936,FCRequestMetrics:/n-matmul-2048,12,12,,,646.46,n-matmul-2048,false,9013ed408e73,,c-690ef10b-0cf1abd9-dbc16e7d233d,1762586936311,Sync,648.24,1762586936310,21.0.3.8,false,2048,34.10,InvokeFunction,,,LATEST,1-690ef138-0c49fa-7443f5253a5d,OnDemand,,,0.96,
,2523AFCDD5BD8A2B2953E48983230929-1,1762586936,FCRequestMetrics:/n-matmul-2048,14,14,,,0.04,n-matmul-2048,true,01d6f783bdb1,,c-690ef10b-0cf1abd9-dd39c218e942,1762586935999,Sync,1867.20,1762586934544,21.0.3.8,false,2048,2.28,InvokeFunction,,,LATEST,1-690ef136-0c49fa-0205a717e38d,OnDemand,,,1454.25,,"{""errorType"":""FunctionAbnormalExitError""}"
,211620C9A07558D2D8764497DA6068A4-1,1762586936,FCRequestMetrics:/n-matmul-2048,20,20,,,697.58,n-matmul-2048,false,e053c99a8bb6,,c-690ef10b-0cf1abd9-9de429f2e3c5,1762586935762,Sync,1283.90,1762586935176,21.0.3.8,false,2048,26.77,InvokeFunction,,,LATEST,1-690ef137-0c0a43-0bd8a784611a,OnDemand,,,585.41,
,18363E7E93F59FF8F193127D52D86051-0,1762586936,FCRequestMetrics:/n-matmul-2048,20,20,,,701.82,n-matmul-2048,false,3f9c9a307fd4,,c-690ef130-0cf1abd9-454ab669b866,1762586935700,Sync,1017.53,1762586935385,21.0.3.8,false,2048,28.56,InvokeFunction,,,LATEST,1-690ef138-0c0a43-5aa7c7263d1d,OnDemand,,,314.97,
,C38D529AEE78E8BFEBBDDADEDE13D41B-1,1762586936,FCRequestMetrics:/n-matmul-2048,14,14,,,0.04,n-matmul-2048,true,965073b71ef9,,c-690ef12c-0cf1abd9-ee855b82b2d6,1762586935625,Sync,442.32,1762586935624,21.0.3.7,false,2048,2.27,InvokeFunction,,,LATEST,1-690ef138-0c49fa-768af4681e99,OnDemand,,,0.91,,"{""errorType"":""FunctionAbnormalExitError""}"
,C38D529AEE78E8BFEBBDDADEDE13D41B-1,1762586936,FCRequestMetrics:/n-matmul-2048,20,20,,,668.94,n-matmul-2048,false,965073b71ef9,,c-690ef12c-0cf1abd9-ee855b82b2d6,1762586936068,Sync,1066.40,1762586935671,21.0.3.7,false,2048,26.71,InvokeFunction,,,LATEST,1-690ef138-0c0a43-1c435b83b498,OnDemand,,,395.60,
,BF6FA9AF6994B690E2E5555B14FF4940-0,1762586936,FCRequestMetrics:/n-matmul-2048,20,20,,,688.09,n-matmul-2048,false,21ba44532db0,,c-690ef12f-0cf1abd9-72da07858f04,1762586935554,Sync,1067.52,1762586935175,21.0.3.8,false,2048,26.69,InvokeFunction,,,LATEST,1-690ef138-0c0a43-f366b10553ac,OnDemand,,,378.70,
,BF6FA9AF6994B690E2E5555B14FF4940-0,1762586936,FCRequestMetrics:/n-matmul-2048,20,20,,,662.44,n-matmul-2048,false,21ba44532db0,,c-690ef12f-0cf1abd9-72da07858f04,1762586936245,Sync,1076.40,1762586935832,21.0.3.8,false,2048,34.54,InvokeFunction,,,LATEST,1-690ef139-0c0a43-775be0e41b87,OnDemand,,,413.20,
,510F8A150819018E635E267F62520B9B-1,1762586936,FCRequestMetrics:/n-matmul-2048,14,14,,,0.03,n-matmul-2048,true,c8577adbf622,,c-690ef10b-0cf1abd9-26ef2c508c1e,1762586935971,Sync,1866.08,1762586934519,21.0.3.8,false,2048,2.15,InvokeFunction,,,LATEST,1-690ef136-0c49fa-2e6f8778474e,OnDemand,,,1451.98,,"{""errorType"":""FunctionAbnormalExitError""}"
,7C3B3344857E71889D56CDA44A54F6B2-0,1762586936,FCRequestMetrics:/n-matmul-2048,20,20,,,0.02,n-matmul-2048,true,687fca8d325c,,c-690ef12c-0cf1abd9-6ced060ffe1b,1762586935840,Sync,914.40,1762586935363,21.0.3.8,false,2048,4.09,InvokeFunction,,,LATEST,1-690ef138-0c0a43-f5bc04cb740c,OnDemand,,,477.07,,"{""errorType"":""FunctionAbnormalExitError""}"
,7C3B3344857E71889D56CDA44A54F6B2-0,1762586936,FCRequestMetrics:/n-matmul-2048,20,20,,,688.47,n-matmul-2048,false,687fca8d325c,,c-690ef12c-0cf1abd9-6ced060ffe1b,1762586936279,Sync,1194.18,1762586935774,21.0.3.8,false,2048,26.58,InvokeFunction,,,LATEST,1-690ef139-0c49fa-567f878daa00,OnDemand,,,504.10,
,DDEEB29FD5ADFBB67E4F2FEB83463658-3,1762586936,FCRequestMetrics:/n-matmul-2048,20,20,,,0.04,n-matmul-2048,true,bc52147f2a7a,,c-690ef12c-0cf1abd9-69aaf8ca2a4b,1762586936209,Sync,924.63,1762586935715,21.0.3.8,false,2048,2.34,InvokeFunction,,,LATEST,1-690ef138-0c0a43-21cb989b4880,OnDemand,,,494.01,,"{""errorType"":""FunctionAbnormalExitError""}"
,B10148BC96FECE49F2FC2439520A3175-1,1762586936,FCRequestMetrics:/n-matmul-2048,20,20,,,0.03,n-matmul-2048,true,9ae0a7a16fc1,,c-690ef12e-0cf1abd9-86b866453e74,1762586936195,Sync,847.75,1762586935778,21.0.3.7,false,2048,2.46,InvokeFunction,,,LATEST,1-690ef139-0c0a43-218d219c961a,OnDemand,,,416.44,,"{""errorType"":""FunctionAbnormalExitError""}"
,5E9C37D1C997E792337F0D79C839D1F6-0,1762586936,FCRequestMetrics:/n-matmul-2048,20,20,,,0.02,n-matmul-2048,true,7be323259747,,c-690ef12d-0cf1abd9-4ddba8cb6fd4,1762586936372,Sync,951.71,1762586935889,21.0.3.8,false,2048,4.24,InvokeFunction,,,LATEST,1-690ef138-0c49fa-a300d326f33c,OnDemand,,,483.11,,"{""errorType"":""FunctionAbnormalExitError""}"
,EB19AA8F9B61C51C3FCBC98D949BD1C2-0,1762586936,FCRequestMetrics:/n-matmul-2048,20,20,,,0.03,n-matmul-2048,true,211d8375abf1,,c-690ef12d-0cf1abd9-78e04fcb7549,1762586936278,Sync,968.12,1762586935768,21.0.3.8,false,2048,2.13,InvokeFunction,,,LATEST,1-690ef138-0c49fa-4dc4eb09c0b3,OnDemand,,,509.58,,"{""errorType"":""FunctionAbnormalExitError""}"
,E08BA4ABFB8C4109D958EF35CCDE9E75-0,1762586936,FCRequestMetrics:/n-matmul-2048,20,20,,,0.03,n-matmul-2048,true,f6ea6fba0d1f,,c-690ef12a-0cf1abd9-0e59ac1cec40,1762586936117,Sync,934.18,1762586935619,21.0.3.6,false,2048,2.21,InvokeFunction,,,LATEST,1-690ef139-0c49fa-71b4c3096036,OnDemand,,,497.94,,"{""errorType"":""FunctionAbnormalExitError""}"
,A5C7CD7E71BB55429480C147D0ABD6E0-3,1762586937,FCRequestMetrics:/n-matmul-2048,14,14,,,817.09,n-matmul-2048,false,b9c50fa7ffa2,,c-690ef10b-0cf1abd9-39e48c7dd1cd,1762586936611,Sync,818.49,1762586936610,21.0.3.8,false,2048,41.92,InvokeFunction,,,LATEST,1-690ef138-0c0a43-bbe5ba2d50da,OnDemand,,,0.56,
,9A02C87DA0F400C9E40F40EF2DF6006D-1,1762586937,FCRequestMetrics:/n-matmul-2048,20,20,,,647.71,n-matmul-2048,false,3ea4534df15d,,c-690ef10b-0cf1abd9-31fefea0e1fd,1762586936789,Sync,818.29,1762586936618,21.0.3.8,false,2048,38.48,InvokeFunction,,,LATEST,1-690ef138-0c0a43-53b37bab9575,OnDemand,,,169.83,
,B63107B9394C762ADF436F322BAA4B65-0,1762586937,FCRequestMetrics:/n-matmul-2048,20,20,,,643.97,n-matmul-2048,false,1ccfa60657e6,,c-690ef10b-0cf1abd9-672e1c9f5eed,1762586936965,Sync,960.30,1762586936649,21.0.3.8,false,2048,38.73,InvokeFunction,,,LATEST,1-690ef138-0c49fa-0143adf9dac1,OnDemand,,,315.63,
,D5A4CD99F058D411C58A3919BEB264F4-1,1762586937,FCRequestMetrics:/n-matmul-2048,20,20,,,642.10,n-matmul-2048,false,a1586973fec8,,c-690ef10b-0cf1abd9-90463d425ca7,1762586936995,Sync,986.99,1762586936651,21.0.3.8,false,2048,40.36,InvokeFunction,,,LATEST,1-690ef138-0c49fa-61e340af079c,OnDemand,,,344.15,
,46B19270B472A6D217A2E559E7E7C97B-0,1762586937,FCRequestMetrics:/n-matmul-2048,12,12,,,785.94,n-matmul-2048,false,869d26b39717,,c-690ef10b-0cf1abd9-b6750c057b8f,1762586936380,Sync,788.13,1762586936379,21.0.3.8,false,2048,38.99,InvokeFunction,,,LATEST,1-690ef138-0c49fa-14e7b9f12b8d,OnDemand,,,1.37,
,46B19270B472A6D217A2E559E7E7C97B-0,1762586937,FCRequestMetrics:/n-matmul-2048,20,20,,,791.58,n-matmul-2048,false,869d26b39717,,c-690ef10b-0cf1abd9-b6750c057b8f,1762586937169,Sync,1209.92,1762586936752,21.0.3.8,false,2048,41.69,InvokeFunction,,,LATEST,1-690ef138-0c0a43-dcc427e365c3,OnDemand,,,417.67,
,B2D19E9889F3DDE524F4ACFCF2A5FEBF-1,1762586937,FCRequestMetrics:/n-matmul-2048,20,20,,,776.37,n-matmul-2048,false,95f39cca25aa,,c-690ef10b-0cf1abd9-336379de3020,1762586936890,Sync,1047.98,1762586936619,21.0.3.8,false,2048,38.75,InvokeFunction,,,LATEST,1-690ef138-0c0a43-44ad27140516,OnDemand,,,270.80,
,00E67D373DA9C60BEF759D13208EAAD9-1,1762586937,FCRequestMetrics:/n-matmul-2048,20,20,,,782.87,n-matmul-2048,false,9013ed408e73,,c-690ef10b-0cf1abd9-dbc16e7d233d,1762586936961,Sync,1095.85,1762586936649,21.0.3.8,false,2048,38.47,InvokeFunction,,,LATEST,1-690ef138-0c0a43-a8599fc82084,OnDemand,,,312.24,
,2523AFCDD5BD8A2B2953E48983230929-1,1762586937,FCRequestMetrics:/n-matmul-2048,12,12,,,675.70,n-matmul-2048,false,01d6f783bdb1,,c-690ef10b-0cf1abd9-dd39c218e942,1762586936453,Sync,677.72,1762586936452,21.0.3.8,false,2048,28.50,InvokeFunction,,,LATEST,1-690ef138-0c49fa-7cc28c89044d,OnDemand,,,1.18,
,2523AFCDD5BD8A2B2953E48983230929-1,1762586937,FCRequestMetrics:/n-matmul-2048,20,20,,,655.97,n-matmul-2048,false,01d6f783bdb1,,c-690ef10b-0cf1abd9-dd39c218e942,1762586937132,Sync,1131.05,1762586936658,21.0.3.8,false,2048,36.27,InvokeFunction,,,LATEST,1-690ef138-0c0a43-a10bf02c40db,OnDemand,,,474.37,
,211620C9A07558D2D8764497DA6068A4-1,1762586937,FCRequestMetrics:/n-matmul-2048,12,12,,,646.48,n-matmul-2048,false,e053c99a8bb6,,c-690ef10b-0cf1abd9-9de429f2e3c5,1762586936531,Sync,647.80,1762586936530,21.0.3.8,false,2048,34.65,InvokeFunction,,,LATEST,1-690ef138-0c0a43-c5c8bceea7e6,OnDemand,,,0.55,
,211620C9A07558D2D8764497DA6068A4-1,1762586937,FCRequestMetrics:/n-matmul-2048,20,20,,,651.21,n-matmul-2048,false,e053c99a8bb6,,c-690ef10b-0cf1abd9-9de429f2e3c5,1762586937181,Sync,1078.68,1762586936754,21.0.3.8,false,2048,37.03,InvokeFunction,,,LATEST,1-690ef138-0c49fa-c4d296e01dd9,OnDemand,,,426.68,
,18363E7E93F59FF8F193127D52D86051-0,1762586937,FCRequestMetrics:/n-matmul-2048,20,20,,,650.13,n-matmul-2048,false,3f9c9a307fd4,,c-690ef130-0cf1abd9-454ab669b866,1762586936406,Sync,1312.08,1762586935745,21.0.3.8,false,2048,36.23,InvokeFunction,,,LATEST,1-690ef138-0c49fa-7c6736f3ac13,OnDemand,,,661.30,
,18363E7E93F59FF8F193127D52D86051-0,1762586937,FCRequestMetrics:/n-matmul-2048,12,12,,,641.99,n-matmul-2048,false,3f9c9a307fd4,,c-690ef130-0cf1abd9-454ab669b866,1762586937066,Sync,644.24,1762586937064,21.0.3.8,false,2048,38.48,InvokeFunction,,,LATEST,1-690ef13a-0c49fa-28d8549753db,OnDemand,,,1.44,
,C38D529AEE78E8BFEBBDDADEDE13D41B-1,1762586937,FCRequestMetrics:/n-matmul-2048,20,20,,,653.24,n-matmul-2048,false,965073b71ef9,,c-690ef12c-0cf1abd9-ee855b82b2d6,1762586936741,Sync,1100.88,1762586936294,21.0.3.7,false,2048,34.74,InvokeFunction,,,LATEST,1-690ef139-0c49fa-082d1e140ef1,OnDemand,,,446.99,
,BF6FA9AF6994B690E2E5555B14FF4940-0,1762586937,FCRequestMetrics:/n-matmul-2048,11,11,,,778.44,n-matmul-2048,false,21ba44532db0,,c-690ef12f-0cf1abd9-72da07858f04,1762586936940,Sync,780.36,1762586936939,21.0.3.8,false,2048,38.66,InvokeFunction,,,LATEST,1-690ef13a-0c49fa-2d21d79f8d68,OnDemand,,,1.22,
,510F8A150819018E635E267F62520B9B-1,1762586937,FCRequestMetrics:/n-matmul-2048,14,14,,,674.23,n-matmul-2048,false,c8577adbf622,,c-690ef10b-0cf1abd9-26ef2c508c1e,1762586936566,Sync,675.60,1762586936565,21.0.3.8,false,2048,26.80,InvokeFunction,,,LATEST,1-690ef138-0c0a43-e9adbc20e9f5,OnDemand,,,0.52,
,510F8A150819018E635E267F62520B9B-1,1762586937,FCRequestMetrics:/n-matmul-2048,20,20,,,649.94,n-matmul-2048,false,c8577adbf622,,c-690ef10b-0cf1abd9-26ef2c508c1e,1762586937242,Sync,1135.42,1762586936757,21.0.3.8,false,2048,34.64,InvokeFunction,,,LATEST,1-690ef138-0c0a43-dd22731169cf,OnDemand,,,484.79,
,7C3B3344857E71889D56CDA44A54F6B2-0,1762586937,FCRequestMetrics:/n-matmul-2048,11,11,,,637.50,n-matmul-2048,false,687fca8d325c,,c-690ef12c-0cf1abd9-6ced060ffe1b,1762586937025,Sync,638.75,1762586937024,21.0.3.8,false,2048,34.27,InvokeFunction,,,LATEST,1-690ef13a-0c0a43-909831b06f52,OnDemand,,,0.49,
,DDEEB29FD5ADFBB67E4F2FEB83463658-3,1762586937,FCRequestMetrics:/n-matmul-2048,20,20,,,682.96,n-matmul-2048,false,bc52147f2a7a,,c-690ef12c-0cf1abd9-69aaf8ca2a4b,1762586936641,Sync,1127.40,1762586936198,21.0.3.8,false,2048,28.76,InvokeFunction,,,LATEST,1-690ef139-0c0a43-a57eb81bc67a,OnDemand,,,443.27,
,DDEEB29FD5ADFBB67E4F2FEB83463658-3,1762586937,FCRequestMetrics:/n-matmul-2048,11,11,,,640.81,n-matmul-2048,false,bc52147f2a7a,,c-690ef12c-0cf1abd9-69aaf8ca2a4b,1762586937333,Sync,642.71,1762586937332,21.0.3.8,false,2048,36.14,InvokeFunction,,,LATEST,1-690ef13a-0c49fa-18a7bb086419,OnDemand,,,1.22,
,B10148BC96FECE49F2FC2439520A3175-1,1762586937,FCRequestMetrics:/n-matmul-2048,11,11,,,661.73,n-matmul-2048,false,9ae0a7a16fc1,,c-690ef12e-0cf1abd9-86b866453e74,1762586936800,Sync,663.95,1762586936799,21.0.3.7,false,2048,26.59,InvokeFunction,,,LATEST,1-690ef13a-0c49fa-e89fd17cb7b6,OnDemand,,,1.37,
,5E9C37D1C997E792337F0D79C839D1F6-0,1762586937,FCRequestMetrics:/n-matmul-2048,20,20,,,719.59,n-matmul-2048,false,7be323259747,,c-690ef12d-0cf1abd9-4ddba8cb6fd4,1762586936842,Sync,1355.78,1762586936206,21.0.3.8,false,2048,26.34,InvokeFunction,,,LATEST,1-690ef138-0c0a43-3bbae0c31991,OnDemand,,,635.39,
,A5C7CD7E71BB55429480C147D0ABD6E0-3,1762586937,FCRequestMetrics:/n-matmul-2048,20,20,,,0.02,n-matmul-2048,true,b9c50fa7ffa2,,c-690ef10b-0cf1abd9-39e48c7dd1cd,1762586937431,Sync,1155.06,1762586936705,21.0.3.8,false,2048,2.26,InvokeFunction,,,LATEST,1-690ef138-0c49fa-6147d496802d,OnDemand,,,725.84,,"{""errorType"":""FunctionAbnormalExitError""}"
,E08BA4ABFB8C4109D958EF35CCDE9E75-0,1762586937,FCRequestMetrics:/n-matmul-2048,11,11,,,684.90,n-matmul-2048,false,f6ea6fba0d1f,,c-690ef12a-0cf1abd9-0e59ac1cec40,1762586936846,Sync,686.95,1762586936845,21.0.3.6,false,2048,26.73,InvokeFunction,,,LATEST,1-690ef13a-0c49fa-541d4bfe524c,OnDemand,,,1.21,
,82C12ED6E643926156E0217F8DC83EE9-3,1762586937,FCRequestMetrics:/n-matmul-2048,14,14,,,0.04,n-matmul-2048,true,a9b6a74eafdc,,c-690ef12d-0cf1abd9-2948faf88166,1762586936877,Sync,466.75,1762586936876,21.0.3.8,false,2048,2.21,InvokeFunction,,,LATEST,1-690ef13a-0c49fa-527220ce8ede,OnDemand,,,1.18,,"{""errorType"":""FunctionAbnormalExitError""}"
,9A02C87DA0F400C9E40F40EF2DF6006D-1,1762586938,FCRequestMetrics:/n-matmul-2048,20,20,,,795.68,n-matmul-2048,false,3ea4534df15d,,c-690ef10b-0cf1abd9-31fefea0e1fd,1762586937439,Sync,1527.27,1762586936709,21.0.3.8,false,2048,40.43,InvokeFunction,,,LATEST,1-690ef138-0c0a43-1c4e9116bb67,OnDemand,,,729.97,
,B63107B9394C762ADF436F322BAA4B65-0,1762586938,FCRequestMetrics:/n-matmul-2048,20,20,,,785.96,n-matmul-2048,false,1ccfa60657e6,,c-690ef10b-0cf1abd9-672e1c9f5eed,1762586937613,Sync,1422.35,1762586936977,21.0.3.8,false,2048,41.21,InvokeFunction,,,LATEST,1-690ef138-0c49fa-58acd9b4f661,OnDemand,,,635.69,
,D5A4CD99F058D411C58A3919BEB264F4-1,1762586938,FCRequestMetrics:/n-matmul-2048,20,20,,,800.27,n-matmul-2048,false,a1586973fec8,,c-690ef10b-0cf1abd9-90463d425ca7,1762586937641,Sync,1461.88,1762586936980,21.0.3.8,false,2048,41.71,InvokeFunction,,,LATEST,1-690ef138-0c49fa-a83b0b3f1e29,OnDemand,,,660.91,
,B2D19E9889F3DDE524F4ACFCF2A5FEBF-1,1762586938,FCRequestMetrics:/n-matmul-2048,20,20,,,817.88,n-matmul-2048,false,95f39cca25aa,,c-690ef10b-0cf1abd9-336379de3020,1762586937670,Sync,1320.55,1762586937168,21.0.3.8,false,2048,42.16,InvokeFunction,,,LATEST,1-690ef139-0c49fa-13ac5189479f,OnDemand,,,502.00,
,00E67D373DA9C60BEF759D13208EAAD9-1,1762586938,FCRequestMetrics:/n-matmul-2048,20,20,,,787.51,n-matmul-2048,false,9013ed408e73,,c-690ef10b-0cf1abd9-dbc16e7d233d,1762586937747,Sync,1174.78,1762586937360,21.0.3.8,false,2048,42.86,InvokeFunction,,,LATEST,1-690ef139-0c0a43-7ac11be66057,OnDemand,,,386.58,
,2523AFCDD5BD8A2B2953E48983230929-1,1762586938,FCRequestMetrics:/n-matmul-2048,20,20,,,643.38,n-matmul-2048,false,01d6f783bdb1,,c-690ef10b-0cf1abd9-dd39c218e942,1762586937792,Sync,1073.03,1762586937362,21.0.3.8,false,2048,38.71,InvokeFunction,,,LATEST,1-690ef139-0c0a43-f370ffff2d60,OnDemand,,,428.81,
,18363E7E93F59FF8F193127D52D86051-0,1762586938,FCRequestMetrics:/n-matmul-2048,21,21,,,824.58,n-matmul-2048,false,3f9c9a307fd4,,c-690ef130-0cf1abd9-454ab669b866,1762586937712,Sync,942.78,1762586937596,21.0.3.8,false,2048,40.29,InvokeFunction,,,LATEST,1-690ef13a-0c49fa-5527d63c2ccc,OnDemand,,,116.53,
,C38D529AEE78E8BFEBBDDADEDE13D41B-1,1762586938,FCRequestMetrics:/n-matmul-2048,11,11,,,820.84,n-matmul-2048,false,965073b71ef9,,c-690ef12c-0cf1abd9-ee855b82b2d6,1762586937442,Sync,822.35,1762586937442,21.0.3.7,false,2048,39.03,InvokeFunction,,,LATEST,1-690ef13a-0c0a43-1db202f1bb6f,OnDemand,,,0.61,
,BF6FA9AF6994B690E2E5555B14FF4940-0,1762586938,FCRequestMetrics:/n-matmul-2048,21,21,,,880.18,n-matmul-2048,false,21ba44532db0,,c-690ef12f-0cf1abd9-72da07858f04,1762586937723,Sync,1186.78,1762586937417,21.0.3.8,false,2048,41.80,InvokeFunction,,,LATEST,1-690ef13a-0c49fa-68db0c0d9590,OnDemand,,,305.76,
,7C3B3344857E71889D56CDA44A54F6B2-0,1762586938,FCRequestMetrics:/n-matmul-2048,21,21,,,800.92,n-matmul-2048,false,687fca8d325c,,c-690ef12c-0cf1abd9-6ced060ffe1b,1762586937667,Sync,1001.78,1762586937467,21.0.3.8,false,2048,38.49,InvokeFunction,,,LATEST,1-690ef13a-0c49fa-09efd2f1a88a,OnDemand,,,199.97,
,DDEEB29FD5ADFBB67E4F2FEB83463658-3,1762586938,FCRequestMetrics:/n-matmul-2048,21,21,,,704.33,n-matmul-2048,false,bc52147f2a7a,,c-690ef12c-0cf1abd9-69aaf8ca2a4b,1762586937978,Sync,893.52,1762586937790,21.0.3.8,false,2048,38.68,InvokeFunction,,,LATEST,1-690ef13a-0c0a43-149122ad53a1,OnDemand,,,187.60,
,B10148BC96FECE49F2FC2439520A3175-1,1762586938,FCRequestMetrics:/n-matmul-2048,21,21,,,711.79,n-matmul-2048,false,9ae0a7a16fc1,,c-690ef12e-0cf1abd9-86b866453e74,1762586937467,Sync,860.75,1762586937319,21.0.3.7,false,2048,34.11,InvokeFunction,,,LATEST,1-690ef13a-0c49fa-15da79f96c17,OnDemand,,,148.04,
,5E9C37D1C997E792337F0D79C839D1F6-0,1762586938,FCRequestMetrics:/n-matmul-2048,11,11,,,704.70,n-matmul-2048,false,7be323259747,,c-690ef12d-0cf1abd9-4ddba8cb6fd4,1762586937606,Sync,706.07,1762586937605,21.0.3.8,false,2048,34.42,InvokeFunction,,,LATEST,1-690ef13a-0c0a43-aadf6477a38a,OnDemand,,,0.59,
,9A02C87DA0F400C9E40F40EF2DF6006D-1,1762586938,FCRequestMetrics:/n-matmul-2048,12,12,,,0.04,n-matmul-2048,true,3ea4534df15d,,c-690ef10b-0cf1abd9-31fefea0e1fd,1762586938278,Sync,420.59,1762586938277,21.0.3.8,false,2048,4.25,InvokeFunction,,,LATEST,1-690ef13a-0c0a43-96c634577b7d,OnDemand,,,0.63,,"{""errorType"":""FunctionAbnormalExitError""}"
,F0BCE0E40FE41E0F61DD5DAF956249CC-2,1762586938,FCRequestMetrics:/n-matmul-2048,14,14,,,728.55,n-matmul-2048,false,b9ed45a41c5d,,c-690ef139-0cf1abd9-bfec9b76d480,1762586937518,Sync,731.42,1762586937517,21.0.3.8,false,2048,84.98,InvokeFunction,,,LATEST,1-690ef13a-0c49fa-acc4f122a77e,OnDemand,,,1.36,
,F0BCE0E40FE41E0F61DD5DAF956249CC-2,1762586938,FCRequestMetrics:/n-matmul-2048,21,21,,,667.71,n-matmul-2048,false,b9ed45a41c5d,,c-690ef139-0cf1abd9-bfec9b76d480,1762586938253,Sync,943.61,1762586937977,21.0.3.8,false,2048,92.39,InvokeFunction,,,LATEST,1-690ef13a-0c49fa-7c4e438eda89,OnDemand,,,275.09,
,B2D19E9889F3DDE524F4ACFCF2A5FEBF-1,1762586938,FCRequestMetrics:/n-matmul-2048,14,14,,,0.02,n-matmul-2048,true,95f39cca25aa,,c-690ef10b-0cf1abd9-336379de3020,1762586938492,Sync,401.01,1762586938491,21.0.3.8,false,2048,2.25,InvokeFunction,,,LATEST,1-690ef13a-0c0a43-a270cfc33910,OnDemand,,,0.60,,"{""errorType"":""FunctionAbnormalExitError""}"
,D5A4CD99F058D411C58A3919BEB264F4-1,1762586938,FCRequestMetrics:/n-matmul-2048,14,14,,,0.03,n-matmul-2048,true,a1586973fec8,,c-690ef10b-0cf1abd9-90463d425ca7,1762586938446,Sync,401.47,1762586938445,21.0.3.8,false,2048,4.12,InvokeFunction,,,LATEST,1-690ef13a-0c0a43-0359bc8fd198,OnDemand,,,0.51,,"{""errorType"":""FunctionAbnormalExitError""}"
,B63107B9394C762ADF436F322BAA4B65-1,1762586938,FCRequestMetrics:/n-matmul-2048,11,11,,,0.03,n-matmul-2048,true,1ccfa60657e6,,c-690ef10b-0cf1abd9-672e1c9f5eed,1762586938413,Sync,429.96,1762586938413,21.0.3.8,false,2048,4.40,InvokeFunction,,,LATEST,1-690ef13a-0c0a43-82b9d2532cce,OnDemand,,,0.54,,"{""errorType"":""FunctionAbnormalExitError""}"
,00E67D373DA9C60BEF759D13208EAAD9-1,1762586938,FCRequestMetrics:/n-matmul-2048,21,21,,,0.02,n-matmul-2048,true,9013ed408e73,,c-690ef10b-0cf1abd9-dbc16e7d233d,1762586938538,Sync,468.83,1762586938515,21.0.3.8,false,2048,2.11,InvokeFunction,,,LATEST,1-690ef13a-0c0a43-f5ef2baf0f87,OnDemand,,,22.15,,"{""errorType"":""FunctionAbnormalExitError""}"
,EB19AA8F9B61C51C3FCBC98D949BD1C2-0,1762586938,FCRequestMetrics:/n-matmul-2048,14,14,,,748.89,n-matmul-2048,false,211d8375abf1,,c-690ef12d-0cf1abd9-78e04fcb7549,1762586937449,Sync,750.61,1762586937448,21.0.3.8,false,2048,26.56,InvokeFunction,,,LATEST,1-690ef13a-0c49fa-f6b6c730824a,OnDemand,,,0.78,
,EB19AA8F9B61C51C3FCBC98D949BD1C2-0,1762586938,FCRequestMetrics:/n-matmul-2048,21,21,,,722.22,n-matmul-2048,false,211d8375abf1,,c-690ef12d-0cf1abd9-78e04fcb7549,1762586938203,Sync,1016.14,1762586937909,21.0.3.8,false,2048,34.62,InvokeFunction,,,LATEST,1-690ef13a-0c49fa-90d1304e97ba,OnDemand,,,293.20,
,46B19270B472A6D217A2E559E7E7C97B-1,1762586938,FCRequestMetrics:/n-matmul-2048,14,14,,,0.03,n-matmul-2048,true,869d26b39717,,c-690ef10b-0cf1abd9-b6750c057b8f,1762586938492,Sync,427.20,1762586938492,21.0.3.8,false,2048,2.12,InvokeFunction,,,LATEST,1-690ef13a-0c0a43-fd5886fe2a0f,OnDemand,,,0.52,,"{""errorType"":""FunctionAbnormalExitError""}"
,E08BA4ABFB8C4109D958EF35CCDE9E75-0,1762586938,FCRequestMetrics:/n-matmul-2048,21,21,,,678.35,n-matmul-2048,false,f6ea6fba0d1f,,c-690ef12a-0cf1abd9-0e59ac1cec40,1762586937534,Sync,928.08,1762586937285,21.0.3.6,false,2048,34.69,InvokeFunction,,,LATEST,1-690ef13a-0c0a43-ce0dda519e20,OnDemand,,,249.03,
,E08BA4ABFB8C4109D958EF35CCDE9E75-0,1762586938,FCRequestMetrics:/n-matmul-2048,21,21,,,714.75,n-matmul-2048,false,f6ea6fba0d1f,,c-690ef12a-0cf1abd9-0e59ac1cec40,1762586938216,Sync,1204.72,1762586937727,21.0.3.6,false,2048,36.92,InvokeFunction,,,LATEST,1-690ef13b-0c0a43-a1965a02717f,OnDemand,,,489.13,
,82C12ED6E643926156E0217F8DC83EE9-3,1762586938,FCRequestMetrics:/n-matmul-2048,21,21,,,761.90,n-matmul-2048,false,a9b6a74eafdc,,c-690ef12d-0cf1abd9-2948faf88166,1762586937345,Sync,866.22,1762586937241,21.0.3.8,false,2048,26.59,InvokeFunction,,,LATEST,1-690ef13a-0c49fa-f6b5c58bf425,OnDemand,,,103.38,
,82C12ED6E643926156E0217F8DC83EE9-3,1762586938,FCRequestMetrics:/n-matmul-2048,21,21,,,750.44,n-matmul-2048,false,a9b6a74eafdc,,c-690ef12d-0cf1abd9-2948faf88166,1762586938112,Sync,1215.55,1762586937647,21.0.3.8,false,2048,34.39,InvokeFunction,,,LATEST,1-690ef13b-0c49fa-2e4012976a36,OnDemand,,,464.14,
,2523AFCDD5BD8A2B2953E48983230929-1,1762586939,FCRequestMetrics:/n-matmul-2048,14,14,,,788.57,n-matmul-2048,false,01d6f783bdb1,,c-690ef10b-0cf1abd9-dd39c218e942,1762586938476,Sync,789.89,1762586938475,21.0.3.8,false,2048,40.34,InvokeFunction,,,LATEST,1-690ef13a-0c0a43-765d493f6b3e,OnDemand,,,0.62,
,211620C9A07558D2D8764497DA6068A4-1,1762586939,FCRequestMetrics:/n-matmul-2048,14,14,,,793.77,n-matmul-2048,false,e053c99a8bb6,,c-690ef10b-0cf1abd9-9de429f2e3c5,1762586938513,Sync,795.06,1762586938513,21.0.3.8,false,2048,39.03,InvokeFunction,,,LATEST,1-690ef13a-0c0a43-44b2de7f6d53,OnDemand,,,0.51,
,C38D529AEE78E8BFEBBDDADEDE13D41B-1,1762586939,FCRequestMetrics:/n-matmul-2048,21,21,,,850.96,n-matmul-2048,false,965073b71ef9,,c-690ef12c-0cf1abd9-ee855b82b2d6,1762586938268,Sync,1079.53,1762586938040,21.0.3.7,false,2048,42.01,InvokeFunction,,,LATEST,1-690ef13b-0c49fa-b1051700ba4b,OnDemand,,,227.53,
,510F8A150819018E635E267F62520B9B-1,1762586939,FCRequestMetrics:/n-matmul-2048,14,14,,,785.90,n-matmul-2048,false,c8577adbf622,,c-690ef10b-0cf1abd9-26ef2c508c1e,1762586938495,Sync,787.92,1762586938493,21.0.3.8,false,2048,38.98,InvokeFunction,,,LATEST,1-690ef13a-0c49fa-caf55be4d4d2,OnDemand,,,1.23,
,7C3B3344857E71889D56CDA44A54F6B2-0,1762586939,FCRequestMetrics:/n-matmul-2048,21,21,,,847.81,n-matmul-2048,false,687fca8d325c,,c-690ef12c-0cf1abd9-6ced060ffe1b,1762586938472,Sync,1347.38,1762586937973,21.0.3.8,false,2048,41.82,InvokeFunction,,,LATEST,1-690ef13b-0c0a43-f838c498737c,OnDemand,,,498.69,
,DDEEB29FD5ADFBB67E4F2FEB83463658-3,1762586939,FCRequestMetrics:/n-matmul-2048,21,21,,,845.88,n-matmul-2048,false,bc52147f2a7a,,c-690ef12c-0cf1abd9-69aaf8ca2a4b,1762586938687,Sync,1318.79,1762586938215,21.0.3.8,false,2048,40.93,InvokeFunction,,,LATEST,1-690ef13b-0c49fa-a01600d9a4b6,OnDemand,,,472.14,
,B10148BC96FECE49F2FC2439520A3175-1,1762586939,FCRequestMetrics:/n-matmul-2048,21,21,,,853.31,n-matmul-2048,false,9ae0a7a16fc1,,c-690ef12e-0cf1abd9-86b866453e74,1762586938183,Sync,1331.94,1762586937705,21.0.3.7,false,2048,38.54,InvokeFunction,,,LATEST,1-690ef13b-0c49fa-8239b208eff5,OnDemand,,,477.88,
,5E9C37D1C997E792337F0D79C839D1F6-0,1762586939,FCRequestMetrics:/n-matmul-2048,21,21,,,713.97,n-matmul-2048,false,7be323259747,,c-690ef12d-0cf1abd9-4ddba8cb6fd4,1762586938314,Sync,856.79,1762586938172,21.0.3.8,false,2048,36.69,InvokeFunction,,,LATEST,1-690ef13a-0c0a43-f002d68f6dec,OnDemand,,,142.01,
,5E9C37D1C997E792337F0D79C839D1F6-0,1762586939,FCRequestMetrics:/n-matmul-2048,21,21,,,881.26,n-matmul-2048,false,7be323259747,,c-690ef12d-0cf1abd9-4ddba8cb6fd4,1762586939032,Sync,1348.39,1762586938565,21.0.3.8,false,2048,39.30,InvokeFunction,,,LATEST,1-690ef13b-0c0a43-89b6005c5d04,OnDemand,,,466.34,
,A5C7CD7E71BB55429480C147D0ABD6E0-3,1762586939,FCRequestMetrics:/n-matmul-2048,14,14,,,700.62,n-matmul-2048,false,b9c50fa7ffa2,,c-690ef10b-0cf1abd9-39e48c7dd1cd,1762586938512,Sync,702.57,1762586938511,21.0.3.8,false,2048,28.63,InvokeFunction,,,LATEST,1-690ef13a-0c49fa-57db6cc142db,OnDemand,,,1.15,
,A5C7CD7E71BB55429480C147D0ABD6E0-3,1762586939,FCRequestMetrics:/n-matmul-2048,21,21,,,669.52,n-matmul-2048,false,b9c50fa7ffa2,,c-690ef10b-0cf1abd9-39e48c7dd1cd,1762586939217,Sync,929.38,1762586938958,21.0.3.8,false,2048,36.18,InvokeFunction,,,LATEST,1-690ef13a-0c49fa-32359367af9e,OnDemand,,,259.02,
,9A02C87DA0F400C9E40F40EF2DF6006D-1,1762586939,FCRequestMetrics:/n-matmul-2048,21,21,,,668.37,n-matmul-2048,false,3ea4534df15d,,c-690ef10b-0cf1abd9-31fefea0e1fd,1762586938699,Sync,839.53,1762586938529,21.0.3.8,false,2048,32.54,InvokeFunction,,,LATEST,1-690ef13a-0c49fa-8bb4c5ba3ab4,OnDemand,,,170.46,
,F0BCE0E40FE41E0F61DD5DAF956249CC-2,1762586939,FCRequestMetrics:/n-matmul-2048,21,21,,,669.94,n-matmul-2048,false,b9ed45a41c5d,,c-690ef139-0cf1abd9-bfec9b76d480,1762586938924,Sync,1396.31,1762586938198,21.0.3.8,false,2048,94.59,InvokeFunction,,,LATEST,1-690ef13b-0c0a43-0a74de3dac2d,OnDemand,,,725.49,
,B2D19E9889F3DDE524F4ACFCF2A5FEBF-1,1762586939,FCRequestMetrics:/n-matmul-2048,21,21,,,667.27,n-matmul-2048,false,95f39cca25aa,,c-690ef10b-0cf1abd9-336379de3020,1762586938895,Sync,876.97,1762586938686,21.0.3.8,false,2048,28.73,InvokeFunction,,,LATEST,1-690ef13a-0c0a43-44752ef467d1,OnDemand,,,207.60,
,D5A4CD99F058D411C58A3919BEB264F4-1,1762586939,FCRequestMetrics:/n-matmul-2048,21,21,,,679.23,n-matmul-2048,false,a1586973fec8,,c-690ef10b-0cf1abd9-90463d425ca7,1762586938849,Sync,910.30,1762586938618,21.0.3.8,false,2048,26.58,InvokeFunction,,,LATEST,1-690ef13a-0c0a43-001469a34074,OnDemand,,,229.26,
,B63107B9394C762ADF436F322BAA4B65-1,1762586939,FCRequestMetrics:/n-matmul-2048,21,21,,,672.83,n-matmul-2048,false,1ccfa60657e6,,c-690ef10b-0cf1abd9-672e1c9f5eed,1762586938844,Sync,942.88,1762586938575,21.0.3.8,false,2048,26.64,InvokeFunction,,,LATEST,1-690ef13a-0c49fa-6b154dbdeefd,OnDemand,,,269.32,
,00E67D373DA9C60BEF759D13208EAAD9-1,1762586939,FCRequestMetrics:/n-matmul-2048,21,21,,,681.67,n-matmul-2048,false,9013ed408e73,,c-690ef10b-0cf1abd9-dbc16e7d233d,1762586938987,Sync,819.65,1762586938849,21.0.3.8,false,2048,28.65,InvokeFunction,,,LATEST,1-690ef13a-0c0a43-181124ccf16d,OnDemand,,,135.84,
,EB19AA8F9B61C51C3FCBC98D949BD1C2-0,1762586939,FCRequestMetrics:/n-matmul-2048,21,21,,,865.54,n-matmul-2048,false,211d8375abf1,,c-690ef12d-0cf1abd9-78e04fcb7549,1762586938929,Sync,1341.29,1762586938454,21.0.3.8,false,2048,39.02,InvokeFunction,,,LATEST,1-690ef13b-0c0a43-ff1657fbf1ab,OnDemand,,,475.05,
,46B19270B472A6D217A2E559E7E7C97B-1,1762586939,FCRequestMetrics:/n-matmul-2048,21,21,,,706.05,n-matmul-2048,false,869d26b39717,,c-690ef10b-0cf1abd9-b6750c057b8f,1762586938921,Sync,799.35,1762586938828,21.0.3.8,false,2048,26.66,InvokeFunction,,,LATEST,1-690ef13a-0c0a43-e83b101fb885,OnDemand,,,91.25,
,82C12ED6E643926156E0217F8DC83EE9-3,1762586939,FCRequestMetrics:/n-matmul-2048,21,21,,,978.04,n-matmul-2048,false,a9b6a74eafdc,,c-690ef12d-0cf1abd9-2948faf88166,1762586938867,Sync,1485.14,1762586938361,21.0.3.8,false,2048,38.87,InvokeFunction,,,LATEST,1-690ef13b-0c49fa-d90133a77355,OnDemand,,,506.31,
,211620C9A07558D2D8764497DA6068A4-1,1762586939,FCRequestMetrics:/n-matmul-2048,21,21,,,0.03,n-matmul-2048,true,e053c99a8bb6,,c-690ef10b-0cf1abd9-9de429f2e3c5,1762586939311,Sync,685.45,1762586939053,21.0.3.8,false,2048,2.30,InvokeFunction,,,LATEST,1-690ef13b-0c49fa-f662ea5b2420,OnDemand,,,257.48,,"{""errorType"":""FunctionAbnormalExitError""}"
,2523AFCDD5BD8A2B2953E48983230929-1,1762586939,FCRequestMetrics:/n-matmul-2048,21,21,,,0.10,n-matmul-2048,true,01d6f783bdb1,,c-690ef10b-0cf1abd9-dd39c218e942,1762586939267,Sync,691.26,1762586939002,21.0.3.8,false,2048,4.13,InvokeFunction,,,LATEST,1-690ef13b-0c0a43-596faa017206,OnDemand,,,264.99,,"{""errorType"":""FunctionAbnormalExitError""}"
,18363E7E93F59FF8F193127D52D86051-1,1762586939,FCRequestMetrics:/n-matmul-2048,21,21,,,0.09,n-matmul-2048,true,3f9c9a307fd4,,c-690ef130-0cf1abd9-454ab669b866,1762586938542,Sync,946.01,1762586938065,21.0.3.8,false,2048,4.24,InvokeFunction,,,LATEST,1-690ef13b-0c49fa-c396df2a36fa,OnDemand,,,477.42,,"{""errorType"":""FunctionAbnormalExitError""}"
,18363E7E93F59FF8F193127D52D86051-1,1762586939,FCRequestMetrics:/n-matmul-2048,21,21,,,740.91,n-matmul-2048,false,3f9c9a307fd4,,c-690ef130-0cf1abd9-454ab669b866,1762586939013,Sync,1262.77,1762586938492,21.0.3.8,false,2048,28.54,InvokeFunction,,,LATEST,1-690ef13b-0c49fa-9f43e9991ab1,OnDemand,,,520.44,
,C38D529AEE78E8BFEBBDDADEDE13D41B-0,1762586939,FCRequestMetrics:/n-matmul-2048,21,21,,,0.03,n-matmul-2048,true,965073b71ef9,,c-690ef12c-0cf1abd9-ee855b82b2d6,1762586939123,Sync,931.60,1762586938646,21.0.3.7,false,2048,2.28,InvokeFunction,,,LATEST,1-690ef13b-0c0a43-6872a2fd02be,OnDemand,,,477.34,,"{""errorType"":""FunctionAbnormalExitError""}"
,BF6FA9AF6994B690E2E5555B14FF4940-0,1762586939,FCRequestMetrics:/n-matmul-2048,21,21,,,0.02,n-matmul-2048,true,21ba44532db0,,c-690ef12f-0cf1abd9-72da07858f04,1762586938607,Sync,930.07,1762586938150,21.0.3.8,false,2048,2.37,InvokeFunction,,,LATEST,1-690ef13b-0c0a43-37e6600b2d12,OnDemand,,,457.08,,"{""errorType"":""FunctionAbnormalExitError""}"
,510F8A150819018E635E267F62520B9B-1,1762586940,FCRequestMetrics:/n-matmul-2048,21,21,,,796.23,n-matmul-2048,false,c8577adbf622,,c-690ef10b-0cf1abd9-26ef2c508c1e,1762586939284,Sync,1053.00,1762586939028,21.0.3.8,false,2048,42.01,InvokeFunction,,,LATEST,1-690ef13b-0c0a43-eb0d801c8145,OnDemand,,,256.05,
,B10148BC96FECE49F2FC2439520A3175-1,1762586940,FCRequestMetrics:/n-matmul-2048,9,9,,,844.40,n-matmul-2048,false,9ae0a7a16fc1,,c-690ef12e-0cf1abd9-86b866453e74,1762586939465,Sync,845.72,1762586939464,21.0.3.7,false,2048,41.60,InvokeFunction,,,LATEST,1-690ef13c-0c0a43-538a5421f35c,OnDemand,,,0.54,
,A5C7CD7E71BB55429480C147D0ABD6E0-3,1762586940,FCRequestMetrics:/n-matmul-2048,21,21,,,831.70,n-matmul-2048,false,b9c50fa7ffa2,,c-690ef10b-0cf1abd9-39e48c7dd1cd,1762586939891,Sync,1315.06,1762586939408,21.0.3.8,false,2048,40.55,InvokeFunction,,,LATEST,1-690ef13b-0c49fa-7c4aa77b3903,OnDemand,,,482.37,
,9A02C87DA0F400C9E40F40EF2DF6006D-1,1762586940,FCRequestMetrics:/n-matmul-2048,21,21,,,645.72,n-matmul-2048,false,3ea4534df15d,,c-690ef10b-0cf1abd9-31fefea0e1fd,1762586939372,Sync,954.24,1762586939064,21.0.3.8,false,2048,40.07,InvokeFunction,,,LATEST,1-690ef13b-0c49fa-955c5cce8525,OnDemand,,,307.83,
,9A02C87DA0F400C9E40F40EF2DF6006D-1,1762586940,FCRequestMetrics:/n-matmul-2048,21,21,,,718.43,n-matmul-2048,false,3ea4534df15d,,c-690ef10b-0cf1abd9-31fefea0e1fd,1762586940021,Sync,1181.67,1762586939558,21.0.3.8,false,2048,42.55,InvokeFunction,,,LATEST,1-690ef13b-0c49fa-79523548270c,OnDemand,,,462.59,
,F0BCE0E40FE41E0F61DD5DAF956249CC-2,1762586940,FCRequestMetrics:/n-matmul-2048,9,9,,,874.13,n-matmul-2048,false,b9ed45a41c5d,,c-690ef139-0cf1abd9-bfec9b76d480,1762586939944,Sync,875.48,1762586939943,21.0.3.8,false,2048,96.09,InvokeFunction,,,LATEST,1-690ef13c-0c0a43-1e26aad5fc58,OnDemand,,,0.54,
,B2D19E9889F3DDE524F4ACFCF2A5FEBF-1,1762586940,FCRequestMetrics:/n-matmul-2048,21,21,,,666.68,n-matmul-2048,false,95f39cca25aa,,c-690ef10b-0cf1abd9-336379de3020,1762586939565,Sync,1332.50,1762586938900,21.0.3.8,false,2048,36.52,InvokeFunction,,,LATEST,1-690ef13a-0c0a43-de4c62abef20,OnDemand,,,664.96,
,D5A4CD99F058D411C58A3919BEB264F4-1,1762586940,FCRequestMetrics:/n-matmul-2048,21,21,,,654.77,n-matmul-2048,false,a1586973fec8,,c-690ef10b-0cf1abd9-90463d425ca7,1762586939532,Sync,1044.93,1762586939142,21.0.3.8,false,2048,34.24,InvokeFunction,,,LATEST,1-690ef13b-0c49fa-91150fe43f9a,OnDemand,,,389.50,
,D5A4CD99F058D411C58A3919BEB264F4-1,1762586940,FCRequestMetrics:/n-matmul-2048,21,21,,,783.69,n-matmul-2048,false,a1586973fec8,,c-690ef10b-0cf1abd9-90463d425ca7,1762586940190,Sync,1300.55,1762586939674,21.0.3.8,false,2048,38.23,InvokeFunction,,,LATEST,1-690ef13b-0c49fa-c5a565528a91,OnDemand,,,516.19,
,B63107B9394C762ADF436F322BAA4B65-1,1762586940,FCRequestMetrics:/n-matmul-2048,21,21,,,642.69,n-matmul-2048,false,1ccfa60657e6,,c-690ef10b-0cf1abd9-672e1c9f5eed,1762586939521,Sync,1070.08,1762586939094,21.0.3.8,false,2048,34.23,InvokeFunction,,,LATEST,1-690ef13b-0c49fa-891c96413cc0,OnDemand,,,426.73,
,B63107B9394C762ADF436F322BAA4B65-1,1762586940,FCRequestMetrics:/n-matmul-2048,21,21,,,777.30,n-matmul-2048,false,1ccfa60657e6,,c-690ef10b-0cf1abd9-672e1c9f5eed,1762586940167,Sync,1309.13,1762586939636,21.0.3.8,false,2048,38.61,InvokeFunction,,,LATEST,1-690ef13b-0c49fa-874cbbc333fe,OnDemand,,,531.17,
,00E67D373DA9C60BEF759D13208EAAD9-1,1762586940,FCRequestMetrics:/n-matmul-2048,21,21,,,647.45,n-matmul-2048,false,9013ed408e73,,c-690ef10b-0cf1abd9-dbc16e7d233d,1762586939673,Sync,1115.53,1762586939205,21.0.3.8,false,2048,36.09,InvokeFunction,,,LATEST,1-690ef13b-0c49fa-31d047f15686,OnDemand,,,467.38,
,00E67D373DA9C60BEF759D13208EAAD9-1,1762586940,FCRequestMetrics:/n-matmul-2048,21,21,,,645.01,n-matmul-2048,false,9013ed408e73,,c-690ef10b-0cf1abd9-dbc16e7d233d,1762586940324,Sync,1131.45,1762586939838,21.0.3.8,false,2048,38.31,InvokeFunction,,,LATEST,1-690ef13b-0c49fa-751a5e6ce7b6,OnDemand,,,485.67,
,46B19270B472A6D217A2E559E7E7C97B-1,1762586940,FCRequestMetrics:/n-matmul-2048,21,21,,,648.14,n-matmul-2048,false,869d26b39717,,c-690ef10b-0cf1abd9-b6750c057b8f,1762586939631,Sync,1102.59,1762586939177,21.0.3.8,false,2048,34.31,InvokeFunction,,,LATEST,1-690ef13b-0c49fa-b2afc9a61354,OnDemand,,,453.77,
,211620C9A07558D2D8764497DA6068A4-1,1762586940,FCRequestMetrics:/n-matmul-2048,21,21,,,684.19,n-matmul-2048,false,e053c99a8bb6,,c-690ef10b-0cf1abd9-9de429f2e3c5,1762586939740,Sync,1180.70,1762586939244,21.0.3.8,false,2048,28.66,InvokeFunction,,,LATEST,1-690ef13b-0c49fa-060cbcbd1dac,OnDemand,,,495.76,
,2523AFCDD5BD8A2B2953E48983230929-1,1762586940,FCRequestMetrics:/n-matmul-2048,21,21,,,672.78,n-matmul-2048,false,01d6f783bdb1,,c-690ef10b-0cf1abd9-dd39c218e942,1762586939695,Sync,1302.98,1762586939065,21.0.3.8,false,2048,28.76,InvokeFunction,,,LATEST,1-690ef13b-0c49fa-3c6cf08a66a0,OnDemand,,,629.34,
,18363E7E93F59FF8F193127D52D86051-1,1762586940,FCRequestMetrics:/n-matmul-2048,16,16,,,703.33,n-matmul-2048,false,3f9c9a307fd4,,c-690ef130-0cf1abd9-454ab669b866,1762586939799,Sync,705.65,1762586939797,21.0.3.8,false,2048,36.04,InvokeFunction,,,LATEST,1-690ef13c-0c49fa-8e4fd2f0b9dd,OnDemand,,,1.43,
,510F8A150819018E635E267F62520B9B-1,1762586940,FCRequestMetrics:/n-matmul-2048,21,21,,,0.02,n-matmul-2048,true,c8577adbf622,,c-690ef10b-0cf1abd9-26ef2c508c1e,1762586940083,Sync,1594.24,1762586938901,21.0.3.8,false,2048,2.21,InvokeFunction,,,LATEST,1-690ef13a-0c0a43-b2a223eaa062,OnDemand,,,1182.51,,"{""errorType"":""FunctionAbnormalExitError""}"
,7C3B3344857E71889D56CDA44A54F6B2-1,1762586940,FCRequestMetrics:/n-matmul-2048,9,9,,,0.04,n-matmul-2048,true,687fca8d325c,,c-690ef12c-0cf1abd9-6ced060ffe1b,1762586939575,Sync,506.40,1762586939574,21.0.3.8,false,2048,2.21,InvokeFunction,,,LATEST,1-690ef13c-0c0a43-7980f0f45755,OnDemand,,,0.48,,"{""errorType"":""FunctionAbnormalExitError""}"
,DDEEB29FD5ADFBB67E4F2FEB83463658-3,1762586940,FCRequestMetrics:/n-matmul-2048,9,9,,,0.03,n-matmul-2048,true,bc52147f2a7a,,c-690ef12c-0cf1abd9-69aaf8ca2a4b,1762586939938,Sync,532.33,1762586939937,21.0.3.8,false,2048,4.18,InvokeFunction,,,LATEST,1-690ef13c-0c0a43-daec1d5cb2f5,OnDemand,,,0.53,,"{""errorType"":""FunctionAbnormalExitError""}"
,B10148BC96FECE49F2FC2439520A3175-1,1762586940,FCRequestMetrics:/n-matmul-2048,15,15,,,0.03,n-matmul-2048,true,9ae0a7a16fc1,,c-690ef12e-0cf1abd9-86b866453e74,1762586940355,Sync,471.70,1762586940354,21.0.3.7,false,2048,2.35,InvokeFunction,,,LATEST,1-690ef13d-0c0a43-f461cf5a0233,OnDemand,,,0.63,,"{""errorType"":""FunctionAbnormalExitError""}"
,A5C7CD7E71BB55429480C147D0ABD6E0-3,1762586941,FCRequestMetrics:/n-matmul-2048,9,9,,,807.83,n-matmul-2048,false,b9c50fa7ffa2,,c-690ef10b-0cf1abd9-39e48c7dd1cd,1762586940852,Sync,809.27,1762586940851,21.0.3.8,false,2048,43.48,InvokeFunction,,,LATEST,1-690ef13c-0c0a43-126ad0e18f19,OnDemand,,,0.69,
,9A02C87DA0F400C9E40F40EF2DF6006D-1,1762586941,FCRequestMetrics:/n-matmul-2048,9,9,,,798.17,n-matmul-2048,false,3ea4534df15d,,c-690ef10b-0cf1abd9-31fefea0e1fd,1762586940849,Sync,799.56,1762586940848,21.0.3.8,false,2048,44.76,InvokeFunction,,,LATEST,1-690ef13c-0c0a43-556b8c14cc6d,OnDemand,,,0.68,
,B2D19E9889F3DDE524F4ACFCF2A5FEBF-1,1762586941,FCRequestMetrics:/n-matmul-2048,21,21,,,775.93,n-matmul-2048,false,95f39cca25aa,,c-690ef10b-0cf1abd9-336379de3020,1762586940235,Sync,1294.23,1762586939717,21.0.3.8,false,2048,40.87,InvokeFunction,,,LATEST,1-690ef13b-0c49fa-bf0d75c7d63a,OnDemand,,,517.63,
,B2D19E9889F3DDE524F4ACFCF2A5FEBF-1,1762586941,FCRequestMetrics:/n-matmul-2048,16,16,,,786.29,n-matmul-2048,false,95f39cca25aa,,c-690ef10b-0cf1abd9-336379de3020,1762586941017,Sync,788.38,1762586941015,21.0.3.8,false,2048,44.39,InvokeFunction,,,LATEST,1-690ef13d-0c49fa-6a6928b0fe8d,OnDemand,,,1.39,
,D5A4CD99F058D411C58A3919BEB264F4-1,1762586941,FCRequestMetrics:/n-matmul-2048,16,16,,,812.47,n-matmul-2048,false,a1586973fec8,,c-690ef10b-0cf1abd9-90463d425ca7,1762586940985,Sync,814.57,1762586940984,21.0.3.8,false,2048,41.95,InvokeFunction,,,LATEST,1-690ef13c-0c49fa-b9063ee1b8bf,OnDemand,,,1.14,
,B63107B9394C762ADF436F322BAA4B65-1,1762586941,FCRequestMetrics:/n-matmul-2048,15,15,,,774.19,n-matmul-2048,false,1ccfa60657e6,,c-690ef10b-0cf1abd9-672e1c9f5eed,1762586941066,Sync,776.13,1762586941065,21.0.3.8,false,2048,41.39,InvokeFunction,,,LATEST,1-690ef13d-0c49fa-ab7bb6fa0e0d,OnDemand,,,1.18,
,00E67D373DA9C60BEF759D13208EAAD9-1,1762586941,FCRequestMetrics:/n-matmul-2048,16,16,,,831.96,n-matmul-2048,false,9013ed408e73,,c-690ef10b-0cf1abd9-dbc16e7d233d,1762586941010,Sync,833.92,1762586941009,21.0.3.8,false,2048,40.37,InvokeFunction,,,LATEST,1-690ef13d-0c49fa-4059813df39e,OnDemand,,,1.24,
,EB19AA8F9B61C51C3FCBC98D949BD1C2-0,1762586941,FCRequestMetrics:/n-matmul-2048,9,9,,,1335.24,n-matmul-2048,false,211d8375abf1,,c-690ef12d-0cf1abd9-78e04fcb7549,1762586939992,Sync,1336.96,1762586939991,21.0.3.8,false,2048,42.13,InvokeFunction,,,LATEST,1-690ef13c-0c0a43-d3be015d4e03,OnDemand,,,0.65,
,46B19270B472A6D217A2E559E7E7C97B-1,1762586941,FCRequestMetrics:/n-matmul-2048,21,21,,,786.56,n-matmul-2048,false,869d26b39717,,c-690ef10b-0cf1abd9-b6750c057b8f,1762586940283,Sync,1351.20,1762586939719,21.0.3.8,false,2048,38.81,InvokeFunction,,,LATEST,1-690ef13b-0c49fa-53c0e2f2bd37,OnDemand,,,563.87,
,46B19270B472A6D217A2E559E7E7C97B-1,1762586941,FCRequestMetrics:/n-matmul-2048,15,15,,,792.94,n-matmul-2048,false,869d26b39717,,c-690ef10b-0cf1abd9-b6750c057b8f,1762586941111,Sync,795.06,1762586941110,21.0.3.8,false,2048,41.74,InvokeFunction,,,LATEST,1-690ef13d-0c49fa-9dcf33d8ca61,OnDemand,,,1.35,
,82C12ED6E643926156E0217F8DC83EE9-3,1762586941,FCRequestMetrics:/n-matmul-2048,16,16,,,1206.89,n-matmul-2048,false,a9b6a74eafdc,,c-690ef12d-0cf1abd9-2948faf88166,1762586939891,Sync,1209.29,1762586939890,21.0.3.8,false,2048,42.05,InvokeFunction,,,LATEST,1-690ef13d-0c49fa-09fca236ae83,OnDemand,,,1.43,
,211620C9A07558D2D8764497DA6068A4-1,1762586941,FCRequestMetrics:/n-matmul-2048,21,21,,,641.77,n-matmul-2048,false,e053c99a8bb6,,c-690ef10b-0cf1abd9-9de429f2e3c5,1762586940428,Sync,1189.26,1762586939881,21.0.3.8,false,2048,36.34,InvokeFunction,,,LATEST,1-690ef13b-0c49fa-1a065f58d8a8,OnDemand,,,546.62,
,211620C9A07558D2D8764497DA6068A4-1,1762586941,FCRequestMetrics:/n-matmul-2048,15,15,,,669.88,n-matmul-2048,false,e053c99a8bb6,,c-690ef10b-0cf1abd9-9de429f2e3c5,1762586941110,Sync,671.86,1762586941108,21.0.3.8,false,2048,38.55,InvokeFunction,,,LATEST,1-690ef13d-0c49fa-ecf2364bfbaa,OnDemand,,,1.16,
,2523AFCDD5BD8A2B2953E48983230929-1,1762586941,FCRequestMetrics:/n-matmul-2048,21,21,,,653.55,n-matmul-2048,false,01d6f783bdb1,,c-690ef10b-0cf1abd9-dd39c218e942,1762586940372,Sync,1144.69,1762586939881,21.0.3.8,false,2048,36.19,InvokeFunction,,,LATEST,1-690ef13b-0c49fa-d6178abefff0,OnDemand,,,490.46,
,2523AFCDD5BD8A2B2953E48983230929-1,1762586941,FCRequestMetrics:/n-matmul-2048,15,15,,,779.55,n-matmul-2048,false,01d6f783bdb1,,c-690ef10b-0cf1abd9-dd39c218e942,1762586941056,Sync,781.65,1762586941054,21.0.3.8,false,2048,40.60,InvokeFunction,,,LATEST,1-690ef13d-0c49fa-8124d3e8c542,OnDemand,,,1.38,
,18363E7E93F59FF8F193127D52D86051-1,1762586941,FCRequestMetrics:/n-matmul-2048,15,15,,,867.62,n-matmul-2048,false,3f9c9a307fd4,,c-690ef130-0cf1abd9-454ab669b866,1762586940512,Sync,869.12,1762586940511,21.0.3.8,false,2048,40.55,InvokeFunction,,,LATEST,1-690ef13d-0c0a43-27f3af2afb26,OnDemand,,,0.57,
,510F8A150819018E635E267F62520B9B-1,1762586941,FCRequestMetrics:/n-matmul-2048,9,9,,,687.27,n-matmul-2048,false,c8577adbf622,,c-690ef10b-0cf1abd9-26ef2c508c1e,1762586940868,Sync,688.60,1762586940867,21.0.3.8,false,2048,30.59,InvokeFunction,,,LATEST,1-690ef13c-0c0a43-a9e16a477dac,OnDemand,,,0.51,
,F0BCE0E40FE41E0F61DD5DAF956249CC-1,1762586941,FCRequestMetrics:/n-matmul-2048,15,15,,,0.03,n-matmul-2048,true,b9ed45a41c5d,,c-690ef139-0cf1abd9-bfec9b76d480,1762586940859,Sync,473.27,1762586940858,21.0.3.8,false,2048,60.39,InvokeFunction,,,LATEST,1-690ef13d-0c0a43-43e03f15760f,OnDemand,,,0.64,,"{""errorType"":""FunctionAbnormalExitError""}"
,82C12ED6E643926156E0217F8DC83EE9-2,1762586941,FCRequestMetrics:/n-matmul-2048,5,5,,,0.03,n-matmul-2048,true,a9b6a74eafdc,,c-690ef12d-0cf1abd9-2948faf88166,1762586941163,Sync,535.30,1762586941162,21.0.3.8,false,2048,2.20,InvokeFunction,,,LATEST,1-690ef13e-0c0a43-d49c732174cf,OnDemand,,,0.65,,"{""errorType"":""FunctionAbnormalExitError""}"
,211620C9A07558D2D8764497DA6068A4-1,1762586942,FCRequestMetrics:/n-matmul-2048,13,13,,,799.29,n-matmul-2048,false,e053c99a8bb6,,c-690ef10b-0cf1abd9-9de429f2e3c5,1762586941884,Sync,801.45,1762586941882,21.0.3.8,false,2048,40.28,InvokeFunction,,,LATEST,1-690ef13d-0c49fa-e4460ac1bc57,OnDemand,,,1.41,
,2523AFCDD5BD8A2B2953E48983230929-1,1762586942,FCRequestMetrics:/n-matmul-2048,13,13,,,797.74,n-matmul-2048,false,01d6f783bdb1,,c-690ef10b-0cf1abd9-dd39c218e942,1762586941881,Sync,799.39,1762586941880,21.0.3.8,false,2048,43.95,InvokeFunction,,,LATEST,1-690ef13d-0c49fa-94df6b7cd3e5,OnDemand,,,0.86,
,18363E7E93F59FF8F193127D52D86051-1,1762586942,FCRequestMetrics:/n-matmul-2048,7,7,,,1086.85,n-matmul-2048,false,3f9c9a307fd4,,c-690ef130-0cf1abd9-454ab669b866,1762586941405,Sync,1089.36,1762586941403,21.0.3.8,false,2048,43.80,InvokeFunction,,,LATEST,1-690ef13e-0c49fa-cf009af2e575,OnDemand,,,1.47,
,510F8A150819018E635E267F62520B9B-1,1762586942,FCRequestMetrics:/n-matmul-2048,15,15,,,663.30,n-matmul-2048,false,c8577adbf622,,c-690ef10b-0cf1abd9-26ef2c508c1e,1762586941630,Sync,665.54,1762586941628,21.0.3.8,false,2048,38.20,InvokeFunction,,,LATEST,1-690ef13d-0c49fa-d35feb1fc874,OnDemand,,,1.47,
,510F8A150819018E635E267F62520B9B-1,1762586942,FCRequestMetrics:/n-matmul-2048,11,11,,,648.73,n-matmul-2048,false,c8577adbf622,,c-690ef10b-0cf1abd9-26ef2c508c1e,1762586942334,Sync,650.54,1762586942332,21.0.3.8,false,2048,40.47,InvokeFunction,,,LATEST,1-690ef13e-0c49fa-1d0e35a34f95,OnDemand,,,1.08,
,A5C7CD7E71BB55429480C147D0ABD6E0-3,1762586942,FCRequestMetrics:/n-matmul-2048,15,15,,,0.04,n-matmul-2048,true,b9c50fa7ffa2,,c-690ef10b-0cf1abd9-39e48c7dd1cd,1762586941688,Sync,441.36,1762586941687,21.0.3.8,false,2048,4.14,InvokeFunction,,,LATEST,1-690ef13d-0c0a43-bad1cff4a99e,OnDemand,,,0.68,,"{""errorType"":""FunctionAbnormalExitError""}"
,A5C7CD7E71BB55429480C147D0ABD6E0-3,1762586942,FCRequestMetrics:/n-matmul-2048,12,12,,,686.97,n-matmul-2048,false,b9c50fa7ffa2,,c-690ef10b-0cf1abd9-39e48c7dd1cd,1762586942134,Sync,688.45,1762586942133,21.0.3.8,false,2048,28.70,InvokeFunction,,,LATEST,1-690ef13e-0c0a43-88995c94c6d7,OnDemand,,,0.66,
,9A02C87DA0F400C9E40F40EF2DF6006D-1,1762586942,FCRequestMetrics:/n-matmul-2048,15,15,,,0.03,n-matmul-2048,true,3ea4534df15d,,c-690ef10b-0cf1abd9-31fefea0e1fd,1762586941701,Sync,440.27,1762586941700,21.0.3.8,false,2048,4.11,InvokeFunction,,,LATEST,1-690ef13d-0c0a43-8c23f1c5a83c,OnDemand,,,0.58,,"{""errorType"":""FunctionAbnormalExitError""}"
,B63107B9394C762ADF436F322BAA4B65-1,1762586942,FCRequestMetrics:/n-matmul-2048,13,13,,,0.02,n-matmul-2048,true,1ccfa60657e6,,c-690ef10b-0cf1abd9-672e1c9f5eed,1762586941845,Sync,384.89,1762586941844,21.0.3.8,false,2048,2.19,InvokeFunction,,,LATEST,1-690ef13d-0c49fa-225d9147c1d9,OnDemand,,,1.18,,"{""errorType"":""FunctionAbnormalExitError""}"
,B2D19E9889F3DDE524F4ACFCF2A5FEBF-1,1762586942,FCRequestMetrics:/n-matmul-2048,15,15,,,0.02,n-matmul-2048,true,95f39cca25aa,,c-690ef10b-0cf1abd9-336379de3020,1762586941820,Sync,431.29,1762586941819,21.0.3.8,false,2048,4.22,InvokeFunction,,,LATEST,1-690ef13d-0c49fa-237ae17e6366,OnDemand,,,1.25,,"{""errorType"":""FunctionAbnormalExitError""}"
,D5A4CD99F058D411C58A3919BEB264F4-1,1762586942,FCRequestMetrics:/n-matmul-2048,13,13,,,0.03,n-matmul-2048,true,a1586973fec8,,c-690ef10b-0cf1abd9-90463d425ca7,1762586941839,Sync,420.22,1762586941837,21.0.3.8,false,2048,2.11,InvokeFunction,,,LATEST,1-690ef13d-0c49fa-42772e477ab3,OnDemand,,,1.12,,"{""errorType"":""FunctionAbnormalExitError""}"
,00E67D373DA9C60BEF759D13208EAAD9-0,1762586942,FCRequestMetrics:/n-matmul-2048,13,13,,,0.03,n-matmul-2048,true,9013ed408e73,,c-690ef10b-0cf1abd9-dbc16e7d233d,1762586941876,Sync,417.72,1762586941874,21.0.3.8,false,2048,4.21,InvokeFunction,,,LATEST,1-690ef13d-0c49fa-f6d051282995,OnDemand,,,1.22,,"{""errorType"":""FunctionAbnormalExitError""}"
,46B19270B472A6D217A2E559E7E7C97B-1,1762586942,FCRequestMetrics:/n-matmul-2048,14,14,,,0.04,n-matmul-2048,true,869d26b39717,,c-690ef10b-0cf1abd9-b6750c057b8f,1762586941946,Sync,437.06,1762586941944,21.0.3.8,false,2048,2.31,InvokeFunction,,,LATEST,1-690ef13d-0c49fa-d796a45cee24,OnDemand,,,1.59,,"{""errorType"":""FunctionAbnormalExitError""}"
,510F8A150819018E635E267F62520B9B-1,1762586943,FCRequestMetrics:/n-matmul-2048,6,6,,,800.37,n-matmul-2048,false,c8577adbf622,,c-690ef10b-0cf1abd9-26ef2c508c1e,1762586943024,Sync,802.65,1762586943022,21.0.3.8,false,2048,42.07,InvokeFunction,,,LATEST,1-690ef13f-0c49fa-3147c4085254,OnDemand,,,1.53,
,A5C7CD7E71BB55429480C147D0ABD6E0-3,1762586943,FCRequestMetrics:/n-matmul-2048,5,5,,,648.18,n-matmul-2048,false,b9c50fa7ffa2,,c-690ef10b-0cf1abd9-39e48c7dd1cd,1762586942862,Sync,649.60,1762586942862,21.0.3.8,false,2048,36.07,InvokeFunction,,,LATEST,1-690ef13e-0c0a43-e139da56fe7b,OnDemand,,,0.66,
,211620C9A07558D2D8764497DA6068A4-1,1762586943,FCRequestMetrics:/n-matmul-2048,6,6,,,0.03,n-matmul-2048,true,e053c99a8bb6,,c-690ef10b-0cf1abd9-9de429f2e3c5,1762586942720,Sync,407.63,1762586942719,21.0.3.8,false,2048,4.15,InvokeFunction,,,LATEST,1-690ef13e-0c49fa-581fa856db6f,OnDemand,,,0.98,,"{""errorType"":""FunctionAbnormalExitError""}"
,2523AFCDD5BD8A2B2953E48983230929-0,1762586943,FCRequestMetrics:/n-matmul-2048,6,6,,,0.04,n-matmul-2048,true,01d6f783bdb1,,c-690ef10b-0cf1abd9-dd39c218e942,1762586942724,Sync,435.93,1762586942723,21.0.3.8,false,2048,4.29,InvokeFunction,,,LATEST,1-690ef13e-0c49fa-0ed4485c9a7a,OnDemand,,,1.26,,"{""errorType"":""FunctionAbnormalExitError""}"
,18363E7E93F59FF8F193127D52D86051-2,1762586943,FCRequestMetrics:/n-matmul-2048,2,2,,,0.04,n-matmul-2048,true,3f9c9a307fd4,,c-690ef130-0cf1abd9-454ab669b866,1762586942538,Sync,754.23,1762586942536,21.0.3.8,false,2048,4.05,InvokeFunction,,,LATEST,1-690ef13f-0c49fa-7a3a1ffa29a3,OnDemand,,,1.35,,"{""errorType"":""FunctionAbnormalExitError""}"
,A5C7CD7E71BB55429480C147D0ABD6E0-3,1762586944,FCRequestMetrics:/n-matmul-2048,2,2,,,664.71,n-matmul-2048,false,b9c50fa7ffa2,,c-690ef10b-0cf1abd9-39e48c7dd1cd,1762586943552,Sync,666.26,1762586943551,21.0.3.8,false,2048,38.49,InvokeFunction,,,LATEST,1-690ef13f-0c0a43-23c1da5c6ec5,OnDemand,,,0.63,
,E08BA4ABFB8C4109D958EF35CCDE9E75-3,1762586944,FCRequestMetrics:/n-matmul-2048,0,0,,,724.40,n-matmul-2048,false,f6ea6fba0d1f,,c-690ef12a-0cf1abd9-0e59ac1cec40,1762586944160,Sync,726.81,1762586944159,21.0.3.6,false,2048,36.68,InvokeFunction,,,LATEST,1-690ef141-0c49fa-8b8de09c8427,OnDemand,,,0.87,
,B10148BC96FECE49F2FC2439520A3175-1,1762586944,FCRequestMetrics:/n-matmul-2048,0,0,,,727.04,n-matmul-2048,false,9ae0a7a16fc1,,c-690ef12e-0cf1abd9-86b866453e74,1762586944237,Sync,728.97,1762586944236,21.0.3.7,false,2048,28.54,InvokeFunction,,,LATEST,1-690ef141-0c49fa-635e9804b49d,OnDemand,,,0.83,
,82C12ED6E643926156E0217F8DC83EE9-2,1762586944,FCRequestMetrics:/n-matmul-2048,0,0,,,741.56,n-matmul-2048,false,a9b6a74eafdc,,c-690ef12d-0cf1abd9-2948faf88166,1762586944225,Sync,743.04,1762586944224,21.0.3.8,false,2048,26.58,InvokeFunction,,,LATEST,1-690ef141-0c0a43-be0281b319ca,OnDemand,,,0.53,
,510F8A150819018E635E267F62520B9B-0,1762586944,FCRequestMetrics:/n-matmul-2048,2,2,,,0.02,n-matmul-2048,true,c8577adbf622,,c-690ef10b-0cf1abd9-26ef2c508c1e,1762586943864,Sync,424.28,1762586943863,21.0.3.8,false,2048,6.13,InvokeFunction,,,LATEST,1-690ef13f-0c49fa-75c2f0b552da,OnDemand,,,1.28,,"{""errorType"":""FunctionAbnormalExitError""}"
,A5C7CD7E71BB55429480C147D0ABD6E0-3,1762586945,FCRequestMetrics:/n-matmul-2048,1,1,,,830.41,n-matmul-2048,false,b9c50fa7ffa2,,c-690ef10b-0cf1abd9-39e48c7dd1cd,1762586944258,Sync,831.91,1762586944257,21.0.3.8,false,2048,40.29,InvokeFunction,,,LATEST,1-690ef140-0c0a43-d1c3af1b0a58,OnDemand,,,0.68,
,B10148BC96FECE49F2FC2439520A3175-1,1762586945,FCRequestMetrics:/n-matmul-2048,21,21,,,694.26,n-matmul-2048,false,9ae0a7a16fc1,,c-690ef12e-0cf1abd9-86b866453e74,1762586944968,Sync,1355.85,1762586944307,21.0.3.7,false,2048,36.50,InvokeFunction,,,LATEST,1-690ef141-0c0a43-749b3e5db63b,OnDemand,,,660.80,
,9A02C87DA0F400C9E40F40EF2DF6006D-1,1762586945,FCRequestMetrics:/n-matmul-2048,0,0,,,673.04,n-matmul-2048,false,3ea4534df15d,,c-690ef10b-0cf1abd9-31fefea0e1fd,1762586945274,Sync,674.73,1762586945273,21.0.3.8,false,2048,29.17,InvokeFunction,,,LATEST,1-690ef141-0c49fa-a7dc04aeb58e,OnDemand,,,0.94,
,B63107B9394C762ADF436F322BAA4B65-1,1762586945,FCRequestMetrics:/n-matmul-2048,0,0,,,708.21,n-matmul-2048,false,1ccfa60657e6,,c-690ef10b-0cf1abd9-672e1c9f5eed,1762586945274,Sync,710.16,1762586945273,21.0.3.8,false,2048,32.75,InvokeFunction,,,LATEST,1-690ef141-0c49fa-fdc745c8e811,OnDemand,,,1.13,
,B2D19E9889F3DDE524F4ACFCF2A5FEBF-1,1762586945,FCRequestMetrics:/n-matmul-2048,0,0,,,670.42,n-matmul-2048,false,95f39cca25aa,,c-690ef10b-0cf1abd9-336379de3020,1762586945272,Sync,672.08,1762586945271,21.0.3.8,false,2048,26.61,InvokeFunction,,,LATEST,1-690ef141-0c49fa-835d096084aa,OnDemand,,,0.89,
,F0BCE0E40FE41E0F61DD5DAF956249CC-1,1762586945,FCRequestMetrics:/n-matmul-2048,0,0,,,692.89,n-matmul-2048,false,b9ed45a41c5d,,c-690ef139-0cf1abd9-bfec9b76d480,1762586944350,Sync,694.24,1762586944349,21.0.3.8,false,2048,26.75,InvokeFunction,,,LATEST,1-690ef141-0c0a43-de0473f3701a,OnDemand,,,0.56,
,F0BCE0E40FE41E0F61DD5DAF956249CC-1,1762586945,FCRequestMetrics:/n-matmul-2048,21,21,,,651.48,n-matmul-2048,false,b9ed45a41c5d,,c-690ef139-0cf1abd9-bfec9b76d480,1762586945062,Sync,652.84,1762586945061,21.0.3.8,false,2048,34.24,InvokeFunction,,,LATEST,1-690ef141-0c0a43-c1dd48f4687b,OnDemand,,,0.48,
,D5A4CD99F058D411C58A3919BEB264F4-1,1762586945,FCRequestMetrics:/n-matmul-2048,0,0,,,671.63,n-matmul-2048,false,a1586973fec8,,c-690ef10b-0cf1abd9-90463d425ca7,1762586945271,Sync,672.92,1762586945270,21.0.3.8,false,2048,36.79,InvokeFunction,,,LATEST,1-690ef141-0c0a43-3a03bbdbe0fc,OnDemand,,,0.46,
,00E67D373DA9C60BEF759D13208EAAD9-0,1762586945,FCRequestMetrics:/n-matmul-2048,0,0,,,675.98,n-matmul-2048,false,9013ed408e73,,c-690ef10b-0cf1abd9-dbc16e7d233d,1762586945270,Sync,677.37,1762586945269,21.0.3.8,false,2048,28.62,InvokeFunction,,,LATEST,1-690ef141-0c0a43-3f2dbd774c4e,OnDemand,,,0.49,
,46B19270B472A6D217A2E559E7E7C97B-1,1762586945,FCRequestMetrics:/n-matmul-2048,0,0,,,715.54,n-matmul-2048,false,869d26b39717,,c-690ef10b-0cf1abd9-b6750c057b8f,1762586945269,Sync,717.32,1762586945268,21.0.3.8,false,2048,28.87,InvokeFunction,,,LATEST,1-690ef141-0c49fa-16672bb33291,OnDemand,,,0.95,
,82C12ED6E643926156E0217F8DC83EE9-2,1762586945,FCRequestMetrics:/n-matmul-2048,21,21,,,741.39,n-matmul-2048,false,a9b6a74eafdc,,c-690ef12d-0cf1abd9-2948faf88166,1762586945007,Sync,742.91,1762586945006,21.0.3.8,false,2048,34.29,InvokeFunction,,,LATEST,1-690ef141-0c0a43-923954917896,OnDemand,,,0.57,
,211620C9A07558D2D8764497DA6068A4-1,1762586945,FCRequestMetrics:/n-matmul-2048,0,0,,,700.82,n-matmul-2048,false,e053c99a8bb6,,c-690ef10b-0cf1abd9-9de429f2e3c5,1762586945267,Sync,702.73,1762586945265,21.0.3.8,false,2048,28.71,InvokeFunction,,,LATEST,1-690ef141-0c49fa-b219e07f328c,OnDemand,,,1.11,
,2523AFCDD5BD8A2B2953E48983230929-0,1762586945,FCRequestMetrics:/n-matmul-2048,0,0,,,678.27,n-matmul-2048,false,01d6f783bdb1,,c-690ef10b-0cf1abd9-dd39c218e942,1762586945265,Sync,679.58,1762586945264,21.0.3.8,false,2048,28.60,InvokeFunction,,,LATEST,1-690ef141-0c0a43-6ee41788d1a2,OnDemand,,,0.47,
,DDEEB29FD5ADFBB67E4F2FEB83463658-5,1762586945,FCRequestMetrics:/n-matmul-2048,0,0,,,761.82,n-matmul-2048,false,bc52147f2a7a,,c-690ef12c-0cf1abd9-69aaf8ca2a4b,1762586944715,Sync,763.33,1762586944714,21.0.3.8,false,2048,26.65,InvokeFunction,,,LATEST,1-690ef141-0c0a43-31f22888ed3d,OnDemand,,,0.53,
,18363E7E93F59FF8F193127D52D86051-2,1762586945,FCRequestMetrics:/n-matmul-2048,0,0,,,741.10,n-matmul-2048,false,3f9c9a307fd4,,c-690ef130-0cf1abd9-454ab669b866,1762586944482,Sync,742.49,1762586944481,21.0.3.8,false,2048,26.53,InvokeFunction,,,LATEST,1-690ef141-0c0a43-fe64146dc671,OnDemand,,,0.56,
,18363E7E93F59FF8F193127D52D86051-2,1762586945,FCRequestMetrics:/n-matmul-2048,21,21,,,699.60,n-matmul-2048,false,3f9c9a307fd4,,c-690ef130-0cf1abd9-454ab669b866,1762586945227,Sync,1362.19,1762586944565,21.0.3.8,false,2048,34.20,InvokeFunction,,,LATEST,1-690ef141-0c49fa-527af03d5f66,OnDemand,,,661.86,
,BF6FA9AF6994B690E2E5555B14FF4940-2,1762586945,FCRequestMetrics:/n-matmul-2048,0,0,,,728.10,n-matmul-2048,false,21ba44532db0,,c-690ef12f-0cf1abd9-72da07858f04,1762586944296,Sync,730.24,1762586944295,21.0.3.8,false,2048,28.54,InvokeFunction,,,LATEST,1-690ef141-0c49fa-36aaa6632c49,OnDemand,,,1.22,
,BF6FA9AF6994B690E2E5555B14FF4940-2,1762586945,FCRequestMetrics:/n-matmul-2048,21,21,,,717.03,n-matmul-2048,false,21ba44532db0,,c-690ef12f-0cf1abd9-72da07858f04,1762586945062,Sync,718.48,1762586945061,21.0.3.8,false,2048,36.38,InvokeFunction,,,LATEST,1-690ef141-0c0a43-20c5c953e5a4,OnDemand,,,0.50,
,A5C7CD7E71BB55429480C147D0ABD6E0-3,1762586945,FCRequestMetrics:/n-matmul-2048,0,0,,,0.04,n-matmul-2048,true,b9c50fa7ffa2,,c-690ef10b-0cf1abd9-39e48c7dd1cd,1762586945252,Sync,425.95,1762586945251,21.0.3.8,false,2048,4.20,InvokeFunction,,,LATEST,1-690ef141-0c0a43-54fc2a3a3cf0,OnDemand,,,0.71,,"{""errorType"":""FunctionAbnormalExitError""}"
,EB19AA8F9B61C51C3FCBC98D949BD1C2-3,1762586945,FCRequestMetrics:/n-matmul-2048,0,0,,,0.04,n-matmul-2048,true,211d8375abf1,,c-690ef12d-0cf1abd9-78e04fcb7549,1762586944774,Sync,428.35,1762586944773,21.0.3.8,false,2048,2.11,InvokeFunction,,,LATEST,1-690ef141-0c0a43-c28c6e205575,OnDemand,,,0.49,,"{""errorType"":""FunctionAbnormalExitError""}"
,EB19AA8F9B61C51C3FCBC98D949BD1C2-3,1762586945,FCRequestMetrics:/n-matmul-2048,21,21,,,764.99,n-matmul-2048,false,211d8375abf1,,c-690ef12d-0cf1abd9-78e04fcb7549,1762586945203,Sync,1157.02,1762586944812,21.0.3.8,false,2048,26.64,InvokeFunction,,,LATEST,1-690ef141-0c49fa-97c783cf6980,OnDemand,,,391.18,
,510F8A150819018E635E267F62520B9B-0,1762586945,FCRequestMetrics:/n-matmul-2048,0,0,,,691.71,n-matmul-2048,false,c8577adbf622,,c-690ef10b-0cf1abd9-26ef2c508c1e,1762586945261,Sync,693.19,1762586945260,21.0.3.8,false,2048,32.64,InvokeFunction,,,LATEST,1-690ef141-0c0a43-67113419ee6c,OnDemand,,,0.62,
,7C3B3344857E71889D56CDA44A54F6B2-3,1762586945,FCRequestMetrics:/n-matmul-2048,0,0,,,726.29,n-matmul-2048,false,687fca8d325c,,c-690ef12c-0cf1abd9-6ced060ffe1b,1762586944356,Sync,727.70,1762586944355,21.0.3.8,false,2048,30.55,InvokeFunction,,,LATEST,1-690ef141-0c0a43-ae5c8dbf2ef5,OnDemand,,,0.51,
,7C3B3344857E71889D56CDA44A54F6B2-3,1762586945,FCRequestMetrics:/n-matmul-2048,21,21,,,691.22,n-matmul-2048,false,687fca8d325c,,c-690ef12c-0cf1abd9-6ced060ffe1b,1762586945086,Sync,1351.46,1762586944426,21.0.3.8,false,2048,38.48,InvokeFunction,,,LATEST,1-690ef141-0c0a43-845914e1bc89,OnDemand,,,659.55,
,C38D529AEE78E8BFEBBDDADEDE13D41B-2,1762586945,FCRequestMetrics:/n-matmul-2048,0,0,,,755.86,n-matmul-2048,false,965073b71ef9,,c-690ef12c-0cf1abd9-ee855b82b2d6,1762586944824,Sync,757.25,1762586944823,21.0.3.7,false,2048,26.70,InvokeFunction,,,LATEST,1-690ef141-0c0a43-e7c289f764a3,OnDemand,,,0.55,
,5E9C37D1C997E792337F0D79C839D1F6-3,1762586945,FCRequestMetrics:/n-matmul-2048,0,0,,,0.04,n-matmul-2048,true,7be323259747,,c-690ef12d-0cf1abd9-4ddba8cb6fd4,1762586945123,Sync,460.41,1762586945122,21.0.3.8,false,2048,2.07,InvokeFunction,,,LATEST,1-690ef141-0c0a43-63a7549f1506,OnDemand,,,0.49,,"{""errorType"":""FunctionAbnormalExitError""}"
,E08BA4ABFB8C4109D958EF35CCDE9E75-3,1762586945,FCRequestMetrics:/n-matmul-2048,21,21,,,0.03,n-matmul-2048,true,f6ea6fba0d1f,,c-690ef12a-0cf1abd9-0e59ac1cec40,1762586944888,Sync,469.25,1762586944886,21.0.3.6,false,2048,2.33,InvokeFunction,,,LATEST,1-690ef141-0c0a43-4c059832a5c8,OnDemand,,,2.03,,"{""errorType"":""FunctionAbnormalExitError""}"
,9A02C87DA0F400C9E40F40EF2DF6006D-1,1762586946,FCRequestMetrics:/n-matmul-2048,21,21,,,638.47,n-matmul-2048,false,3ea4534df15d,,c-690ef10b-0cf1abd9-31fefea0e1fd,1762586945951,Sync,643.49,1762586945947,21.0.3.8,false,2048,36.40,InvokeFunction,,,LATEST,1-690ef141-0c49fa-8e3c223b5eba,OnDemand,,,4.35,
,B63107B9394C762ADF436F322BAA4B65-1,1762586946,FCRequestMetrics:/n-matmul-2048,21,21,,,635.67,n-matmul-2048,false,1ccfa60657e6,,c-690ef10b-0cf1abd9-672e1c9f5eed,1762586945988,Sync,637.62,1762586945987,21.0.3.8,false,2048,40.14,InvokeFunction,,,LATEST,1-690ef141-0c49fa-9b29e15296aa,OnDemand,,,1.32,
,B2D19E9889F3DDE524F4ACFCF2A5FEBF-1,1762586946,FCRequestMetrics:/n-matmul-2048,21,21,,,650.82,n-matmul-2048,false,95f39cca25aa,,c-690ef10b-0cf1abd9-336379de3020,1762586945947,Sync,1311.58,1762586945287,21.0.3.8,false,2048,34.11,InvokeFunction,,,LATEST,1-690ef141-0c49fa-ea7376bcb551,OnDemand,,,660.00,
,D5A4CD99F058D411C58A3919BEB264F4-1,1762586946,FCRequestMetrics:/n-matmul-2048,21,21,,,645.37,n-matmul-2048,false,a1586973fec8,,c-690ef10b-0cf1abd9-90463d425ca7,1762586945947,Sync,1306.03,1762586945287,21.0.3.8,false,2048,44.20,InvokeFunction,,,LATEST,1-690ef141-0c49fa-5bb73c972106,OnDemand,,,659.95,
,00E67D373DA9C60BEF759D13208EAAD9-0,1762586946,FCRequestMetrics:/n-matmul-2048,21,21,,,646.03,n-matmul-2048,false,9013ed408e73,,c-690ef10b-0cf1abd9-dbc16e7d233d,1762586945949,Sync,1308.23,1762586945288,21.0.3.8,false,2048,36.40,InvokeFunction,,,LATEST,1-690ef141-0c49fa-3827e835105c,OnDemand,,,661.42,
,46B19270B472A6D217A2E559E7E7C97B-1,1762586946,FCRequestMetrics:/n-matmul-2048,21,21,,,658.86,n-matmul-2048,false,869d26b39717,,c-690ef10b-0cf1abd9-b6750c057b8f,1762586945989,Sync,660.83,1762586945987,21.0.3.8,false,2048,36.33,InvokeFunction,,,LATEST,1-690ef141-0c49fa-7774eb491659,OnDemand,,,1.20,
,211620C9A07558D2D8764497DA6068A4-1,1762586946,FCRequestMetrics:/n-matmul-2048,21,21,,,667.22,n-matmul-2048,false,e053c99a8bb6,,c-690ef10b-0cf1abd9-9de429f2e3c5,1762586945977,Sync,668.47,1762586945977,21.0.3.8,false,2048,36.65,InvokeFunction,,,LATEST,1-690ef141-0c0a43-ec3ab7611375,OnDemand,,,0.49,
,2523AFCDD5BD8A2B2953E48983230929-0,1762586946,FCRequestMetrics:/n-matmul-2048,21,21,,,655.30,n-matmul-2048,false,01d6f783bdb1,,c-690ef10b-0cf1abd9-dd39c218e942,1762586945946,Sync,1316.14,1762586945286,21.0.3.8,false,2048,36.40,InvokeFunction,,,LATEST,1-690ef141-0c0a43-7655f58a977a,OnDemand,,,660.15,
,DDEEB29FD5ADFBB67E4F2FEB83463658-5,1762586946,FCRequestMetrics:/n-matmul-2048,21,21,,,690.30,n-matmul-2048,false,bc52147f2a7a,,c-690ef12c-0cf1abd9-69aaf8ca2a4b,1762586945482,Sync,691.71,1762586945481,21.0.3.8,false,2048,34.57,InvokeFunction,,,LATEST,1-690ef141-0c0a43-7737930ed60c,OnDemand,,,0.46,
,DDEEB29FD5ADFBB67E4F2FEB83463658-5,1762586946,FCRequestMetrics:/n-matmul-2048,21,21,,,707.56,n-matmul-2048,false,bc52147f2a7a,,c-690ef12c-0cf1abd9-69aaf8ca2a4b,1762586946176,Sync,1208.02,1762586945677,21.0.3.8,false,2048,36.86,InvokeFunction,,,LATEST,1-690ef142-0c49fa-a1c81333a1f6,OnDemand,,,499.66,
,18363E7E93F59FF8F193127D52D86051-2,1762586946,FCRequestMetrics:/n-matmul-2048,21,21,,,711.47,n-matmul-2048,false,3f9c9a307fd4,,c-690ef130-0cf1abd9-454ab669b866,1762586945931,Sync,1296.57,1762586945347,21.0.3.8,false,2048,36.49,InvokeFunction,,,LATEST,1-690ef142-0c49fa-d460bcdf4b10,OnDemand,,,584.27,
,BF6FA9AF6994B690E2E5555B14FF4940-2,1762586946,FCRequestMetrics:/n-matmul-2048,21,21,,,851.07,n-matmul-2048,false,21ba44532db0,,c-690ef12f-0cf1abd9-72da07858f04,1762586945782,Sync,1484.13,1762586945150,21.0.3.8,false,2048,40.39,InvokeFunction,,,LATEST,1-690ef142-0c0a43-550b9e5d365f,OnDemand,,,632.27,
,82C12ED6E643926156E0217F8DC83EE9-5,1762586946,FCRequestMetrics:/n-matmul-2048,21,21,,,868.69,n-matmul-2048,false,a9b6a74eafdc,,c-690ef12d-0cf1abd9-2948faf88166,1762586945752,Sync,1185.63,1762586945436,21.0.3.8,false,2048,38.59,InvokeFunction,,,LATEST,1-690ef142-0c49fa-c164872f751a,OnDemand,,,316.08,
,A5C7CD7E71BB55429480C147D0ABD6E0-3,1762586946,FCRequestMetrics:/n-matmul-2048,21,21,,,709.44,n-matmul-2048,false,b9c50fa7ffa2,,c-690ef10b-0cf1abd9-39e48c7dd1cd,1762586945679,Sync,1109.02,1762586945280,21.0.3.8,false,2048,28.73,InvokeFunction,,,LATEST,1-690ef141-0c0a43-5e0e215223d2,OnDemand,,,397.59,
,EB19AA8F9B61C51C3FCBC98D949BD1C2-3,1762586946,FCRequestMetrics:/n-matmul-2048,21,21,,,706.38,n-matmul-2048,false,211d8375abf1,,c-690ef12d-0cf1abd9-78e04fcb7549,1762586945973,Sync,1100.05,1762586945579,21.0.3.8,false,2048,34.20,InvokeFunction,,,LATEST,1-690ef141-0c49fa-2726aeee0af3,OnDemand,,,392.87,
,510F8A150819018E635E267F62520B9B-0,1762586946,FCRequestMetrics:/n-matmul-2048,21,21,,,652.02,n-matmul-2048,false,c8577adbf622,,c-690ef10b-0cf1abd9-26ef2c508c1e,1762586945985,Sync,653.67,1762586945985,21.0.3.8,false,2048,40.34,InvokeFunction,,,LATEST,1-690ef141-0c0a43-6009842f1a86,OnDemand,,,0.46,
,7C3B3344857E71889D56CDA44A54F6B2-3,1762586946,FCRequestMetrics:/n-matmul-2048,21,21,,,708.07,n-matmul-2048,false,687fca8d325c,,c-690ef12c-0cf1abd9-6ced060ffe1b,1762586945780,Sync,1292.50,1762586945197,21.0.3.8,false,2048,40.85,InvokeFunction,,,LATEST,1-690ef142-0c0a43-b9ceb4cbbf48,OnDemand,,,583.61,
,B10148BC96FECE49F2FC2439520A3175-3,1762586946,FCRequestMetrics:/n-matmul-2048,21,21,,,687.02,n-matmul-2048,false,9ae0a7a16fc1,,c-690ef12e-0cf1abd9-86b866453e74,1762586945665,Sync,1272.10,1762586945081,21.0.3.7,false,2048,38.50,InvokeFunction,,,LATEST,1-690ef142-0c49fa-071c08ea1ca4,OnDemand,,,584.26,
,C38D529AEE78E8BFEBBDDADEDE13D41B-2,1762586946,FCRequestMetrics:/n-matmul-2048,21,21,,,700.46,n-matmul-2048,false,965073b71ef9,,c-690ef12c-0cf1abd9-ee855b82b2d6,1762586945586,Sync,702.59,1762586945584,21.0.3.7,false,2048,34.33,InvokeFunction,,,LATEST,1-690ef141-0c49fa-344a2c1a6962,OnDemand,,,1.30,
,F0BCE0E40FE41E0F61DD5DAF956249CC-3,1762586946,FCRequestMetrics:/n-matmul-2048,21,21,,,654.64,n-matmul-2048,false,b9ed45a41c5d,,c-690ef139-0cf1abd9-bfec9b76d480,1762586945717,Sync,1273.65,1762586945099,21.0.3.8,false,2048,36.34,InvokeFunction,,,LATEST,1-690ef142-0c49fa-22958a6c36af,OnDemand,,,618.32,
,5E9C37D1C997E792337F0D79C839D1F6-3,1762586946,FCRequestMetrics:/n-matmul-2048,21,21,,,732.72,n-matmul-2048,false,7be323259747,,c-690ef12d-0cf1abd9-4ddba8cb6fd4,1762586945584,Sync,1153.09,1762586945164,21.0.3.8,false,2048,28.68,InvokeFunction,,,LATEST,1-690ef141-0c49fa-31549eb3d45f,OnDemand,,,419.59,
,E08BA4ABFB8C4109D958EF35CCDE9E75-3,1762586946,FCRequestMetrics:/n-matmul-2048,21,21,,,749.96,n-matmul-2048,false,f6ea6fba0d1f,,c-690ef12a-0cf1abd9-0e59ac1cec40,1762586945358,Sync,1145.68,1762586944963,21.0.3.6,false,2048,28.86,InvokeFunction,,,LATEST,1-690ef141-0c0a43-c98a4129a240,OnDemand,,,393.53,
,211620C9A07558D2D8764497DA6068A4-1,1762586947,FCRequestMetrics:/n-matmul-2048,21,21,,,795.91,n-matmul-2048,false,e053c99a8bb6,,c-690ef10b-0cf1abd9-9de429f2e3c5,1762586946648,Sync,1423.90,1762586946021,21.0.3.8,false,2048,40.85,InvokeFunction,,,LATEST,1-690ef142-0c0a43-409d2e1f8a54,OnDemand,,,627.28,
,2523AFCDD5BD8A2B2953E48983230929-0,1762586947,FCRequestMetrics:/n-matmul-2048,21,21,,,787.70,n-matmul-2048,false,01d6f783bdb1,,c-690ef10b-0cf1abd9-dd39c218e942,1762586946604,Sync,1288.43,1762586946104,21.0.3.8,false,2048,40.71,InvokeFunction,,,LATEST,1-690ef142-0c49fa-c6585edf099f,OnDemand,,,500.00,
,DDEEB29FD5ADFBB67E4F2FEB83463658-5,1762586947,FCRequestMetrics:/n-matmul-2048,18,18,,,849.11,n-matmul-2048,false,bc52147f2a7a,,c-690ef12c-0cf1abd9-69aaf8ca2a4b,1762586946894,Sync,850.46,1762586946893,21.0.3.8,false,2048,38.34,InvokeFunction,,,LATEST,1-690ef143-0c0a43-02892a47980a,OnDemand,,,0.57,
,18363E7E93F59FF8F193127D52D86051-2,1762586947,FCRequestMetrics:/n-matmul-2048,18,18,,,873.33,n-matmul-2048,false,3f9c9a307fd4,,c-690ef130-0cf1abd9-454ab669b866,1762586946657,Sync,875.36,1762586946655,21.0.3.8,false,2048,37.93,InvokeFunction,,,LATEST,1-690ef143-0c49fa-b6e25aed99f4,OnDemand,,,1.27,
,BF6FA9AF6994B690E2E5555B14FF4940-2,1762586947,FCRequestMetrics:/n-matmul-2048,9,9,,,855.31,n-matmul-2048,false,21ba44532db0,,c-690ef12f-0cf1abd9-72da07858f04,1762586946674,Sync,856.55,1762586946673,21.0.3.8,false,2048,43.61,InvokeFunction,,,LATEST,1-690ef143-0c0a43-ef3327c3f326,OnDemand,,,0.50,
,82C12ED6E643926156E0217F8DC83EE9-5,1762586947,FCRequestMetrics:/n-matmul-2048,9,9,,,876.76,n-matmul-2048,false,a9b6a74eafdc,,c-690ef12d-0cf1abd9-2948faf88166,1762586946629,Sync,884.43,1762586946628,21.0.3.8,false,2048,42.20,InvokeFunction,,,LATEST,1-690ef143-0c0a43-37166849b930,OnDemand,,,0.49,
,46B19270B472A6D217A2E559E7E7C97B-3,1762586947,FCRequestMetrics:/n-matmul-2048,21,21,,,782.35,n-matmul-2048,false,869d26b39717,,c-690ef10b-0cf1abd9-b6750c057b8f,1762586946651,Sync,1075.69,1762586946359,21.0.3.8,false,2048,40.89,InvokeFunction,,,LATEST,1-690ef142-0c0a43-e70841b793e4,OnDemand,,,292.60,
,A5C7CD7E71BB55429480C147D0ABD6E0-3,1762586947,FCRequestMetrics:/n-matmul-2048,21,21,,,647.84,n-matmul-2048,false,b9c50fa7ffa2,,c-690ef10b-0cf1abd9-39e48c7dd1cd,1762586946392,Sync,1048.05,1762586945992,21.0.3.8,false,2048,36.71,InvokeFunction,,,LATEST,1-690ef141-0c0a43-09d1825bb5b4,OnDemand,,,399.49,
,A5C7CD7E71BB55429480C147D0ABD6E0-3,1762586947,FCRequestMetrics:/n-matmul-2048,21,21,,,654.99,n-matmul-2048,false,b9c50fa7ffa2,,c-690ef10b-0cf1abd9-39e48c7dd1cd,1762586947043,Sync,1278.79,1762586946420,21.0.3.8,false,2048,38.71,InvokeFunction,,,LATEST,1-690ef142-0c49fa-8abefd1586bc,OnDemand,,,623.04,
,EB19AA8F9B61C51C3FCBC98D949BD1C2-3,1762586947,FCRequestMetrics:/n-matmul-2048,21,21,,,870.68,n-matmul-2048,false,211d8375abf1,,c-690ef12d-0cf1abd9-78e04fcb7549,1762586946683,Sync,1492.45,1762586946061,21.0.3.8,false,2048,38.55,InvokeFunction,,,LATEST,1-690ef142-0c0a43-de7bb88fe76d,OnDemand,,,621.00,
,510F8A150819018E635E267F62520B9B-0,1762586947,FCRequestMetrics:/n-matmul-2048,21,21,,,655.95,n-matmul-2048,false,c8577adbf622,,c-690ef10b-0cf1abd9-26ef2c508c1e,1762586946648,Sync,1284.33,1762586946021,21.0.3.8,false,2048,42.73,InvokeFunction,,,LATEST,1-690ef142-0c0a43-4f929e50544f,OnDemand,,,627.61,
,C38D529AEE78E8BFEBBDDADEDE13D41B-2,1762586947,FCRequestMetrics:/n-matmul-2048,21,21,,,845.70,n-matmul-2048,false,965073b71ef9,,c-690ef12c-0cf1abd9-ee855b82b2d6,1762586946290,Sync,1459.61,1762586945677,21.0.3.7,false,2048,38.86,InvokeFunction,,,LATEST,1-690ef142-0c49fa-6bb7aa3004b4,OnDemand,,,613.16,
,B2D19E9889F3DDE524F4ACFCF2A5FEBF-2,1762586947,FCRequestMetrics:/n-matmul-2048,21,21,,,649.94,n-matmul-2048,false,95f39cca25aa,,c-690ef10b-0cf1abd9-336379de3020,1762586946601,Sync,1234.15,1762586946017,21.0.3.8,false,2048,36.50,InvokeFunction,,,LATEST,1-690ef142-0c0a43-fcb7ab241dcf,OnDemand,,,583.45,
,B63107B9394C762ADF436F322BAA4B65-3,1762586947,FCRequestMetrics:/n-matmul-2048,21,21,,,803.57,n-matmul-2048,false,1ccfa60657e6,,c-690ef10b-0cf1abd9-672e1c9f5eed,1762586946627,Sync,1304.58,1762586946127,21.0.3.8,false,2048,44.72,InvokeFunction,,,LATEST,1-690ef142-0c0a43-b38e2f2a53dc,OnDemand,,,500.27,
,9A02C87DA0F400C9E40F40EF2DF6006D-3,1762586947,FCRequestMetrics:/n-matmul-2048,21,21,,,672.96,n-matmul-2048,false,3ea4534df15d,,c-690ef10b-0cf1abd9-31fefea0e1fd,1762586946594,Sync,1257.35,1762586946010,21.0.3.8,false,2048,38.82,InvokeFunction,,,LATEST,1-690ef142-0c49fa-9afd0c6fcf58,OnDemand,,,583.64,
,00E67D373DA9C60BEF759D13208EAAD9-3,1762586947,FCRequestMetrics:/n-matmul-2048,21,21,,,653.10,n-matmul-2048,false,9013ed408e73,,c-690ef10b-0cf1abd9-dbc16e7d233d,1762586946599,Sync,1235.54,1762586946017,21.0.3.8,false,2048,38.85,InvokeFunction,,,LATEST,1-690ef142-0c49fa-fc5508961648,OnDemand,,,581.57,
,D5A4CD99F058D411C58A3919BEB264F4-3,1762586947,FCRequestMetrics:/n-matmul-2048,21,21,,,648.55,n-matmul-2048,false,a1586973fec8,,c-690ef10b-0cf1abd9-90463d425ca7,1762586946596,Sync,1231.03,1762586946014,21.0.3.8,false,2048,46.46,InvokeFunction,,,LATEST,1-690ef142-0c49fa-a7aa1f531d8d,OnDemand,,,581.75,
,5E9C37D1C997E792337F0D79C839D1F6-3,1762586947,FCRequestMetrics:/n-matmul-2048,21,21,,,715.00,n-matmul-2048,false,7be323259747,,c-690ef12d-0cf1abd9-4ddba8cb6fd4,1762586946321,Sync,1107.73,1762586945929,21.0.3.8,false,2048,36.13,InvokeFunction,,,LATEST,1-690ef141-0c49fa-b0f88263bcaa,OnDemand,,,391.97,
,E08BA4ABFB8C4109D958EF35CCDE9E75-3,1762586947,FCRequestMetrics:/n-matmul-2048,8,8,,,709.78,n-matmul-2048,false,f6ea6fba0d1f,,c-690ef12a-0cf1abd9-0e59ac1cec40,1762586947249,Sync,711.07,1762586947248,21.0.3.6,false,2048,36.31,InvokeFunction,,,LATEST,1-690ef144-0c0a43-14185da15f21,OnDemand,,,0.47,
,82C12ED6E643926156E0217F8DC83EE9-5,1762586947,FCRequestMetrics:/n-matmul-2048,21,21,,,0.04,n-matmul-2048,true,a9b6a74eafdc,,c-690ef12d-0cf1abd9-2948faf88166,1762586947516,Sync,630.15,1762586947354,21.0.3.8,false,2048,2.32,InvokeFunction,,,LATEST,1-690ef144-0c49fa-8cc67f41cbb5,OnDemand,,,161.57,,"{""errorType"":""FunctionAbnormalExitError""}"
,46B19270B472A6D217A2E559E7E7C97B-3,1762586948,FCRequestMetrics:/n-matmul-2048,9,9,,,794.37,n-matmul-2048,false,869d26b39717,,c-690ef10b-0cf1abd9-b6750c057b8f,1762586947478,Sync,800.72,1762586947478,21.0.3.8,false,2048,44.05,InvokeFunction,,,LATEST,1-690ef143-0c0a43-b2664c127f24,OnDemand,,,0.45,
,211620C9A07558D2D8764497DA6068A4-3,1762586948,FCRequestMetrics:/n-matmul-2048,9,9,,,815.76,n-matmul-2048,false,e053c99a8bb6,,c-690ef10b-0cf1abd9-9de429f2e3c5,1762586947471,Sync,817.00,1762586947470,21.0.3.8,false,2048,44.04,InvokeFunction,,,LATEST,1-690ef143-0c0a43-62988480c046,OnDemand,,,0.54,
,A5C7CD7E71BB55429480C147D0ABD6E0-3,1762586948,FCRequestMetrics:/n-matmul-2048,7,7,,,804.58,n-matmul-2048,false,b9c50fa7ffa2,,c-690ef10b-0cf1abd9-39e48c7dd1cd,1762586947742,Sync,806.80,1762586947740,21.0.3.8,false,2048,40.32,InvokeFunction,,,LATEST,1-690ef143-0c49fa-543d2913c965,OnDemand,,,1.46,
,EB19AA8F9B61C51C3FCBC98D949BD1C2-3,1762586948,FCRequestMetrics:/n-matmul-2048,8,8,,,902.50,n-matmul-2048,false,211d8375abf1,,c-690ef12d-0cf1abd9-78e04fcb7549,1762586947601,Sync,903.89,1762586947600,21.0.3.8,false,2048,41.26,InvokeFunction,,,LATEST,1-690ef143-0c0a43-3da43049b269,OnDemand,,,0.63,
,510F8A150819018E635E267F62520B9B-0,1762586948,FCRequestMetrics:/n-matmul-2048,8,8,,,785.08,n-matmul-2048,false,c8577adbf622,,c-690ef10b-0cf1abd9-26ef2c508c1e,1762586948120,Sync,786.28,1762586948120,21.0.3.8,false,2048,44.09,InvokeFunction,,,LATEST,1-690ef144-0c0a43-682c01682c42,OnDemand,,,0.41,
,7C3B3344857E71889D56CDA44A54F6B2-3,1762586948,FCRequestMetrics:/n-matmul-2048,8,8,,,845.34,n-matmul-2048,false,687fca8d325c,,c-690ef12c-0cf1abd9-6ced060ffe1b,1762586947446,Sync,847.31,1762586947444,21.0.3.8,false,2048,42.73,InvokeFunction,,,LATEST,1-690ef144-0c49fa-2ae1456a7dbf,OnDemand,,,1.07,
,B10148BC96FECE49F2FC2439520A3175-3,1762586948,FCRequestMetrics:/n-matmul-2048,8,8,,,881.32,n-matmul-2048,false,9ae0a7a16fc1,,c-690ef12e-0cf1abd9-86b866453e74,1762586947330,Sync,882.64,1762586947329,21.0.3.7,false,2048,40.30,InvokeFunction,,,LATEST,1-690ef144-0c0a43-e7e26f0a60e1,OnDemand,,,0.46,
,C38D529AEE78E8BFEBBDDADEDE13D41B-2,1762586948,FCRequestMetrics:/n-matmul-2048,8,8,,,865.10,n-matmul-2048,false,965073b71ef9,,c-690ef12c-0cf1abd9-ee855b82b2d6,1762586947897,Sync,872.84,1762586947896,21.0.3.7,false,2048,42.12,InvokeFunction,,,LATEST,1-690ef144-0c49fa-4f650457fede,OnDemand,,,0.86,
,B2D19E9889F3DDE524F4ACFCF2A5FEBF-2,1762586948,FCRequestMetrics:/n-matmul-2048,8,8,,,780.79,n-matmul-2048,false,95f39cca25aa,,c-690ef10b-0cf1abd9-336379de3020,1762586948127,Sync,782.03,1762586948127,21.0.3.8,false,2048,38.23,InvokeFunction,,,LATEST,1-690ef144-0c0a43-fe4b5ff8d659,OnDemand,,,0.50,
,F0BCE0E40FE41E0F61DD5DAF956249CC-3,1762586948,FCRequestMetrics:/n-matmul-2048,8,8,,,835.32,n-matmul-2048,false,b9ed45a41c5d,,c-690ef139-0cf1abd9-bfec9b76d480,1762586947203,Sync,836.60,1762586947202,21.0.3.8,false,2048,38.38,InvokeFunction,,,LATEST,1-690ef144-0c0a43-c07c26857fbb,OnDemand,,,0.49,
,B63107B9394C762ADF436F322BAA4B65-3,1762586948,FCRequestMetrics:/n-matmul-2048,8,8,,,795.71,n-matmul-2048,false,1ccfa60657e6,,c-690ef10b-0cf1abd9-672e1c9f5eed,1762586948117,Sync,797.69,1762586948116,21.0.3.8,false,2048,48.52,InvokeFunction,,,LATEST,1-690ef144-0c49fa-37905a8e8d3f,OnDemand,,,1.24,
,2523AFCDD5BD8A2B2953E48983230929-3,1762586948,FCRequestMetrics:/n-matmul-2048,8,8,,,795.86,n-matmul-2048,false,01d6f783bdb1,,c-690ef10b-0cf1abd9-dd39c218e942,1762586948118,Sync,798.00,1762586948117,21.0.3.8,false,2048,43.38,InvokeFunction,,,LATEST,1-690ef144-0c49fa-851bea9a8a3c,OnDemand,,,0.76,
,9A02C87DA0F400C9E40F40EF2DF6006D-3,1762586948,FCRequestMetrics:/n-matmul-2048,8,8,,,787.71,n-matmul-2048,false,3ea4534df15d,,c-690ef10b-0cf1abd9-31fefea0e1fd,1762586948126,Sync,790.46,1762586948125,21.0.3.8,false,2048,41.05,InvokeFunction,,,LATEST,1-690ef144-0c49fa-4ae17bcef599,OnDemand,,,1.16,
,00E67D373DA9C60BEF759D13208EAAD9-3,1762586948,FCRequestMetrics:/n-matmul-2048,8,8,,,788.53,n-matmul-2048,false,9013ed408e73,,c-690ef10b-0cf1abd9-dbc16e7d233d,1762586948127,Sync,792.71,1762586948126,21.0.3.8,false,2048,40.48,InvokeFunction,,,LATEST,1-690ef144-0c49fa-5b8db6f98a58,OnDemand,,,1.33,
,D5A4CD99F058D411C58A3919BEB264F4-3,1762586948,FCRequestMetrics:/n-matmul-2048,8,8,,,787.10,n-matmul-2048,false,a1586973fec8,,c-690ef10b-0cf1abd9-90463d425ca7,1762586948129,Sync,788.36,1762586948128,21.0.3.8,false,2048,48.81,InvokeFunction,,,LATEST,1-690ef144-0c0a43-17ed50988be8,OnDemand,,,0.51,
,5E9C37D1C997E792337F0D79C839D1F6-3,1762586948,FCRequestMetrics:/n-matmul-2048,20,20,,,773.38,n-matmul-2048,false,7be323259747,,c-690ef12d-0cf1abd9-4ddba8cb6fd4,1762586948138,Sync,775.37,1762586948137,21.0.3.8,false,2048,40.62,InvokeFunction,,,LATEST,1-690ef144-0c49fa-6aa3e5a513b0,OnDemand,,,1.15,
,E08BA4ABFB8C4109D958EF35CCDE9E75-3,1762586948,FCRequestMetrics:/n-matmul-2048,21,21,,,853.09,n-matmul-2048,false,f6ea6fba0d1f,,c-690ef12a-0cf1abd9-0e59ac1cec40,1762586947962,Sync,1325.48,1762586947490,21.0.3.6,false,2048,40.86,InvokeFunction,,,LATEST,1-690ef144-0c0a43-d9c84b14f52c,OnDemand,,,471.64,
,DDEEB29FD5ADFBB67E4F2FEB83463658-5,1762586948,FCRequestMetrics:/n-matmul-2048,8,8,,,0.03,n-matmul-2048,true,bc52147f2a7a,,c-690ef12c-0cf1abd9-69aaf8ca2a4b,1762586947788,Sync,448.93,1762586947787,21.0.3.8,false,2048,2.13,InvokeFunction,,,LATEST,1-690ef144-0c0a43-0e92e0c60cc5,OnDemand,,,0.59,,"{""errorType"":""FunctionAbnormalExitError""}"
,DDEEB29FD5ADFBB67E4F2FEB83463658-5,1762586948,FCRequestMetrics:/n-matmul-2048,21,21,,,736.34,n-matmul-2048,false,bc52147f2a7a,,c-690ef12c-0cf1abd9-69aaf8ca2a4b,1762586948238,Sync,1120.92,1762586947854,21.0.3.8,false,2048,26.67,InvokeFunction,,,LATEST,1-690ef144-0c0a43-48c194e9c886,OnDemand,,,383.80,
,18363E7E93F59FF8F193127D52D86051-2,1762586948,FCRequestMetrics:/n-matmul-2048,8,8,,,0.05,n-matmul-2048,true,3f9c9a307fd4,,c-690ef130-0cf1abd9-454ab669b866,1762586947572,Sync,460.22,1762586947571,21.0.3.8,false,2048,2.21,InvokeFunction,,,LATEST,1-690ef144-0c49fa-bdf23e930e60,OnDemand,,,1.44,,"{""errorType"":""FunctionAbnormalExitError""}"
,18363E7E93F59FF8F193127D52D86051-2,1762586948,FCRequestMetrics:/n-matmul-2048,21,21,,,804.63,n-matmul-2048,false,3f9c9a307fd4,,c-690ef130-0cf1abd9-454ab669b866,1762586948033,Sync,1200.22,1762586947638,21.0.3.8,false,2048,26.73,InvokeFunction,,,LATEST,1-690ef144-0c49fa-7a5d361711d4,OnDemand,,,394.70,
,46B19270B472A6D217A2E559E7E7C97B-3,1762586948,FCRequestMetrics:/n-matmul-2048,21,21,,,0.02,n-matmul-2048,true,869d26b39717,,c-690ef10b-0cf1abd9-b6750c057b8f,1762586948281,Sync,547.92,1762586948140,21.0.3.8,false,2048,4.29,InvokeFunction,,,LATEST,1-690ef144-0c49fa-afb095808c60,OnDemand,,,140.91,,"{""errorType"":""FunctionAbnormalExitError""}"
,211620C9A07558D2D8764497DA6068A4-2,1762586948,FCRequestMetrics:/n-matmul-2048,21,21,,,0.03,n-matmul-2048,true,e053c99a8bb6,,c-690ef10b-0cf1abd9-9de429f2e3c5,1762586948290,Sync,566.29,1762586948142,21.0.3.8,false,2048,4.43,InvokeFunction,,,LATEST,1-690ef144-0c49fa-d0ea7941cb0c,OnDemand,,,148.51,,"{""errorType"":""FunctionAbnormalExitError""}"
,BF6FA9AF6994B690E2E5555B14FF4940-2,1762586948,FCRequestMetrics:/n-matmul-2048,21,21,,,0.03,n-matmul-2048,true,21ba44532db0,,c-690ef12f-0cf1abd9-72da07858f04,1762586947532,Sync,602.72,1762586947405,21.0.3.8,false,2048,4.11,InvokeFunction,,,LATEST,1-690ef144-0c0a43-b91c461ce485,OnDemand,,,127.07,,"{""errorType"":""FunctionAbnormalExitError""}"
,BF6FA9AF6994B690E2E5555B14FF4940-2,1762586948,FCRequestMetrics:/n-matmul-2048,21,21,,,748.23,n-matmul-2048,false,21ba44532db0,,c-690ef12f-0cf1abd9-72da07858f04,1762586948010,Sync,1310.02,1762586947449,21.0.3.8,false,2048,26.56,InvokeFunction,,,LATEST,1-690ef144-0c49fa-776db7b5ef48,OnDemand,,,561.01,
,82C12ED6E643926156E0217F8DC83EE9-5,1762586948,FCRequestMetrics:/n-matmul-2048,21,21,,,772.92,n-matmul-2048,false,a9b6a74eafdc,,c-690ef12d-0cf1abd9-2948faf88166,1762586947986,Sync,1207.96,1762586947552,21.0.3.8,false,2048,26.62,InvokeFunction,,,LATEST,1-690ef144-0c0a43-597bd16479a1,OnDemand,,,434.02,
,A5C7CD7E71BB55429480C147D0ABD6E0-3,1762586948,FCRequestMetrics:/n-matmul-2048,21,21,,,0.02,n-matmul-2048,true,b9c50fa7ffa2,,c-690ef10b-0cf1abd9-39e48c7dd1cd,1762586948550,Sync,827.26,1762586948145,21.0.3.8,false,2048,4.09,InvokeFunction,,,LATEST,1-690ef144-0c0a43-369d3c8424a3,OnDemand,,,404.56,,"{""errorType"":""FunctionAbnormalExitError""}"
,7C3B3344857E71889D56CDA44A54F6B2-3,1762586948,FCRequestMetrics:/n-matmul-2048,21,21,,,0.04,n-matmul-2048,true,687fca8d325c,,c-690ef12c-0cf1abd9-6ced060ffe1b,1762586948295,Sync,1045.08,1762586947723,21.0.3.8,false,2048,6.13,InvokeFunction,,,LATEST,1-690ef144-0c0a43-1b8ac8e711a2,OnDemand,,,572.37,,"{""errorType"":""FunctionAbnormalExitError""}"
,EB19AA8F9B61C51C3FCBC98D949BD1C2-3,1762586948,FCRequestMetrics:/n-matmul-2048,21,21,,,0.05,n-matmul-2048,true,211d8375abf1,,c-690ef12d-0cf1abd9-78e04fcb7549,1762586948507,Sync,1015.32,1762586947934,21.0.3.8,false,2048,4.13,InvokeFunction,,,LATEST,1-690ef144-0c0a43-d74654f96605,OnDemand,,,573.23,,"{""errorType"":""FunctionAbnormalExitError""}"
,F0BCE0E40FE41E0F61DD5DAF956249CC-3,1762586948,FCRequestMetrics:/n-matmul-2048,18,18,,,0.05,n-matmul-2048,true,b9ed45a41c5d,,c-690ef139-0cf1abd9-bfec9b76d480,1762586948044,Sync,459.34,1762586948042,21.0.3.8,false,2048,2.16,InvokeFunction,,,LATEST,1-690ef144-0c49fa-4ed349b453b4,OnDemand,,,1.31,,"{""errorType"":""FunctionAbnormalExitError""}"
,B10148BC96FECE49F2FC2439520A3175-2,1762586948,FCRequestMetrics:/n-matmul-2048,18,18,,,0.03,n-matmul-2048,true,9ae0a7a16fc1,,c-690ef12e-0cf1abd9-86b866453e74,1762586948217,Sync,449.46,1762586948217,21.0.3.7,false,2048,4.22,InvokeFunction,,,LATEST,1-690ef144-0c0a43-d12fc5abb8f9,OnDemand,,,0.53,,"{""errorType"":""FunctionAbnormalExitError""}"
,5E9C37D1C997E792337F0D79C839D1F6-3,1762586949,FCRequestMetrics:/n-matmul-2048,21,21,,,790.06,n-matmul-2048,false,7be323259747,,c-690ef12d-0cf1abd9-4ddba8cb6fd4,1762586948916,Sync,1123.85,1762586948588,21.0.3.8,false,2048,43.58,InvokeFunction,,,LATEST,1-690ef144-0c49fa-113631c88070,OnDemand,,,327.49,
,E08BA4ABFB8C4109D958EF35CCDE9E75-3,1762586949,FCRequestMetrics:/n-matmul-2048,21,21,,,861.26,n-matmul-2048,false,f6ea6fba0d1f,,c-690ef12a-0cf1abd9-0e59ac1cec40,1762586948819,Sync,1281.19,1762586948405,21.0.3.6,false,2048,44.31,InvokeFunction,,,LATEST,1-690ef145-0c49fa-fa9ae6acab95,OnDemand,,,413.31,
,DDEEB29FD5ADFBB67E4F2FEB83463658-5,1762586949,FCRequestMetrics:/n-matmul-2048,21,21,,,738.47,n-matmul-2048,false,bc52147f2a7a,,c-690ef12c-0cf1abd9-69aaf8ca2a4b,1762586948978,Sync,995.45,1762586948722,21.0.3.8,false,2048,34.51,InvokeFunction,,,LATEST,1-690ef144-0c0a43-ff0a2b7498f6,OnDemand,,,256.19,
,18363E7E93F59FF8F193127D52D86051-2,1762586949,FCRequestMetrics:/n-matmul-2048,21,21,,,708.23,n-matmul-2048,false,3f9c9a307fd4,,c-690ef130-0cf1abd9-454ab669b866,1762586948843,Sync,1036.67,1762586948515,21.0.3.8,false,2048,34.21,InvokeFunction,,,LATEST,1-690ef144-0c49fa-2bfb0b42d1df,OnDemand,,,327.61,
,46B19270B472A6D217A2E559E7E7C97B-3,1762586949,FCRequestMetrics:/n-matmul-2048,21,21,,,698.21,n-matmul-2048,false,869d26b39717,,c-690ef10b-0cf1abd9-b6750c057b8f,1762586948690,Sync,1242.84,1762586948146,21.0.3.8,false,2048,28.78,InvokeFunction,,,LATEST,1-690ef144-0c0a43-1cca70c1da8c,OnDemand,,,543.77,
,211620C9A07558D2D8764497DA6068A4-2,1762586949,FCRequestMetrics:/n-matmul-2048,21,21,,,726.74,n-matmul-2048,false,e053c99a8bb6,,c-690ef10b-0cf1abd9-9de429f2e3c5,1762586948710,Sync,1290.42,1762586948147,21.0.3.8,false,2048,26.53,InvokeFunction,,,LATEST,1-690ef144-0c0a43-167660aca180,OnDemand,,,562.75,
,BF6FA9AF6994B690E2E5555B14FF4940-2,1762586949,FCRequestMetrics:/n-matmul-2048,21,21,,,704.36,n-matmul-2048,false,21ba44532db0,,c-690ef12f-0cf1abd9-72da07858f04,1762586948760,Sync,940.42,1762586948525,21.0.3.8,false,2048,34.09,InvokeFunction,,,LATEST,1-690ef145-0c0a43-275b184bac0f,OnDemand,,,235.39,
,82C12ED6E643926156E0217F8DC83EE9-5,1762586949,FCRequestMetrics:/n-matmul-2048,21,21,,,714.85,n-matmul-2048,false,a9b6a74eafdc,,c-690ef12d-0cf1abd9-2948faf88166,1762586948763,Sync,1004.28,1762586948474,21.0.3.8,false,2048,34.75,InvokeFunction,,,LATEST,1-690ef145-0c49fa-40eb20522389,OnDemand,,,288.67,
,A5C7CD7E71BB55429480C147D0ABD6E0-3,1762586949,FCRequestMetrics:/n-matmul-2048,18,18,,,686.91,n-matmul-2048,false,b9c50fa7ffa2,,c-690ef10b-0cf1abd9-39e48c7dd1cd,1762586948974,Sync,707.85,1762586948954,21.0.3.8,false,2048,26.54,InvokeFunction,,,LATEST,1-690ef144-0c49fa-1ea84b58c460,OnDemand,,,20.22,
,7C3B3344857E71889D56CDA44A54F6B2-3,1762586949,FCRequestMetrics:/n-matmul-2048,21,21,,,750.75,n-matmul-2048,false,687fca8d325c,,c-690ef12c-0cf1abd9-6ced060ffe1b,1762586948769,Sync,959.55,1762586948561,21.0.3.8,false,2048,28.73,InvokeFunction,,,LATEST,1-690ef145-0c0a43-099c0e691738,OnDemand,,,207.83,
,EB19AA8F9B61C51C3FCBC98D949BD1C2-3,1762586949,FCRequestMetrics:/n-matmul-2048,21,21,,,755.54,n-matmul-2048,false,211d8375abf1,,c-690ef12d-0cf1abd9-78e04fcb7549,1762586948952,Sync,932.17,1762586948776,21.0.3.8,false,2048,28.58,InvokeFunction,,,LATEST,1-690ef144-0c49fa-01eeb5f5e7ca,OnDemand,,,175.90,
,2523AFCDD5BD8A2B2953E48983230929-2,1762586949,FCRequestMetrics:/n-matmul-2048,21,21,,,0.02,n-matmul-2048,true,01d6f783bdb1,,c-690ef10b-0cf1abd9-dd39c218e942,1762586948918,Sync,519.84,1762586948826,21.0.3.8,false,2048,4.10,InvokeFunction,,,LATEST,1-690ef144-0c0a43-c7a58f2e95d0,OnDemand,,,91.71,,"{""errorType"":""FunctionAbnormalExitError""}"
,F0BCE0E40FE41E0F61DD5DAF956249CC-3,1762586949,FCRequestMetrics:/n-matmul-2048,21,21,,,808.27,n-matmul-2048,false,b9ed45a41c5d,,c-690ef139-0cf1abd9-bfec9b76d480,1762586948504,Sync,1041.03,1762586948272,21.0.3.8,false,2048,28.22,InvokeFunction,,,LATEST,1-690ef145-0c0a43-c7c6caf7dd99,OnDemand,,,230.65,
,C38D529AEE78E8BFEBBDDADEDE13D41B-2,1762586949,FCRequestMetrics:/n-matmul-2048,18,18,,,0.04,n-matmul-2048,true,965073b71ef9,,c-690ef12c-0cf1abd9-ee855b82b2d6,1762586948795,Sync,475.54,1762586948794,21.0.3.7,false,2048,2.24,InvokeFunction,,,LATEST,1-690ef144-0c0a43-311b71f36f2a,OnDemand,,,0.54,,"{""errorType"":""FunctionAbnormalExitError""}"
,B10148BC96FECE49F2FC2439520A3175-2,1762586949,FCRequestMetrics:/n-matmul-2048,21,21,,,750.76,n-matmul-2048,false,9ae0a7a16fc1,,c-690ef12e-0cf1abd9-86b866453e74,1762586948668,Sync,971.29,1762586948448,21.0.3.7,false,2048,26.64,InvokeFunction,,,LATEST,1-690ef145-0c0a43-6f3b7c587cb7,OnDemand,,,219.70,
,B2D19E9889F3DDE524F4ACFCF2A5FEBF-2,1762586949,FCRequestMetrics:/n-matmul-2048,21,21,,,0.03,n-matmul-2048,true,95f39cca25aa,,c-690ef10b-0cf1abd9-336379de3020,1762586948912,Sync,1166.87,1762586948148,21.0.3.8,false,2048,2.19,InvokeFunction,,,LATEST,1-690ef144-0c49fa-95ea7759398f,OnDemand,,,763.77,,"{""errorType"":""FunctionAbnormalExitError""}"
,B2D19E9889F3DDE524F4ACFCF2A5FEBF-2,1762586949,FCRequestMetrics:/n-matmul-2048,21,21,,,669.76,n-matmul-2048,false,95f39cca25aa,,c-690ef10b-0cf1abd9-336379de3020,1762586949317,Sync,1027.18,1762586948960,21.0.3.8,false,2048,30.61,InvokeFunction,,,LATEST,1-690ef144-0c49fa-c4164206a6ae,OnDemand,,,356.76,
,D5A4CD99F058D411C58A3919BEB264F4-3,1762586949,FCRequestMetrics:/n-matmul-2048,18,18,,,0.03,n-matmul-2048,true,a1586973fec8,,c-690ef10b-0cf1abd9-90463d425ca7,1762586948953,Sync,416.50,1762586948952,21.0.3.8,false,2048,2.19,InvokeFunction,,,LATEST,1-690ef144-0c49fa-4b34c5c130cd,OnDemand,,,0.78,,"{""errorType"":""FunctionAbnormalExitError""}"
,00E67D373DA9C60BEF759D13208EAAD9-3,1762586949,FCRequestMetrics:/n-matmul-2048,18,18,,,0.03,n-matmul-2048,true,9013ed408e73,,c-690ef10b-0cf1abd9-dbc16e7d233d,1762586948950,Sync,407.29,1762586948949,21.0.3.8,false,2048,4.12,InvokeFunction,,,LATEST,1-690ef144-0c49fa-0c635ead4f95,OnDemand,,,0.77,,"{""errorType"":""FunctionAbnormalExitError""}"
,9A02C87DA0F400C9E40F40EF2DF6006D-3,1762586949,FCRequestMetrics:/n-matmul-2048,21,21,,,0.03,n-matmul-2048,true,3ea4534df15d,,c-690ef10b-0cf1abd9-31fefea0e1fd,1762586948918,Sync,589.66,1762586948758,21.0.3.8,false,2048,4.23,InvokeFunction,,,LATEST,1-690ef144-0c0a43-65ca5821a254,OnDemand,,,160.22,,"{""errorType"":""FunctionAbnormalExitError""}"
,510F8A150819018E635E267F62520B9B-3,1762586949,FCRequestMetrics:/n-matmul-2048,21,21,,,0.03,n-matmul-2048,true,c8577adbf622,,c-690ef10b-0cf1abd9-26ef2c508c1e,1762586948908,Sync,1001.90,1762586948327,21.0.3.8,false,2048,2.31,InvokeFunction,,,LATEST,1-690ef144-0c0a43-b187257e6ce6,OnDemand,,,581.16,,"{""errorType"":""FunctionAbnormalExitError""}"
,B63107B9394C762ADF436F322BAA4B65-3,1762586949,FCRequestMetrics:/n-matmul-2048,21,21,,,0.02,n-matmul-2048,true,1ccfa60657e6,,c-690ef10b-0cf1abd9-672e1c9f5eed,1762586948917,Sync,1170.89,1762586948150,21.0.3.8,false,2048,2.11,InvokeFunction,,,LATEST,1-690ef144-0c49fa-81ce9e73f344,OnDemand,,,767.16,,"{""errorType"":""FunctionAbnormalExitError""}"
,B63107B9394C762ADF436F322BAA4B65-3,1762586949,FCRequestMetrics:/n-matmul-2048,21,21,,,675.58,n-matmul-2048,false,1ccfa60657e6,,c-690ef10b-0cf1abd9-672e1c9f5eed,1762586949322,Sync,1015.04,1762586948983,21.0.3.8,false,2048,26.73,InvokeFunction,,,LATEST,1-690ef144-0c0a43-fecb22fcead1,OnDemand,,,338.73,
,DDEEB29FD5ADFBB67E4F2FEB83463658-5,1762586950,FCRequestMetrics:/n-matmul-2048,21,21,,,861.57,n-matmul-2048,false,bc52147f2a7a,,c-690ef12c-0cf1abd9-69aaf8ca2a4b,1762586949720,Sync,1437.02,1762586949145,21.0.3.8,false,2048,38.71,InvokeFunction,,,LATEST,1-690ef145-0c49fa-548735e8536f,OnDemand,,,574.68,
,18363E7E93F59FF8F193127D52D86051-2,1762586950,FCRequestMetrics:/n-matmul-2048,21,21,,,863.69,n-matmul-2048,false,3f9c9a307fd4,,c-690ef130-0cf1abd9-454ab669b866,1762586949555,Sync,1655.15,1762586948765,21.0.3.8,false,2048,38.41,InvokeFunction,,,LATEST,1-690ef145-0c49fa-c30733efcd14,OnDemand,,,790.68,
,46B19270B472A6D217A2E559E7E7C97B-3,1762586950,FCRequestMetrics:/n-matmul-2048,21,21,,,656.09,n-matmul-2048,false,869d26b39717,,c-690ef10b-0cf1abd9-b6750c057b8f,1762586949392,Sync,887.21,1762586949161,21.0.3.8,false,2048,36.27,InvokeFunction,,,LATEST,1-690ef145-0c0a43-faaf2c99d9e0,OnDemand,,,230.42,
,46B19270B472A6D217A2E559E7E7C97B-3,1762586950,FCRequestMetrics:/n-matmul-2048,21,21,,,788.22,n-matmul-2048,false,869d26b39717,,c-690ef10b-0cf1abd9-b6750c057b8f,1762586950051,Sync,789.73,1762586950050,21.0.3.8,false,2048,40.73,InvokeFunction,,,LATEST,1-690ef146-0c0a43-bd2dc02e1539,OnDemand,,,0.50,
,211620C9A07558D2D8764497DA6068A4-2,1762586950,FCRequestMetrics:/n-matmul-2048,21,21,,,654.40,n-matmul-2048,false,e053c99a8bb6,,c-690ef10b-0cf1abd9-9de429f2e3c5,1762586949440,Sync,929.30,1762586949166,21.0.3.8,false,2048,34.55,InvokeFunction,,,LATEST,1-690ef145-0c0a43-40cfcd44f37d,OnDemand,,,274.18,
,211620C9A07558D2D8764497DA6068A4-2,1762586950,FCRequestMetrics:/n-matmul-2048,21,21,,,790.06,n-matmul-2048,false,e053c99a8bb6,,c-690ef10b-0cf1abd9-9de429f2e3c5,1762586950098,Sync,791.44,1762586950097,21.0.3.8,false,2048,38.82,InvokeFunction,,,LATEST,1-690ef146-0c0a43-5df21ba255e7,OnDemand,,,0.49,
,BF6FA9AF6994B690E2E5555B14FF4940-2,1762586950,FCRequestMetrics:/n-matmul-2048,21,21,,,869.10,n-matmul-2048,false,21ba44532db0,,c-690ef12f-0cf1abd9-72da07858f04,1762586949510,Sync,870.61,1762586949509,21.0.3.8,false,2048,38.49,InvokeFunction,,,LATEST,1-690ef146-0c0a43-90807f1b0a97,OnDemand,,,0.50,
,82C12ED6E643926156E0217F8DC83EE9-5,1762586950,FCRequestMetrics:/n-matmul-2048,18,18,,,709.76,n-matmul-2048,false,a9b6a74eafdc,,c-690ef12d-0cf1abd9-2948faf88166,1762586949532,Sync,711.30,1762586949531,21.0.3.8,false,2048,36.65,InvokeFunction,,,LATEST,1-690ef146-0c0a43-ebcc09bcfd87,OnDemand,,,0.54,
,A5C7CD7E71BB55429480C147D0ABD6E0-3,1762586950,FCRequestMetrics:/n-matmul-2048,21,21,,,658.03,n-matmul-2048,false,b9c50fa7ffa2,,c-690ef10b-0cf1abd9-39e48c7dd1cd,1762586949665,Sync,1151.54,1762586949172,21.0.3.8,false,2048,34.22,InvokeFunction,,,LATEST,1-690ef145-0c0a43-18fc02147073,OnDemand,,,492.63,
,7C3B3344857E71889D56CDA44A54F6B2-3,1762586950,FCRequestMetrics:/n-matmul-2048,21,21,,,708.37,n-matmul-2048,false,687fca8d325c,,c-690ef12c-0cf1abd9-6ced060ffe1b,1762586949524,Sync,719.29,1762586949513,21.0.3.8,false,2048,36.45,InvokeFunction,,,LATEST,1-690ef146-0c0a43-131912f3cd7e,OnDemand,,,9.73,
,7C3B3344857E71889D56CDA44A54F6B2-3,1762586950,FCRequestMetrics:/n-matmul-2048,21,21,,,699.73,n-matmul-2048,false,687fca8d325c,,c-690ef12c-0cf1abd9-6ced060ffe1b,1762586950238,Sync,701.10,1762586950238,21.0.3.8,false,2048,38.75,InvokeFunction,,,LATEST,1-690ef146-0c0a43-adc5563ebf41,OnDemand,,,0.45,
,EB19AA8F9B61C51C3FCBC98D949BD1C2-3,1762586950,FCRequestMetrics:/n-matmul-2048,21,21,,,733.24,n-matmul-2048,false,211d8375abf1,,c-690ef12d-0cf1abd9-78e04fcb7549,1762586949711,Sync,2418.03,1762586948027,21.0.3.8,false,2048,36.12,InvokeFunction,,,LATEST,1-690ef144-0c0a43-e961c8d8de67,OnDemand,,,1683.98,
,2523AFCDD5BD8A2B2953E48983230929-2,1762586950,FCRequestMetrics:/n-matmul-2048,21,21,,,681.67,n-matmul-2048,false,01d6f783bdb1,,c-690ef10b-0cf1abd9-dd39c218e942,1762586949348,Sync,891.61,1762586949138,21.0.3.8,false,2048,26.89,InvokeFunction,,,LATEST,1-690ef145-0c49fa-0c5825d69964,OnDemand,,,209.05,
,2523AFCDD5BD8A2B2953E48983230929-2,1762586950,FCRequestMetrics:/n-matmul-2048,21,21,,,652.40,n-matmul-2048,false,01d6f783bdb1,,c-690ef10b-0cf1abd9-dd39c218e942,1762586950033,Sync,1194.42,1762586949491,21.0.3.8,false,2048,34.63,InvokeFunction,,,LATEST,1-690ef145-0c0a43-995e9d3462f3,OnDemand,,,541.38,
,F0BCE0E40FE41E0F61DD5DAF956249CC-3,1762586950,FCRequestMetrics:/n-matmul-2048,18,18,,,728.17,n-matmul-2048,false,b9ed45a41c5d,,c-690ef139-0cf1abd9-bfec9b76d480,1762586949323,Sync,729.53,1762586949323,21.0.3.8,false,2048,34.29,InvokeFunction,,,LATEST,1-690ef146-0c0a43-cf437601ea71,OnDemand,,,0.53,
,C38D529AEE78E8BFEBBDDADEDE13D41B-2,1762586950,FCRequestMetrics:/n-matmul-2048,21,21,,,741.46,n-matmul-2048,false,965073b71ef9,,c-690ef12c-0cf1abd9-ee855b82b2d6,1762586949271,Sync,968.17,1762586949045,21.0.3.7,false,2048,26.62,InvokeFunction,,,LATEST,1-690ef145-0c49fa-18a77e3930a8,OnDemand,,,225.80,
,C38D529AEE78E8BFEBBDDADEDE13D41B-2,1762586950,FCRequestMetrics:/n-matmul-2048,21,21,,,712.49,n-matmul-2048,false,965073b71ef9,,c-690ef12c-0cf1abd9-ee855b82b2d6,1762586950027,Sync,713.80,1762586950027,21.0.3.7,false,2048,34.41,InvokeFunction,,,LATEST,1-690ef146-0c0a43-ebe66f1ad953,OnDemand,,,0.49,
,B10148BC96FECE49F2FC2439520A3175-2,1762586950,FCRequestMetrics:/n-matmul-2048,21,21,,,700.74,n-matmul-2048,false,9ae0a7a16fc1,,c-690ef12e-0cf1abd9-86b866453e74,1762586949430,Sync,701.98,1762586949429,21.0.3.7,false,2048,34.43,InvokeFunction,,,LATEST,1-690ef146-0c0a43-3d3b50f732b7,OnDemand,,,0.48,
,B2D19E9889F3DDE524F4ACFCF2A5FEBF-2,1762586950,FCRequestMetrics:/n-matmul-2048,21,21,,,641.09,n-matmul-2048,false,95f39cca25aa,,c-690ef10b-0cf1abd9-336379de3020,1762586949991,Sync,1483.87,1762586949149,21.0.3.8,false,2048,38.58,InvokeFunction,,,LATEST,1-690ef145-0c49fa-7c44a5e18ef0,OnDemand,,,842.08,
,D5A4CD99F058D411C58A3919BEB264F4-3,1762586950,FCRequestMetrics:/n-matmul-2048,21,21,,,679.61,n-matmul-2048,false,a1586973fec8,,c-690ef10b-0cf1abd9-90463d425ca7,1762586949371,Sync,905.18,1762586949146,21.0.3.8,false,2048,28.77,InvokeFunction,,,LATEST,1-690ef145-0c49fa-d5f6e02e1f7b,OnDemand,,,224.78,
,D5A4CD99F058D411C58A3919BEB264F4-3,1762586950,FCRequestMetrics:/n-matmul-2048,21,21,,,653.06,n-matmul-2048,false,a1586973fec8,,c-690ef10b-0cf1abd9-90463d425ca7,1762586950090,Sync,654.18,1762586950090,21.0.3.8,false,2048,36.06,InvokeFunction,,,LATEST,1-690ef146-0c0a43-1eb91ea1d29f,OnDemand,,,0.48,
,00E67D373DA9C60BEF759D13208EAAD9-3,1762586950,FCRequestMetrics:/n-matmul-2048,21,21,,,689.10,n-matmul-2048,false,9013ed408e73,,c-690ef10b-0cf1abd9-dbc16e7d233d,1762586949358,Sync,905.58,1762586949143,21.0.3.8,false,2048,28.50,InvokeFunction,,,LATEST,1-690ef145-0c49fa-d4f2d87c0094,OnDemand,,,215.52,
,00E67D373DA9C60BEF759D13208EAAD9-3,1762586950,FCRequestMetrics:/n-matmul-2048,18,18,,,662.65,n-matmul-2048,false,9013ed408e73,,c-690ef10b-0cf1abd9-dbc16e7d233d,1762586950166,Sync,663.95,1762586950166,21.0.3.8,false,2048,35.93,InvokeFunction,,,LATEST,1-690ef146-0c0a43-8a0634fefdaa,OnDemand,,,0.47,
,9A02C87DA0F400C9E40F40EF2DF6006D-3,1762586950,FCRequestMetrics:/n-matmul-2048,21,21,,,678.97,n-matmul-2048,false,3ea4534df15d,,c-690ef10b-0cf1abd9-31fefea0e1fd,1762586949349,Sync,888.03,1762586949141,21.0.3.8,false,2048,26.85,InvokeFunction,,,LATEST,1-690ef145-0c0a43-c525e1213181,OnDemand,,,208.15,
,9A02C87DA0F400C9E40F40EF2DF6006D-3,1762586950,FCRequestMetrics:/n-matmul-2048,21,21,,,642.76,n-matmul-2048,false,3ea4534df15d,,c-690ef10b-0cf1abd9-31fefea0e1fd,1762586950031,Sync,1197.59,1762586949477,21.0.3.8,false,2048,34.28,InvokeFunction,,,LATEST,1-690ef145-0c0a43-47a66833b871,OnDemand,,,554.13,
,510F8A150819018E635E267F62520B9B-3,1762586950,FCRequestMetrics:/n-matmul-2048,21,21,,,678.17,n-matmul-2048,false,c8577adbf622,,c-690ef10b-0cf1abd9-26ef2c508c1e,1762586949331,Sync,1022.32,1762586948988,21.0.3.8,false,2048,26.63,InvokeFunction,,,LATEST,1-690ef144-0c0a43-20d8a098bde2,OnDemand,,,342.10,
,510F8A150819018E635E267F62520B9B-3,1762586950,FCRequestMetrics:/n-matmul-2048,21,21,,,653.06,n-matmul-2048,false,c8577adbf622,,c-690ef10b-0cf1abd9-26ef2c508c1e,1762586950013,Sync,1237.79,1762586949429,21.0.3.8,false,2048,34.52,InvokeFunction,,,LATEST,1-690ef145-0c0a43-e2a8f9c33118,OnDemand,,,583.98,
,B63107B9394C762ADF436F322BAA4B65-3,1762586950,FCRequestMetrics:/n-matmul-2048,21,21,,,647.40,n-matmul-2048,false,1ccfa60657e6,,c-690ef10b-0cf1abd9-672e1c9f5eed,1762586950001,Sync,1490.13,1762586949159,21.0.3.8,false,2048,34.29,InvokeFunction,,,LATEST,1-690ef145-0c49fa-6aaf7b81fa99,OnDemand,,,842.02,
,E08BA4ABFB8C4109D958EF35CCDE9E75-3,1762586950,FCRequestMetrics:/n-matmul-2048,20,20,,,0.03,n-matmul-2048,true,f6ea6fba0d1f,,c-690ef12a-0cf1abd9-0e59ac1cec40,1762586949730,Sync,471.54,1762586949729,21.0.3.6,false,2048,4.18,InvokeFunction,,,LATEST,1-690ef146-0c49fa-f9a5fdb18617,OnDemand,,,0.97,,"{""errorType"":""FunctionAbnormalExitError""}"
,E08BA4ABFB8C4109D958EF35CCDE9E75-3,1762586950,FCRequestMetrics:/n-matmul-2048,18,18,,,745.02,n-matmul-2048,false,f6ea6fba0d1f,,c-690ef12a-0cf1abd9-0e59ac1cec40,1762586950205,Sync,746.45,1762586950204,21.0.3.6,false,2048,28.88,InvokeFunction,,,LATEST,1-690ef146-0c0a43-5b7524253299,OnDemand,,,0.50,
,5E9C37D1C997E792337F0D79C839D1F6-3,1762586950,FCRequestMetrics:/n-matmul-2048,21,21,,,0.02,n-matmul-2048,true,7be323259747,,c-690ef12d-0cf1abd9-4ddba8cb6fd4,1762586949716,Sync,904.82,1762586949249,21.0.3.8,false,2048,4.19,InvokeFunction,,,LATEST,1-690ef145-0c0a43-4c49286dadb8,OnDemand,,,467.11,,"{""errorType"":""FunctionAbnormalExitError""}"
,5E9C37D1C997E792337F0D79C839D1F6-3,1762586950,FCRequestMetrics:/n-matmul-2048,18,18,,,689.25,n-matmul-2048,false,7be323259747,,c-690ef12d-0cf1abd9-4ddba8cb6fd4,1762586950163,Sync,690.42,1762586950163,21.0.3.8,false,2048,28.55,InvokeFunction,,,LATEST,1-690ef146-0c0a43-67281eeb163c,OnDemand,,,0.50,
,DDEEB29FD5ADFBB67E4F2FEB83463658-5,1762586951,FCRequestMetrics:/n-matmul-2048,21,21,,,848.00,n-matmul-2048,false,bc52147f2a7a,,c-690ef12c-0cf1abd9-69aaf8ca2a4b,1762586950606,Sync,849.50,1762586950605,21.0.3.8,false,2048,41.16,InvokeFunction,,,LATEST,1-690ef146-0c0a43-b89795c7ac02,OnDemand,,,0.59,
,18363E7E93F59FF8F193127D52D86051-2,1762586951,FCRequestMetrics:/n-matmul-2048,19,19,,,885.64,n-matmul-2048,false,3f9c9a307fd4,,c-690ef130-0cf1abd9-454ab669b866,1762586950463,Sync,886.93,1762586950462,21.0.3.8,false,2048,41.79,InvokeFunction,,,LATEST,1-690ef146-0c0a43-580a32067d5e,OnDemand,,,0.50,
,46B19270B472A6D217A2E559E7E7C97B-3,1762586951,FCRequestMetrics:/n-matmul-2048,18,18,,,807.22,n-matmul-2048,false,869d26b39717,,c-690ef10b-0cf1abd9-b6750c057b8f,1762586950847,Sync,808.44,1762586950846,21.0.3.8,false,2048,44.06,InvokeFunction,,,LATEST,1-690ef146-0c0a43-a40b7f515f78,OnDemand,,,0.45,
,211620C9A07558D2D8764497DA6068A4-2,1762586951,FCRequestMetrics:/n-matmul-2048,18,18,,,792.54,n-matmul-2048,false,e053c99a8bb6,,c-690ef10b-0cf1abd9-9de429f2e3c5,1762586950892,Sync,794.00,1762586950892,21.0.3.8,false,2048,42.43,InvokeFunction,,,LATEST,1-690ef146-0c0a43-de0a68920bfa,OnDemand,,,0.49,
,BF6FA9AF6994B690E2E5555B14FF4940-2,1762586951,FCRequestMetrics:/n-matmul-2048,18,18,,,865.44,n-matmul-2048,false,21ba44532db0,,c-690ef12f-0cf1abd9-72da07858f04,1762586950416,Sync,866.62,1762586950415,21.0.3.8,false,2048,41.57,InvokeFunction,,,LATEST,1-690ef146-0c0a43-493a4ad5c4cf,OnDemand,,,0.52,
,82C12ED6E643926156E0217F8DC83EE9-5,1762586951,FCRequestMetrics:/n-matmul-2048,19,19,,,909.49,n-matmul-2048,false,a9b6a74eafdc,,c-690ef12d-0cf1abd9-2948faf88166,1762586950371,Sync,910.82,1762586950370,21.0.3.8,false,2048,38.73,InvokeFunction,,,LATEST,1-690ef146-0c0a43-250e5c589128,OnDemand,,,0.52,
,A5C7CD7E71BB55429480C147D0ABD6E0-3,1762586951,FCRequestMetrics:/n-matmul-2048,20,20,,,668.83,n-matmul-2048,false,b9c50fa7ffa2,,c-690ef10b-0cf1abd9-39e48c7dd1cd,1762586950364,Sync,675.27,1762586950363,21.0.3.8,false,2048,36.45,InvokeFunction,,,LATEST,1-690ef146-0c0a43-8cbb9a155efb,OnDemand,,,0.60,
,A5C7CD7E71BB55429480C147D0ABD6E0-3,1762586951,FCRequestMetrics:/n-matmul-2048,20,20,,,799.83,n-matmul-2048,false,b9c50fa7ffa2,,c-690ef10b-0cf1abd9-39e48c7dd1cd,1762586951117,Sync,801.35,1762586951116,21.0.3.8,false,2048,38.28,InvokeFunction,,,LATEST,1-690ef147-0c0a43-800db57ca80b,OnDemand,,,0.60,
,7C3B3344857E71889D56CDA44A54F6B2-3,1762586951,FCRequestMetrics:/n-matmul-2048,21,21,,,854.05,n-matmul-2048,false,687fca8d325c,,c-690ef12c-0cf1abd9-6ced060ffe1b,1762586950941,Sync,1082.10,1762586950714,21.0.3.8,false,2048,40.11,InvokeFunction,,,LATEST,1-690ef147-0c0a43-4eadda6c0c2e,OnDemand,,,227.35,
,EB19AA8F9B61C51C3FCBC98D949BD1C2-3,1762586951,FCRequestMetrics:/n-matmul-2048,20,20,,,869.94,n-matmul-2048,false,211d8375abf1,,c-690ef12d-0cf1abd9-78e04fcb7549,1762586950488,Sync,871.23,1762586950487,21.0.3.8,false,2048,40.29,InvokeFunction,,,LATEST,1-690ef146-0c0a43-642776d39f8d,OnDemand,,,0.58,
,2523AFCDD5BD8A2B2953E48983230929-2,1762586951,FCRequestMetrics:/n-matmul-2048,21,21,,,668.67,n-matmul-2048,false,01d6f783bdb1,,c-690ef10b-0cf1abd9-dd39c218e942,1762586950691,Sync,670.80,1762586950689,21.0.3.8,false,2048,37.07,InvokeFunction,,,LATEST,1-690ef146-0c49fa-e4b1bc45e94a,OnDemand,,,1.37,
,F0BCE0E40FE41E0F61DD5DAF956249CC-3,1762586951,FCRequestMetrics:/n-matmul-2048,20,20,,,718.45,n-matmul-2048,false,b9ed45a41c5d,,c-690ef139-0cf1abd9-bfec9b76d480,1762586950401,Sync,720.61,1762586950400,21.0.3.8,false,2048,36.11,InvokeFunction,,,LATEST,1-690ef147-0c49fa-0a2a01d230db,OnDemand,,,0.93,
,C38D529AEE78E8BFEBBDDADEDE13D41B-2,1762586951,FCRequestMetrics:/n-matmul-2048,19,19,,,784.49,n-matmul-2048,false,965073b71ef9,,c-690ef12c-0cf1abd9-ee855b82b2d6,1762586950783,Sync,786.63,1762586950781,21.0.3.7,false,2048,38.87,InvokeFunction,,,LATEST,1-690ef146-0c49fa-e13bf3a43a13,OnDemand,,,1.15,
,B10148BC96FECE49F2FC2439520A3175-2,1762586951,FCRequestMetrics:/n-matmul-2048,21,21,,,864.92,n-matmul-2048,false,9ae0a7a16fc1,,c-690ef12e-0cf1abd9-86b866453e74,1762586950141,Sync,866.36,1762586950140,21.0.3.7,false,2048,38.84,InvokeFunction,,,LATEST,1-690ef146-0c0a43-0d50ccc9504e,OnDemand,,,0.51,
,B10148BC96FECE49F2FC2439520A3175-2,1762586951,FCRequestMetrics:/n-matmul-2048,21,21,,,861.61,n-matmul-2048,false,9ae0a7a16fc1,,c-690ef12e-0cf1abd9-86b866453e74,1762586951010,Sync,1250.70,1762586950624,21.0.3.7,false,2048,42.20,InvokeFunction,,,LATEST,1-690ef147-0c0a43-f0f1adb5c278,OnDemand,,,385.84,
,B2D19E9889F3DDE524F4ACFCF2A5FEBF-2,1762586951,FCRequestMetrics:/n-matmul-2048,19,19,,,789.28,n-matmul-2048,false,95f39cca25aa,,c-690ef10b-0cf1abd9-336379de3020,1762586950786,Sync,790.56,1762586950785,21.0.3.8,false,2048,42.80,InvokeFunction,,,LATEST,1-690ef146-0c0a43-ac9fb4306e49,OnDemand,,,0.52,
,D5A4CD99F058D411C58A3919BEB264F4-3,1762586951,FCRequestMetrics:/n-matmul-2048,19,19,,,781.76,n-matmul-2048,false,a1586973fec8,,c-690ef10b-0cf1abd9-90463d425ca7,1762586950755,Sync,783.05,1762586950754,21.0.3.8,false,2048,40.46,InvokeFunction,,,LATEST,1-690ef146-0c0a43-e2b310d0578e,OnDemand,,,0.51,
,00E67D373DA9C60BEF759D13208EAAD9-3,1762586951,FCRequestMetrics:/n-matmul-2048,18,18,,,652.47,n-matmul-2048,false,9013ed408e73,,c-690ef10b-0cf1abd9-dbc16e7d233d,1762586950880,Sync,653.76,1762586950879,21.0.3.8,false,2048,38.26,InvokeFunction,,,LATEST,1-690ef146-0c0a43-820606f7dccb,OnDemand,,,0.48,
,9A02C87DA0F400C9E40F40EF2DF6006D-3,1762586951,FCRequestMetrics:/n-matmul-2048,21,21,,,788.05,n-matmul-2048,false,3ea4534df15d,,c-690ef10b-0cf1abd9-31fefea0e1fd,1762586950733,Sync,790.20,1762586950732,21.0.3.8,false,2048,38.87,InvokeFunction,,,LATEST,1-690ef146-0c49fa-6502fc167918,OnDemand,,,1.36,
,510F8A150819018E635E267F62520B9B-3,1762586951,FCRequestMetrics:/n-matmul-2048,21,21,,,805.83,n-matmul-2048,false,c8577adbf622,,c-690ef10b-0cf1abd9-26ef2c508c1e,1762586950673,Sync,807.90,1762586950672,21.0.3.8,false,2048,38.74,InvokeFunction,,,LATEST,1-690ef146-0c49fa-25be11b46e05,OnDemand,,,1.41,
,B63107B9394C762ADF436F322BAA4B65-3,1762586951,FCRequestMetrics:/n-matmul-2048,19,19,,,776.13,n-matmul-2048,false,1ccfa60657e6,,c-690ef10b-0cf1abd9-672e1c9f5eed,1762586950742,Sync,777.34,1762586950741,21.0.3.8,false,2048,38.71,InvokeFunction,,,LATEST,1-690ef146-0c0a43-3fb8886904fa,OnDemand,,,0.49,
,E08BA4ABFB8C4109D958EF35CCDE9E75-3,1762586951,FCRequestMetrics:/n-matmul-2048,21,21,,,704.32,n-matmul-2048,false,f6ea6fba0d1f,,c-690ef12a-0cf1abd9-0e59ac1cec40,1762586950954,Sync,1107.01,1762586950552,21.0.3.6,false,2048,36.47,InvokeFunction,,,LATEST,1-690ef147-0c0a43-6265aa001503,OnDemand,,,401.79,
,5E9C37D1C997E792337F0D79C839D1F6-3,1762586951,FCRequestMetrics:/n-matmul-2048,18,18,,,646.28,n-matmul-2048,false,7be323259747,,c-690ef12d-0cf1abd9-4ddba8cb6fd4,1762586950870,Sync,647.49,1762586950869,21.0.3.8,false,2048,36.51,InvokeFunction,,,LATEST,1-690ef146-0c0a43-77cfda9b7c66,OnDemand,,,0.49,
,18363E7E93F59FF8F193127D52D86051-3,1762586951,FCRequestMetrics:/n-matmul-2048,21,21,,,0.03,n-matmul-2048,true,3f9c9a307fd4,,c-690ef130-0cf1abd9-454ab669b866,1762586951352,Sync,905.77,1762586950905,21.0.3.8,false,2048,2.13,InvokeFunction,,,LATEST,1-690ef147-0c49fa-cbfd00436445,OnDemand,,,446.70,,"{""errorType"":""FunctionAbnormalExitError""}"
,DDEEB29FD5ADFBB67E4F2FEB83463658-5,1762586951,FCRequestMetrics:/n-matmul-2048,21,21,,,0.03,n-matmul-2048,true,bc52147f2a7a,,c-690ef12c-0cf1abd9-69aaf8ca2a4b,1762586951458,Sync,838.68,1762586951094,21.0.3.8,false,2048,2.21,InvokeFunction,,,LATEST,1-690ef147-0c0a43-e1345a543c59,OnDemand,,,364.15,,"{""errorType"":""FunctionAbnormalExitError""}"
,BF6FA9AF6994B690E2E5555B14FF4940-2,1762586951,FCRequestMetrics:/n-matmul-2048,21,21,,,0.02,n-matmul-2048,true,21ba44532db0,,c-690ef12f-0cf1abd9-72da07858f04,1762586951284,Sync,955.99,1762586950784,21.0.3.8,false,2048,2.20,InvokeFunction,,,LATEST,1-690ef147-0c0a43-c13fdab739bf,OnDemand,,,500.43,,"{""errorType"":""FunctionAbnormalExitError""}"
,82C12ED6E643926156E0217F8DC83EE9-4,1762586951,FCRequestMetrics:/n-matmul-2048,21,21,,,0.02,n-matmul-2048,true,a9b6a74eafdc,,c-690ef12d-0cf1abd9-2948faf88166,1762586951283,Sync,952.98,1762586950783,21.0.3.8,false,2048,2.15,InvokeFunction,,,LATEST,1-690ef147-0c0a43-74cbf62115cc,OnDemand,,,499.89,,"{""errorType"":""FunctionAbnormalExitError""}"
,EB19AA8F9B61C51C3FCBC98D949BD1C2-3,1762586952,FCRequestMetrics:/n-matmul-2048,21,21,,,789.48,n-matmul-2048,false,211d8375abf1,,c-690ef12d-0cf1abd9-78e04fcb7549,1762586951361,Sync,1017.98,1762586951133,21.0.3.8,false,2048,43.73,InvokeFunction,,,LATEST,1-690ef147-0c0a43-e1c25d4eedbe,OnDemand,,,227.81,
,2523AFCDD5BD8A2B2953E48983230929-2,1762586952,FCRequestMetrics:/n-matmul-2048,21,21,,,788.81,n-matmul-2048,false,01d6f783bdb1,,c-690ef10b-0cf1abd9-dd39c218e942,1762586951363,Sync,1019.04,1762586951133,21.0.3.8,false,2048,38.40,InvokeFunction,,,LATEST,1-690ef147-0c0a43-fe7984a80b2d,OnDemand,,,229.47,
,F0BCE0E40FE41E0F61DD5DAF956249CC-3,1762586952,FCRequestMetrics:/n-matmul-2048,21,21,,,903.56,n-matmul-2048,false,b9ed45a41c5d,,c-690ef139-0cf1abd9-bfec9b76d480,1762586951123,Sync,1560.27,1762586950471,21.0.3.8,false,2048,37.84,InvokeFunction,,,LATEST,1-690ef147-0c0a43-8fe30aeea77c,OnDemand,,,652.71,
,C38D529AEE78E8BFEBBDDADEDE13D41B-2,1762586952,FCRequestMetrics:/n-matmul-2048,21,21,,,805.37,n-matmul-2048,false,965073b71ef9,,c-690ef12c-0cf1abd9-ee855b82b2d6,1762586951571,Sync,1226.61,1762586951150,21.0.3.7,false,2048,41.91,InvokeFunction,,,LATEST,1-690ef147-0c49fa-2035780c92cd,OnDemand,,,420.56,
,B2D19E9889F3DDE524F4ACFCF2A5FEBF-2,1762586952,FCRequestMetrics:/n-matmul-2048,21,21,,,788.16,n-matmul-2048,false,95f39cca25aa,,c-690ef10b-0cf1abd9-336379de3020,1762586951578,Sync,1213.44,1762586951154,21.0.3.8,false,2048,46.09,InvokeFunction,,,LATEST,1-690ef147-0c0a43-e7d3c2a2b7cc,OnDemand,,,424.56,
,D5A4CD99F058D411C58A3919BEB264F4-3,1762586952,FCRequestMetrics:/n-matmul-2048,21,21,,,791.10,n-matmul-2048,false,a1586973fec8,,c-690ef10b-0cf1abd9-90463d425ca7,1762586951540,Sync,1189.92,1762586951142,21.0.3.8,false,2048,43.68,InvokeFunction,,,LATEST,1-690ef147-0c49fa-2ce0209e9d81,OnDemand,,,398.15,
,00E67D373DA9C60BEF759D13208EAAD9-3,1762586952,FCRequestMetrics:/n-matmul-2048,21,21,,,799.49,n-matmul-2048,false,9013ed408e73,,c-690ef10b-0cf1abd9-dbc16e7d233d,1762586951536,Sync,1200.97,1762586951141,21.0.3.8,false,2048,39.72,InvokeFunction,,,LATEST,1-690ef147-0c49fa-c4a7e2024611,OnDemand,,,395.18,
,9A02C87DA0F400C9E40F40EF2DF6006D-3,1762586952,FCRequestMetrics:/n-matmul-2048,21,21,,,781.48,n-matmul-2048,false,3ea4534df15d,,c-690ef10b-0cf1abd9-31fefea0e1fd,1762586951525,Sync,1168.68,1762586951138,21.0.3.8,false,2048,41.91,InvokeFunction,,,LATEST,1-690ef147-0c49fa-c6fdab48dff1,OnDemand,,,386.56,
,510F8A150819018E635E267F62520B9B-3,1762586952,FCRequestMetrics:/n-matmul-2048,21,21,,,784.97,n-matmul-2048,false,c8577adbf622,,c-690ef10b-0cf1abd9-26ef2c508c1e,1762586951483,Sync,1133.35,1762586951135,21.0.3.8,false,2048,42.97,InvokeFunction,,,LATEST,1-690ef147-0c49fa-e11c17ed8a65,OnDemand,,,347.71,
,B63107B9394C762ADF436F322BAA4B65-3,1762586952,FCRequestMetrics:/n-matmul-2048,21,21,,,783.35,n-matmul-2048,false,1ccfa60657e6,,c-690ef10b-0cf1abd9-672e1c9f5eed,1762586951521,Sync,1167.86,1762586951137,21.0.3.8,false,2048,42.05,InvokeFunction,,,LATEST,1-690ef147-0c0a43-188b242e4470,OnDemand,,,383.73,
,E08BA4ABFB8C4109D958EF35CCDE9E75-3,1762586952,FCRequestMetrics:/n-matmul-2048,21,21,,,862.42,n-matmul-2048,false,f6ea6fba0d1f,,c-690ef12a-0cf1abd9-0e59ac1cec40,1762586951662,Sync,1492.10,1762586951033,21.0.3.6,false,2048,40.84,InvokeFunction,,,LATEST,1-690ef147-0c0a43-4e10fbd03262,OnDemand,,,628.92,
,5E9C37D1C997E792337F0D79C839D1F6-3,1762586952,FCRequestMetrics:/n-matmul-2048,21,21,,,769.56,n-matmul-2048,false,7be323259747,,c-690ef12d-0cf1abd9-4ddba8cb6fd4,1762586951520,Sync,1153.58,1762586951136,21.0.3.8,false,2048,40.73,InvokeFunction,,,LATEST,1-690ef147-0c49fa-dcc0d6b13984,OnDemand,,,383.08,
,18363E7E93F59FF8F193127D52D86051-3,1762586952,FCRequestMetrics:/n-matmul-2048,21,21,,,751.63,n-matmul-2048,false,3f9c9a307fd4,,c-690ef130-0cf1abd9-454ab669b866,1762586951813,Sync,1388.72,1762586951177,21.0.3.8,false,2048,28.63,InvokeFunction,,,LATEST,1-690ef147-0c49fa-ff7cc7d2025c,OnDemand,,,636.32,
,211620C9A07558D2D8764497DA6068A4-3,1762586952,FCRequestMetrics:/n-matmul-2048,21,21,,,0.02,n-matmul-2048,true,e053c99a8bb6,,c-690ef10b-0cf1abd9-9de429f2e3c5,1762586951688,Sync,935.08,1762586951189,21.0.3.8,false,2048,2.27,InvokeFunction,,,LATEST,1-690ef147-0c0a43-3dfcfccefacc,OnDemand,,,498.87,,"{""errorType"":""FunctionAbnormalExitError""}"
,211620C9A07558D2D8764497DA6068A4-3,1762586952,FCRequestMetrics:/n-matmul-2048,21,21,,,674.59,n-matmul-2048,false,e053c99a8bb6,,c-690ef10b-0cf1abd9-9de429f2e3c5,1762586952127,Sync,1264.86,1762586951537,21.0.3.8,false,2048,26.60,InvokeFunction,,,LATEST,1-690ef147-0c0a43-6ea6bcfc06b5,OnDemand,,,588.25,
,DDEEB29FD5ADFBB67E4F2FEB83463658-5,1762586952,FCRequestMetrics:/n-matmul-2048,21,21,,,762.55,n-matmul-2048,false,bc52147f2a7a,,c-690ef12c-0cf1abd9-69aaf8ca2a4b,1762586951934,Sync,1554.90,1762586951143,21.0.3.8,false,2048,28.68,InvokeFunction,,,LATEST,1-690ef147-0c49fa-458eed1d04b3,OnDemand,,,791.53,
,BF6FA9AF6994B690E2E5555B14FF4940-2,1762586952,FCRequestMetrics:/n-matmul-2048,21,21,,,738.34,n-matmul-2048,false,21ba44532db0,,c-690ef12f-0cf1abd9-72da07858f04,1762586951741,Sync,1332.96,1762586951148,21.0.3.8,false,2048,26.60,InvokeFunction,,,LATEST,1-690ef147-0c0a43-3c14abf06af1,OnDemand,,,593.73,
,46B19270B472A6D217A2E559E7E7C97B-3,1762586952,FCRequestMetrics:/n-matmul-2048,21,21,,,0.03,n-matmul-2048,true,869d26b39717,,c-690ef10b-0cf1abd9-b6750c057b8f,1762586951657,Sync,916.69,1762586951157,21.0.3.8,false,2048,4.28,InvokeFunction,,,LATEST,1-690ef147-0c0a43-c661eae00296,OnDemand,,,500.03,,"{""errorType"":""FunctionAbnormalExitError""}"
,46B19270B472A6D217A2E559E7E7C97B-3,1762586952,FCRequestMetrics:/n-matmul-2048,21,21,,,688.18,n-matmul-2048,false,869d26b39717,,c-690ef10b-0cf1abd9-b6750c057b8f,1762586952076,Sync,1245.33,1762586951519,21.0.3.8,false,2048,28.61,InvokeFunction,,,LATEST,1-690ef147-0c49fa-d2c604b423c2,OnDemand,,,556.41,
,82C12ED6E643926156E0217F8DC83EE9-4,1762586952,FCRequestMetrics:/n-matmul-2048,21,21,,,757.36,n-matmul-2048,false,a9b6a74eafdc,,c-690ef12d-0cf1abd9-2948faf88166,1762586951738,Sync,1389.81,1762586951107,21.0.3.8,false,2048,26.32,InvokeFunction,,,LATEST,1-690ef147-0c49fa-aa4fcf820b16,OnDemand,,,631.39,
,2523AFCDD5BD8A2B2953E48983230929-3,1762586952,FCRequestMetrics:/n-matmul-2048,21,21,,,0.03,n-matmul-2048,true,01d6f783bdb1,,c-690ef10b-0cf1abd9-dd39c218e942,1762586952155,Sync,1014.49,1762586951569,21.0.3.8,false,2048,2.08,InvokeFunction,,,LATEST,1-690ef147-0c0a43-2dba5e38a74a,OnDemand,,,585.54,,"{""errorType"":""FunctionAbnormalExitError""}"
,7C3B3344857E71889D56CDA44A54F6B2-3,1762586952,FCRequestMetrics:/n-matmul-2048,21,21,,,0.03,n-matmul-2048,true,687fca8d325c,,c-690ef12c-0cf1abd9-6ced060ffe1b,1762586951799,Sync,1054.42,1762586951208,21.0.3.8,false,2048,4.05,InvokeFunction,,,LATEST,1-690ef147-0c0a43-5b4d6fb6dfd6,OnDemand,,,590.95,,"{""errorType"":""FunctionAbnormalExitError""}"
,A5C7CD7E71BB55429480C147D0ABD6E0-3,1762586952,FCRequestMetrics:/n-matmul-2048,21,21,,,0.04,n-matmul-2048,true,b9c50fa7ffa2,,c-690ef10b-0cf1abd9-39e48c7dd1cd,1762586951920,Sync,1198.89,1762586951146,21.0.3.8,false,2048,2.20,InvokeFunction,,,LATEST,1-690ef147-0c0a43-c97327f48f66,OnDemand,,,773.88,,"{""errorType"":""FunctionAbnormalExitError""}"
,EB19AA8F9B61C51C3FCBC98D949BD1C2-3,1762586952,FCRequestMetrics:/n-matmul-2048,21,21,,,0.02,n-matmul-2048,true,211d8375abf1,,c-690ef12d-0cf1abd9-78e04fcb7549,1762586952153,Sync,1003.82,1762586951563,21.0.3.8,false,2048,4.16,InvokeFunction,,,LATEST,1-690ef147-0c0a43-3e75611a5d63,OnDemand,,,589.93,,"{""errorType"":""FunctionAbnormalExitError""}"
,F0BCE0E40FE41E0F61DD5DAF956249CC-3,1762586952,FCRequestMetrics:/n-matmul-2048,8,8,,,0.03,n-matmul-2048,true,b9ed45a41c5d,,c-690ef139-0cf1abd9-bfec9b76d480,1762586952074,Sync,486.58,1762586952074,21.0.3.8,false,2048,2.27,InvokeFunction,,,LATEST,1-690ef148-0c0a43-f7c529f329ff,OnDemand,,,0.57,,"{""errorType"":""FunctionAbnormalExitError""}"
,E08BA4ABFB8C4109D958EF35CCDE9E75-3,1762586953,FCRequestMetrics:/n-matmul-2048,7,7,,,881.90,n-matmul-2048,false,f6ea6fba0d1f,,c-690ef12a-0cf1abd9-0e59ac1cec40,1762586952568,Sync,883.14,1762586952568,21.0.3.6,false,2048,43.93,InvokeFunction,,,LATEST,1-690ef149-0c0a43-f00b6c425567,OnDemand,,,0.51,
,18363E7E93F59FF8F193127D52D86051-3,1762586953,FCRequestMetrics:/n-matmul-2048,6,6,,,742.63,n-matmul-2048,false,3f9c9a307fd4,,c-690ef130-0cf1abd9-454ab669b866,1762586952581,Sync,744.83,1762586952580,21.0.3.8,false,2048,36.60,InvokeFunction,,,LATEST,1-690ef148-0c49fa-9cd943513321,OnDemand,,,1.26,
,211620C9A07558D2D8764497DA6068A4-3,1762586953,FCRequestMetrics:/n-matmul-2048,6,6,,,648.47,n-matmul-2048,false,e053c99a8bb6,,c-690ef10b-0cf1abd9-9de429f2e3c5,1762586952806,Sync,650.57,1762586952804,21.0.3.8,false,2048,34.43,InvokeFunction,,,LATEST,1-690ef148-0c49fa-afc7b81e7e74,OnDemand,,,1.36,
,DDEEB29FD5ADFBB67E4F2FEB83463658-5,1762586953,FCRequestMetrics:/n-matmul-2048,6,6,,,645.29,n-matmul-2048,false,bc52147f2a7a,,c-690ef12c-0cf1abd9-69aaf8ca2a4b,1762586952764,Sync,647.63,1762586952762,21.0.3.8,false,2048,36.20,InvokeFunction,,,LATEST,1-690ef148-0c49fa-b36221673b7e,OnDemand,,,1.57,
,BF6FA9AF6994B690E2E5555B14FF4940-2,1762586953,FCRequestMetrics:/n-matmul-2048,8,8,,,736.08,n-matmul-2048,false,21ba44532db0,,c-690ef12f-0cf1abd9-72da07858f04,1762586952525,Sync,737.38,1762586952524,21.0.3.8,false,2048,34.64,InvokeFunction,,,LATEST,1-690ef148-0c0a43-7ec8fafc8172,OnDemand,,,0.55,
,46B19270B472A6D217A2E559E7E7C97B-3,1762586953,FCRequestMetrics:/n-matmul-2048,6,6,,,659.01,n-matmul-2048,false,869d26b39717,,c-690ef10b-0cf1abd9-b6750c057b8f,1762586952824,Sync,660.73,1762586952823,21.0.3.8,false,2048,36.30,InvokeFunction,,,LATEST,1-690ef148-0c49fa-c35881888918,OnDemand,,,0.94,
,82C12ED6E643926156E0217F8DC83EE9-4,1762586953,FCRequestMetrics:/n-matmul-2048,7,7,,,715.87,n-matmul-2048,false,a9b6a74eafdc,,c-690ef12d-0cf1abd9-2948faf88166,1762586952540,Sync,718.26,1762586952538,21.0.3.8,false,2048,34.32,InvokeFunction,,,LATEST,1-690ef148-0c49fa-f0fe0dfece01,OnDemand,,,1.45,
,2523AFCDD5BD8A2B2953E48983230929-3,1762586953,FCRequestMetrics:/n-matmul-2048,7,7,,,677.73,n-matmul-2048,false,01d6f783bdb1,,c-690ef10b-0cf1abd9-dd39c218e942,1762586953176,Sync,678.98,1762586953175,21.0.3.8,false,2048,28.67,InvokeFunction,,,LATEST,1-690ef149-0c0a43-bd0d29010013,OnDemand,,,0.56,
,7C3B3344857E71889D56CDA44A54F6B2-3,1762586953,FCRequestMetrics:/n-matmul-2048,7,7,,,739.34,n-matmul-2048,false,687fca8d325c,,c-690ef12c-0cf1abd9-6ced060ffe1b,1762586952915,Sync,741.73,1762586952913,21.0.3.8,false,2048,28.78,InvokeFunction,,,LATEST,1-690ef149-0c49fa-b4bc61d889a0,OnDemand,,,1.36,
,B63107B9394C762ADF436F322BAA4B65-2,1762586953,FCRequestMetrics:/n-matmul-2048,10,10,,,0.04,n-matmul-2048,true,1ccfa60657e6,,c-690ef10b-0cf1abd9-672e1c9f5eed,1762586953469,Sync,431.62,1762586953467,21.0.3.8,false,2048,2.09,InvokeFunction,,,LATEST,1-690ef149-0c49fa-9c5234947848,OnDemand,,,1.06,,"{""errorType"":""FunctionAbnormalExitError""}"
,9A02C87DA0F400C9E40F40EF2DF6006D-3,1762586953,FCRequestMetrics:/n-matmul-2048,10,10,,,0.05,n-matmul-2048,true,3ea4534df15d,,c-690ef10b-0cf1abd9-31fefea0e1fd,1762586953466,Sync,414.25,1762586953466,21.0.3.8,false,2048,2.28,InvokeFunction,,,LATEST,1-690ef149-0c0a43-aa25dce08c16,OnDemand,,,0.48,,"{""errorType"":""FunctionAbnormalExitError""}"
,EB19AA8F9B61C51C3FCBC98D949BD1C2-3,1762586953,FCRequestMetrics:/n-matmul-2048,7,7,,,687.85,n-matmul-2048,false,211d8375abf1,,c-690ef12d-0cf1abd9-78e04fcb7549,1762586953178,Sync,690.03,1762586953177,21.0.3.8,false,2048,28.53,InvokeFunction,,,LATEST,1-690ef149-0c49fa-f2c9f15fe02a,OnDemand,,,1.38,
,B10148BC96FECE49F2FC2439520A3175-2,1762586953,FCRequestMetrics:/n-matmul-2048,10,10,,,0.08,n-matmul-2048,true,9ae0a7a16fc1,,c-690ef12e-0cf1abd9-86b866453e74,1762586953110,Sync,466.93,1762586953109,21.0.3.7,false,2048,2.07,InvokeFunction,,,LATEST,1-690ef149-0c49fa-2c5ac499de4c,OnDemand,,,0.77,,"{""errorType"":""FunctionAbnormalExitError""}"
,510F8A150819018E635E267F62520B9B-3,1762586953,FCRequestMetrics:/n-matmul-2048,10,10,,,0.05,n-matmul-2048,true,c8577adbf622,,c-690ef10b-0cf1abd9-26ef2c508c1e,1762586953469,Sync,425.48,1762586953469,21.0.3.8,false,2048,2.08,InvokeFunction,,,LATEST,1-690ef149-0c0a43-b528819a6fd0,OnDemand,,,0.49,,"{""errorType"":""FunctionAbnormalExitError""}"
,C38D529AEE78E8BFEBBDDADEDE13D41B-2,1762586953,FCRequestMetrics:/n-matmul-2048,7,7,,,0.04,n-matmul-2048,true,965073b71ef9,,c-690ef12c-0cf1abd9-ee855b82b2d6,1762586953179,Sync,448.41,1762586953178,21.0.3.7,false,2048,2.15,InvokeFunction,,,LATEST,1-690ef149-0c0a43-0f4822017ed0,OnDemand,,,0.51,,"{""errorType"":""FunctionAbnormalExitError""}"
,F0BCE0E40FE41E0F61DD5DAF956249CC-3,1762586953,FCRequestMetrics:/n-matmul-2048,7,7,,,1236.72,n-matmul-2048,false,b9ed45a41c5d,,c-690ef139-0cf1abd9-bfec9b76d480,1762586952620,Sync,1239.11,1762586952618,21.0.3.8,false,2048,27.73,InvokeFunction,,,LATEST,1-690ef149-0c49fa-51fdd5ac9fff,OnDemand,,,1.32,
,B2D19E9889F3DDE524F4ACFCF2A5FEBF-3,1762586953,FCRequestMetrics:/n-matmul-2048,10,10,,,0.05,n-matmul-2048,true,95f39cca25aa,,c-690ef10b-0cf1abd9-336379de3020,1762586953457,Sync,408.79,1762586953456,21.0.3.8,false,2048,6.05,InvokeFunction,,,LATEST,1-690ef149-0c0a43-ffdb381c0da7,OnDemand,,,0.51,,"{""errorType"":""FunctionAbnormalExitError""}"
,00E67D373DA9C60BEF759D13208EAAD9-3,1762586953,FCRequestMetrics:/n-matmul-2048,10,10,,,0.06,n-matmul-2048,true,9013ed408e73,,c-690ef10b-0cf1abd9-dbc16e7d233d,1762586953462,Sync,469.46,1762586953460,21.0.3.8,false,2048,4.13,InvokeFunction,,,LATEST,1-690ef149-0c49fa-d145d1c842e7,OnDemand,,,1.14,,"{""errorType"":""FunctionAbnormalExitError""}"
,D5A4CD99F058D411C58A3919BEB264F4-3,1762586953,FCRequestMetrics:/n-matmul-2048,10,10,,,0.05,n-matmul-2048,true,a1586973fec8,,c-690ef10b-0cf1abd9-90463d425ca7,1762586953462,Sync,417.37,1762586953462,21.0.3.8,false,2048,4.19,InvokeFunction,,,LATEST,1-690ef149-0c0a43-8e8a2590c64b,OnDemand,,,0.47,,"{""errorType"":""FunctionAbnormalExitError""}"
,E08BA4ABFB8C4109D958EF35CCDE9E75-3,1762586953,FCRequestMetrics:/n-matmul-2048,21,21,,,0.02,n-matmul-2048,true,f6ea6fba0d1f,,c-690ef12a-0cf1abd9-0e59ac1cec40,1762586953454,Sync,662.98,1762586953236,21.0.3.6,false,2048,4.30,InvokeFunction,,,LATEST,1-690ef149-0c49fa-4e63c312b37a,OnDemand,,,217.71,,"{""errorType"":""FunctionAbnormalExitError""}"
,5E9C37D1C997E792337F0D79C839D1F6-3,1762586954,FCRequestMetrics:/n-matmul-2048,10,10,,,790.61,n-matmul-2048,false,7be323259747,,c-690ef12d-0cf1abd9-4ddba8cb6fd4,1762586953469,Sync,792.44,1762586953468,21.0.3.8,false,2048,43.94,InvokeFunction,,,LATEST,1-690ef149-0c49fa-697d798bd29b,OnDemand,,,1.11,
,18363E7E93F59FF8F193127D52D86051-3,1762586954,FCRequestMetrics:/n-matmul-2048,10,10,,,731.04,n-matmul-2048,false,3f9c9a307fd4,,c-690ef130-0cf1abd9-454ab669b866,1762586953354,Sync,733.15,1762586953352,21.0.3.8,false,2048,38.80,InvokeFunction,,,LATEST,1-690ef149-0c49fa-fdd4e489c992,OnDemand,,,1.23,
,18363E7E93F59FF8F193127D52D86051-3,1762586954,FCRequestMetrics:/n-matmul-2048,15,15,,,822.84,n-matmul-2048,false,3f9c9a307fd4,,c-690ef130-0cf1abd9-454ab669b866,1762586954144,Sync,824.90,1762586954142,21.0.3.8,false,2048,40.54,InvokeFunction,,,LATEST,1-690ef14a-0c49fa-685da2e57bd8,OnDemand,,,1.36,
,211620C9A07558D2D8764497DA6068A4-3,1762586954,FCRequestMetrics:/n-matmul-2048,10,10,,,677.77,n-matmul-2048,false,e053c99a8bb6,,c-690ef10b-0cf1abd9-9de429f2e3c5,1762586953459,Sync,678.93,1762586953459,21.0.3.8,false,2048,36.75,InvokeFunction,,,LATEST,1-690ef149-0c0a43-ca4ac01d954d,OnDemand,,,0.46,
,211620C9A07558D2D8764497DA6068A4-3,1762586954,FCRequestMetrics:/n-matmul-2048,15,15,,,793.71,n-matmul-2048,false,e053c99a8bb6,,c-690ef10b-0cf1abd9-9de429f2e3c5,1762586954176,Sync,794.96,1762586954175,21.0.3.8,false,2048,38.75,InvokeFunction,,,LATEST,1-690ef14a-0c0a43-a4785adffb5c,OnDemand,,,0.52,
,DDEEB29FD5ADFBB67E4F2FEB83463658-5,1762586954,FCRequestMetrics:/n-matmul-2048,10,10,,,771.93,n-matmul-2048,false,bc52147f2a7a,,c-690ef12c-0cf1abd9-69aaf8ca2a4b,1762586953455,Sync,773.21,1762586953455,21.0.3.8,false,2048,40.58,InvokeFunction,,,LATEST,1-690ef149-0c0a43-16599d423858,OnDemand,,,0.56,
,BF6FA9AF6994B690E2E5555B14FF4940-2,1762586954,FCRequestMetrics:/n-matmul-2048,21,21,,,857.72,n-matmul-2048,false,21ba44532db0,,c-690ef12f-0cf1abd9-72da07858f04,1762586953264,Sync,946.44,1762586953176,21.0.3.8,false,2048,39.00,InvokeFunction,,,LATEST,1-690ef149-0c0a43-4c9c6f52a8a1,OnDemand,,,87.91,
,BF6FA9AF6994B690E2E5555B14FF4940-2,1762586954,FCRequestMetrics:/n-matmul-2048,21,21,,,855.59,n-matmul-2048,false,21ba44532db0,,c-690ef12f-0cf1abd9-72da07858f04,1762586954126,Sync,993.48,1762586953989,21.0.3.8,false,2048,42.27,InvokeFunction,,,LATEST,1-690ef14a-0c49fa-100bfc0829fd,OnDemand,,,137.15,
,46B19270B472A6D217A2E559E7E7C97B-3,1762586954,FCRequestMetrics:/n-matmul-2048,10,10,,,777.53,n-matmul-2048,false,869d26b39717,,c-690ef10b-0cf1abd9-b6750c057b8f,1762586953486,Sync,795.49,1762586953469,21.0.3.8,false,2048,40.35,InvokeFunction,,,LATEST,1-690ef149-0c49fa-e7161197dac2,OnDemand,,,17.25,
,82C12ED6E643926156E0217F8DC83EE9-4,1762586954,FCRequestMetrics:/n-matmul-2048,21,21,,,855.84,n-matmul-2048,false,a9b6a74eafdc,,c-690ef12d-0cf1abd9-2948faf88166,1762586953260,Sync,969.04,1762586953148,21.0.3.8,false,2048,38.45,InvokeFunction,,,LATEST,1-690ef149-0c49fa-79d171041ac0,OnDemand,,,112.32,
,82C12ED6E643926156E0217F8DC83EE9-4,1762586954,FCRequestMetrics:/n-matmul-2048,21,21,,,863.03,n-matmul-2048,false,a9b6a74eafdc,,c-690ef12d-0cf1abd9-2948faf88166,1762586954120,Sync,1053.17,1762586953937,21.0.3.8,false,2048,41.99,InvokeFunction,,,LATEST,1-690ef14a-0c0a43-45f89d48eed3,OnDemand,,,183.01,
,2523AFCDD5BD8A2B2953E48983230929-3,1762586954,FCRequestMetrics:/n-matmul-2048,21,21,,,650.54,n-matmul-2048,false,01d6f783bdb1,,c-690ef10b-0cf1abd9-dd39c218e942,1762586953857,Sync,914.65,1762586953594,21.0.3.8,false,2048,36.57,InvokeFunction,,,LATEST,1-690ef149-0c0a43-ab2c10946148,OnDemand,,,263.36,
,7C3B3344857E71889D56CDA44A54F6B2-3,1762586954,FCRequestMetrics:/n-matmul-2048,15,15,,,696.95,n-matmul-2048,false,687fca8d325c,,c-690ef12c-0cf1abd9-6ced060ffe1b,1762586954026,Sync,698.34,1762586954025,21.0.3.8,false,2048,36.66,InvokeFunction,,,LATEST,1-690ef14a-0c0a43-c0c155964fb4,OnDemand,,,0.40,
,B63107B9394C762ADF436F322BAA4B65-2,1762586954,FCRequestMetrics:/n-matmul-2048,21,21,,,678.51,n-matmul-2048,false,1ccfa60657e6,,c-690ef10b-0cf1abd9-672e1c9f5eed,1762586953901,Sync,680.24,1762586953900,21.0.3.8,false,2048,26.73,InvokeFunction,,,LATEST,1-690ef149-0c49fa-18deb57ca024,OnDemand,,,0.90,
,9A02C87DA0F400C9E40F40EF2DF6006D-3,1762586954,FCRequestMetrics:/n-matmul-2048,21,21,,,675.68,n-matmul-2048,false,3ea4534df15d,,c-690ef10b-0cf1abd9-31fefea0e1fd,1762586953894,Sync,676.89,1762586953894,21.0.3.8,false,2048,28.51,InvokeFunction,,,LATEST,1-690ef149-0c0a43-e0ba53aac6ec,OnDemand,,,0.49,
,A5C7CD7E71BB55429480C147D0ABD6E0-3,1762586954,FCRequestMetrics:/n-matmul-2048,10,10,,,678.27,n-matmul-2048,false,b9c50fa7ffa2,,c-690ef10b-0cf1abd9-39e48c7dd1cd,1762586953460,Sync,680.06,1762586953459,21.0.3.8,false,2048,28.61,InvokeFunction,,,LATEST,1-690ef149-0c49fa-abdcdcf1cba0,OnDemand,,,0.85,
,A5C7CD7E71BB55429480C147D0ABD6E0-3,1762586954,FCRequestMetrics:/n-matmul-2048,15,15,,,658.20,n-matmul-2048,false,b9c50fa7ffa2,,c-690ef10b-0cf1abd9-39e48c7dd1cd,1762586954166,Sync,660.08,1762586954165,21.0.3.8,false,2048,36.12,InvokeFunction,,,LATEST,1-690ef14a-0c49fa-fb89a955e867,OnDemand,,,0.93,
,EB19AA8F9B61C51C3FCBC98D949BD1C2-3,1762586954,FCRequestMetrics:/n-matmul-2048,15,15,,,647.50,n-matmul-2048,false,211d8375abf1,,c-690ef12d-0cf1abd9-78e04fcb7549,1762586954202,Sync,649.12,1762586954201,21.0.3.8,false,2048,36.33,InvokeFunction,,,LATEST,1-690ef14a-0c49fa-255f2f9ef12d,OnDemand,,,0.92,
,B10148BC96FECE49F2FC2439520A3175-2,1762586954,FCRequestMetrics:/n-matmul-2048,21,21,,,734.56,n-matmul-2048,false,9ae0a7a16fc1,,c-690ef12e-0cf1abd9-86b866453e74,1762586953589,Sync,736.23,1762586953588,21.0.3.7,false,2048,28.76,InvokeFunction,,,LATEST,1-690ef149-0c49fa-e6e695ae2597,OnDemand,,,0.92,
,510F8A150819018E635E267F62520B9B-3,1762586954,FCRequestMetrics:/n-matmul-2048,21,21,,,697.58,n-matmul-2048,false,c8577adbf622,,c-690ef10b-0cf1abd9-26ef2c508c1e,1762586953897,Sync,698.87,1762586953896,21.0.3.8,false,2048,26.37,InvokeFunction,,,LATEST,1-690ef149-0c0a43-62176a04a7ef,OnDemand,,,0.54,
,C38D529AEE78E8BFEBBDDADEDE13D41B-2,1762586954,FCRequestMetrics:/n-matmul-2048,21,21,,,732.21,n-matmul-2048,false,965073b71ef9,,c-690ef12c-0cf1abd9-ee855b82b2d6,1762586953628,Sync,838.89,1762586953522,21.0.3.7,false,2048,28.54,InvokeFunction,,,LATEST,1-690ef149-0c49fa-4151ea31c7e3,OnDemand,,,105.77,
,F0BCE0E40FE41E0F61DD5DAF956249CC-3,1762586954,FCRequestMetrics:/n-matmul-2048,21,21,,,1081.04,n-matmul-2048,false,b9ed45a41c5d,,c-690ef139-0cf1abd9-bfec9b76d480,1762586953862,Sync,1191.79,1762586953751,21.0.3.8,false,2048,34.52,InvokeFunction,,,LATEST,1-690ef14a-0c49fa-d8098444138e,OnDemand,,,109.99,
,B2D19E9889F3DDE524F4ACFCF2A5FEBF-3,1762586954,FCRequestMetrics:/n-matmul-2048,15,15,,,676.60,n-matmul-2048,false,95f39cca25aa,,c-690ef10b-0cf1abd9-336379de3020,1762586954203,Sync,678.70,1762586954202,21.0.3.8,false,2048,29.04,InvokeFunction,,,LATEST,1-690ef14a-0c49fa-0ef872504c81,OnDemand,,,1.32,
,5E9C37D1C997E792337F0D79C839D1F6-3,1762586954,FCRequestMetrics:/n-matmul-2048,21,21,,,0.02,n-matmul-2048,true,7be323259747,,c-690ef12d-0cf1abd9-4ddba8cb6fd4,1762586954264,Sync,484.20,1762586954208,21.0.3.8,false,2048,4.20,InvokeFunction,,,LATEST,1-690ef14a-0c0a43-c90645afa56c,OnDemand,,,55.27,,"{""errorType"":""FunctionAbnormalExitError""}"
,00E67D373DA9C60BEF759D13208EAAD9-3,1762586954,FCRequestMetrics:/n-matmul-2048,15,15,,,675.56,n-matmul-2048,false,9013ed408e73,,c-690ef10b-0cf1abd9-dbc16e7d233d,1762586954196,Sync,679.14,1762586954195,21.0.3.8,false,2048,26.70,InvokeFunction,,,LATEST,1-690ef14a-0c49fa-6aaa26d34070,OnDemand,,,0.77,
,D5A4CD99F058D411C58A3919BEB264F4-3,1762586954,FCRequestMetrics:/n-matmul-2048,15,15,,,695.97,n-matmul-2048,false,a1586973fec8,,c-690ef10b-0cf1abd9-90463d425ca7,1762586954201,Sync,697.38,1762586954200,21.0.3.8,false,2048,28.58,InvokeFunction,,,LATEST,1-690ef14a-0c0a43-ef818542e057,OnDemand,,,0.52,
,E08BA4ABFB8C4109D958EF35CCDE9E75-3,1762586954,FCRequestMetrics:/n-matmul-2048,21,21,,,747.30,n-matmul-2048,false,f6ea6fba0d1f,,c-690ef12a-0cf1abd9-0e59ac1cec40,1762586953901,Sync,808.75,1762586953840,21.0.3.6,false,2048,26.83,InvokeFunction,,,LATEST,1-690ef14a-0c49fa-5e840efc304c,OnDemand,,,60.67,
,DDEEB29FD5ADFBB67E4F2FEB83463658-5,1762586955,FCRequestMetrics:/n-matmul-2048,15,15,,,784.41,n-matmul-2048,false,bc52147f2a7a,,c-690ef12c-0cf1abd9-69aaf8ca2a4b,1762586954231,Sync,809.63,1762586954206,21.0.3.8,false,2048,43.69,InvokeFunction,,,LATEST,1-690ef14a-0c49fa-5ce74495357f,OnDemand,,,24.23,
,46B19270B472A6D217A2E559E7E7C97B-3,1762586955,FCRequestMetrics:/n-matmul-2048,21,21,,,837.87,n-matmul-2048,false,869d26b39717,,c-690ef10b-0cf1abd9-b6750c057b8f,1762586954267,Sync,895.44,1762586954210,21.0.3.8,false,2048,43.67,InvokeFunction,,,LATEST,1-690ef14a-0c0a43-b04ef8df4878,OnDemand,,,56.88,
,2523AFCDD5BD8A2B2953E48983230929-3,1762586955,FCRequestMetrics:/n-matmul-2048,21,21,,,649.44,n-matmul-2048,false,01d6f783bdb1,,c-690ef10b-0cf1abd9-dd39c218e942,1762586954512,Sync,944.39,1762586954218,21.0.3.8,false,2048,38.89,InvokeFunction,,,LATEST,1-690ef14a-0c0a43-e5ef13612484,OnDemand,,,294.18,
,2523AFCDD5BD8A2B2953E48983230929-3,1762586955,FCRequestMetrics:/n-matmul-2048,21,21,,,792.55,n-matmul-2048,false,01d6f783bdb1,,c-690ef10b-0cf1abd9-dd39c218e942,1762586955165,Sync,1339.67,1762586954619,21.0.3.8,false,2048,40.90,InvokeFunction,,,LATEST,1-690ef14a-0c49fa-40bc3fea5ced,OnDemand,,,545.38,
,7C3B3344857E71889D56CDA44A54F6B2-3,1762586955,FCRequestMetrics:/n-matmul-2048,21,21,,,701.15,n-matmul-2048,false,687fca8d325c,,c-690ef12c-0cf1abd9-6ced060ffe1b,1762586954726,Sync,1160.40,1762586954268,21.0.3.8,false,2048,38.68,InvokeFunction,,,LATEST,1-690ef14a-0c0a43-b9fe4ff22291,OnDemand,,,458.48,
,B63107B9394C762ADF436F322BAA4B65-2,1762586955,FCRequestMetrics:/n-matmul-2048,21,21,,,647.19,n-matmul-2048,false,1ccfa60657e6,,c-690ef10b-0cf1abd9-672e1c9f5eed,1762586954584,Sync,1011.88,1762586954220,21.0.3.8,false,2048,34.42,InvokeFunction,,,LATEST,1-690ef14a-0c49fa-902d66b6a360,OnDemand,,,363.93,
,B63107B9394C762ADF436F322BAA4B65-2,1762586955,FCRequestMetrics:/n-matmul-2048,21,21,,,655.96,n-matmul-2048,false,1ccfa60657e6,,c-690ef10b-0cf1abd9-672e1c9f5eed,1762586955235,Sync,1373.51,1762586954518,21.0.3.8,false,2048,36.87,InvokeFunction,,,LATEST,1-690ef14a-0c49fa-2ed8a433369c,OnDemand,,,716.88,
,9A02C87DA0F400C9E40F40EF2DF6006D-3,1762586955,FCRequestMetrics:/n-matmul-2048,21,21,,,672.89,n-matmul-2048,false,3ea4534df15d,,c-690ef10b-0cf1abd9-31fefea0e1fd,1762586954576,Sync,1030.93,1762586954219,21.0.3.8,false,2048,36.03,InvokeFunction,,,LATEST,1-690ef14a-0c0a43-2190a81fa155,OnDemand,,,357.28,
,9A02C87DA0F400C9E40F40EF2DF6006D-3,1762586955,FCRequestMetrics:/n-matmul-2048,21,21,,,642.96,n-matmul-2048,false,3ea4534df15d,,c-690ef10b-0cf1abd9-31fefea0e1fd,1762586955252,Sync,1372.95,1762586954523,21.0.3.8,false,2048,38.30,InvokeFunction,,,LATEST,1-690ef14a-0c0a43-51c30e9977e4,OnDemand,,,729.30,
,A5C7CD7E71BB55429480C147D0ABD6E0-3,1762586955,FCRequestMetrics:/n-matmul-2048,21,21,,,683.08,n-matmul-2048,false,b9c50fa7ffa2,,c-690ef10b-0cf1abd9-39e48c7dd1cd,1762586954828,Sync,1152.78,1762586954359,21.0.3.8,false,2048,38.62,InvokeFunction,,,LATEST,1-690ef14a-0c49fa-2afba28832c1,OnDemand,,,468.86,
,EB19AA8F9B61C51C3FCBC98D949BD1C2-3,1762586955,FCRequestMetrics:/n-matmul-2048,21,21,,,650.35,n-matmul-2048,false,211d8375abf1,,c-690ef12d-0cf1abd9-78e04fcb7549,1762586954853,Sync,1103.95,1762586954400,21.0.3.8,false,2048,38.75,InvokeFunction,,,LATEST,1-690ef14a-0c49fa-c954cf405493,OnDemand,,,452.79,
,B10148BC96FECE49F2FC2439520A3175-2,1762586955,FCRequestMetrics:/n-matmul-2048,21,21,,,697.47,n-matmul-2048,false,9ae0a7a16fc1,,c-690ef12e-0cf1abd9-86b866453e74,1762586954328,Sync,1020.64,1762586954005,21.0.3.7,false,2048,36.50,InvokeFunction,,,LATEST,1-690ef14a-0c0a43-c7d47ddea50c,OnDemand,,,322.46,
,B10148BC96FECE49F2FC2439520A3175-2,1762586955,FCRequestMetrics:/n-matmul-2048,21,21,,,706.43,n-matmul-2048,false,9ae0a7a16fc1,,c-690ef12e-0cf1abd9-86b866453e74,1762586955029,Sync,1417.00,1762586954319,21.0.3.7,false,2048,38.72,InvokeFunction,,,LATEST,1-690ef14a-0c0a43-2b958a7d7af3,OnDemand,,,709.62,
,510F8A150819018E635E267F62520B9B-3,1762586955,FCRequestMetrics:/n-matmul-2048,21,21,,,672.71,n-matmul-2048,false,c8577adbf622,,c-690ef10b-0cf1abd9-26ef2c508c1e,1762586954597,Sync,969.15,1762586954302,21.0.3.8,false,2048,34.12,InvokeFunction,,,LATEST,1-690ef14a-0c49fa-733ca4f8bbb8,OnDemand,,,295.56,
,510F8A150819018E635E267F62520B9B-3,1762586955,FCRequestMetrics:/n-matmul-2048,21,21,,,661.52,n-matmul-2048,false,c8577adbf622,,c-690ef10b-0cf1abd9-26ef2c508c1e,1762586955273,Sync,1416.89,1762586954518,21.0.3.8,false,2048,36.44,InvokeFunction,,,LATEST,1-690ef14a-0c0a43-7276ef4b781f,OnDemand,,,754.71,
,C38D529AEE78E8BFEBBDDADEDE13D41B-2,1762586955,FCRequestMetrics:/n-matmul-2048,21,21,,,642.77,n-matmul-2048,false,965073b71ef9,,c-690ef12c-0cf1abd9-ee855b82b2d6,1762586954364,Sync,791.02,1762586954216,21.0.3.7,false,2048,36.05,InvokeFunction,,,LATEST,1-690ef14a-0c0a43-f989cc512e0f,OnDemand,,,147.59,
,C38D529AEE78E8BFEBBDDADEDE13D41B-2,1762586955,FCRequestMetrics:/n-matmul-2048,21,21,,,647.15,n-matmul-2048,false,965073b71ef9,,c-690ef12c-0cf1abd9-ee855b82b2d6,1762586955010,Sync,1123.94,1762586954534,21.0.3.7,false,2048,38.45,InvokeFunction,,,LATEST,1-690ef14a-0c49fa-f63c461022f4,OnDemand,,,476.09,
,F0BCE0E40FE41E0F61DD5DAF956249CC-3,1762586955,FCRequestMetrics:/n-matmul-2048,21,21,,,1016.68,n-matmul-2048,false,b9ed45a41c5d,,c-690ef139-0cf1abd9-bfec9b76d480,1762586954947,Sync,2122.66,1762586953842,21.0.3.8,false,2048,36.83,InvokeFunction,,,LATEST,1-690ef14a-0c49fa-9d6b9282474f,OnDemand,,,1105.02,
,B2D19E9889F3DDE524F4ACFCF2A5FEBF-3,1762586955,FCRequestMetrics:/n-matmul-2048,21,21,,,669.26,n-matmul-2048,false,95f39cca25aa,,c-690ef10b-0cf1abd9-336379de3020,1762586954884,Sync,1332.37,1762586954221,21.0.3.8,false,2048,36.46,InvokeFunction,,,LATEST,1-690ef14a-0c49fa-ab2e082ecd60,OnDemand,,,662.39,
,5E9C37D1C997E792337F0D79C839D1F6-3,1762586955,FCRequestMetrics:/n-matmul-2048,21,21,,,695.45,n-matmul-2048,false,7be323259747,,c-690ef12d-0cf1abd9-4ddba8cb6fd4,1762586954695,Sync,1086.82,1762586954304,21.0.3.8,false,2048,28.83,InvokeFunction,,,LATEST,1-690ef14a-0c49fa-be1a4f6ce9c2,OnDemand,,,390.67,
,00E67D373DA9C60BEF759D13208EAAD9-3,1762586955,FCRequestMetrics:/n-matmul-2048,21,21,,,642.78,n-matmul-2048,false,9013ed408e73,,c-690ef10b-0cf1abd9-dbc16e7d233d,1762586954878,Sync,1300.76,1762586954221,21.0.3.8,false,2048,34.45,InvokeFunction,,,LATEST,1-690ef14a-0c0a43-ff476ad7bfe5,OnDemand,,,657.28,
,D5A4CD99F058D411C58A3919BEB264F4-3,1762586955,FCRequestMetrics:/n-matmul-2048,21,21,,,656.50,n-matmul-2048,false,a1586973fec8,,c-690ef10b-0cf1abd9-90463d425ca7,1762586954901,Sync,1040.59,1762586954517,21.0.3.8,false,2048,36.12,InvokeFunction,,,LATEST,1-690ef14a-0c49fa-6bab013ed762,OnDemand,,,383.41,
,E08BA4ABFB8C4109D958EF35CCDE9E75-3,1762586955,FCRequestMetrics:/n-matmul-2048,21,21,,,744.70,n-matmul-2048,false,f6ea6fba0d1f,,c-690ef12a-0cf1abd9-0e59ac1cec40,1762586954652,Sync,1181.54,1762586954216,21.0.3.6,false,2048,34.62,InvokeFunction,,,LATEST,1-690ef14a-0c49fa-609d6fb293b0,OnDemand,,,436.01,
,18363E7E93F59FF8F193127D52D86051-3,1762586955,FCRequestMetrics:/n-matmul-2048,21,21,,,0.04,n-matmul-2048,true,3f9c9a307fd4,,c-690ef130-0cf1abd9-454ab669b866,1762586954970,Sync,859.88,1762586954527,21.0.3.8,false,2048,4.32,InvokeFunction,,,LATEST,1-690ef14a-0c0a43-25fdadc3cbb8,OnDemand,,,443.21,,"{""errorType"":""FunctionAbnormalExitError""}"
,211620C9A07558D2D8764497DA6068A4-3,1762586955,FCRequestMetrics:/n-matmul-2048,21,21,,,0.04,n-matmul-2048,true,e053c99a8bb6,,c-690ef10b-0cf1abd9-9de429f2e3c5,1762586954973,Sync,875.85,1762586954531,21.0.3.8,false,2048,2.33,InvokeFunction,,,LATEST,1-690ef14a-0c49fa-9a761e0529eb,OnDemand,,,441.76,,"{""errorType"":""FunctionAbnormalExitError""}"
,DDEEB29FD5ADFBB67E4F2FEB83463658-5,1762586955,FCRequestMetrics:/n-matmul-2048,21,21,,,0.03,n-matmul-2048,true,bc52147f2a7a,,c-690ef12c-0cf1abd9-69aaf8ca2a4b,1762586955019,Sync,888.43,1762586954535,21.0.3.8,false,2048,4.14,InvokeFunction,,,LATEST,1-690ef14a-0c0a43-5566b882dcde,OnDemand,,,483.85,,"{""errorType"":""FunctionAbnormalExitError""}"
,46B19270B472A6D217A2E559E7E7C97B-3,1762586955,FCRequestMetrics:/n-matmul-2048,21,21,,,0.04,n-matmul-2048,true,869d26b39717,,c-690ef10b-0cf1abd9-b6750c057b8f,1762586955109,Sync,1091.78,1762586954435,21.0.3.8,false,2048,4.20,InvokeFunction,,,LATEST,1-690ef14a-0c49fa-da919175f006,OnDemand,,,673.13,,"{""errorType"":""FunctionAbnormalExitError""}"
,82C12ED6E643926156E0217F8DC83EE9-4,1762586955,FCRequestMetrics:/n-matmul-2048,21,21,,,0.03,n-matmul-2048,true,a9b6a74eafdc,,c-690ef12d-0cf1abd9-2948faf88166,1762586954993,Sync,1028.69,1762586954413,21.0.3.8,false,2048,2.16,InvokeFunction,,,LATEST,1-690ef14a-0c49fa-e2050faa17d4,OnDemand,,,580.06,,"{""errorType"":""FunctionAbnormalExitError""}"
,BF6FA9AF6994B690E2E5555B14FF4940-1,1762586955,FCRequestMetrics:/n-matmul-2048,21,21,,,0.03,n-matmul-2048,true,21ba44532db0,,c-690ef12f-0cf1abd9-72da07858f04,1762586954985,Sync,996.07,1762586954452,21.0.3.8,false,2048,2.19,InvokeFunction,,,LATEST,1-690ef14a-0c0a43-f9a14fb86f61,OnDemand,,,533.44,,"{""errorType"":""FunctionAbnormalExitError""}"
,7C3B3344857E71889D56CDA44A54F6B2-3,1762586956,FCRequestMetrics:/n-matmul-2048,21,21,,,846.26,n-matmul-2048,false,687fca8d325c,,c-690ef12c-0cf1abd9-6ced060ffe1b,1762586955431,Sync,1299.46,1762586954978,21.0.3.8,false,2048,41.14,InvokeFunction,,,LATEST,1-690ef14b-0c0a43-224b44264300,OnDemand,,,452.43,
,B63107B9394C762ADF436F322BAA4B65-2,1762586956,FCRequestMetrics:/n-matmul-2048,10,10,,,783.93,n-matmul-2048,false,1ccfa60657e6,,c-690ef10b-0cf1abd9-672e1c9f5eed,1762586955936,Sync,785.19,1762586955935,21.0.3.8,false,2048,38.24,InvokeFunction,,,LATEST,1-690ef14b-0c0a43-798513250a0e,OnDemand,,,0.52,
,9A02C87DA0F400C9E40F40EF2DF6006D-3,1762586956,FCRequestMetrics:/n-matmul-2048,12,12,,,803.20,n-matmul-2048,false,3ea4534df15d,,c-690ef10b-0cf1abd9-31fefea0e1fd,1762586955929,Sync,805.52,1762586955928,21.0.3.8,false,2048,40.03,InvokeFunction,,,LATEST,1-690ef14b-0c0a43-5460850af7ec,OnDemand,,,0.56,
,B10148BC96FECE49F2FC2439520A3175-2,1762586956,FCRequestMetrics:/n-matmul-2048,9,9,,,861.37,n-matmul-2048,false,9ae0a7a16fc1,,c-690ef12e-0cf1abd9-86b866453e74,1762586956124,Sync,863.32,1762586956122,21.0.3.7,false,2048,40.87,InvokeFunction,,,LATEST,1-690ef14c-0c49fa-06aba21a742a,OnDemand,,,1.17,
,F0BCE0E40FE41E0F61DD5DAF956249CC-3,1762586956,FCRequestMetrics:/n-matmul-2048,9,9,,,1008.52,n-matmul-2048,false,b9ed45a41c5d,,c-690ef139-0cf1abd9-bfec9b76d480,1762586955974,Sync,1011.11,1762586955973,21.0.3.8,false,2048,38.04,InvokeFunction,,,LATEST,1-690ef14c-0c49fa-72a07a8d5147,OnDemand,,,0.76,
,B2D19E9889F3DDE524F4ACFCF2A5FEBF-3,1762586956,FCRequestMetrics:/n-matmul-2048,9,9,,,660.96,n-matmul-2048,false,95f39cca25aa,,c-690ef10b-0cf1abd9-336379de3020,1762586956258,Sync,662.22,1762586956258,21.0.3.8,false,2048,38.82,InvokeFunction,,,LATEST,1-690ef14c-0c0a43-d409f54d03b7,OnDemand,,,0.45,
,5E9C37D1C997E792337F0D79C839D1F6-3,1762586956,FCRequestMetrics:/n-matmul-2048,21,21,,,648.44,n-matmul-2048,false,7be323259747,,c-690ef12d-0cf1abd9-4ddba8cb6fd4,1762586955395,Sync,1821.56,1762586954222,21.0.3.8,false,2048,36.35,InvokeFunction,,,LATEST,1-690ef14a-0c49fa-2672fe63d60d,OnDemand,,,1172.44,
,5E9C37D1C997E792337F0D79C839D1F6-3,1762586956,FCRequestMetrics:/n-matmul-2048,8,8,,,770.18,n-matmul-2048,false,7be323259747,,c-690ef12d-0cf1abd9-4ddba8cb6fd4,1762586956147,Sync,771.49,1762586956146,21.0.3.8,false,2048,40.53,InvokeFunction,,,LATEST,1-690ef14c-0c0a43-defe747fad34,OnDemand,,,0.59,
,00E67D373DA9C60BEF759D13208EAAD9-3,1762586956,FCRequestMetrics:/n-matmul-2048,9,9,,,695.57,n-matmul-2048,false,9013ed408e73,,c-690ef10b-0cf1abd9-dbc16e7d233d,1762586956260,Sync,696.94,1762586956259,21.0.3.8,false,2048,36.54,InvokeFunction,,,LATEST,1-690ef14c-0c0a43-d10094404a1a,OnDemand,,,0.49,
,D5A4CD99F058D411C58A3919BEB264F4-3,1762586956,FCRequestMetrics:/n-matmul-2048,9,9,,,673.77,n-matmul-2048,false,a1586973fec8,,c-690ef10b-0cf1abd9-90463d425ca7,1762586956259,Sync,675.96,1762586956257,21.0.3.8,false,2048,38.36,InvokeFunction,,,LATEST,1-690ef14c-0c49fa-09a2ee495916,OnDemand,,,1.33,
,E08BA4ABFB8C4109D958EF35CCDE9E75-3,1762586956,FCRequestMetrics:/n-matmul-2048,9,9,,,862.08,n-matmul-2048,false,f6ea6fba0d1f,,c-690ef12a-0cf1abd9-0e59ac1cec40,1762586956042,Sync,864.23,1762586956041,21.0.3.6,false,2048,38.77,InvokeFunction,,,LATEST,1-690ef14c-0c49fa-4208851fdccd,OnDemand,,,1.26,
,18363E7E93F59FF8F193127D52D86051-3,1762586956,FCRequestMetrics:/n-matmul-2048,21,21,,,684.51,n-matmul-2048,false,3f9c9a307fd4,,c-690ef130-0cf1abd9-454ab669b866,1762586955389,Sync,1853.71,1762586954220,21.0.3.8,false,2048,26.71,InvokeFunction,,,LATEST,1-690ef14a-0c0a43-09f2662eaa29,OnDemand,,,1166.91,
,18363E7E93F59FF8F193127D52D86051-3,1762586956,FCRequestMetrics:/n-matmul-2048,10,10,,,650.25,n-matmul-2048,false,3f9c9a307fd4,,c-690ef130-0cf1abd9-454ab669b866,1762586956085,Sync,651.79,1762586956084,21.0.3.8,false,2048,34.27,InvokeFunction,,,LATEST,1-690ef14c-0c49fa-8244c1449eb0,OnDemand,,,0.86,
,211620C9A07558D2D8764497DA6068A4-3,1762586956,FCRequestMetrics:/n-matmul-2048,21,21,,,686.09,n-matmul-2048,false,e053c99a8bb6,,c-690ef10b-0cf1abd9-9de429f2e3c5,1762586955408,Sync,1209.47,1762586954886,21.0.3.8,false,2048,28.50,InvokeFunction,,,LATEST,1-690ef14a-0c0a43-9345c0e41b64,OnDemand,,,522.47,
,211620C9A07558D2D8764497DA6068A4-3,1762586956,FCRequestMetrics:/n-matmul-2048,8,8,,,673.85,n-matmul-2048,false,e053c99a8bb6,,c-690ef10b-0cf1abd9-9de429f2e3c5,1762586956147,Sync,675.15,1762586956146,21.0.3.8,false,2048,36.14,InvokeFunction,,,LATEST,1-690ef14c-0c0a43-1a9cf6ee5dc4,OnDemand,,,0.60,
,DDEEB29FD5ADFBB67E4F2FEB83463658-5,1762586956,FCRequestMetrics:/n-matmul-2048,21,21,,,675.41,n-matmul-2048,false,bc52147f2a7a,,c-690ef12c-0cf1abd9-69aaf8ca2a4b,1762586955426,Sync,1164.94,1762586954936,21.0.3.8,false,2048,26.72,InvokeFunction,,,LATEST,1-690ef14a-0c0a43-cd7fcaa7823b,OnDemand,,,487.60,
,DDEEB29FD5ADFBB67E4F2FEB83463658-5,1762586956,FCRequestMetrics:/n-matmul-2048,10,10,,,635.11,n-matmul-2048,false,bc52147f2a7a,,c-690ef12c-0cf1abd9-69aaf8ca2a4b,1762586956116,Sync,636.37,1762586956116,21.0.3.8,false,2048,34.75,InvokeFunction,,,LATEST,1-690ef14c-0c0a43-04c6591117da,OnDemand,,,0.54,
,46B19270B472A6D217A2E559E7E7C97B-3,1762586956,FCRequestMetrics:/n-matmul-2048,17,17,,,679.40,n-matmul-2048,false,869d26b39717,,c-690ef10b-0cf1abd9-b6750c057b8f,1762586955539,Sync,680.82,1762586955538,21.0.3.8,false,2048,28.57,InvokeFunction,,,LATEST,1-690ef14b-0c0a43-17f7b8a33c42,OnDemand,,,0.54,
,46B19270B472A6D217A2E559E7E7C97B-3,1762586956,FCRequestMetrics:/n-matmul-2048,9,9,,,647.25,n-matmul-2048,false,869d26b39717,,c-690ef10b-0cf1abd9-b6750c057b8f,1762586956244,Sync,649.05,1762586956243,21.0.3.8,false,2048,36.15,InvokeFunction,,,LATEST,1-690ef14c-0c49fa-26427adc6f41,OnDemand,,,0.85,
,2523AFCDD5BD8A2B2953E48983230929-3,1762586956,FCRequestMetrics:/n-matmul-2048,10,10,,,0.03,n-matmul-2048,true,01d6f783bdb1,,c-690ef10b-0cf1abd9-dd39c218e942,1762586955974,Sync,426.70,1762586955974,21.0.3.8,false,2048,4.38,InvokeFunction,,,LATEST,1-690ef14b-0c0a43-495f5a5fd0d0,OnDemand,,,0.56,,"{""errorType"":""FunctionAbnormalExitError""}"
,7C3B3344857E71889D56CDA44A54F6B2-3,1762586956,FCRequestMetrics:/n-matmul-2048,9,9,,,0.02,n-matmul-2048,true,687fca8d325c,,c-690ef12c-0cf1abd9-6ced060ffe1b,1762586956280,Sync,434.72,1762586956268,21.0.3.8,false,2048,4.16,InvokeFunction,,,LATEST,1-690ef14c-0c0a43-4c0106977e4b,OnDemand,,,12.20,,"{""errorType"":""FunctionAbnormalExitError""}"
,82C12ED6E643926156E0217F8DC83EE9-4,1762586956,FCRequestMetrics:/n-matmul-2048,9,9,,,744.42,n-matmul-2048,false,a9b6a74eafdc,,c-690ef12d-0cf1abd9-2948faf88166,1762586956126,Sync,745.86,1762586956125,21.0.3.8,false,2048,28.52,InvokeFunction,,,LATEST,1-690ef14c-0c0a43-a6ad5c6490db,OnDemand,,,0.51,
,BF6FA9AF6994B690E2E5555B14FF4940-1,1762586956,FCRequestMetrics:/n-matmul-2048,9,9,,,741.11,n-matmul-2048,false,21ba44532db0,,c-690ef12f-0cf1abd9-72da07858f04,1762586956184,Sync,742.98,1762586956183,21.0.3.8,false,2048,27.23,InvokeFunction,,,LATEST,1-690ef14c-0c49fa-03581710fa2d,OnDemand,,,0.97,
,A5C7CD7E71BB55429480C147D0ABD6E0-3,1762586957,FCRequestMetrics:/n-matmul-2048,9,9,,,801.30,n-matmul-2048,false,b9c50fa7ffa2,,c-690ef10b-0cf1abd9-39e48c7dd1cd,1762586956263,Sync,803.14,1762586956261,21.0.3.8,false,2048,40.23,InvokeFunction,,,LATEST,1-690ef14c-0c49fa-3a55b0819224,OnDemand,,,0.92,
,EB19AA8F9B61C51C3FCBC98D949BD1C2-3,1762586957,FCRequestMetrics:/n-matmul-2048,9,9,,,790.04,n-matmul-2048,false,211d8375abf1,,c-690ef12d-0cf1abd9-78e04fcb7549,1762586956269,Sync,791.18,1762586956268,21.0.3.8,false,2048,40.85,InvokeFunction,,,LATEST,1-690ef14c-0c0a43-7f34bf22c339,OnDemand,,,0.53,
,510F8A150819018E635E267F62520B9B-3,1762586957,FCRequestMetrics:/n-matmul-2048,9,9,,,796.93,n-matmul-2048,false,c8577adbf622,,c-690ef10b-0cf1abd9-26ef2c508c1e,1762586956244,Sync,798.22,1762586956244,21.0.3.8,false,2048,38.62,InvokeFunction,,,LATEST,1-690ef14c-0c0a43-0a2b54ee6fe0,OnDemand,,,0.51,
,C38D529AEE78E8BFEBBDDADEDE13D41B-2,1762586957,FCRequestMetrics:/n-matmul-2048,9,9,,,799.03,n-matmul-2048,false,965073b71ef9,,c-690ef12c-0cf1abd9-ee855b82b2d6,1762586956248,Sync,800.93,1762586956246,21.0.3.7,false,2048,40.69,InvokeFunction,,,LATEST,1-690ef14c-0c49fa-585d418a6058,OnDemand,,,1.21,
,B2D19E9889F3DDE524F4ACFCF2A5FEBF-3,1762586957,FCRequestMetrics:/n-matmul-2048,21,21,,,782.60,n-matmul-2048,false,95f39cca25aa,,c-690ef10b-0cf1abd9-336379de3020,1762586956922,Sync,1424.53,1762586956281,21.0.3.8,false,2048,40.36,InvokeFunction,,,LATEST,1-690ef14c-0c0a43-f98ad0cdfc51,OnDemand,,,641.17,
,5E9C37D1C997E792337F0D79C839D1F6-3,1762586957,FCRequestMetrics:/n-matmul-2048,21,21,,,804.87,n-matmul-2048,false,7be323259747,,c-690ef12d-0cf1abd9-4ddba8cb6fd4,1762586956920,Sync,1447.30,1762586956279,21.0.3.8,false,2048,43.81,InvokeFunction,,,LATEST,1-690ef14c-0c0a43-413219155021,OnDemand,,,641.62,
,00E67D373DA9C60BEF759D13208EAAD9-3,1762586957,FCRequestMetrics:/n-matmul-2048,21,21,,,795.16,n-matmul-2048,false,9013ed408e73,,c-690ef10b-0cf1abd9-dbc16e7d233d,1762586956959,Sync,1474.58,1762586956280,21.0.3.8,false,2048,38.74,InvokeFunction,,,LATEST,1-690ef14c-0c49fa-b7f83912c09e,OnDemand,,,678.39,
,D5A4CD99F058D411C58A3919BEB264F4-3,1762586957,FCRequestMetrics:/n-matmul-2048,21,21,,,794.57,n-matmul-2048,false,a1586973fec8,,c-690ef10b-0cf1abd9-90463d425ca7,1762586956937,Sync,1453.41,1762586956279,21.0.3.8,false,2048,40.32,InvokeFunction,,,LATEST,1-690ef14c-0c49fa-741869390cba,OnDemand,,,657.98,
,E08BA4ABFB8C4109D958EF35CCDE9E75-3,1762586957,FCRequestMetrics:/n-matmul-2048,21,21,,,877.12,n-matmul-2048,false,f6ea6fba0d1f,,c-690ef12a-0cf1abd9-0e59ac1cec40,1762586956908,Sync,1360.43,1762586956425,21.0.3.6,false,2048,41.98,InvokeFunction,,,LATEST,1-690ef14c-0c0a43-a5bdd88c1131,OnDemand,,,482.51,
,18363E7E93F59FF8F193127D52D86051-3,1762586957,FCRequestMetrics:/n-matmul-2048,21,21,,,666.59,n-matmul-2048,false,3f9c9a307fd4,,c-690ef130-0cf1abd9-454ab669b866,1762586956739,Sync,1129.79,1762586956276,21.0.3.8,false,2048,36.58,InvokeFunction,,,LATEST,1-690ef14c-0c0a43-a7c60f20faac,OnDemand,,,462.45,
,211620C9A07558D2D8764497DA6068A4-3,1762586957,FCRequestMetrics:/n-matmul-2048,21,21,,,673.45,n-matmul-2048,false,e053c99a8bb6,,c-690ef10b-0cf1abd9-9de429f2e3c5,1762586956824,Sync,1221.09,1762586956277,21.0.3.8,false,2048,38.61,InvokeFunction,,,LATEST,1-690ef14c-0c49fa-d9833d54e56c,OnDemand,,,546.99,
,DDEEB29FD5ADFBB67E4F2FEB83463658-5,1762586957,FCRequestMetrics:/n-matmul-2048,21,21,,,789.50,n-matmul-2048,false,bc52147f2a7a,,c-690ef12c-0cf1abd9-69aaf8ca2a4b,1762586956755,Sync,1268.29,1762586956277,21.0.3.8,false,2048,39.24,InvokeFunction,,,LATEST,1-690ef14c-0c49fa-f1771a466158,OnDemand,,,478.14,
,46B19270B472A6D217A2E559E7E7C97B-3,1762586957,FCRequestMetrics:/n-matmul-2048,21,21,,,782.59,n-matmul-2048,false,869d26b39717,,c-690ef10b-0cf1abd9-b6750c057b8f,1762586956895,Sync,1399.98,1762586956278,21.0.3.8,false,2048,40.66,InvokeFunction,,,LATEST,1-690ef14c-0c49fa-2aa310a10a62,OnDemand,,,616.69,
,2523AFCDD5BD8A2B2953E48983230929-3,1762586957,FCRequestMetrics:/n-matmul-2048,21,21,,,678.37,n-matmul-2048,false,01d6f783bdb1,,c-690ef10b-0cf1abd9-dd39c218e942,1762586956403,Sync,809.17,1762586956273,21.0.3.8,false,2048,26.76,InvokeFunction,,,LATEST,1-690ef14c-0c0a43-f062b6f45d87,OnDemand,,,128.76,
,2523AFCDD5BD8A2B2953E48983230929-3,1762586957,FCRequestMetrics:/n-matmul-2048,21,21,,,651.01,n-matmul-2048,false,01d6f783bdb1,,c-690ef10b-0cf1abd9-dd39c218e942,1762586957084,Sync,1387.98,1762586956348,21.0.3.8,false,2048,34.29,InvokeFunction,,,LATEST,1-690ef14c-0c0a43-430806652d48,OnDemand,,,736.08,
,7C3B3344857E71889D56CDA44A54F6B2-3,1762586957,FCRequestMetrics:/n-matmul-2048,21,21,,,685.55,n-matmul-2048,false,687fca8d325c,,c-690ef12c-0cf1abd9-6ced060ffe1b,1762586956705,Sync,1118.46,1762586956273,21.0.3.8,false,2048,28.75,InvokeFunction,,,LATEST,1-690ef14c-0c0a43-8a85ab8e72fa,OnDemand,,,430.81,
,82C12ED6E643926156E0217F8DC83EE9-4,1762586957,FCRequestMetrics:/n-matmul-2048,21,21,,,706.22,n-matmul-2048,false,a9b6a74eafdc,,c-690ef12d-0cf1abd9-2948faf88166,1762586956875,Sync,1328.67,1762586956253,21.0.3.8,false,2048,36.56,InvokeFunction,,,LATEST,1-690ef14c-0c0a43-adca009f9a3f,OnDemand,,,621.59,
,BF6FA9AF6994B690E2E5555B14FF4940-1,1762586957,FCRequestMetrics:/n-matmul-2048,21,21,,,659.44,n-matmul-2048,false,21ba44532db0,,c-690ef12f-0cf1abd9-72da07858f04,1762586956929,Sync,1321.46,1762586956268,21.0.3.8,false,2048,34.35,InvokeFunction,,,LATEST,1-690ef14c-0c0a43-91ca4addea8a,OnDemand,,,661.00,
,C38D529AEE78E8BFEBBDDADEDE13D41B-2,1762586957,FCRequestMetrics:/n-matmul-2048,21,21,,,0.03,n-matmul-2048,true,965073b71ef9,,c-690ef12c-0cf1abd9-ee855b82b2d6,1762586957051,Sync,900.83,1762586956567,21.0.3.7,false,2048,4.11,InvokeFunction,,,LATEST,1-690ef14c-0c49fa-a11568fd5744,OnDemand,,,483.73,,"{""errorType"":""FunctionAbnormalExitError""}"
,A5C7CD7E71BB55429480C147D0ABD6E0-5,1762586957,FCRequestMetrics:/n-matmul-2048,21,21,,,0.03,n-matmul-2048,true,b9c50fa7ffa2,,c-690ef10b-0cf1abd9-39e48c7dd1cd,1762586957068,Sync,925.40,1762586956568,21.0.3.8,false,2048,4.23,InvokeFunction,,,LATEST,1-690ef14c-0c49fa-f315d7f93953,OnDemand,,,499.47,,"{""errorType"":""FunctionAbnormalExitError""}"
,510F8A150819018E635E267F62520B9B-3,1762586957,FCRequestMetrics:/n-matmul-2048,21,21,,,0.02,n-matmul-2048,true,c8577adbf622,,c-690ef10b-0cf1abd9-26ef2c508c1e,1762586957045,Sync,931.25,1762586956564,21.0.3.8,false,2048,2.21,InvokeFunction,,,LATEST,1-690ef14c-0c49fa-5acb8fcae7fb,OnDemand,,,480.35,,"{""errorType"":""FunctionAbnormalExitError""}"
,EB19AA8F9B61C51C3FCBC98D949BD1C2-3,1762586957,FCRequestMetrics:/n-matmul-2048,21,21,,,0.04,n-matmul-2048,true,211d8375abf1,,c-690ef12d-0cf1abd9-78e04fcb7549,1762586957061,Sync,919.59,1762586956568,21.0.3.8,false,2048,4.17,InvokeFunction,,,LATEST,1-690ef14c-0c0a43-8c511805d3f0,OnDemand,,,493.49,,"{""errorType"":""FunctionAbnormalExitError""}"
,9A02C87DA0F400C9E40F40EF2DF6006D-3,1762586957,FCRequestMetrics:/n-matmul-2048,21,21,,,0.03,n-matmul-2048,true,3ea4534df15d,,c-690ef10b-0cf1abd9-31fefea0e1fd,1762586956737,Sync,893.43,1762586956276,21.0.3.8,false,2048,4.24,InvokeFunction,,,LATEST,1-690ef14c-0c49fa-413fb2297360,OnDemand,,,461.11,,"{""errorType"":""FunctionAbnormalExitError""}"
,9A02C87DA0F400C9E40F40EF2DF6006D-3,1762586957,FCRequestMetrics:/n-matmul-2048,21,21,,,688.03,n-matmul-2048,false,3ea4534df15d,,c-690ef10b-0cf1abd9-31fefea0e1fd,1762586957171,Sync,1086.77,1762586956773,21.0.3.8,false,2048,26.66,InvokeFunction,,,LATEST,1-690ef14c-0c0a43-10d318ed5577,OnDemand,,,398.02,
,B63107B9394C762ADF436F322BAA4B65-3,1762586957,FCRequestMetrics:/n-matmul-2048,21,21,,,0.03,n-matmul-2048,true,1ccfa60657e6,,c-690ef10b-0cf1abd9-672e1c9f5eed,1762586956723,Sync,854.71,1762586956275,21.0.3.8,false,2048,2.20,InvokeFunction,,,LATEST,1-690ef14c-0c0a43-00e6bed0959a,OnDemand,,,447.11,,"{""errorType"":""FunctionAbnormalExitError""}"
,B63107B9394C762ADF436F322BAA4B65-3,1762586957,FCRequestMetrics:/n-matmul-2048,21,21,,,670.51,n-matmul-2048,false,1ccfa60657e6,,c-690ef10b-0cf1abd9-672e1c9f5eed,1762586957132,Sync,1044.66,1762586956759,21.0.3.8,false,2048,28.55,InvokeFunction,,,LATEST,1-690ef14c-0c0a43-65a01cc2942e,OnDemand,,,372.16,
,B10148BC96FECE49F2FC2439520A3175-2,1762586957,FCRequestMetrics:/n-matmul-2048,21,21,,,0.03,n-matmul-2048,true,9ae0a7a16fc1,,c-690ef12e-0cf1abd9-86b866453e74,1762586956989,Sync,915.24,1762586956508,21.0.3.7,false,2048,4.30,InvokeFunction,,,LATEST,1-690ef14c-0c49fa-4b36a29cd7dd,OnDemand,,,480.90,,"{""errorType"":""FunctionAbnormalExitError""}"
,F0BCE0E40FE41E0F61DD5DAF956249CC-2,1762586957,FCRequestMetrics:/n-matmul-2048,21,21,,,0.04,n-matmul-2048,true,b9ed45a41c5d,,c-690ef139-0cf1abd9-bfec9b76d480,1762586956987,Sync,925.04,1762586956555,21.0.3.8,false,2048,2.15,InvokeFunction,,,LATEST,1-690ef14c-0c49fa-e37bb4452744,OnDemand,,,431.94,,"{""errorType"":""FunctionAbnormalExitError""}"
,18363E7E93F59FF8F193127D52D86051-3,1762586958,FCRequestMetrics:/n-matmul-2048,21,21,,,798.67,n-matmul-2048,false,3f9c9a307fd4,,c-690ef130-0cf1abd9-454ab669b866,1762586957409,Sync,1277.46,1762586956931,21.0.3.8,false,2048,38.70,InvokeFunction,,,LATEST,1-690ef14c-0c49fa-d8fa6712bbc6,OnDemand,,,478.12,
,211620C9A07558D2D8764497DA6068A4-3,1762586958,FCRequestMetrics:/n-matmul-2048,21,21,,,812.83,n-matmul-2048,false,e053c99a8bb6,,c-690ef10b-0cf1abd9-9de429f2e3c5,1762586957501,Sync,1337.55,1762586956977,21.0.3.8,false,2048,40.34,InvokeFunction,,,LATEST,1-690ef14c-0c49fa-d7dad5694db6,OnDemand,,,524.10,
,DDEEB29FD5ADFBB67E4F2FEB83463658-5,1762586958,FCRequestMetrics:/n-matmul-2048,21,21,,,774.97,n-matmul-2048,false,bc52147f2a7a,,c-690ef12c-0cf1abd9-69aaf8ca2a4b,1762586957548,Sync,1753.21,1762586956571,21.0.3.8,false,2048,42.24,InvokeFunction,,,LATEST,1-690ef14c-0c49fa-1039f52dd285,OnDemand,,,977.56,
,46B19270B472A6D217A2E559E7E7C97B-3,1762586958,FCRequestMetrics:/n-matmul-2048,21,21,,,842.80,n-matmul-2048,false,869d26b39717,,c-690ef10b-0cf1abd9-b6750c057b8f,1762586957681,Sync,988.09,1762586957537,21.0.3.8,false,2048,43.00,InvokeFunction,,,LATEST,1-690ef14d-0c49fa-802be902d5c9,OnDemand,,,144.02,
,2523AFCDD5BD8A2B2953E48983230929-3,1762586958,FCRequestMetrics:/n-matmul-2048,21,21,,,794.32,n-matmul-2048,false,01d6f783bdb1,,c-690ef10b-0cf1abd9-dd39c218e942,1762586957748,Sync,796.60,1762586957747,21.0.3.8,false,2048,38.73,InvokeFunction,,,LATEST,1-690ef14d-0c0a43-e9311afd9db0,OnDemand,,,0.50,
,7C3B3344857E71889D56CDA44A54F6B2-3,1762586958,FCRequestMetrics:/n-matmul-2048,21,21,,,647.78,n-matmul-2048,false,687fca8d325c,,c-690ef12c-0cf1abd9-6ced060ffe1b,1762586957394,Sync,1737.55,1762586956305,21.0.3.8,false,2048,36.23,InvokeFunction,,,LATEST,1-690ef14c-0c49fa-323e8ceefd59,OnDemand,,,1088.93,
,7C3B3344857E71889D56CDA44A54F6B2-3,1762586958,FCRequestMetrics:/n-matmul-2048,22,22,,,633.19,n-matmul-2048,false,687fca8d325c,,c-690ef12c-0cf1abd9-6ced060ffe1b,1762586958046,Sync,815.62,1762586957864,21.0.3.8,false,2048,38.50,InvokeFunction,,,LATEST,1-690ef14d-0c0a43-6c61e549c14b,OnDemand,,,181.66,
,82C12ED6E643926156E0217F8DC83EE9-4,1762586958,FCRequestMetrics:/n-matmul-2048,21,21,,,679.16,n-matmul-2048,false,a9b6a74eafdc,,c-690ef12d-0cf1abd9-2948faf88166,1762586957584,Sync,2004.77,1762586956259,21.0.3.8,false,2048,38.73,InvokeFunction,,,LATEST,1-690ef14c-0c49fa-e66c17749db5,OnDemand,,,1324.81,
,BF6FA9AF6994B690E2E5555B14FF4940-1,1762586958,FCRequestMetrics:/n-matmul-2048,21,21,,,668.00,n-matmul-2048,false,21ba44532db0,,c-690ef12f-0cf1abd9-72da07858f04,1762586957592,Sync,1015.48,1762586957246,21.0.3.8,false,2048,36.68,InvokeFunction,,,LATEST,1-690ef14d-0c49fa-8ddbf643f327,OnDemand,,,346.09,
,C38D529AEE78E8BFEBBDDADEDE13D41B-2,1762586958,FCRequestMetrics:/n-matmul-2048,21,21,,,692.09,n-matmul-2048,false,965073b71ef9,,c-690ef12c-0cf1abd9-ee855b82b2d6,1762586957470,Sync,1081.24,1762586957082,21.0.3.7,false,2048,26.72,InvokeFunction,,,LATEST,1-690ef14d-0c49fa-adcef173f6eb,OnDemand,,,388.36,
,C38D529AEE78E8BFEBBDDADEDE13D41B-2,1762586958,FCRequestMetrics:/n-matmul-2048,22,22,,,648.25,n-matmul-2048,false,965073b71ef9,,c-690ef12c-0cf1abd9-ee855b82b2d6,1762586958166,Sync,918.94,1762586957896,21.0.3.7,false,2048,34.60,InvokeFunction,,,LATEST,1-690ef14d-0c49fa-b0b6741008f3,OnDemand,,,270.08,
,A5C7CD7E71BB55429480C147D0ABD6E0-5,1762586958,FCRequestMetrics:/n-matmul-2048,21,21,,,728.76,n-matmul-2048,false,b9c50fa7ffa2,,c-690ef10b-0cf1abd9-39e48c7dd1cd,1762586957495,Sync,1138.75,1762586957086,21.0.3.8,false,2048,26.77,InvokeFunction,,,LATEST,1-690ef14d-0c49fa-36612cacb25a,OnDemand,,,409.21,
,A5C7CD7E71BB55429480C147D0ABD6E0-5,1762586958,FCRequestMetrics:/n-matmul-2048,22,22,,,681.58,n-matmul-2048,false,b9c50fa7ffa2,,c-690ef10b-0cf1abd9-39e48c7dd1cd,1762586958228,Sync,997.38,1762586957913,21.0.3.8,false,2048,34.26,InvokeFunction,,,LATEST,1-690ef14d-0c0a43-a0a767fea4d3,OnDemand,,,315.02,
,510F8A150819018E635E267F62520B9B-3,1762586958,FCRequestMetrics:/n-matmul-2048,21,21,,,684.70,n-matmul-2048,false,c8577adbf622,,c-690ef10b-0cf1abd9-26ef2c508c1e,1762586957497,Sync,1079.41,1762586957103,21.0.3.8,false,2048,26.64,InvokeFunction,,,LATEST,1-690ef14d-0c49fa-acc9a2065888,OnDemand,,,393.86,
,510F8A150819018E635E267F62520B9B-3,1762586958,FCRequestMetrics:/n-matmul-2048,22,22,,,642.14,n-matmul-2048,false,c8577adbf622,,c-690ef10b-0cf1abd9-26ef2c508c1e,1762586958186,Sync,930.03,1762586957899,21.0.3.8,false,2048,34.76,InvokeFunction,,,LATEST,1-690ef14d-0c49fa-f44b7a67b088,OnDemand,,,286.93,
,EB19AA8F9B61C51C3FCBC98D949BD1C2-3,1762586958,FCRequestMetrics:/n-matmul-2048,21,21,,,684.97,n-matmul-2048,false,211d8375abf1,,c-690ef12d-0cf1abd9-78e04fcb7549,1762586957489,Sync,1090.62,1762586957084,21.0.3.8,false,2048,28.72,InvokeFunction,,,LATEST,1-690ef14d-0c49fa-5c268a2a9612,OnDemand,,,404.82,
,EB19AA8F9B61C51C3FCBC98D949BD1C2-3,1762586958,FCRequestMetrics:/n-matmul-2048,22,22,,,641.02,n-matmul-2048,false,211d8375abf1,,c-690ef12d-0cf1abd9-78e04fcb7549,1762586958177,Sync,923.20,1762586957896,21.0.3.8,false,2048,36.58,InvokeFunction,,,LATEST,1-690ef14d-0c0a43-0b6eff849a8e,OnDemand,,,281.49,
,9A02C87DA0F400C9E40F40EF2DF6006D-3,1762586958,FCRequestMetrics:/n-matmul-2048,21,21,,,643.54,n-matmul-2048,false,3ea4534df15d,,c-690ef10b-0cf1abd9-31fefea0e1fd,1762586957863,Sync,685.33,1762586957822,21.0.3.8,false,2048,34.03,InvokeFunction,,,LATEST,1-690ef14d-0c49fa-801b538fc9cb,OnDemand,,,41.10,
,B63107B9394C762ADF436F322BAA4B65-3,1762586958,FCRequestMetrics:/n-matmul-2048,21,21,,,648.98,n-matmul-2048,false,1ccfa60657e6,,c-690ef10b-0cf1abd9-672e1c9f5eed,1762586957806,Sync,680.65,1762586957775,21.0.3.8,false,2048,36.51,InvokeFunction,,,LATEST,1-690ef14d-0c0a43-50e3c73bf605,OnDemand,,,30.98,
,5E9C37D1C997E792337F0D79C839D1F6-3,1762586958,FCRequestMetrics:/n-matmul-2048,21,21,,,0.02,n-matmul-2048,true,7be323259747,,c-690ef12d-0cf1abd9-4ddba8cb6fd4,1762586957729,Sync,420.59,1762586957718,21.0.3.8,false,2048,4.19,InvokeFunction,,,LATEST,1-690ef14d-0c49fa-17067e98c07d,OnDemand,,,11.09,,"{""errorType"":""FunctionAbnormalExitError""}"
,5E9C37D1C997E792337F0D79C839D1F6-3,1762586958,FCRequestMetrics:/n-matmul-2048,22,22,,,732.40,n-matmul-2048,false,7be323259747,,c-690ef12d-0cf1abd9-4ddba8cb6fd4,1762586958140,Sync,980.10,1762586957893,21.0.3.8,false,2048,28.57,InvokeFunction,,,LATEST,1-690ef14d-0c0a43-cd14bfb15907,OnDemand,,,246.71,
,D5A4CD99F058D411C58A3919BEB264F4-3,1762586958,FCRequestMetrics:/n-matmul-2048,21,21,,,0.04,n-matmul-2048,true,a1586973fec8,,c-690ef10b-0cf1abd9-90463d425ca7,1762586957774,Sync,437.05,1762586957773,21.0.3.8,false,2048,4.09,InvokeFunction,,,LATEST,1-690ef14d-0c49fa-1c75094b44b6,OnDemand,,,1.19,,"{""errorType"":""FunctionAbnormalExitError""}"
,D5A4CD99F058D411C58A3919BEB264F4-3,1762586958,FCRequestMetrics:/n-matmul-2048,22,22,,,678.21,n-matmul-2048,false,a1586973fec8,,c-690ef10b-0cf1abd9-90463d425ca7,1762586958212,Sync,988.03,1762586957903,21.0.3.8,false,2048,28.57,InvokeFunction,,,LATEST,1-690ef14d-0c49fa-a6ba99653657,OnDemand,,,309.04,
,00E67D373DA9C60BEF759D13208EAAD9-3,1762586958,FCRequestMetrics:/n-matmul-2048,21,21,,,0.02,n-matmul-2048,true,9013ed408e73,,c-690ef10b-0cf1abd9-dbc16e7d233d,1762586957768,Sync,428.67,1762586957767,21.0.3.8,false,2048,2.27,InvokeFunction,,,LATEST,1-690ef14d-0c0a43-c58d7ec87270,OnDemand,,,0.52,,"{""errorType"":""FunctionAbnormalExitError""}"
,00E67D373DA9C60BEF759D13208EAAD9-3,1762586958,FCRequestMetrics:/n-matmul-2048,22,22,,,678.81,n-matmul-2048,false,9013ed408e73,,c-690ef10b-0cf1abd9-dbc16e7d233d,1762586958198,Sync,978.03,1762586957900,21.0.3.8,false,2048,28.66,InvokeFunction,,,LATEST,1-690ef14d-0c0a43-65cc5a03f291,OnDemand,,,297.07,
,B2D19E9889F3DDE524F4ACFCF2A5FEBF-3,1762586958,FCRequestMetrics:/n-matmul-2048,21,21,,,0.02,n-matmul-2048,true,95f39cca25aa,,c-690ef10b-0cf1abd9-336379de3020,1762586957708,Sync,554.33,1762586957584,21.0.3.8,false,2048,4.04,InvokeFunction,,,LATEST,1-690ef14d-0c49fa-ed149adc8465,OnDemand,,,124.17,,"{""errorType"":""FunctionAbnormalExitError""}"
,B2D19E9889F3DDE524F4ACFCF2A5FEBF-3,1762586958,FCRequestMetrics:/n-matmul-2048,22,22,,,723.41,n-matmul-2048,false,95f39cca25aa,,c-690ef10b-0cf1abd9-336379de3020,1762586958140,Sync,970.94,1762586957894,21.0.3.8,false,2048,26.73,InvokeFunction,,,LATEST,1-690ef14d-0c49fa-3f4412ab02bf,OnDemand,,,246.66,
,18363E7E93F59FF8F193127D52D86051-3,1762586958,FCRequestMetrics:/n-matmul-2048,22,22,,,0.02,n-matmul-2048,true,3f9c9a307fd4,,c-690ef130-0cf1abd9-454ab669b866,1762586958212,Sync,742.96,1762586957901,21.0.3.8,false,2048,2.09,InvokeFunction,,,LATEST,1-690ef14d-0c49fa-1a7babeb49e7,OnDemand,,,310.11,,"{""errorType"":""FunctionAbnormalExitError""}"
,B10148BC96FECE49F2FC2439520A3175-2,1762586958,FCRequestMetrics:/n-matmul-2048,21,21,,,699.70,n-matmul-2048,false,9ae0a7a16fc1,,c-690ef12e-0cf1abd9-86b866453e74,1762586957425,Sync,1176.59,1762586956949,21.0.3.7,false,2048,26.75,InvokeFunction,,,LATEST,1-690ef14c-0c49fa-414e7d677578,OnDemand,,,476.07,
,B10148BC96FECE49F2FC2439520A3175-2,1762586958,FCRequestMetrics:/n-matmul-2048,22,22,,,643.56,n-matmul-2048,false,9ae0a7a16fc1,,c-690ef12e-0cf1abd9-86b866453e74,1762586958129,Sync,880.64,1762586957892,21.0.3.7,false,2048,34.21,InvokeFunction,,,LATEST,1-690ef14d-0c0a43-e685ddf73597,OnDemand,,,236.33,
,DDEEB29FD5ADFBB67E4F2FEB83463658-5,1762586958,FCRequestMetrics:/n-matmul-2048,22,22,,,0.03,n-matmul-2048,true,bc52147f2a7a,,c-690ef12c-0cf1abd9-69aaf8ca2a4b,1762586958327,Sync,815.60,1762586957936,21.0.3.8,false,2048,2.27,InvokeFunction,,,LATEST,1-690ef14d-0c0a43-cc0c671c2fd8,OnDemand,,,390.74,,"{""errorType"":""FunctionAbnormalExitError""}"
,F0BCE0E40FE41E0F61DD5DAF956249CC-2,1762586958,FCRequestMetrics:/n-matmul-2048,21,21,,,818.60,n-matmul-2048,false,b9ed45a41c5d,,c-690ef139-0cf1abd9-bfec9b76d480,1762586957482,Sync,1055.46,1762586957247,21.0.3.8,false,2048,28.63,InvokeFunction,,,LATEST,1-690ef14d-0c0a43-9671058c7a42,OnDemand,,,234.69,
,B1BC54E0839163A3A2719B2791B845EA-0,1762586958,FCRequestMetrics:/n-matmul-2048,21,21,,,1017.56,n-matmul-2048,false,c5eb2abfaa5d,,c-690ef14c-0cf1abd9-28e65fb7d593,1762586957237,Sync,1041.67,1762586957215,21.0.3.5,false,2048,84.05,InvokeFunction,,,LATEST,1-690ef14d-0c0a43-50eee57ec393,OnDemand,,,22.68,
,211620C9A07558D2D8764497DA6068A4-3,1762586958,FCRequestMetrics:/n-matmul-2048,22,22,,,0.02,n-matmul-2048,true,e053c99a8bb6,,c-690ef10b-0cf1abd9-9de429f2e3c5,1762586958317,Sync,800.16,1762586957933,21.0.3.8,false,2048,4.19,InvokeFunction,,,LATEST,1-690ef14d-0c0a43-ab12b110b000,OnDemand,,,383.53,,"{""errorType"":""FunctionAbnormalExitError""}"
,E08BA4ABFB8C4109D958EF35CCDE9E75-3,1762586958,FCRequestMetrics:/n-matmul-2048,21,21,,,0.05,n-matmul-2048,true,f6ea6fba0d1f,,c-690ef12a-0cf1abd9-0e59ac1cec40,1762586957790,Sync,1743.42,1762586956502,21.0.3.6,false,2048,2.13,InvokeFunction,,,LATEST,1-690ef14c-0c49fa-6da5185b748d,OnDemand,,,1288.26,,"{""errorType"":""FunctionAbnormalExitError""}"
,E08BA4ABFB8C4109D958EF35CCDE9E75-3,1762586958,FCRequestMetrics:/n-matmul-2048,22,22,,,723.76,n-matmul-2048,false,f6ea6fba0d1f,,c-690ef12a-0cf1abd9-0e59ac1cec40,1762586958247,Sync,1077.21,1762586957894,21.0.3.6,false,2048,28.65,InvokeFunction,,,LATEST,1-690ef14d-0c0a43-ae6e7143f01b,OnDemand,,,352.64,
,91973BCA72DE9462DCC25EF55C6AC5B5-2,1762586958,FCRequestMetrics:/n-matmul-2048,11,11,,,715.02,n-matmul-2048,false,74deffaed995,,c-690ef14e-0cf1abd9-32bbbd8baf97,1762586958245,Sync,717.30,1762586958244,21.0.3.8,false,2048,84.68,InvokeFunction,,,LATEST,1-690ef14f-0c49fa-7817ff4b1ef2,OnDemand,,,0.93,
,46B19270B472A6D217A2E559E7E7C97B-3,1762586958,FCRequestMetrics:/n-matmul-2048,22,22,,,0.04,n-matmul-2048,true,869d26b39717,,c-690ef10b-0cf1abd9-b6750c057b8f,1762586958528,Sync,1043.09,1762586957906,21.0.3.8,false,2048,4.16,InvokeFunction,,,LATEST,1-690ef14d-0c0a43-561b0212639b,OnDemand,,,622.09,,"{""errorType"":""FunctionAbnormalExitError""}"
,2523AFCDD5BD8A2B2953E48983230929-3,1762586959,FCRequestMetrics:/n-matmul-2048,22,22,,,840.69,n-matmul-2048,false,01d6f783bdb1,,c-690ef10b-0cf1abd9-dd39c218e942,1762586958546,Sync,1481.14,1762586957906,21.0.3.8,false,2048,41.78,InvokeFunction,,,LATEST,1-690ef14d-0c0a43-737e29e60583,OnDemand,,,639.81,
,7C3B3344857E71889D56CDA44A54F6B2-3,1762586959,FCRequestMetrics:/n-matmul-2048,22,22,,,780.50,n-matmul-2048,false,687fca8d325c,,c-690ef12c-0cf1abd9-6ced060ffe1b,1762586958682,Sync,1142.15,1762586958321,21.0.3.8,false,2048,40.14,InvokeFunction,,,LATEST,1-690ef14e-0c0a43-e576d8a5bf56,OnDemand,,,360.87,
,82C12ED6E643926156E0217F8DC83EE9-4,1762586959,FCRequestMetrics:/n-matmul-2048,22,22,,,787.78,n-matmul-2048,false,a9b6a74eafdc,,c-690ef12d-0cf1abd9-2948faf88166,1762586958267,Sync,1129.03,1762586957926,21.0.3.8,false,2048,40.50,InvokeFunction,,,LATEST,1-690ef14d-0c0a43-a7fe19bc4e23,OnDemand,,,340.47,
,BF6FA9AF6994B690E2E5555B14FF4940-1,1762586959,FCRequestMetrics:/n-matmul-2048,22,22,,,782.75,n-matmul-2048,false,21ba44532db0,,c-690ef12f-0cf1abd9-72da07858f04,1762586958264,Sync,1122.14,1762586957926,21.0.3.8,false,2048,38.42,InvokeFunction,,,LATEST,1-690ef14d-0c0a43-0e12e38a1b6b,OnDemand,,,338.59,
,C38D529AEE78E8BFEBBDDADEDE13D41B-2,1762586959,FCRequestMetrics:/n-matmul-2048,18,18,,,650.40,n-matmul-2048,false,965073b71ef9,,c-690ef12c-0cf1abd9-ee855b82b2d6,1762586958932,Sync,652.47,1762586958931,21.0.3.7,false,2048,36.82,InvokeFunction,,,LATEST,1-690ef14e-0c49fa-72004fa38e5e,OnDemand,,,1.33,
,A5C7CD7E71BB55429480C147D0ABD6E0-5,1762586959,FCRequestMetrics:/n-matmul-2048,18,18,,,684.06,n-matmul-2048,false,b9c50fa7ffa2,,c-690ef10b-0cf1abd9-39e48c7dd1cd,1762586958916,Sync,685.91,1762586958915,21.0.3.8,false,2048,36.58,InvokeFunction,,,LATEST,1-690ef14e-0c49fa-722d16c0e99d,OnDemand,,,1.15,
,510F8A150819018E635E267F62520B9B-3,1762586959,FCRequestMetrics:/n-matmul-2048,18,18,,,651.98,n-matmul-2048,false,c8577adbf622,,c-690ef10b-0cf1abd9-26ef2c508c1e,1762586958855,Sync,654.20,1762586958854,21.0.3.8,false,2048,36.97,InvokeFunction,,,LATEST,1-690ef14e-0c49fa-99d4e467f948,OnDemand,,,1.39,
,EB19AA8F9B61C51C3FCBC98D949BD1C2-3,1762586959,FCRequestMetrics:/n-matmul-2048,18,18,,,779.11,n-matmul-2048,false,211d8375abf1,,c-690ef12d-0cf1abd9-78e04fcb7549,1762586958911,Sync,780.88,1762586958910,21.0.3.8,false,2048,40.83,InvokeFunction,,,LATEST,1-690ef14e-0c49fa-0a6e0855d938,OnDemand,,,1.10,
,9A02C87DA0F400C9E40F40EF2DF6006D-3,1762586959,FCRequestMetrics:/n-matmul-2048,22,22,,,647.79,n-matmul-2048,false,3ea4534df15d,,c-690ef10b-0cf1abd9-31fefea0e1fd,1762586958510,Sync,1120.23,1762586958038,21.0.3.8,false,2048,36.45,InvokeFunction,,,LATEST,1-690ef14e-0c0a43-6d57f035a76a,OnDemand,,,471.53,
,B63107B9394C762ADF436F322BAA4B65-3,1762586959,FCRequestMetrics:/n-matmul-2048,22,22,,,651.94,n-matmul-2048,false,1ccfa60657e6,,c-690ef10b-0cf1abd9-672e1c9f5eed,1762586958458,Sync,1152.51,1762586957958,21.0.3.8,false,2048,38.89,InvokeFunction,,,LATEST,1-690ef14d-0c0a43-f1ed84949c4c,OnDemand,,,499.89,
,5E9C37D1C997E792337F0D79C839D1F6-3,1762586959,FCRequestMetrics:/n-matmul-2048,18,18,,,636.22,n-matmul-2048,false,7be323259747,,c-690ef12d-0cf1abd9-4ddba8cb6fd4,1762586958908,Sync,638.20,1762586958907,21.0.3.8,false,2048,36.14,InvokeFunction,,,LATEST,1-690ef14e-0c49fa-eba811202501,OnDemand,,,1.16,
,D5A4CD99F058D411C58A3919BEB264F4-3,1762586959,FCRequestMetrics:/n-matmul-2048,18,18,,,644.50,n-matmul-2048,false,a1586973fec8,,c-690ef10b-0cf1abd9-90463d425ca7,1762586958898,Sync,646.40,1762586958897,21.0.3.8,false,2048,36.16,InvokeFunction,,,LATEST,1-690ef14e-0c49fa-66322071d427,OnDemand,,,1.10,
,00E67D373DA9C60BEF759D13208EAAD9-3,1762586959,FCRequestMetrics:/n-matmul-2048,18,18,,,646.83,n-matmul-2048,false,9013ed408e73,,c-690ef10b-0cf1abd9-dbc16e7d233d,1762586958900,Sync,649.00,1762586958899,21.0.3.8,false,2048,36.85,InvokeFunction,,,LATEST,1-690ef14e-0c49fa-2db37356b840,OnDemand,,,1.11,
,B2D19E9889F3DDE524F4ACFCF2A5FEBF-3,1762586959,FCRequestMetrics:/n-matmul-2048,18,18,,,642.46,n-matmul-2048,false,95f39cca25aa,,c-690ef10b-0cf1abd9-336379de3020,1762586958869,Sync,644.49,1762586958868,21.0.3.8,false,2048,34.11,InvokeFunction,,,LATEST,1-690ef14e-0c49fa-afe36a029265,OnDemand,,,0.93,
,18363E7E93F59FF8F193127D52D86051-3,1762586959,FCRequestMetrics:/n-matmul-2048,22,22,,,689.24,n-matmul-2048,false,3f9c9a307fd4,,c-690ef130-0cf1abd9-454ab669b866,1762586958646,Sync,1024.34,1762586958312,21.0.3.8,false,2048,28.83,InvokeFunction,,,LATEST,1-690ef14e-0c0a43-784be23eeebb,OnDemand,,,334.39,
,DDEEB29FD5ADFBB67E4F2FEB83463658-5,1762586959,FCRequestMetrics:/n-matmul-2048,22,22,,,705.49,n-matmul-2048,false,bc52147f2a7a,,c-690ef12c-0cf1abd9-69aaf8ca2a4b,1762586958753,Sync,894.90,1762586958564,21.0.3.8,false,2048,26.66,InvokeFunction,,,LATEST,1-690ef14e-0c49fa-79d1433e61fd,OnDemand,,,188.56,
,F0BCE0E40FE41E0F61DD5DAF956249CC-2,1762586959,FCRequestMetrics:/n-matmul-2048,22,22,,,706.95,n-matmul-2048,false,b9ed45a41c5d,,c-690ef139-0cf1abd9-bfec9b76d480,1762586958306,Sync,1187.22,1762586957826,21.0.3.8,false,2048,36.44,InvokeFunction,,,LATEST,1-690ef14d-0c0a43-567686db0084,OnDemand,,,479.50,
,B1BC54E0839163A3A2719B2791B845EA-0,1762586959,FCRequestMetrics:/n-matmul-2048,11,11,,,650.56,n-matmul-2048,false,c5eb2abfaa5d,,c-690ef14c-0cf1abd9-28e65fb7d593,1762586959292,Sync,651.89,1762586959291,21.0.3.5,false,2048,90.32,InvokeFunction,,,LATEST,1-690ef14f-0c0a43-fde125051c0c,OnDemand,,,0.51,
,211620C9A07558D2D8764497DA6068A4-3,1762586959,FCRequestMetrics:/n-matmul-2048,22,22,,,684.12,n-matmul-2048,false,e053c99a8bb6,,c-690ef10b-0cf1abd9-9de429f2e3c5,1762586958735,Sync,871.88,1762586958548,21.0.3.8,false,2048,26.40,InvokeFunction,,,LATEST,1-690ef14e-0c49fa-cf9f38db8bab,OnDemand,,,186.99,
,2523AFCDD5BD8A2B2953E48983230929-3,1762586959,FCRequestMetrics:/n-matmul-2048,12,12,,,0.05,n-matmul-2048,true,01d6f783bdb1,,c-690ef10b-0cf1abd9-dd39c218e942,1762586959462,Sync,427.76,1762586959460,21.0.3.8,false,2048,2.27,InvokeFunction,,,LATEST,1-690ef14f-0c49fa-cf2599ca1bad,OnDemand,,,1.18,,"{""errorType"":""FunctionAbnormalExitError""}"
,7C3B3344857E71889D56CDA44A54F6B2-3,1762586959,FCRequestMetrics:/n-matmul-2048,12,12,,,0.04,n-matmul-2048,true,687fca8d325c,,c-690ef12c-0cf1abd9-6ced060ffe1b,1762586959500,Sync,403.51,1762586959498,21.0.3.8,false,2048,4.09,InvokeFunction,,,LATEST,1-690ef14f-0c49fa-c24186b2185d,OnDemand,,,1.39,,"{""errorType"":""FunctionAbnormalExitError""}"
,91973BCA72DE9462DCC25EF55C6AC5B5-2,1762586959,FCRequestMetrics:/n-matmul-2048,26,26,,,655.82,n-matmul-2048,false,74deffaed995,,c-690ef14e-0cf1abd9-32bbbd8baf97,1762586958965,Sync,673.37,1762586958948,21.0.3.8,false,2048,92.39,InvokeFunction,,,LATEST,1-690ef150-0c0a43-8c6cff6ad8d8,OnDemand,,,16.81,
,943CF4692F491FB15BAF1EAB0CB8860A-2,1762586959,FCRequestMetrics:/n-matmul-2048,11,11,,,721.31,n-matmul-2048,false,bfd14e2c48c1,,c-690ef14e-0cf1abd9-da3a9c4be72b,1762586959077,Sync,724.38,1762586959076,21.0.3.8,false,2048,82.59,InvokeFunction,,,LATEST,1-690ef14f-0c0a43-08426436a21c,OnDemand,,,0.46,
,7B2CA077525D5F38D7687113836FF4D4-2,1762586959,FCRequestMetrics:/n-matmul-2048,24,24,,,737.07,n-matmul-2048,false,dd2888fed1c9,,c-690ef14f-0cf1abd9-cabc0eaa101b,1762586958793,Sync,828.87,1762586958703,21.0.3.8,false,2048,82.59,InvokeFunction,,,LATEST,1-690ef150-0c0a43-0abca817f79b,OnDemand,,,90.01,
,D461B99DDC361457A1C9EC0902546FD1-2,1762586959,FCRequestMetrics:/n-matmul-2048,25,25,,,724.43,n-matmul-2048,false,ed2ed25159fc,,c-690ef14f-0cf1abd9-e247acd3fed5,1762586959211,Sync,1066.62,1762586958871,21.0.3.8,false,2048,82.68,InvokeFunction,,,LATEST,1-690ef14f-0c49fa-cd6ed858c202,OnDemand,,,340.73,
,C38D529AEE78E8BFEBBDDADEDE13D41B-2,1762586960,FCRequestMetrics:/n-matmul-2048,11,11,,,782.08,n-matmul-2048,false,965073b71ef9,,c-690ef12c-0cf1abd9-ee855b82b2d6,1762586959588,Sync,783.92,1762586959587,21.0.3.7,false,2048,38.75,InvokeFunction,,,LATEST,1-690ef14f-0c49fa-8f9ca281c932,OnDemand,,,1.17,
,A5C7CD7E71BB55429480C147D0ABD6E0-5,1762586960,FCRequestMetrics:/n-matmul-2048,11,11,,,798.70,n-matmul-2048,false,b9c50fa7ffa2,,c-690ef10b-0cf1abd9-39e48c7dd1cd,1762586959624,Sync,800.69,1762586959623,21.0.3.8,false,2048,38.24,InvokeFunction,,,LATEST,1-690ef14f-0c49fa-c6c5077563a4,OnDemand,,,1.18,
,510F8A150819018E635E267F62520B9B-3,1762586960,FCRequestMetrics:/n-matmul-2048,12,12,,,823.28,n-matmul-2048,false,c8577adbf622,,c-690ef10b-0cf1abd9-26ef2c508c1e,1762586959642,Sync,825.23,1762586959641,21.0.3.8,false,2048,39.25,InvokeFunction,,,LATEST,1-690ef14f-0c49fa-7f3bb607633e,OnDemand,,,1.15,
,EB19AA8F9B61C51C3FCBC98D949BD1C2-3,1762586960,FCRequestMetrics:/n-matmul-2048,12,12,,,798.05,n-matmul-2048,false,211d8375abf1,,c-690ef12d-0cf1abd9-78e04fcb7549,1762586959733,Sync,800.11,1762586959732,21.0.3.8,false,2048,43.59,InvokeFunction,,,LATEST,1-690ef14f-0c49fa-3427ae487ac0,OnDemand,,,1.41,
,9A02C87DA0F400C9E40F40EF2DF6006D-3,1762586960,FCRequestMetrics:/n-matmul-2048,11,11,,,791.50,n-matmul-2048,false,3ea4534df15d,,c-690ef10b-0cf1abd9-31fefea0e1fd,1762586959961,Sync,792.71,1762586959961,21.0.3.8,false,2048,38.01,InvokeFunction,,,LATEST,1-690ef14f-0c0a43-cf9f4b89b14c,OnDemand,,,0.51,
,B63107B9394C762ADF436F322BAA4B65-3,1762586960,FCRequestMetrics:/n-matmul-2048,11,11,,,801.39,n-matmul-2048,false,1ccfa60657e6,,c-690ef10b-0cf1abd9-672e1c9f5eed,1762586959964,Sync,802.64,1762586959963,21.0.3.8,false,2048,40.66,InvokeFunction,,,LATEST,1-690ef14f-0c0a43-f0b963559946,OnDemand,,,0.51,
,5E9C37D1C997E792337F0D79C839D1F6-3,1762586960,FCRequestMetrics:/n-matmul-2048,11,11,,,636.83,n-matmul-2048,false,7be323259747,,c-690ef12d-0cf1abd9-4ddba8cb6fd4,1762586959583,Sync,639.10,1762586959582,21.0.3.8,false,2048,38.52,InvokeFunction,,,LATEST,1-690ef14f-0c49fa-0c0e722bb95c,OnDemand,,,1.36,
,D5A4CD99F058D411C58A3919BEB264F4-3,1762586960,FCRequestMetrics:/n-matmul-2048,11,11,,,780.93,n-matmul-2048,false,a1586973fec8,,c-690ef10b-0cf1abd9-90463d425ca7,1762586959548,Sync,782.42,1762586959547,21.0.3.8,false,2048,40.67,InvokeFunction,,,LATEST,1-690ef14f-0c49fa-a9447b9355b0,OnDemand,,,0.79,
,00E67D373DA9C60BEF759D13208EAAD9-3,1762586960,FCRequestMetrics:/n-matmul-2048,11,11,,,792.02,n-matmul-2048,false,9013ed408e73,,c-690ef10b-0cf1abd9-dbc16e7d233d,1762586959553,Sync,794.02,1762586959552,21.0.3.8,false,2048,41.07,InvokeFunction,,,LATEST,1-690ef14f-0c49fa-50346471e804,OnDemand,,,1.33,
,B2D19E9889F3DDE524F4ACFCF2A5FEBF-3,1762586960,FCRequestMetrics:/n-matmul-2048,11,11,,,801.77,n-matmul-2048,false,95f39cca25aa,,c-690ef10b-0cf1abd9-336379de3020,1762586959585,Sync,803.33,1762586959584,21.0.3.8,false,2048,38.64,InvokeFunction,,,LATEST,1-690ef14f-0c49fa-6d17ca480d1c,OnDemand,,,0.76,
,18363E7E93F59FF8F193127D52D86051-3,1762586960,FCRequestMetrics:/n-matmul-2048,13,13,,,634.43,n-matmul-2048,false,3f9c9a307fd4,,c-690ef130-0cf1abd9-454ab669b866,1762586959376,Sync,635.80,1762586959375,21.0.3.8,false,2048,36.59,InvokeFunction,,,LATEST,1-690ef14f-0c0a43-50db185f913b,OnDemand,,,0.57,
,18363E7E93F59FF8F193127D52D86051-3,1762586960,FCRequestMetrics:/n-matmul-2048,11,11,,,627.73,n-matmul-2048,false,3f9c9a307fd4,,c-690ef130-0cf1abd9-454ab669b866,1762586960014,Sync,663.97,1762586959978,21.0.3.8,false,2048,38.62,InvokeFunction,,,LATEST,1-690ef14f-0c49fa-825d6d84e342,OnDemand,,,35.44,
,B10148BC96FECE49F2FC2439520A3175-2,1762586960,FCRequestMetrics:/n-matmul-2048,11,11,,,775.49,n-matmul-2048,false,9ae0a7a16fc1,,c-690ef12e-0cf1abd9-86b866453e74,1762586959980,Sync,777.71,1762586959978,21.0.3.7,false,2048,38.62,InvokeFunction,,,LATEST,1-690ef14f-0c49fa-b775120c5d43,OnDemand,,,1.32,
,DDEEB29FD5ADFBB67E4F2FEB83463658-5,1762586960,FCRequestMetrics:/n-matmul-2048,12,12,,,633.97,n-matmul-2048,false,bc52147f2a7a,,c-690ef12c-0cf1abd9-69aaf8ca2a4b,1762586959502,Sync,635.14,1762586959502,21.0.3.8,false,2048,34.49,InvokeFunction,,,LATEST,1-690ef14f-0c0a43-e59979c73407,OnDemand,,,0.51,
,DDEEB29FD5ADFBB67E4F2FEB83463658-5,1762586960,FCRequestMetrics:/n-matmul-2048,24,24,,,635.32,n-matmul-2048,false,bc52147f2a7a,,c-690ef12c-0cf1abd9-69aaf8ca2a4b,1762586960141,Sync,795.40,1762586959981,21.0.3.8,false,2048,36.98,InvokeFunction,,,LATEST,1-690ef14f-0c49fa-0f85c1e033c5,OnDemand,,,159.37,
,F0BCE0E40FE41E0F61DD5DAF956249CC-2,1762586960,FCRequestMetrics:/n-matmul-2048,11,11,,,799.91,n-matmul-2048,false,b9ed45a41c5d,,c-690ef139-0cf1abd9-bfec9b76d480,1762586959967,Sync,801.95,1762586959965,21.0.3.8,false,2048,38.50,InvokeFunction,,,LATEST,1-690ef14f-0c49fa-c54b4a857d15,OnDemand,,,1.14,
,B1BC54E0839163A3A2719B2791B845EA-0,1762586960,FCRequestMetrics:/n-matmul-2048,26,26,,,705.86,n-matmul-2048,false,c5eb2abfaa5d,,c-690ef14c-0cf1abd9-28e65fb7d593,1762586959947,Sync,913.39,1762586959741,21.0.3.5,false,2048,92.64,InvokeFunction,,,LATEST,1-690ef150-0c49fa-7064535900f7,OnDemand,,,206.38,
,211620C9A07558D2D8764497DA6068A4-3,1762586960,FCRequestMetrics:/n-matmul-2048,13,13,,,648.01,n-matmul-2048,false,e053c99a8bb6,,c-690ef10b-0cf1abd9-9de429f2e3c5,1762586959427,Sync,649.22,1762586959426,21.0.3.8,false,2048,34.28,InvokeFunction,,,LATEST,1-690ef14f-0c0a43-b7c8091a0f4c,OnDemand,,,0.49,
,211620C9A07558D2D8764497DA6068A4-3,1762586960,FCRequestMetrics:/n-matmul-2048,24,24,,,822.06,n-matmul-2048,false,e053c99a8bb6,,c-690ef10b-0cf1abd9-9de429f2e3c5,1762586960078,Sync,920.85,1762586959980,21.0.3.8,false,2048,38.78,InvokeFunction,,,LATEST,1-690ef14f-0c49fa-06374631ba14,OnDemand,,,98.08,
,E08BA4ABFB8C4109D958EF35CCDE9E75-3,1762586960,FCRequestMetrics:/n-matmul-2048,11,11,,,650.95,n-matmul-2048,false,f6ea6fba0d1f,,c-690ef12a-0cf1abd9-0e59ac1cec40,1762586959973,Sync,652.25,1762586959972,21.0.3.6,false,2048,36.25,InvokeFunction,,,LATEST,1-690ef14f-0c0a43-0d3ffeef975f,OnDemand,,,0.46,
,2523AFCDD5BD8A2B2953E48983230929-3,1762586960,FCRequestMetrics:/n-matmul-2048,11,11,,,682.96,n-matmul-2048,false,01d6f783bdb1,,c-690ef10b-0cf1abd9-dd39c218e942,1762586959959,Sync,684.66,1762586959958,21.0.3.8,false,2048,26.74,InvokeFunction,,,LATEST,1-690ef14f-0c0a43-64a10f9f0b02,OnDemand,,,0.62,
,7C3B3344857E71889D56CDA44A54F6B2-3,1762586960,FCRequestMetrics:/n-matmul-2048,11,11,,,671.89,n-matmul-2048,false,687fca8d325c,,c-690ef12c-0cf1abd9-6ced060ffe1b,1762586959958,Sync,673.68,1762586959957,21.0.3.8,false,2048,27.52,InvokeFunction,,,LATEST,1-690ef14f-0c49fa-adb870926344,OnDemand,,,0.93,
,91973BCA72DE9462DCC25EF55C6AC5B5-2,1762586960,FCRequestMetrics:/n-matmul-2048,27,27,,,663.61,n-matmul-2048,false,74deffaed995,,c-690ef14e-0cf1abd9-32bbbd8baf97,1762586959625,Sync,987.54,1762586959301,21.0.3.8,false,2048,94.74,InvokeFunction,,,LATEST,1-690ef151-0c49fa-3be585292f2a,OnDemand,,,323.27,
,943CF4692F491FB15BAF1EAB0CB8860A-2,1762586960,FCRequestMetrics:/n-matmul-2048,26,26,,,654.99,n-matmul-2048,false,bfd14e2c48c1,,c-690ef14e-0cf1abd9-da3a9c4be72b,1762586959803,Sync,686.92,1762586959772,21.0.3.8,false,2048,90.99,InvokeFunction,,,LATEST,1-690ef150-0c0a43-68fd5059fdeb,OnDemand,,,31.20,
,46B19270B472A6D217A2E559E7E7C97B-3,1762586960,FCRequestMetrics:/n-matmul-2048,11,11,,,685.44,n-matmul-2048,false,869d26b39717,,c-690ef10b-0cf1abd9-b6750c057b8f,1762586959977,Sync,687.35,1762586959976,21.0.3.8,false,2048,26.61,InvokeFunction,,,LATEST,1-690ef14f-0c49fa-f2fb3797a099,OnDemand,,,1.12,
,BF6FA9AF6994B690E2E5555B14FF4940-1,1762586960,FCRequestMetrics:/n-matmul-2048,11,11,,,0.05,n-matmul-2048,true,21ba44532db0,,c-690ef12f-0cf1abd9-72da07858f04,1762586959968,Sync,432.43,1762586959968,21.0.3.8,false,2048,2.09,InvokeFunction,,,LATEST,1-690ef14f-0c0a43-f80e3f92c1d7,OnDemand,,,0.48,,"{""errorType"":""FunctionAbnormalExitError""}"
,7B2CA077525D5F38D7687113836FF4D4-2,1762586960,FCRequestMetrics:/n-matmul-2048,27,27,,,679.91,n-matmul-2048,false,dd2888fed1c9,,c-690ef14f-0cf1abd9-cabc0eaa101b,1762586959535,Sync,812.40,1762586959403,21.0.3.8,false,2048,90.28,InvokeFunction,,,LATEST,1-690ef150-0c49fa-f3ce10a24370,OnDemand,,,131.81,
,D461B99DDC361457A1C9EC0902546FD1-2,1762586960,FCRequestMetrics:/n-matmul-2048,27,27,,,647.18,n-matmul-2048,false,ed2ed25159fc,,c-690ef14f-0cf1abd9-e247acd3fed5,1762586959941,Sync,721.21,1762586959867,21.0.3.8,false,2048,90.57,InvokeFunction,,,LATEST,1-690ef150-0c0a43-299fe281b58e,OnDemand,,,73.24,
,82C12ED6E643926156E0217F8DC83EE9-5,1762586960,FCRequestMetrics:/n-matmul-2048,11,11,,,0.04,n-matmul-2048,true,a9b6a74eafdc,,c-690ef12d-0cf1abd9-2948faf88166,1762586959968,Sync,422.80,1762586959966,21.0.3.8,false,2048,4.07,InvokeFunction,,,LATEST,1-690ef14f-0c49fa-ba9eff9f1f04,OnDemand,,,1.16,,"{""errorType"":""FunctionAbnormalExitError""}"
,510F8A150819018E635E267F62520B9B-3,1762586960,FCRequestMetrics:/n-matmul-2048,26,26,,,0.02,n-matmul-2048,true,c8577adbf622,,c-690ef10b-0cf1abd9-26ef2c508c1e,1762586960469,Sync,512.36,1762586960369,21.0.3.8,false,2048,2.15,InvokeFunction,,,LATEST,1-690ef150-0c49fa-c77a91dfb3f9,OnDemand,,,100.10,,"{""errorType"":""FunctionAbnormalExitError""}"
,DC91F31EAE4326850C248390B5A5E361-1,1762586960,FCRequestMetrics:/n-matmul-2048,26,26,,,737.92,n-matmul-2048,false,cf01fd95e6f6,,c-690ef150-0cf1abd9-91e7929a8b40,1762586959433,Sync,778.32,1762586959394,21.0.3.8,false,2048,84.93,InvokeFunction,,,LATEST,1-690ef150-0c0a43-3f82e95ee032,OnDemand,,,38.71,
,C38D529AEE78E8BFEBBDDADEDE13D41B-2,1762586960,FCRequestMetrics:/n-matmul-2048,26,26,,,0.03,n-matmul-2048,true,965073b71ef9,,c-690ef12c-0cf1abd9-ee855b82b2d6,1762586960374,Sync,829.95,1762586959984,21.0.3.7,false,2048,2.36,InvokeFunction,,,LATEST,1-690ef14f-0c0a43-0c304ca861d4,OnDemand,,,390.02,,"{""errorType"":""FunctionAbnormalExitError""}"
,A5C7CD7E71BB55429480C147D0ABD6E0-5,1762586960,FCRequestMetrics:/n-matmul-2048,26,26,,,0.02,n-matmul-2048,true,b9c50fa7ffa2,,c-690ef10b-0cf1abd9-39e48c7dd1cd,1762586960427,Sync,594.07,1762586960260,21.0.3.8,false,2048,2.29,InvokeFunction,,,LATEST,1-690ef150-0c49fa-a050b8d55c29,OnDemand,,,166.51,,"{""errorType"":""FunctionAbnormalExitError""}"
,EB19AA8F9B61C51C3FCBC98D949BD1C2-2,1762586960,FCRequestMetrics:/n-matmul-2048,26,26,,,0.03,n-matmul-2048,true,211d8375abf1,,c-690ef12d-0cf1abd9-78e04fcb7549,1762586960535,Sync,579.08,1762586960386,21.0.3.8,false,2048,4.35,InvokeFunction,,,LATEST,1-690ef150-0c49fa-132cdc315639,OnDemand,,,148.66,,"{""errorType"":""FunctionAbnormalExitError""}"
,5E9C37D1C997E792337F0D79C839D1F6-3,1762586961,FCRequestMetrics:/n-matmul-2048,24,24,,,789.71,n-matmul-2048,false,7be323259747,,c-690ef12d-0cf1abd9-4ddba8cb6fd4,1762586960224,Sync,1036.21,1762586959981,21.0.3.8,false,2048,40.47,InvokeFunction,,,LATEST,1-690ef14f-0c49fa-68819bcf47ec,OnDemand,,,243.02,
,D5A4CD99F058D411C58A3919BEB264F4-3,1762586961,FCRequestMetrics:/n-matmul-2048,25,25,,,777.47,n-matmul-2048,false,a1586973fec8,,c-690ef10b-0cf1abd9-90463d425ca7,1762586960333,Sync,1131.76,1762586959983,21.0.3.8,false,2048,43.78,InvokeFunction,,,LATEST,1-690ef14f-0c0a43-79bbf1ef2ad7,OnDemand,,,349.54,
,00E67D373DA9C60BEF759D13208EAAD9-3,1762586961,FCRequestMetrics:/n-matmul-2048,26,26,,,785.41,n-matmul-2048,false,9013ed408e73,,c-690ef10b-0cf1abd9-dbc16e7d233d,1762586960349,Sync,1151.82,1762586959983,21.0.3.8,false,2048,43.84,InvokeFunction,,,LATEST,1-690ef14f-0c0a43-35362d7ec6ff,OnDemand,,,365.67,
,B2D19E9889F3DDE524F4ACFCF2A5FEBF-3,1762586961,FCRequestMetrics:/n-matmul-2048,26,26,,,781.14,n-matmul-2048,false,95f39cca25aa,,c-690ef10b-0cf1abd9-336379de3020,1762586960391,Sync,996.65,1762586960176,21.0.3.8,false,2048,41.84,InvokeFunction,,,LATEST,1-690ef150-0c0a43-d5e6727deab3,OnDemand,,,214.73,
,18363E7E93F59FF8F193127D52D86051-3,1762586961,FCRequestMetrics:/n-matmul-2048,26,26,,,795.55,n-matmul-2048,false,3f9c9a307fd4,,c-690ef130-0cf1abd9-454ab669b866,1762586960646,Sync,984.07,1762586960463,21.0.3.8,false,2048,40.60,InvokeFunction,,,LATEST,1-690ef150-0c49fa-034a1efe9593,OnDemand,,,182.78,
,B10148BC96FECE49F2FC2439520A3175-2,1762586961,FCRequestMetrics:/n-matmul-2048,26,26,,,783.60,n-matmul-2048,false,9ae0a7a16fc1,,c-690ef12e-0cf1abd9-86b866453e74,1762586960759,Sync,861.23,1762586960682,21.0.3.7,false,2048,41.62,InvokeFunction,,,LATEST,1-690ef150-0c0a43-b453fdcf1136,OnDemand,,,76.76,
,DDEEB29FD5ADFBB67E4F2FEB83463658-5,1762586961,FCRequestMetrics:/n-matmul-2048,26,26,,,783.71,n-matmul-2048,false,bc52147f2a7a,,c-690ef12c-0cf1abd9-69aaf8ca2a4b,1762586960780,Sync,846.25,1762586960718,21.0.3.8,false,2048,38.12,InvokeFunction,,,LATEST,1-690ef150-0c49fa-172d9ef15e1a,OnDemand,,,61.81,
,F0BCE0E40FE41E0F61DD5DAF956249CC-2,1762586961,FCRequestMetrics:/n-matmul-2048,26,26,,,805.41,n-matmul-2048,false,b9ed45a41c5d,,c-690ef139-0cf1abd9-bfec9b76d480,1762586960772,Sync,873.24,1762586960704,21.0.3.8,false,2048,40.65,InvokeFunction,,,LATEST,1-690ef150-0c49fa-6ab83429a9df,OnDemand,,,67.04,
,B1BC54E0839163A3A2719B2791B845EA-0,1762586961,FCRequestMetrics:/n-matmul-2048,27,27,,,808.51,n-matmul-2048,false,c5eb2abfaa5d,,c-690ef14c-0cf1abd9-28e65fb7d593,1762586960658,Sync,1133.48,1762586960334,21.0.3.5,false,2048,94.19,InvokeFunction,,,LATEST,1-690ef151-0c49fa-e4c8c69eba9d,OnDemand,,,324.27,
,211620C9A07558D2D8764497DA6068A4-3,1762586961,FCRequestMetrics:/n-matmul-2048,27,27,,,800.90,n-matmul-2048,false,e053c99a8bb6,,c-690ef10b-0cf1abd9-9de429f2e3c5,1762586960904,Sync,900.04,1762586960806,21.0.3.8,false,2048,41.55,InvokeFunction,,,LATEST,1-690ef150-0c49fa-938e56ca7716,OnDemand,,,98.46,
,E08BA4ABFB8C4109D958EF35CCDE9E75-3,1762586961,FCRequestMetrics:/n-matmul-2048,26,26,,,645.56,n-matmul-2048,false,f6ea6fba0d1f,,c-690ef12a-0cf1abd9-0e59ac1cec40,1762586960627,Sync,866.06,1762586960410,21.0.3.6,false,2048,38.17,InvokeFunction,,,LATEST,1-690ef150-0c49fa-cd83a23416ef,OnDemand,,,217.50,
,2523AFCDD5BD8A2B2953E48983230929-3,1762586961,FCRequestMetrics:/n-matmul-2048,26,26,,,655.25,n-matmul-2048,false,01d6f783bdb1,,c-690ef10b-0cf1abd9-dd39c218e942,1762586960646,Sync,796.09,1762586960505,21.0.3.8,false,2048,34.52,InvokeFunction,,,LATEST,1-690ef150-0c49fa-a7181b2742b7,OnDemand,,,140.03,
,2523AFCDD5BD8A2B2953E48983230929-3,1762586961,FCRequestMetrics:/n-matmul-2048,27,27,,,653.22,n-matmul-2048,false,01d6f783bdb1,,c-690ef10b-0cf1abd9-dd39c218e942,1762586961305,Sync,947.20,1762586961011,21.0.3.8,false,2048,36.59,InvokeFunction,,,LATEST,1-690ef151-0c49fa-c2220a25a9de,OnDemand,,,293.25,
,7C3B3344857E71889D56CDA44A54F6B2-3,1762586961,FCRequestMetrics:/n-matmul-2048,26,26,,,656.11,n-matmul-2048,false,687fca8d325c,,c-690ef12c-0cf1abd9-6ced060ffe1b,1762586960633,Sync,1305.49,1762586959985,21.0.3.8,false,2048,34.03,InvokeFunction,,,LATEST,1-690ef14f-0c0a43-582bae9f5b5a,OnDemand,,,648.65,
,7C3B3344857E71889D56CDA44A54F6B2-3,1762586961,FCRequestMetrics:/n-matmul-2048,27,27,,,650.99,n-matmul-2048,false,687fca8d325c,,c-690ef12c-0cf1abd9-6ced060ffe1b,1762586961293,Sync,934.79,1762586961010,21.0.3.8,false,2048,36.51,InvokeFunction,,,LATEST,1-690ef151-0c49fa-b243d6e82463,OnDemand,,,283.07,
,91973BCA72DE9462DCC25EF55C6AC5B5-2,1762586961,FCRequestMetrics:/n-matmul-2048,16,16,,,798.12,n-matmul-2048,false,74deffaed995,,c-690ef14e-0cf1abd9-32bbbd8baf97,1762586960295,Sync,799.26,1762586960295,21.0.3.8,false,2048,96.70,InvokeFunction,,,LATEST,1-690ef152-0c0a43-77c088cc314d,OnDemand,,,0.54,
,943CF4692F491FB15BAF1EAB0CB8860A-2,1762586961,FCRequestMetrics:/n-matmul-2048,27,27,,,792.40,n-matmul-2048,false,bfd14e2c48c1,,c-690ef14e-0cf1abd9-da3a9c4be72b,1762586960463,Sync,1130.51,1762586960126,21.0.3.8,false,2048,95.12,InvokeFunction,,,LATEST,1-690ef151-0c49fa-73018aa9972f,OnDemand,,,337.33,
,46B19270B472A6D217A2E559E7E7C97B-3,1762586961,FCRequestMetrics:/n-matmul-2048,26,26,,,659.35,n-matmul-2048,false,869d26b39717,,c-690ef10b-0cf1abd9-b6750c057b8f,1762586960666,Sync,753.62,1762586960573,21.0.3.8,false,2048,34.36,InvokeFunction,,,LATEST,1-690ef150-0c49fa-c9446d4b4d10,OnDemand,,,93.57,
,BF6FA9AF6994B690E2E5555B14FF4940-1,1762586961,FCRequestMetrics:/n-matmul-2048,26,26,,,676.04,n-matmul-2048,false,21ba44532db0,,c-690ef12f-0cf1abd9-72da07858f04,1762586960402,Sync,1093.28,1762586959986,21.0.3.8,false,2048,26.71,InvokeFunction,,,LATEST,1-690ef14f-0c0a43-a1f80841d26e,OnDemand,,,415.29,
,BF6FA9AF6994B690E2E5555B14FF4940-1,1762586961,FCRequestMetrics:/n-matmul-2048,27,27,,,651.04,n-matmul-2048,false,21ba44532db0,,c-690ef12f-0cf1abd9-72da07858f04,1762586961082,Sync,751.08,1762586960982,21.0.3.8,false,2048,34.59,InvokeFunction,,,LATEST,1-690ef150-0c49fa-785467458a5d,OnDemand,,,99.40,
,7B2CA077525D5F38D7687113836FF4D4-2,1762586961,FCRequestMetrics:/n-matmul-2048,19,19,,,679.94,n-matmul-2048,false,dd2888fed1c9,,c-690ef14f-0cf1abd9-cabc0eaa101b,1762586960629,Sync,681.24,1762586960628,21.0.3.8,false,2048,92.41,InvokeFunction,,,LATEST,1-690ef152-0c0a43-ca2b4a5f80fd,OnDemand,,,0.43,
,D461B99DDC361457A1C9EC0902546FD1-2,1762586961,FCRequestMetrics:/n-matmul-2048,19,19,,,641.52,n-matmul-2048,false,ed2ed25159fc,,c-690ef14f-0cf1abd9-e247acd3fed5,1762586960924,Sync,642.81,1762586960923,21.0.3.8,false,2048,92.64,InvokeFunction,,,LATEST,1-690ef152-0c0a43-2b76bbaea091,OnDemand,,,0.52,
,82C12ED6E643926156E0217F8DC83EE9-5,1762586961,FCRequestMetrics:/n-matmul-2048,26,26,,,696.85,n-matmul-2048,false,a9b6a74eafdc,,c-690ef12d-0cf1abd9-2948faf88166,1762586960391,Sync,1037.09,1762586960051,21.0.3.8,false,2048,26.52,InvokeFunction,,,LATEST,1-690ef150-0c0a43-e6b5bc972a9b,OnDemand,,,339.36,
,82C12ED6E643926156E0217F8DC83EE9-5,1762586961,FCRequestMetrics:/n-matmul-2048,27,27,,,661.17,n-matmul-2048,false,a9b6a74eafdc,,c-690ef12d-0cf1abd9-2948faf88166,1762586961090,Sync,1015.43,1762586960737,21.0.3.8,false,2048,34.34,InvokeFunction,,,LATEST,1-690ef150-0c0a43-b3088c5c4409,OnDemand,,,353.48,
,D5A4CD99F058D411C58A3919BEB264F4-3,1762586961,FCRequestMetrics:/n-matmul-2048,27,27,,,0.02,n-matmul-2048,true,a1586973fec8,,c-690ef10b-0cf1abd9-90463d425ca7,1762586961117,Sync,556.54,1762586960985,21.0.3.8,false,2048,4.26,InvokeFunction,,,LATEST,1-690ef150-0c0a43-08c34a4699a2,OnDemand,,,132.46,,"{""errorType"":""FunctionAbnormalExitError""}"
,510F8A150819018E635E267F62520B9B-3,1762586961,FCRequestMetrics:/n-matmul-2048,27,27,,,685.61,n-matmul-2048,false,c8577adbf622,,c-690ef10b-0cf1abd9-26ef2c508c1e,1762586960883,Sync,764.67,1762586960804,21.0.3.8,false,2048,26.65,InvokeFunction,,,LATEST,1-690ef150-0c0a43-f4c2e6c38609,OnDemand,,,78.26,
,DC91F31EAE4326850C248390B5A5E361-1,1762586961,FCRequestMetrics:/n-matmul-2048,19,19,,,660.35,n-matmul-2048,false,cf01fd95e6f6,,c-690ef150-0cf1abd9-91e7929a8b40,1762586960647,Sync,661.78,1762586960646,21.0.3.8,false,2048,92.67,InvokeFunction,,,LATEST,1-690ef152-0c0a43-eda1217714b0,OnDemand,,,0.48,
,DC91F31EAE4326850C248390B5A5E361-1,1762586961,FCRequestMetrics:/n-matmul-2048,28,28,,,655.29,n-matmul-2048,false,cf01fd95e6f6,,c-690ef150-0cf1abd9-91e7929a8b40,1762586961312,Sync,656.52,1762586961311,21.0.3.8,false,2048,94.88,InvokeFunction,,,LATEST,1-690ef152-0c0a43-1ecfae6e82f7,OnDemand,,,0.52,
,B63107B9394C762ADF436F322BAA4B65-3,1762586961,FCRequestMetrics:/n-matmul-2048,26,26,,,0.03,n-matmul-2048,true,1ccfa60657e6,,c-690ef10b-0cf1abd9-672e1c9f5eed,1762586960768,Sync,502.69,1762586960683,21.0.3.8,false,2048,4.26,InvokeFunction,,,LATEST,1-690ef150-0c49fa-c7ab913ecf6c,OnDemand,,,85.77,,"{""errorType"":""FunctionAbnormalExitError""}"
,B63107B9394C762ADF436F322BAA4B65-3,1762586961,FCRequestMetrics:/n-matmul-2048,27,27,,,682.74,n-matmul-2048,false,1ccfa60657e6,,c-690ef10b-0cf1abd9-672e1c9f5eed,1762586961187,Sync,867.34,1762586961003,21.0.3.8,false,2048,26.52,InvokeFunction,,,LATEST,1-690ef151-0c49fa-5e44f04062a9,OnDemand,,,183.93,
,9A02C87DA0F400C9E40F40EF2DF6006D-2,1762586961,FCRequestMetrics:/n-matmul-2048,26,26,,,0.03,n-matmul-2048,true,3ea4534df15d,,c-690ef10b-0cf1abd9-31fefea0e1fd,1762586960756,Sync,512.30,1762586960669,21.0.3.8,false,2048,2.25,InvokeFunction,,,LATEST,1-690ef150-0c49fa-7ad120847a3e,OnDemand,,,86.70,,"{""errorType"":""FunctionAbnormalExitError""}"
,9A02C87DA0F400C9E40F40EF2DF6006D-2,1762586961,FCRequestMetrics:/n-matmul-2048,27,27,,,693.72,n-matmul-2048,false,3ea4534df15d,,c-690ef10b-0cf1abd9-31fefea0e1fd,1762586961183,Sync,878.62,1762586960999,21.0.3.8,false,2048,28.62,InvokeFunction,,,LATEST,1-690ef150-0c49fa-828e3a5f65e6,OnDemand,,,184.18,
,C38D529AEE78E8BFEBBDDADEDE13D41B-2,1762586961,FCRequestMetrics:/n-matmul-2048,26,26,,,672.94,n-matmul-2048,false,965073b71ef9,,c-690ef12c-0cf1abd9-ee855b82b2d6,1762586960815,Sync,1502.76,1762586959986,21.0.3.7,false,2048,28.66,InvokeFunction,,,LATEST,1-690ef14f-0c0a43-0a5322d1f5ea,OnDemand,,,828.98,
,A5C7CD7E71BB55429480C147D0ABD6E0-5,1762586961,FCRequestMetrics:/n-matmul-2048,27,27,,,698.69,n-matmul-2048,false,b9c50fa7ffa2,,c-690ef10b-0cf1abd9-39e48c7dd1cd,1762586960856,Sync,762.64,1762586960796,21.0.3.8,false,2048,26.73,InvokeFunction,,,LATEST,1-690ef150-0c49fa-d0db9a74109a,OnDemand,,,59.86,
,DDEEB29FD5ADFBB67E4F2FEB83463658-5,1762586961,FCRequestMetrics:/n-matmul-2048,27,27,,,0.02,n-matmul-2048,true,bc52147f2a7a,,c-690ef12c-0cf1abd9-69aaf8ca2a4b,1762586961568,Sync,642.85,1762586961341,21.0.3.8,false,2048,2.21,InvokeFunction,,,LATEST,1-690ef151-0c49fa-d32401f249ee,OnDemand,,,226.71,,"{""errorType"":""FunctionAbnormalExitError""}"
,EB19AA8F9B61C51C3FCBC98D949BD1C2-2,1762586961,FCRequestMetrics:/n-matmul-2048,27,27,,,671.98,n-matmul-2048,false,211d8375abf1,,c-690ef12d-0cf1abd9-78e04fcb7549,1762586960967,Sync,700.22,1762586960939,21.0.3.8,false,2048,26.59,InvokeFunction,,,LATEST,1-690ef150-0c49fa-c07c03e2b2fe,OnDemand,,,27.43,
,18363E7E93F59FF8F193127D52D86051-3,1762586961,FCRequestMetrics:/n-matmul-2048,27,27,,,0.06,n-matmul-2048,true,3f9c9a307fd4,,c-690ef130-0cf1abd9-454ab669b866,1762586961450,Sync,856.71,1762586961025,21.0.3.8,false,2048,4.31,InvokeFunction,,,LATEST,1-690ef151-0c49fa-e0cd8807b611,OnDemand,,,425.00,,"{""errorType"":""FunctionAbnormalExitError""}"
,5E9C37D1C997E792337F0D79C839D1F6-3,1762586961,FCRequestMetrics:/n-matmul-2048,27,27,,,0.03,n-matmul-2048,true,7be323259747,,c-690ef12d-0cf1abd9-4ddba8cb6fd4,1762586961020,Sync,466.55,1762586960979,21.0.3.8,false,2048,4.09,InvokeFunction,,,LATEST,1-690ef150-0c49fa-b95f14ec60c8,OnDemand,,,40.99,,"{""errorType"":""FunctionAbnormalExitError""}"
,B10148BC96FECE49F2FC2439520A3175-3,1762586961,FCRequestMetrics:/n-matmul-2048,27,27,,,0.03,n-matmul-2048,true,9ae0a7a16fc1,,c-690ef12e-0cf1abd9-86b866453e74,1762586961546,Sync,858.97,1762586961091,21.0.3.7,false,2048,2.22,InvokeFunction,,,LATEST,1-690ef151-0c49fa-69f314e681e9,OnDemand,,,454.64,,"{""errorType"":""FunctionAbnormalExitError""}"
,B2D19E9889F3DDE524F4ACFCF2A5FEBF-3,1762586961,FCRequestMetrics:/n-matmul-2048,27,27,,,0.02,n-matmul-2048,true,95f39cca25aa,,c-690ef10b-0cf1abd9-336379de3020,1762586961174,Sync,593.06,1762586960998,21.0.3.8,false,2048,2.14,InvokeFunction,,,LATEST,1-690ef150-0c49fa-e7e97b849949,OnDemand,,,176.35,,"{""errorType"":""FunctionAbnormalExitError""}"
,00E67D373DA9C60BEF759D13208EAAD9-3,1762586961,FCRequestMetrics:/n-matmul-2048,27,27,,,0.02,n-matmul-2048,true,9013ed408e73,,c-690ef10b-0cf1abd9-dbc16e7d233d,1762586961137,Sync,575.11,1762586960997,21.0.3.8,false,2048,4.27,InvokeFunction,,,LATEST,1-690ef150-0c49fa-356b7ac53d28,OnDemand,,,140.58,,"{""errorType"":""FunctionAbnormalExitError""}"
,B1BC54E0839163A3A2719B2791B845EA-3,1762586961,FCRequestMetrics:/n-matmul-2048,25,25,,,0.04,n-matmul-2048,true,c5eb2abfaa5d,,c-690ef14c-0cf1abd9-28e65fb7d593,1762586961507,Sync,431.47,1762586961506,21.0.3.5,false,2048,58.46,InvokeFunction,,,LATEST,1-690ef152-0c49fa-7ca8ad1f199b,OnDemand,,,1.16,,"{""errorType"":""FunctionAbnormalExitError""}"
,91973BCA72DE9462DCC25EF55C6AC5B5-1,1762586961,FCRequestMetrics:/n-matmul-2048,25,25,,,0.03,n-matmul-2048,true,74deffaed995,,c-690ef14e-0cf1abd9-32bbbd8baf97,1762586961168,Sync,425.56,1762586961167,21.0.3.8,false,2048,60.37,InvokeFunction,,,LATEST,1-690ef152-0c0a43-4dbae3123591,OnDemand,,,0.51,,"{""errorType"":""FunctionAbnormalExitError""}"
,E08BA4ABFB8C4109D958EF35CCDE9E75-3,1762586962,FCRequestMetrics:/n-matmul-2048,27,27,,,804.67,n-matmul-2048,false,f6ea6fba0d1f,,c-690ef12a-0cf1abd9-0e59ac1cec40,1762586961279,Sync,1076.37,1762586961008,21.0.3.6,false,2048,40.33,InvokeFunction,,,LATEST,1-690ef151-0c49fa-fd97a0de3586,OnDemand,,,270.50,
,2523AFCDD5BD8A2B2953E48983230929-3,1762586962,FCRequestMetrics:/n-matmul-2048,16,16,,,791.32,n-matmul-2048,false,01d6f783bdb1,,c-690ef10b-0cf1abd9-dd39c218e942,1762586962018,Sync,792.66,1762586962018,21.0.3.8,false,2048,38.55,InvokeFunction,,,LATEST,1-690ef152-0c0a43-42dd7c6e95a6,OnDemand,,,0.49,
,7C3B3344857E71889D56CDA44A54F6B2-3,1762586962,FCRequestMetrics:/n-matmul-2048,16,16,,,785.99,n-matmul-2048,false,687fca8d325c,,c-690ef12c-0cf1abd9-6ced060ffe1b,1762586962021,Sync,787.26,1762586962020,21.0.3.8,false,2048,38.48,InvokeFunction,,,LATEST,1-690ef152-0c0a43-f49064722544,OnDemand,,,0.49,
,943CF4692F491FB15BAF1EAB0CB8860A-2,1762586962,FCRequestMetrics:/n-matmul-2048,25,25,,,791.08,n-matmul-2048,false,bfd14e2c48c1,,c-690ef14e-0cf1abd9-da3a9c4be72b,1762586961295,Sync,793.05,1762586961294,21.0.3.8,false,2048,98.44,InvokeFunction,,,LATEST,1-690ef152-0c49fa-ae2fd9c5cd1c,OnDemand,,,1.16,
,46B19270B472A6D217A2E559E7E7C97B-3,1762586962,FCRequestMetrics:/n-matmul-2048,27,27,,,795.82,n-matmul-2048,false,869d26b39717,,c-690ef10b-0cf1abd9-b6750c057b8f,1762586961329,Sync,1112.61,1762586961013,21.0.3.8,false,2048,38.66,InvokeFunction,,,LATEST,1-690ef151-0c49fa-1121b606dba9,OnDemand,,,316.02,
,BF6FA9AF6994B690E2E5555B14FF4940-1,1762586962,FCRequestMetrics:/n-matmul-2048,18,18,,,781.71,n-matmul-2048,false,21ba44532db0,,c-690ef12f-0cf1abd9-72da07858f04,1762586961743,Sync,784.24,1762586961742,21.0.3.8,false,2048,38.95,InvokeFunction,,,LATEST,1-690ef151-0c0a43-ade1a2f25ab8,OnDemand,,,0.57,
,7B2CA077525D5F38D7687113836FF4D4-2,1762586962,FCRequestMetrics:/n-matmul-2048,25,25,,,827.92,n-matmul-2048,false,dd2888fed1c9,,c-690ef14f-0cf1abd9-cabc0eaa101b,1762586961350,Sync,829.21,1762586961349,21.0.3.8,false,2048,94.19,InvokeFunction,,,LATEST,1-690ef152-0c0a43-6f8f0ec86628,OnDemand,,,0.46,
,D461B99DDC361457A1C9EC0902546FD1-2,1762586962,FCRequestMetrics:/n-matmul-2048,28,28,,,903.16,n-matmul-2048,false,ed2ed25159fc,,c-690ef14f-0cf1abd9-e247acd3fed5,1762586961608,Sync,905.92,1762586961607,21.0.3.8,false,2048,94.42,InvokeFunction,,,LATEST,1-690ef152-0c0a43-fa2d4cab06c2,OnDemand,,,0.53,
,82C12ED6E643926156E0217F8DC83EE9-5,1762586962,FCRequestMetrics:/n-matmul-2048,18,18,,,1047.61,n-matmul-2048,false,a9b6a74eafdc,,c-690ef12d-0cf1abd9-2948faf88166,1762586961791,Sync,1049.02,1762586961790,21.0.3.8,false,2048,38.36,InvokeFunction,,,LATEST,1-690ef151-0c0a43-31dd678387cb,OnDemand,,,0.55,
,D5A4CD99F058D411C58A3919BEB264F4-3,1762586962,FCRequestMetrics:/n-matmul-2048,27,27,,,671.39,n-matmul-2048,false,a1586973fec8,,c-690ef10b-0cf1abd9-90463d425ca7,1762586961542,Sync,1157.39,1762586961057,21.0.3.8,false,2048,26.75,InvokeFunction,,,LATEST,1-690ef151-0c49fa-c2dcb478f0b6,OnDemand,,,485.14,
,D5A4CD99F058D411C58A3919BEB264F4-3,1762586962,FCRequestMetrics:/n-matmul-2048,22,22,,,653.10,n-matmul-2048,false,a1586973fec8,,c-690ef10b-0cf1abd9-90463d425ca7,1762586962251,Sync,655.02,1762586962250,21.0.3.8,false,2048,34.21,InvokeFunction,,,LATEST,1-690ef152-0c49fa-e241eb13cd1a,OnDemand,,,0.95,
,510F8A150819018E635E267F62520B9B-3,1762586962,FCRequestMetrics:/n-matmul-2048,22,22,,,651.59,n-matmul-2048,false,c8577adbf622,,c-690ef10b-0cf1abd9-26ef2c508c1e,1762586962329,Sync,653.71,1762586962327,21.0.3.8,false,2048,34.00,InvokeFunction,,,LATEST,1-690ef152-0c49fa-c002d57b8a43,OnDemand,,,1.37,
,DC91F31EAE4326850C248390B5A5E361-1,1762586962,FCRequestMetrics:/n-matmul-2048,28,28,,,804.47,n-matmul-2048,false,cf01fd95e6f6,,c-690ef150-0cf1abd9-91e7929a8b40,1762586961972,Sync,1111.37,1762586961665,21.0.3.8,false,2048,96.74,InvokeFunction,,,LATEST,1-690ef153-0c49fa-d6508b1bf280,OnDemand,,,306.18,
,B63107B9394C762ADF436F322BAA4B65-3,1762586962,FCRequestMetrics:/n-matmul-2048,16,16,,,645.30,n-matmul-2048,false,1ccfa60657e6,,c-690ef10b-0cf1abd9-672e1c9f5eed,1762586962031,Sync,646.49,1762586962031,21.0.3.8,false,2048,34.46,InvokeFunction,,,LATEST,1-690ef152-0c0a43-a2b083ed6a5b,OnDemand,,,0.44,
,9A02C87DA0F400C9E40F40EF2DF6006D-2,1762586962,FCRequestMetrics:/n-matmul-2048,16,16,,,646.54,n-matmul-2048,false,3ea4534df15d,,c-690ef10b-0cf1abd9-31fefea0e1fd,1762586962023,Sync,647.73,1762586962023,21.0.3.8,false,2048,36.31,InvokeFunction,,,LATEST,1-690ef152-0c0a43-5bf412ffaf09,OnDemand,,,0.41,
,C38D529AEE78E8BFEBBDDADEDE13D41B-2,1762586962,FCRequestMetrics:/n-matmul-2048,27,27,,,659.18,n-matmul-2048,false,965073b71ef9,,c-690ef12c-0cf1abd9-ee855b82b2d6,1762586961492,Sync,1125.32,1762586961026,21.0.3.7,false,2048,36.10,InvokeFunction,,,LATEST,1-690ef151-0c49fa-99ed6a8e31b8,OnDemand,,,465.40,
,C38D529AEE78E8BFEBBDDADEDE13D41B-2,1762586962,FCRequestMetrics:/n-matmul-2048,25,25,,,651.17,n-matmul-2048,false,965073b71ef9,,c-690ef12c-0cf1abd9-ee855b82b2d6,1762586962196,Sync,653.21,1762586962195,21.0.3.7,false,2048,38.40,InvokeFunction,,,LATEST,1-690ef152-0c49fa-7382b04a217d,OnDemand,,,1.15,
,A5C7CD7E71BB55429480C147D0ABD6E0-5,1762586962,FCRequestMetrics:/n-matmul-2048,27,27,,,646.88,n-matmul-2048,false,b9c50fa7ffa2,,c-690ef10b-0cf1abd9-39e48c7dd1cd,1762586961562,Sync,1215.53,1762586960994,21.0.3.8,false,2048,34.32,InvokeFunction,,,LATEST,1-690ef150-0c49fa-00b10a28500e,OnDemand,,,567.95,
,DDEEB29FD5ADFBB67E4F2FEB83463658-5,1762586962,FCRequestMetrics:/n-matmul-2048,16,16,,,979.16,n-matmul-2048,false,bc52147f2a7a,,c-690ef12c-0cf1abd9-69aaf8ca2a4b,1762586962013,Sync,980.49,1762586962012,21.0.3.8,false,2048,26.59,InvokeFunction,,,LATEST,1-690ef152-0c0a43-63e7f4060147,OnDemand,,,0.52,
,211620C9A07558D2D8764497DA6068A4-3,1762586962,FCRequestMetrics:/n-matmul-2048,16,16,,,0.03,n-matmul-2048,true,e053c99a8bb6,,c-690ef10b-0cf1abd9-9de429f2e3c5,1762586962033,Sync,406.18,1762586962033,21.0.3.8,false,2048,2.40,InvokeFunction,,,LATEST,1-690ef152-0c0a43-1438672894f4,OnDemand,,,0.50,,"{""errorType"":""FunctionAbnormalExitError""}"
,18363E7E93F59FF8F193127D52D86051-3,1762586962,FCRequestMetrics:/n-matmul-2048,18,18,,,929.75,n-matmul-2048,false,3f9c9a307fd4,,c-690ef130-0cf1abd9-454ab669b866,1762586961911,Sync,932.17,1762586961910,21.0.3.8,false,2048,26.68,InvokeFunction,,,LATEST,1-690ef151-0c49fa-e43efa3e58eb,OnDemand,,,1.43,
,5E9C37D1C997E792337F0D79C839D1F6-3,1762586962,FCRequestMetrics:/n-matmul-2048,27,27,,,685.72,n-matmul-2048,false,7be323259747,,c-690ef12d-0cf1abd9-4ddba8cb6fd4,1762586961448,Sync,1110.34,1762586961024,21.0.3.8,false,2048,28.83,InvokeFunction,,,LATEST,1-690ef151-0c49fa-369cd8cdd486,OnDemand,,,423.92,
,B10148BC96FECE49F2FC2439520A3175-3,1762586962,FCRequestMetrics:/n-matmul-2048,16,16,,,719.26,n-matmul-2048,false,9ae0a7a16fc1,,c-690ef12e-0cf1abd9-86b866453e74,1762586962019,Sync,720.74,1762586962018,21.0.3.7,false,2048,26.80,InvokeFunction,,,LATEST,1-690ef152-0c0a43-c388eeb992e0,OnDemand,,,0.51,
,B2D19E9889F3DDE524F4ACFCF2A5FEBF-3,1762586962,FCRequestMetrics:/n-matmul-2048,19,19,,,688.99,n-matmul-2048,false,95f39cca25aa,,c-690ef10b-0cf1abd9-336379de3020,1762586962043,Sync,690.61,1762586962042,21.0.3.8,false,2048,28.79,InvokeFunction,,,LATEST,1-690ef152-0c0a43-def0214a0299,OnDemand,,,0.51,
,00E67D373DA9C60BEF759D13208EAAD9-3,1762586962,FCRequestMetrics:/n-matmul-2048,19,19,,,674.99,n-matmul-2048,false,9013ed408e73,,c-690ef10b-0cf1abd9-dbc16e7d233d,1762586962045,Sync,676.35,1762586962044,21.0.3.8,false,2048,26.72,InvokeFunction,,,LATEST,1-690ef152-0c0a43-f3cfd7509990,OnDemand,,,0.44,
,E08BA4ABFB8C4109D958EF35CCDE9E75-3,1762586962,FCRequestMetrics:/n-matmul-2048,19,19,,,0.02,n-matmul-2048,true,f6ea6fba0d1f,,c-690ef12a-0cf1abd9-0e59ac1cec40,1762586962125,Sync,416.21,1762586962124,21.0.3.6,false,2048,4.22,InvokeFunction,,,LATEST,1-690ef152-0c49fa-43632a6d3630,OnDemand,,,1.19,,"{""errorType"":""FunctionAbnormalExitError""}"
,A91AC64A0F8E1976F88383B363514050-0,1762586962,FCRequestMetrics:/n-matmul-2048,27,27,,,729.56,n-matmul-2048,false,cc3f8c782a21,,c-690ef151-0cf1abd9-7fe4e69dd5c1,1762586961697,Sync,803.68,1762586961624,21.0.3.8,false,2048,84.80,InvokeFunction,,,LATEST,1-690ef152-0c0a43-f9e3b25b9735,OnDemand,,,72.72,
,B1BC54E0839163A3A2719B2791B845EA-3,1762586962,FCRequestMetrics:/n-matmul-2048,28,28,,,756.76,n-matmul-2048,false,c5eb2abfaa5d,,c-690ef14c-0cf1abd9-28e65fb7d593,1762586961944,Sync,1052.84,1762586961648,21.0.3.5,false,2048,26.67,InvokeFunction,,,LATEST,1-690ef152-0c49fa-ab7f9b89b7bd,OnDemand,,,293.68,
,943CF4692F491FB15BAF1EAB0CB8860A-0,1762586962,FCRequestMetrics:/n-matmul-2048,27,27,,,0.03,n-matmul-2048,true,bfd14e2c48c1,,c-690ef14e-0cf1abd9-da3a9c4be72b,1762586962131,Sync,450.38,1762586962130,21.0.3.8,false,2048,58.50,InvokeFunction,,,LATEST,1-690ef153-0c0a43-af8dec3195b9,OnDemand,,,0.52,,"{""errorType"":""FunctionAbnormalExitError""}"
,F0BCE0E40FE41E0F61DD5DAF956249CC-4,1762586962,FCRequestMetrics:/n-matmul-2048,19,19,,,0.03,n-matmul-2048,true,b9ed45a41c5d,,c-690ef139-0cf1abd9-bfec9b76d480,1762586962045,Sync,659.21,1762586962044,21.0.3.8,false,2048,4.09,InvokeFunction,,,LATEST,1-690ef152-0c0a43-0b0e8dbf7b0f,OnDemand,,,0.46,,"{""errorType"":""FunctionAbnormalExitError""}"
,91973BCA72DE9462DCC25EF55C6AC5B5-1,1762586962,FCRequestMetrics:/n-matmul-2048,28,28,,,937.33,n-matmul-2048,false,74deffaed995,,c-690ef14e-0cf1abd9-32bbbd8baf97,1762586961596,Sync,1188.29,1762586961345,21.0.3.8,false,2048,26.61,InvokeFunction,,,LATEST,1-690ef153-0c49fa-af4b45409f56,OnDemand,,,249.74,
,7B2CA077525D5F38D7687113836FF4D4-1,1762586962,FCRequestMetrics:/n-matmul-2048,28,28,,,0.02,n-matmul-2048,true,dd2888fed1c9,,c-690ef14f-0cf1abd9-cabc0eaa101b,1762586962181,Sync,1017.70,1762586961714,21.0.3.8,false,2048,58.26,InvokeFunction,,,LATEST,1-690ef153-0c0a43-a449d5859346,OnDemand,,,467.45,,"{""errorType"":""FunctionAbnormalExitError""}"
,D461B99DDC361457A1C9EC0902546FD1-0,1762586962,FCRequestMetrics:/n-matmul-2048,28,28,,,0.03,n-matmul-2048,true,ed2ed25159fc,,c-690ef14f-0cf1abd9-e247acd3fed5,1762586962515,Sync,960.95,1762586962029,21.0.3.8,false,2048,58.40,InvokeFunction,,,LATEST,1-690ef153-0c0a43-0d7574eecaea,OnDemand,,,486.31,,"{""errorType"":""FunctionAbnormalExitError""}"
,46B19270B472A6D217A2E559E7E7C97B-3,1762586963,FCRequestMetrics:/n-matmul-2048,22,22,,,790.80,n-matmul-2048,false,869d26b39717,,c-690ef10b-0cf1abd9-b6750c057b8f,1762586962327,Sync,792.03,1762586962326,21.0.3.8,false,2048,41.45,InvokeFunction,,,LATEST,1-690ef152-0c0a43-7b0428d30aef,OnDemand,,,0.48,
,BF6FA9AF6994B690E2E5555B14FF4940-1,1762586963,FCRequestMetrics:/n-matmul-2048,28,28,,,982.08,n-matmul-2048,false,21ba44532db0,,c-690ef12f-0cf1abd9-72da07858f04,1762586962529,Sync,1187.92,1762586962330,21.0.3.8,false,2048,42.03,InvokeFunction,,,LATEST,1-690ef152-0c0a43-e0b1986bca28,OnDemand,,,198.87,
,82C12ED6E643926156E0217F8DC83EE9-5,1762586963,FCRequestMetrics:/n-matmul-2048,25,25,,,930.58,n-matmul-2048,false,a9b6a74eafdc,,c-690ef12d-0cf1abd9-2948faf88166,1762586962848,Sync,932.25,1762586962847,21.0.3.8,false,2048,41.89,InvokeFunction,,,LATEST,1-690ef152-0c0a43-6209c72dabb1,OnDemand,,,0.50,
,D5A4CD99F058D411C58A3919BEB264F4-3,1762586963,FCRequestMetrics:/n-matmul-2048,27,27,,,779.44,n-matmul-2048,false,a1586973fec8,,c-690ef10b-0cf1abd9-90463d425ca7,1762586962949,Sync,781.29,1762586962948,21.0.3.8,false,2048,38.45,InvokeFunction,,,LATEST,1-690ef152-0c49fa-411901b16463,OnDemand,,,1.16,
,510F8A150819018E635E267F62520B9B-3,1762586963,FCRequestMetrics:/n-matmul-2048,27,27,,,780.20,n-matmul-2048,false,c8577adbf622,,c-690ef10b-0cf1abd9-26ef2c508c1e,1762586963032,Sync,781.77,1762586963031,21.0.3.8,false,2048,38.57,InvokeFunction,,,LATEST,1-690ef153-0c49fa-dc044a972d57,OnDemand,,,0.73,
,B63107B9394C762ADF436F322BAA4B65-3,1762586963,FCRequestMetrics:/n-matmul-2048,25,25,,,788.60,n-matmul-2048,false,1ccfa60657e6,,c-690ef10b-0cf1abd9-672e1c9f5eed,1762586962780,Sync,789.91,1762586962779,21.0.3.8,false,2048,38.89,InvokeFunction,,,LATEST,1-690ef152-0c0a43-1d1fb91cc9be,OnDemand,,,0.46,
,9A02C87DA0F400C9E40F40EF2DF6006D-2,1762586963,FCRequestMetrics:/n-matmul-2048,28,28,,,657.14,n-matmul-2048,false,3ea4534df15d,,c-690ef10b-0cf1abd9-31fefea0e1fd,1762586962673,Sync,765.88,1762586962565,21.0.3.8,false,2048,38.85,InvokeFunction,,,LATEST,1-690ef152-0c0a43-62a70af41d34,OnDemand,,,107.98,
,C38D529AEE78E8BFEBBDDADEDE13D41B-2,1762586963,FCRequestMetrics:/n-matmul-2048,25,25,,,1056.50,n-matmul-2048,false,965073b71ef9,,c-690ef12c-0cf1abd9-ee855b82b2d6,1762586962883,Sync,1058.46,1762586962882,21.0.3.7,false,2048,40.39,InvokeFunction,,,LATEST,1-690ef152-0c49fa-caa5cf25c2e8,OnDemand,,,1.14,
,A5C7CD7E71BB55429480C147D0ABD6E0-5,1762586963,FCRequestMetrics:/n-matmul-2048,22,22,,,792.46,n-matmul-2048,false,b9c50fa7ffa2,,c-690ef10b-0cf1abd9-39e48c7dd1cd,1762586962257,Sync,794.65,1762586962255,21.0.3.8,false,2048,38.70,InvokeFunction,,,LATEST,1-690ef152-0c49fa-ad2a2018e847,OnDemand,,,1.34,
,A5C7CD7E71BB55429480C147D0ABD6E0-5,1762586963,FCRequestMetrics:/n-matmul-2048,28,28,,,800.51,n-matmul-2048,false,b9c50fa7ffa2,,c-690ef10b-0cf1abd9-39e48c7dd1cd,1762586963053,Sync,820.21,1762586963034,21.0.3.8,false,2048,42.19,InvokeFunction,,,LATEST,1-690ef153-0c0a43-1a39605c4113,OnDemand,,,19.00,
,DDEEB29FD5ADFBB67E4F2FEB83463658-5,1762586963,FCRequestMetrics:/n-matmul-2048,27,27,,,720.24,n-matmul-2048,false,bc52147f2a7a,,c-690ef12c-0cf1abd9-69aaf8ca2a4b,1762586963028,Sync,722.17,1762586963027,21.0.3.8,false,2048,34.48,InvokeFunction,,,LATEST,1-690ef153-0c49fa-2206f014d6cb,OnDemand,,,1.14,
,211620C9A07558D2D8764497DA6068A4-3,1762586963,FCRequestMetrics:/n-matmul-2048,28,28,,,712.98,n-matmul-2048,false,e053c99a8bb6,,c-690ef10b-0cf1abd9-9de429f2e3c5,1762586962440,Sync,825.90,1762586962328,21.0.3.8,false,2048,26.71,InvokeFunction,,,LATEST,1-690ef152-0c49fa-8940611e8e62,OnDemand,,,111.96,
,211620C9A07558D2D8764497DA6068A4-3,1762586963,FCRequestMetrics:/n-matmul-2048,28,28,,,647.90,n-matmul-2048,false,e053c99a8bb6,,c-690ef10b-0cf1abd9-9de429f2e3c5,1762586963157,Sync,772.10,1762586963039,21.0.3.8,false,2048,34.20,InvokeFunction,,,LATEST,1-690ef153-0c0a43-6c0386be323d,OnDemand,,,118.12,
,EB19AA8F9B61C51C3FCBC98D949BD1C2-2,1762586963,FCRequestMetrics:/n-matmul-2048,19,19,,,978.98,n-matmul-2048,false,211d8375abf1,,c-690ef12d-0cf1abd9-78e04fcb7549,1762586962040,Sync,980.19,1762586962039,21.0.3.8,false,2048,34.58,InvokeFunction,,,LATEST,1-690ef152-0c0a43-280b170d9c07,OnDemand,,,0.48,
,EB19AA8F9B61C51C3FCBC98D949BD1C2-2,1762586963,FCRequestMetrics:/n-matmul-2048,27,27,,,858.97,n-matmul-2048,false,211d8375abf1,,c-690ef12d-0cf1abd9-78e04fcb7549,1762586963024,Sync,860.78,1762586963022,21.0.3.8,false,2048,38.87,InvokeFunction,,,LATEST,1-690ef153-0c49fa-aaaf64c98ce8,OnDemand,,,0.92,
,18363E7E93F59FF8F193127D52D86051-3,1762586963,FCRequestMetrics:/n-matmul-2048,25,25,,,825.21,n-matmul-2048,false,3f9c9a307fd4,,c-690ef130-0cf1abd9-454ab669b866,1762586962850,Sync,826.48,1762586962849,21.0.3.8,false,2048,34.55,InvokeFunction,,,LATEST,1-690ef152-0c0a43-cd1939777d6f,OnDemand,,,0.42,
,5E9C37D1C997E792337F0D79C839D1F6-3,1762586963,FCRequestMetrics:/n-matmul-2048,22,22,,,678.87,n-matmul-2048,false,7be323259747,,c-690ef12d-0cf1abd9-4ddba8cb6fd4,1762586962327,Sync,680.65,1762586962326,21.0.3.8,false,2048,36.29,InvokeFunction,,,LATEST,1-690ef152-0c49fa-efd48209c617,OnDemand,,,0.95,
,B10148BC96FECE49F2FC2439520A3175-3,1762586963,FCRequestMetrics:/n-matmul-2048,25,25,,,945.73,n-matmul-2048,false,9ae0a7a16fc1,,c-690ef12e-0cf1abd9-86b866453e74,1762586962753,Sync,946.92,1762586962752,21.0.3.7,false,2048,34.53,InvokeFunction,,,LATEST,1-690ef152-0c0a43-04a79eafb61b,OnDemand,,,0.51,
,B2D19E9889F3DDE524F4ACFCF2A5FEBF-3,1762586963,FCRequestMetrics:/n-matmul-2048,25,25,,,671.55,n-matmul-2048,false,95f39cca25aa,,c-690ef10b-0cf1abd9-336379de3020,1762586962762,Sync,673.01,1762586962762,21.0.3.8,false,2048,36.54,InvokeFunction,,,LATEST,1-690ef152-0c0a43-5e8158847b37,OnDemand,,,0.52,
,00E67D373DA9C60BEF759D13208EAAD9-3,1762586963,FCRequestMetrics:/n-matmul-2048,25,25,,,652.50,n-matmul-2048,false,9013ed408e73,,c-690ef10b-0cf1abd9-dbc16e7d233d,1762586962773,Sync,653.80,1762586962772,21.0.3.8,false,2048,34.21,InvokeFunction,,,LATEST,1-690ef152-0c0a43-2e612aa11bfe,OnDemand,,,0.51,
,E08BA4ABFB8C4109D958EF35CCDE9E75-3,1762586963,FCRequestMetrics:/n-matmul-2048,28,28,,,761.34,n-matmul-2048,false,f6ea6fba0d1f,,c-690ef12a-0cf1abd9-0e59ac1cec40,1762586962542,Sync,972.23,1762586962331,21.0.3.6,false,2048,28.66,InvokeFunction,,,LATEST,1-690ef152-0c0a43-c9d7467d8c34,OnDemand,,,210.06,
,A91AC64A0F8E1976F88383B363514050-0,1762586963,FCRequestMetrics:/n-matmul-2048,28,28,,,689.30,n-matmul-2048,false,cc3f8c782a21,,c-690ef151-0cf1abd9-7fe4e69dd5c1,1762586962431,Sync,787.72,1762586962333,21.0.3.8,false,2048,92.55,InvokeFunction,,,LATEST,1-690ef153-0c49fa-dccf750954bd,OnDemand,,,97.75,
,B1BC54E0839163A3A2719B2791B845EA-3,1762586963,FCRequestMetrics:/n-matmul-2048,28,28,,,830.75,n-matmul-2048,false,c5eb2abfaa5d,,c-690ef14c-0cf1abd9-28e65fb7d593,1762586962704,Sync,1159.18,1762586962377,21.0.3.5,false,2048,34.33,InvokeFunction,,,LATEST,1-690ef153-0c0a43-49aeaed0a598,OnDemand,,,327.72,
,943CF4692F491FB15BAF1EAB0CB8860A-0,1762586963,FCRequestMetrics:/n-matmul-2048,28,28,,,1014.57,n-matmul-2048,false,bfd14e2c48c1,,c-690ef14e-0cf1abd9-da3a9c4be72b,1762586962583,Sync,1415.00,1762586962184,21.0.3.8,false,2048,26.69,InvokeFunction,,,LATEST,1-690ef153-0c0a43-249cec5754f7,OnDemand,,,399.17,
,F0BCE0E40FE41E0F61DD5DAF956249CC-4,1762586963,FCRequestMetrics:/n-matmul-2048,28,28,,,1107.62,n-matmul-2048,false,b9ed45a41c5d,,c-690ef139-0cf1abd9-bfec9b76d480,1762586962718,Sync,1109.49,1762586962717,21.0.3.8,false,2048,27.22,InvokeFunction,,,LATEST,1-690ef152-0c0a43-de349753d5eb,OnDemand,,,0.54,
,7C3B3344857E71889D56CDA44A54F6B2-3,1762586963,FCRequestMetrics:/n-matmul-2048,25,25,,,0.03,n-matmul-2048,true,687fca8d325c,,c-690ef12c-0cf1abd9-6ced060ffe1b,1762586962890,Sync,511.88,1762586962888,21.0.3.8,false,2048,2.06,InvokeFunction,,,LATEST,1-690ef152-0c49fa-665c126970bb,OnDemand,,,1.17,,"{""errorType"":""FunctionAbnormalExitError""}"
,91973BCA72DE9462DCC25EF55C6AC5B5-1,1762586963,FCRequestMetrics:/n-matmul-2048,15,15,,,937.73,n-matmul-2048,false,74deffaed995,,c-690ef14e-0cf1abd9-32bbbd8baf97,1762586962550,Sync,939.06,1762586962549,21.0.3.8,false,2048,34.02,InvokeFunction,,,LATEST,1-690ef154-0c0a43-3b6271f906a9,OnDemand,,,0.52,
,46B19270B472A6D217A2E559E7E7C97B-3,1762586963,FCRequestMetrics:/n-matmul-2048,28,28,,,0.02,n-matmul-2048,true,869d26b39717,,c-690ef10b-0cf1abd9-b6750c057b8f,1762586963121,Sync,491.14,1762586963035,21.0.3.8,false,2048,2.16,InvokeFunction,,,LATEST,1-690ef153-0c0a43-1787f198aa96,OnDemand,,,85.32,,"{""errorType"":""FunctionAbnormalExitError""}"
,2523AFCDD5BD8A2B2953E48983230929-3,1762586963,FCRequestMetrics:/n-matmul-2048,25,25,,,0.03,n-matmul-2048,true,01d6f783bdb1,,c-690ef10b-0cf1abd9-dd39c218e942,1762586962850,Sync,432.18,1762586962849,21.0.3.8,false,2048,2.24,InvokeFunction,,,LATEST,1-690ef152-0c0a43-a947037b176d,OnDemand,,,0.46,,"{""errorType"":""FunctionAbnormalExitError""}"
,2523AFCDD5BD8A2B2953E48983230929-3,1762586963,FCRequestMetrics:/n-matmul-2048,28,28,,,678.18,n-matmul-2048,false,01d6f783bdb1,,c-690ef10b-0cf1abd9-dd39c218e942,1762586963284,Sync,908.94,1762586963053,21.0.3.8,false,2048,26.66,InvokeFunction,,,LATEST,1-690ef153-0c49fa-0111b43b1f32,OnDemand,,,230.00,
,7B2CA077525D5F38D7687113836FF4D4-1,1762586963,FCRequestMetrics:/n-matmul-2048,19,19,,,1151.62,n-matmul-2048,false,dd2888fed1c9,,c-690ef14f-0cf1abd9-cabc0eaa101b,1762586962741,Sync,1153.46,1762586962739,21.0.3.8,false,2048,28.71,InvokeFunction,,,LATEST,1-690ef154-0c49fa-dddb53d08141,OnDemand,,,0.94,
,D5A4CD99F058D411C58A3919BEB264F4-3,1762586964,FCRequestMetrics:/n-matmul-2048,28,28,,,789.23,n-matmul-2048,false,a1586973fec8,,c-690ef10b-0cf1abd9-90463d425ca7,1762586963732,Sync,1289.46,1762586963233,21.0.3.8,false,2048,42.16,InvokeFunction,,,LATEST,1-690ef153-0c49fa-61ea4770ee58,OnDemand,,,499.62,
,510F8A150819018E635E267F62520B9B-3,1762586964,FCRequestMetrics:/n-matmul-2048,28,28,,,791.25,n-matmul-2048,false,c8577adbf622,,c-690ef10b-0cf1abd9-26ef2c508c1e,1762586963817,Sync,1551.17,1762586963057,21.0.3.8,false,2048,41.70,InvokeFunction,,,LATEST,1-690ef153-0c49fa-fe568fc48238,OnDemand,,,759.23,
,B63107B9394C762ADF436F322BAA4B65-3,1762586964,FCRequestMetrics:/n-matmul-2048,28,28,,,794.07,n-matmul-2048,false,1ccfa60657e6,,c-690ef10b-0cf1abd9-672e1c9f5eed,1762586963572,Sync,1241.12,1762586963125,21.0.3.8,false,2048,41.91,InvokeFunction,,,LATEST,1-690ef153-0c49fa-31458950f29a,OnDemand,,,446.42,
,9A02C87DA0F400C9E40F40EF2DF6006D-2,1762586964,FCRequestMetrics:/n-matmul-2048,28,28,,,783.44,n-matmul-2048,false,3ea4534df15d,,c-690ef10b-0cf1abd9-31fefea0e1fd,1762586963334,Sync,1055.50,1762586963062,21.0.3.8,false,2048,40.65,InvokeFunction,,,LATEST,1-690ef153-0c49fa-b6a8e9efe824,OnDemand,,,271.40,
,DDEEB29FD5ADFBB67E4F2FEB83463658-5,1762586964,FCRequestMetrics:/n-matmul-2048,28,28,,,644.15,n-matmul-2048,false,bc52147f2a7a,,c-690ef12c-0cf1abd9-69aaf8ca2a4b,1762586963752,Sync,1357.68,1762586963039,21.0.3.8,false,2048,36.55,InvokeFunction,,,LATEST,1-690ef153-0c0a43-40ae070eee1c,OnDemand,,,712.71,
,211620C9A07558D2D8764497DA6068A4-3,1762586964,FCRequestMetrics:/n-matmul-2048,28,28,,,651.74,n-matmul-2048,false,e053c99a8bb6,,c-690ef10b-0cf1abd9-9de429f2e3c5,1762586963814,Sync,1180.46,1762586963285,21.0.3.8,false,2048,36.48,InvokeFunction,,,LATEST,1-690ef153-0c49fa-508705c1264c,OnDemand,,,528.01,
,18363E7E93F59FF8F193127D52D86051-3,1762586964,FCRequestMetrics:/n-matmul-2048,28,28,,,815.21,n-matmul-2048,false,3f9c9a307fd4,,c-690ef130-0cf1abd9-454ab669b866,1762586963680,Sync,1452.49,1762586963043,21.0.3.8,false,2048,38.33,InvokeFunction,,,LATEST,1-690ef153-0c49fa-2254db115bff,OnDemand,,,636.54,
,5E9C37D1C997E792337F0D79C839D1F6-3,1762586964,FCRequestMetrics:/n-matmul-2048,27,27,,,1115.56,n-matmul-2048,false,7be323259747,,c-690ef12d-0cf1abd9-4ddba8cb6fd4,1762586963022,Sync,1117.68,1762586963020,21.0.3.8,false,2048,40.66,InvokeFunction,,,LATEST,1-690ef153-0c49fa-3931eab1fe9c,OnDemand,,,1.39,
,B10148BC96FECE49F2FC2439520A3175-3,1762586964,FCRequestMetrics:/n-matmul-2048,28,28,,,746.51,n-matmul-2048,false,9ae0a7a16fc1,,c-690ef12e-0cf1abd9-86b866453e74,1762586963701,Sync,1388.53,1762586963059,21.0.3.7,false,2048,36.77,InvokeFunction,,,LATEST,1-690ef153-0c0a43-ee5d1a7073c9,OnDemand,,,640.93,
,B2D19E9889F3DDE524F4ACFCF2A5FEBF-3,1762586964,FCRequestMetrics:/n-matmul-2048,28,28,,,794.95,n-matmul-2048,false,95f39cca25aa,,c-690ef10b-0cf1abd9-336379de3020,1762586963438,Sync,1154.87,1762586963079,21.0.3.8,false,2048,40.90,InvokeFunction,,,LATEST,1-690ef153-0c49fa-1a5d5363bc02,OnDemand,,,359.28,
,00E67D373DA9C60BEF759D13208EAAD9-3,1762586964,FCRequestMetrics:/n-matmul-2048,28,28,,,795.85,n-matmul-2048,false,9013ed408e73,,c-690ef10b-0cf1abd9-dbc16e7d233d,1762586963428,Sync,1158.25,1762586963066,21.0.3.8,false,2048,38.62,InvokeFunction,,,LATEST,1-690ef153-0c0a43-670702777d54,OnDemand,,,361.63,
,E08BA4ABFB8C4109D958EF35CCDE9E75-3,1762586964,FCRequestMetrics:/n-matmul-2048,28,28,,,991.24,n-matmul-2048,false,f6ea6fba0d1f,,c-690ef12a-0cf1abd9-0e59ac1cec40,1762586963318,Sync,1252.24,1762586963063,21.0.3.6,false,2048,36.52,InvokeFunction,,,LATEST,1-690ef153-0c49fa-9be19a3d7941,OnDemand,,,254.78,
,943CF4692F491FB15BAF1EAB0CB8860A-0,1762586964,FCRequestMetrics:/n-matmul-2048,12,12,,,839.38,n-matmul-2048,false,bfd14e2c48c1,,c-690ef14e-0cf1abd9-da3a9c4be72b,1762586963621,Sync,840.56,1762586963620,21.0.3.8,false,2048,34.08,InvokeFunction,,,LATEST,1-690ef154-0c0a43-f569603c1de6,OnDemand,,,0.49,
,7C3B3344857E71889D56CDA44A54F6B2-3,1762586964,FCRequestMetrics:/n-matmul-2048,28,28,,,980.10,n-matmul-2048,false,687fca8d325c,,c-690ef12c-0cf1abd9-6ced060ffe1b,1762586963402,Sync,1323.15,1762586963066,21.0.3.8,false,2048,27.15,InvokeFunction,,,LATEST,1-690ef153-0c0a43-c7b08f8d0b56,OnDemand,,,335.33,
,91973BCA72DE9462DCC25EF55C6AC5B5-1,1762586964,FCRequestMetrics:/n-matmul-2048,28,28,,,654.10,n-matmul-2048,false,74deffaed995,,c-690ef14e-0cf1abd9-32bbbd8baf97,1762586963491,Sync,738.44,1762586963407,21.0.3.8,false,2048,36.18,InvokeFunction,,,LATEST,1-690ef155-0c0a43-46a66d671bf0,OnDemand,,,83.65,
,91973BCA72DE9462DCC25EF55C6AC5B5-1,1762586964,FCRequestMetrics:/n-matmul-2048,28,28,,,804.68,n-matmul-2048,false,74deffaed995,,c-690ef14e-0cf1abd9-32bbbd8baf97,1762586964148,Sync,1402.97,1762586963550,21.0.3.8,false,2048,38.10,InvokeFunction,,,LATEST,1-690ef155-0c0a43-54633239524c,OnDemand,,,597.59,
,46B19270B472A6D217A2E559E7E7C97B-3,1762586964,FCRequestMetrics:/n-matmul-2048,28,28,,,725.43,n-matmul-2048,false,869d26b39717,,c-690ef10b-0cf1abd9-b6750c057b8f,1762586963529,Sync,1173.97,1762586963081,21.0.3.8,false,2048,27.05,InvokeFunction,,,LATEST,1-690ef153-0c0a43-fe6d87d9712f,OnDemand,,,446.53,
,46B19270B472A6D217A2E559E7E7C97B-3,1762586964,FCRequestMetrics:/n-matmul-2048,15,15,,,658.72,n-matmul-2048,false,869d26b39717,,c-690ef10b-0cf1abd9-b6750c057b8f,1762586964264,Sync,660.03,1762586964264,21.0.3.8,false,2048,34.65,InvokeFunction,,,LATEST,1-690ef154-0c0a43-14f8f4f5bc42,OnDemand,,,0.59,
,7B2CA077525D5F38D7687113836FF4D4-1,1762586964,FCRequestMetrics:/n-matmul-2048,28,28,,,664.22,n-matmul-2048,false,dd2888fed1c9,,c-690ef14f-0cf1abd9-cabc0eaa101b,1762586963897,Sync,845.48,1762586963716,21.0.3.8,false,2048,36.52,InvokeFunction,,,LATEST,1-690ef155-0c49fa-0304819dec86,OnDemand,,,180.46,
,82C12ED6E643926156E0217F8DC83EE9-5,1762586964,FCRequestMetrics:/n-matmul-2048,28,28,,,0.03,n-matmul-2048,true,a9b6a74eafdc,,c-690ef12d-0cf1abd9-2948faf88166,1762586963783,Sync,959.52,1762586963282,21.0.3.8,false,2048,2.13,InvokeFunction,,,LATEST,1-690ef153-0c49fa-1530b15333b5,OnDemand,,,500.85,,"{""errorType"":""FunctionAbnormalExitError""}"
,82C12ED6E643926156E0217F8DC83EE9-5,1762586964,FCRequestMetrics:/n-matmul-2048,15,15,,,680.53,n-matmul-2048,false,a9b6a74eafdc,,c-690ef12d-0cf1abd9-2948faf88166,1762586964297,Sync,681.81,1762586964296,21.0.3.8,false,2048,26.76,InvokeFunction,,,LATEST,1-690ef154-0c0a43-0815e829a38a,OnDemand,,,0.54,
,D5A4CD99F058D411C58A3919BEB264F4-3,1762586964,FCRequestMetrics:/n-matmul-2048,10,10,,,0.03,n-matmul-2048,true,a1586973fec8,,c-690ef10b-0cf1abd9-90463d425ca7,1762586964540,Sync,404.56,1762586964539,21.0.3.8,false,2048,2.16,InvokeFunction,,,LATEST,1-690ef154-0c0a43-a36e963cd52a,OnDemand,,,0.50,,"{""errorType"":""FunctionAbnormalExitError""}"
,D461B99DDC361457A1C9EC0902546FD1-0,1762586964,FCRequestMetrics:/n-matmul-2048,11,11,,,702.68,n-matmul-2048,false,ed2ed25159fc,,c-690ef14f-0cf1abd9-e247acd3fed5,1762586964006,Sync,707.27,1762586964004,21.0.3.8,false,2048,26.29,InvokeFunction,,,LATEST,1-690ef155-0c49fa-215a7027bb2f,OnDemand,,,1.31,
,BF6FA9AF6994B690E2E5555B14FF4940-4,1762586964,FCRequestMetrics:/n-matmul-2048,28,28,,,0.04,n-matmul-2048,true,21ba44532db0,,c-690ef12f-0cf1abd9-72da07858f04,1762586963521,Sync,1039.62,1762586963080,21.0.3.8,false,2048,2.22,InvokeFunction,,,LATEST,1-690ef153-0c49fa-4b315b198e2f,OnDemand,,,440.04,,"{""errorType"":""FunctionAbnormalExitError""}"
,DC91F31EAE4326850C248390B5A5E361-1,1762586964,FCRequestMetrics:/n-matmul-2048,11,11,,,0.03,n-matmul-2048,true,cf01fd95e6f6,,c-690ef150-0cf1abd9-91e7929a8b40,1762586963693,Sync,461.72,1762586963692,21.0.3.8,false,2048,60.27,InvokeFunction,,,LATEST,1-690ef155-0c0a43-2f075c88e946,OnDemand,,,0.47,,"{""errorType"":""FunctionAbnormalExitError""}"
,DDEEB29FD5ADFBB67E4F2FEB83463658-5,1762586965,FCRequestMetrics:/n-matmul-2048,14,14,,,794.81,n-matmul-2048,false,bc52147f2a7a,,c-690ef12c-0cf1abd9-69aaf8ca2a4b,1762586964430,Sync,797.18,1762586964429,21.0.3.8,false,2048,38.76,InvokeFunction,,,LATEST,1-690ef154-0c0a43-7a833f34e9ee,OnDemand,,,0.55,
,211620C9A07558D2D8764497DA6068A4-3,1762586965,FCRequestMetrics:/n-matmul-2048,12,12,,,797.42,n-matmul-2048,false,e053c99a8bb6,,c-690ef10b-0cf1abd9-9de429f2e3c5,1762586964488,Sync,798.72,1762586964487,21.0.3.8,false,2048,38.18,InvokeFunction,,,LATEST,1-690ef154-0c0a43-69fc28448251,OnDemand,,,0.57,
,18363E7E93F59FF8F193127D52D86051-3,1762586965,FCRequestMetrics:/n-matmul-2048,10,10,,,1017.85,n-matmul-2048,false,3f9c9a307fd4,,c-690ef130-0cf1abd9-454ab669b866,1762586964563,Sync,1020.12,1762586964562,21.0.3.8,false,2048,41.18,InvokeFunction,,,LATEST,1-690ef154-0c49fa-b0a7966b2340,OnDemand,,,1.14,
,5E9C37D1C997E792337F0D79C839D1F6-3,1762586965,FCRequestMetrics:/n-matmul-2048,11,11,,,789.42,n-matmul-2048,false,7be323259747,,c-690ef12d-0cf1abd9-4ddba8cb6fd4,1762586965104,Sync,791.12,1762586965103,21.0.3.8,false,2048,43.61,InvokeFunction,,,LATEST,1-690ef155-0c49fa-c0c8f0de36c0,OnDemand,,,0.82,
,B10148BC96FECE49F2FC2439520A3175-3,1762586965,FCRequestMetrics:/n-matmul-2048,11,11,,,781.30,n-matmul-2048,false,9ae0a7a16fc1,,c-690ef12e-0cf1abd9-86b866453e74,1762586965081,Sync,782.54,1762586965081,21.0.3.7,false,2048,38.86,InvokeFunction,,,LATEST,1-690ef155-0c0a43-43a0af96d2f9,OnDemand,,,0.51,
,B2D19E9889F3DDE524F4ACFCF2A5FEBF-3,1762586965,FCRequestMetrics:/n-matmul-2048,11,11,,,790.93,n-matmul-2048,false,95f39cca25aa,,c-690ef10b-0cf1abd9-336379de3020,1762586965083,Sync,792.18,1762586965083,21.0.3.8,false,2048,44.03,InvokeFunction,,,LATEST,1-690ef155-0c0a43-84e091215fdb,OnDemand,,,0.46,
,00E67D373DA9C60BEF759D13208EAAD9-3,1762586965,FCRequestMetrics:/n-matmul-2048,11,11,,,777.37,n-matmul-2048,false,9013ed408e73,,c-690ef10b-0cf1abd9-dbc16e7d233d,1762586965090,Sync,779.34,1762586965088,21.0.3.8,false,2048,41.66,InvokeFunction,,,LATEST,1-690ef155-0c49fa-d1cc7ec3b7c7,OnDemand,,,1.17,
,E08BA4ABFB8C4109D958EF35CCDE9E75-3,1762586965,FCRequestMetrics:/n-matmul-2048,15,15,,,788.77,n-matmul-2048,false,f6ea6fba0d1f,,c-690ef12a-0cf1abd9-0e59ac1cec40,1762586964321,Sync,2064.56,1762586963045,21.0.3.6,false,2048,39.99,InvokeFunction,,,LATEST,1-690ef153-0c0a43-18964237b70c,OnDemand,,,1275.03,
,E08BA4ABFB8C4109D958EF35CCDE9E75-3,1762586965,FCRequestMetrics:/n-matmul-2048,11,11,,,795.16,n-matmul-2048,false,f6ea6fba0d1f,,c-690ef12a-0cf1abd9-0e59ac1cec40,1762586965118,Sync,801.29,1762586965117,21.0.3.6,false,2048,43.72,InvokeFunction,,,LATEST,1-690ef155-0c0a43-230594b0ddc2,OnDemand,,,0.44,
,A91AC64A0F8E1976F88383B363514050-0,1762586965,FCRequestMetrics:/n-matmul-2048,11,11,,,650.32,n-matmul-2048,false,cc3f8c782a21,,c-690ef151-0cf1abd9-7fe4e69dd5c1,1762586964417,Sync,651.57,1762586964417,21.0.3.8,false,2048,94.87,InvokeFunction,,,LATEST,1-690ef155-0c0a43-0eb7a856bfcd,OnDemand,,,0.50,
,A91AC64A0F8E1976F88383B363514050-0,1762586965,FCRequestMetrics:/n-matmul-2048,27,27,,,842.35,n-matmul-2048,false,cc3f8c782a21,,c-690ef151-0cf1abd9-7fe4e69dd5c1,1762586965073,Sync,1489.50,1762586964427,21.0.3.8,false,2048,96.20,InvokeFunction,,,LATEST,1-690ef155-0c0a43-f65db009db53,OnDemand,,,646.31,
,B1BC54E0839163A3A2719B2791B845EA-3,1762586965,FCRequestMetrics:/n-matmul-2048,11,11,,,790.46,n-matmul-2048,false,c5eb2abfaa5d,,c-690ef14c-0cf1abd9-28e65fb7d593,1762586964403,Sync,792.28,1762586964402,21.0.3.5,false,2048,38.26,InvokeFunction,,,LATEST,1-690ef155-0c49fa-67559d1f94ca,OnDemand,,,0.97,
,943CF4692F491FB15BAF1EAB0CB8860A-0,1762586965,FCRequestMetrics:/n-matmul-2048,28,28,,,805.08,n-matmul-2048,false,bfd14e2c48c1,,c-690ef14e-0cf1abd9-da3a9c4be72b,1762586964463,Sync,920.65,1762586964348,21.0.3.8,false,2048,38.47,InvokeFunction,,,LATEST,1-690ef155-0c0a43-49b11b0693ef,OnDemand,,,114.59,
,F0BCE0E40FE41E0F61DD5DAF956249CC-4,1762586965,FCRequestMetrics:/n-matmul-2048,11,11,,,659.87,n-matmul-2048,false,b9ed45a41c5d,,c-690ef139-0cf1abd9-bfec9b76d480,1762586965123,Sync,661.88,1762586965122,21.0.3.8,false,2048,34.73,InvokeFunction,,,LATEST,1-690ef155-0c49fa-1c993808dba6,OnDemand,,,1.12,
,7C3B3344857E71889D56CDA44A54F6B2-3,1762586965,FCRequestMetrics:/n-matmul-2048,12,12,,,631.27,n-matmul-2048,false,687fca8d325c,,c-690ef12c-0cf1abd9-6ced060ffe1b,1762586964436,Sync,633.06,1762586964436,21.0.3.8,false,2048,34.62,InvokeFunction,,,LATEST,1-690ef154-0c0a43-efb71517dc5f,OnDemand,,,0.50,
,7C3B3344857E71889D56CDA44A54F6B2-3,1762586965,FCRequestMetrics:/n-matmul-2048,11,11,,,771.09,n-matmul-2048,false,687fca8d325c,,c-690ef12c-0cf1abd9-6ced060ffe1b,1762586965077,Sync,773.16,1762586965076,21.0.3.8,false,2048,39.00,InvokeFunction,,,LATEST,1-690ef155-0c49fa-3ec41bad3a9c,OnDemand,,,1.29,
,46B19270B472A6D217A2E559E7E7C97B-3,1762586965,FCRequestMetrics:/n-matmul-2048,11,11,,,639.39,n-matmul-2048,false,869d26b39717,,c-690ef10b-0cf1abd9-b6750c057b8f,1762586965080,Sync,640.70,1762586965079,21.0.3.8,false,2048,36.89,InvokeFunction,,,LATEST,1-690ef155-0c0a43-a2d3e46a96a3,OnDemand,,,0.51,
,2523AFCDD5BD8A2B2953E48983230929-3,1762586965,FCRequestMetrics:/n-matmul-2048,11,11,,,653.18,n-matmul-2048,false,01d6f783bdb1,,c-690ef10b-0cf1abd9-dd39c218e942,1762586965119,Sync,654.44,1762586965118,21.0.3.8,false,2048,34.48,InvokeFunction,,,LATEST,1-690ef155-0c0a43-77681f18c8c4,OnDemand,,,0.50,
,7B2CA077525D5F38D7687113836FF4D4-1,1762586965,FCRequestMetrics:/n-matmul-2048,28,28,,,806.15,n-matmul-2048,false,dd2888fed1c9,,c-690ef14f-0cf1abd9-cabc0eaa101b,1762586964566,Sync,850.94,1762586964521,21.0.3.8,false,2048,40.70,InvokeFunction,,,LATEST,1-690ef155-0c49fa-98eaa5a41806,OnDemand,,,44.09,
,510F8A150819018E635E267F62520B9B-3,1762586965,FCRequestMetrics:/n-matmul-2048,11,11,,,0.04,n-matmul-2048,true,c8577adbf622,,c-690ef10b-0cf1abd9-26ef2c508c1e,1762586964650,Sync,414.23,1762586964649,21.0.3.8,false,2048,2.27,InvokeFunction,,,LATEST,1-690ef154-0c49fa-af9b0c891551,OnDemand,,,1.36,,"{""errorType"":""FunctionAbnormalExitError""}"
,510F8A150819018E635E267F62520B9B-3,1762586965,FCRequestMetrics:/n-matmul-2048,11,11,,,680.96,n-matmul-2048,false,c8577adbf622,,c-690ef10b-0cf1abd9-26ef2c508c1e,1762586965079,Sync,683.36,1762586965078,21.0.3.8,false,2048,28.50,InvokeFunction,,,LATEST,1-690ef155-0c49fa-b4d49413cb57,OnDemand,,,0.80,
,D5A4CD99F058D411C58A3919BEB264F4-3,1762586965,FCRequestMetrics:/n-matmul-2048,11,11,,,678.73,n-matmul-2048,false,a1586973fec8,,c-690ef10b-0cf1abd9-90463d425ca7,1762586964971,Sync,680.20,1762586964971,21.0.3.8,false,2048,26.70,InvokeFunction,,,LATEST,1-690ef154-0c0a43-cef56e716250,OnDemand,,,0.62,
,A5C7CD7E71BB55429480C147D0ABD6E0-5,1762586965,FCRequestMetrics:/n-matmul-2048,11,11,,,0.06,n-matmul-2048,true,b9c50fa7ffa2,,c-690ef10b-0cf1abd9-39e48c7dd1cd,1762586965122,Sync,412.56,1762586965122,21.0.3.8,false,2048,2.21,InvokeFunction,,,LATEST,1-690ef155-0c0a43-99e389289e7e,OnDemand,,,0.45,,"{""errorType"":""FunctionAbnormalExitError""}"
,D461B99DDC361457A1C9EC0902546FD1-0,1762586965,FCRequestMetrics:/n-matmul-2048,27,27,,,663.83,n-matmul-2048,false,ed2ed25159fc,,c-690ef14f-0cf1abd9-e247acd3fed5,1762586964715,Sync,678.63,1762586964701,21.0.3.8,false,2048,34.64,InvokeFunction,,,LATEST,1-690ef155-0c0a43-5a24e7c92175,OnDemand,,,14.06,
,BF6FA9AF6994B690E2E5555B14FF4940-4,1762586965,FCRequestMetrics:/n-matmul-2048,11,11,,,664.07,n-matmul-2048,false,21ba44532db0,,c-690ef12f-0cf1abd9-72da07858f04,1762586965107,Sync,666.04,1762586965106,21.0.3.8,false,2048,28.55,InvokeFunction,,,LATEST,1-690ef155-0c49fa-2a7fb298c8d4,OnDemand,,,1.14,
,DDEEB29FD5ADFBB67E4F2FEB83463658-7,1762586965,FCRequestMetrics:/n-matmul-2048,28,28,,,0.03,n-matmul-2048,true,bc52147f2a7a,,c-690ef12c-0cf1abd9-69aaf8ca2a4b,1762586965230,Sync,802.32,1762586965124,21.0.3.8,false,2048,2.07,InvokeFunction,,,LATEST,1-690ef155-0c49fa-c2f395cc68b2,OnDemand,,,105.92,,"{""errorType"":""FunctionAbnormalExitError""}"
,B63107B9394C762ADF436F322BAA4B65-2,1762586965,FCRequestMetrics:/n-matmul-2048,11,11,,,0.03,n-matmul-2048,true,1ccfa60657e6,,c-690ef10b-0cf1abd9-672e1c9f5eed,1762586965083,Sync,402.99,1762586965082,21.0.3.8,false,2048,2.06,InvokeFunction,,,LATEST,1-690ef155-0c49fa-a59e8b062cf2,OnDemand,,,1.10,,"{""errorType"":""FunctionAbnormalExitError""}"
,9A02C87DA0F400C9E40F40EF2DF6006D-3,1762586965,FCRequestMetrics:/n-matmul-2048,11,11,,,0.04,n-matmul-2048,true,3ea4534df15d,,c-690ef10b-0cf1abd9-31fefea0e1fd,1762586965108,Sync,413.14,1762586965107,21.0.3.8,false,2048,4.19,InvokeFunction,,,LATEST,1-690ef155-0c0a43-7bb383856a6a,OnDemand,,,0.43,,"{""errorType"":""FunctionAbnormalExitError""}"
,DC91F31EAE4326850C248390B5A5E361-1,1762586965,FCRequestMetrics:/n-matmul-2048,28,28,,,1105.37,n-matmul-2048,false,cf01fd95e6f6,,c-690ef150-0cf1abd9-91e7929a8b40,1762586964160,Sync,1267.16,1762586963998,21.0.3.8,false,2048,26.83,InvokeFunction,,,LATEST,1-690ef155-0c0a43-a708eefb06a3,OnDemand,,,156.91,
,C38D529AEE78E8BFEBBDDADEDE13D41B-2,1762586965,FCRequestMetrics:/n-matmul-2048,11,11,,,0.04,n-matmul-2048,true,965073b71ef9,,c-690ef12c-0cf1abd9-ee855b82b2d6,1762586965122,Sync,434.43,1762586965121,21.0.3.7,false,2048,4.09,InvokeFunction,,,LATEST,1-690ef155-0c0a43-bab954a62e3c,OnDemand,,,0.61,,"{""errorType"":""FunctionAbnormalExitError""}"
,211620C9A07558D2D8764497DA6068A4-3,1762586965,FCRequestMetrics:/n-matmul-2048,28,28,,,0.02,n-matmul-2048,true,e053c99a8bb6,,c-690ef10b-0cf1abd9-9de429f2e3c5,1762586965290,Sync,572.20,1762586965125,21.0.3.8,false,2048,2.12,InvokeFunction,,,LATEST,1-690ef155-0c49fa-3a9c6047f648,OnDemand,,,163.95,,"{""errorType"":""FunctionAbnormalExitError""}"
,91973BCA72DE9462DCC25EF55C6AC5B5-1,1762586965,FCRequestMetrics:/n-matmul-2048,17,17,,,0.04,n-matmul-2048,true,74deffaed995,,c-690ef14e-0cf1abd9-32bbbd8baf97,1762586965542,Sync,428.41,1762586965541,21.0.3.8,false,2048,2.18,InvokeFunction,,,LATEST,1-690ef157-0c49fa-8ec98449f158,OnDemand,,,1.13,,"{""errorType"":""FunctionAbnormalExitError""}"
,B1BC54E0839163A3A2719B2791B845EA-3,1762586966,FCRequestMetrics:/n-matmul-2048,28,28,,,801.69,n-matmul-2048,false,c5eb2abfaa5d,,c-690ef14c-0cf1abd9-28e65fb7d593,1762586965203,Sync,803.73,1762586965201,21.0.3.5,false,2048,41.29,InvokeFunction,,,LATEST,1-690ef155-0c49fa-4866af88d6f9,OnDemand,,,1.34,
,943CF4692F491FB15BAF1EAB0CB8860A-0,1762586966,FCRequestMetrics:/n-matmul-2048,28,28,,,825.67,n-matmul-2048,false,bfd14e2c48c1,,c-690ef14e-0cf1abd9-da3a9c4be72b,1762586965271,Sync,1036.81,1762586965060,21.0.3.8,false,2048,41.58,InvokeFunction,,,LATEST,1-690ef155-0c0a43-40de200df7a9,OnDemand,,,210.51,
,F0BCE0E40FE41E0F61DD5DAF956249CC-4,1762586966,FCRequestMetrics:/n-matmul-2048,27,27,,,786.86,n-matmul-2048,false,b9ed45a41c5d,,c-690ef139-0cf1abd9-bfec9b76d480,1762586965802,Sync,788.98,1762586965801,21.0.3.8,false,2048,39.00,InvokeFunction,,,LATEST,1-690ef155-0c49fa-b42e93d8ea2b,OnDemand,,,1.37,
,46B19270B472A6D217A2E559E7E7C97B-3,1762586966,FCRequestMetrics:/n-matmul-2048,27,27,,,786.67,n-matmul-2048,false,869d26b39717,,c-690ef10b-0cf1abd9-b6750c057b8f,1762586965759,Sync,788.10,1762586965759,21.0.3.8,false,2048,39.15,InvokeFunction,,,LATEST,1-690ef155-0c0a43-05648392e01b,OnDemand,,,0.54,
,EB19AA8F9B61C51C3FCBC98D949BD1C2-5,1762586966,FCRequestMetrics:/n-matmul-2048,11,11,,,1362.26,n-matmul-2048,false,211d8375abf1,,c-690ef12d-0cf1abd9-78e04fcb7549,1762586965122,Sync,1363.55,1762586965121,21.0.3.8,false,2048,42.28,InvokeFunction,,,LATEST,1-690ef155-0c0a43-e389dc20c292,OnDemand,,,0.50,
,2523AFCDD5BD8A2B2953E48983230929-3,1762586966,FCRequestMetrics:/n-matmul-2048,27,27,,,809.66,n-matmul-2048,false,01d6f783bdb1,,c-690ef10b-0cf1abd9-dd39c218e942,1762586965813,Sync,811.92,1762586965811,21.0.3.8,false,2048,39.00,InvokeFunction,,,LATEST,1-690ef155-0c49fa-1136eb4542ed,OnDemand,,,1.35,
,7B2CA077525D5F38D7687113836FF4D4-1,1762586966,FCRequestMetrics:/n-matmul-2048,19,19,,,805.82,n-matmul-2048,false,dd2888fed1c9,,c-690ef14f-0cf1abd9-cabc0eaa101b,1762586965414,Sync,808.19,1762586965412,21.0.3.8,false,2048,43.54,InvokeFunction,,,LATEST,1-690ef156-0c49fa-128f752bb8cb,OnDemand,,,1.43,
,82C12ED6E643926156E0217F8DC83EE9-5,1762586966,FCRequestMetrics:/n-matmul-2048,11,11,,,1222.75,n-matmul-2048,false,a9b6a74eafdc,,c-690ef12d-0cf1abd9-2948faf88166,1762586965019,Sync,1225.14,1762586965019,21.0.3.8,false,2048,34.51,InvokeFunction,,,LATEST,1-690ef155-0c0a43-8365fa4df418,OnDemand,,,0.55,
,510F8A150819018E635E267F62520B9B-3,1762586966,FCRequestMetrics:/n-matmul-2048,27,27,,,648.32,n-matmul-2048,false,c8577adbf622,,c-690ef10b-0cf1abd9-26ef2c508c1e,1762586965769,Sync,1194.86,1762586965223,21.0.3.8,false,2048,36.10,InvokeFunction,,,LATEST,1-690ef155-0c0a43-ac060d156a3f,OnDemand,,,545.88,
,D5A4CD99F058D411C58A3919BEB264F4-3,1762586966,FCRequestMetrics:/n-matmul-2048,28,28,,,648.52,n-matmul-2048,false,a1586973fec8,,c-690ef10b-0cf1abd9-90463d425ca7,1762586965654,Sync,681.82,1762586965621,21.0.3.8,false,2048,34.34,InvokeFunction,,,LATEST,1-690ef155-0c49fa-a127956ab012,OnDemand,,,32.61,
,A5C7CD7E71BB55429480C147D0ABD6E0-5,1762586966,FCRequestMetrics:/n-matmul-2048,28,28,,,697.23,n-matmul-2048,false,b9c50fa7ffa2,,c-690ef10b-0cf1abd9-39e48c7dd1cd,1762586965536,Sync,1052.20,1762586965182,21.0.3.8,false,2048,28.63,InvokeFunction,,,LATEST,1-690ef155-0c49fa-03f5b552a308,OnDemand,,,353.92,
,A5C7CD7E71BB55429480C147D0ABD6E0-5,1762586966,FCRequestMetrics:/n-matmul-2048,29,29,,,648.06,n-matmul-2048,false,b9c50fa7ffa2,,c-690ef10b-0cf1abd9-39e48c7dd1cd,1762586966238,Sync,657.46,1762586966229,21.0.3.8,false,2048,36.06,InvokeFunction,,,LATEST,1-690ef156-0c49fa-557cce0b5dfc,OnDemand,,,8.64,
,D461B99DDC361457A1C9EC0902546FD1-0,1762586966,FCRequestMetrics:/n-matmul-2048,17,17,,,659.61,n-matmul-2048,false,ed2ed25159fc,,c-690ef14f-0cf1abd9-e247acd3fed5,1762586966158,Sync,660.99,1762586966157,21.0.3.8,false,2048,36.88,InvokeFunction,,,LATEST,1-690ef157-0c0a43-e70c156e6b48,OnDemand,,,0.48,
,BF6FA9AF6994B690E2E5555B14FF4940-4,1762586966,FCRequestMetrics:/n-matmul-2048,27,27,,,1092.02,n-matmul-2048,false,21ba44532db0,,c-690ef12f-0cf1abd9-72da07858f04,1762586965812,Sync,1094.96,1762586965812,21.0.3.8,false,2048,36.22,InvokeFunction,,,LATEST,1-690ef155-0c0a43-3e67ead8906e,OnDemand,,,0.43,
,DDEEB29FD5ADFBB67E4F2FEB83463658-7,1762586966,FCRequestMetrics:/n-matmul-2048,28,28,,,982.34,n-matmul-2048,false,bc52147f2a7a,,c-690ef12c-0cf1abd9-69aaf8ca2a4b,1762586965929,Sync,991.04,1762586965921,21.0.3.8,false,2048,29.02,InvokeFunction,,,LATEST,1-690ef155-0c49fa-e6d558cdd49f,OnDemand,,,7.50,
,B2D19E9889F3DDE524F4ACFCF2A5FEBF-2,1762586966,FCRequestMetrics:/n-matmul-2048,28,28,,,0.02,n-matmul-2048,true,95f39cca25aa,,c-690ef10b-0cf1abd9-336379de3020,1762586965902,Sync,415.39,1762586965902,21.0.3.8,false,2048,4.20,InvokeFunction,,,LATEST,1-690ef155-0c0a43-91e4a2197f27,OnDemand,,,0.47,,"{""errorType"":""FunctionAbnormalExitError""}"
,B63107B9394C762ADF436F322BAA4B65-2,1762586966,FCRequestMetrics:/n-matmul-2048,28,28,,,679.25,n-matmul-2048,false,1ccfa60657e6,,c-690ef10b-0cf1abd9-672e1c9f5eed,1762586965486,Sync,1016.76,1762586965149,21.0.3.8,false,2048,28.57,InvokeFunction,,,LATEST,1-690ef155-0c0a43-dff481bf0951,OnDemand,,,336.85,
,B63107B9394C762ADF436F322BAA4B65-2,1762586966,FCRequestMetrics:/n-matmul-2048,28,28,,,643.57,n-matmul-2048,false,1ccfa60657e6,,c-690ef10b-0cf1abd9-672e1c9f5eed,1762586966207,Sync,645.01,1762586966206,21.0.3.8,false,2048,36.73,InvokeFunction,,,LATEST,1-690ef156-0c0a43-6bf604523890,OnDemand,,,0.56,
,9A02C87DA0F400C9E40F40EF2DF6006D-3,1762586966,FCRequestMetrics:/n-matmul-2048,28,28,,,668.24,n-matmul-2048,false,3ea4534df15d,,c-690ef10b-0cf1abd9-31fefea0e1fd,1762586965523,Sync,866.93,1762586965325,21.0.3.8,false,2048,28.77,InvokeFunction,,,LATEST,1-690ef155-0c0a43-1e0485a02cfa,OnDemand,,,197.99,
,9A02C87DA0F400C9E40F40EF2DF6006D-3,1762586966,FCRequestMetrics:/n-matmul-2048,28,28,,,667.08,n-matmul-2048,false,3ea4534df15d,,c-690ef10b-0cf1abd9-31fefea0e1fd,1762586966208,Sync,670.83,1762586966207,21.0.3.8,false,2048,36.70,InvokeFunction,,,LATEST,1-690ef156-0c0a43-f1e17a4992fc,OnDemand,,,0.61,
,DC91F31EAE4326850C248390B5A5E361-1,1762586966,FCRequestMetrics:/n-matmul-2048,17,17,,,643.31,n-matmul-2048,false,cf01fd95e6f6,,c-690ef150-0cf1abd9-91e7929a8b40,1762586965862,Sync,644.74,1762586965862,21.0.3.8,false,2048,34.04,InvokeFunction,,,LATEST,1-690ef157-0c0a43-17f4e3b80f83,OnDemand,,,0.53,
,C38D529AEE78E8BFEBBDDADEDE13D41B-2,1762586966,FCRequestMetrics:/n-matmul-2048,28,28,,,799.46,n-matmul-2048,false,965073b71ef9,,c-690ef12c-0cf1abd9-ee855b82b2d6,1762586965558,Sync,1134.35,1762586965223,21.0.3.7,false,2048,26.68,InvokeFunction,,,LATEST,1-690ef155-0c0a43-a279ad7de65e,OnDemand,,,334.08,
,211620C9A07558D2D8764497DA6068A4-3,1762586966,FCRequestMetrics:/n-matmul-2048,28,28,,,683.72,n-matmul-2048,false,e053c99a8bb6,,c-690ef10b-0cf1abd9-9de429f2e3c5,1762586965699,Sync,691.45,1762586965692,21.0.3.8,false,2048,26.80,InvokeFunction,,,LATEST,1-690ef155-0c0a43-0c1b435006a3,OnDemand,,,6.93,
,B10148BC96FECE49F2FC2439520A3175-5,1762586966,FCRequestMetrics:/n-matmul-2048,28,28,,,0.02,n-matmul-2048,true,9ae0a7a16fc1,,c-690ef12e-0cf1abd9-86b866453e74,1762586965868,Sync,643.22,1762586965866,21.0.3.7,false,2048,2.26,InvokeFunction,,,LATEST,1-690ef155-0c49fa-e272d7e11ae6,OnDemand,,,1.15,,"{""errorType"":""FunctionAbnormalExitError""}"
,5E9C37D1C997E792337F0D79C839D1F6-5,1762586966,FCRequestMetrics:/n-matmul-2048,28,28,,,0.04,n-matmul-2048,true,7be323259747,,c-690ef12d-0cf1abd9-4ddba8cb6fd4,1762586965904,Sync,711.17,1762586965903,21.0.3.8,false,2048,4.26,InvokeFunction,,,LATEST,1-690ef155-0c0a43-d488a1ca31f2,OnDemand,,,0.50,,"{""errorType"":""FunctionAbnormalExitError""}"
,943CF4692F491FB15BAF1EAB0CB8860A-1,1762586966,FCRequestMetrics:/n-matmul-2048,18,18,,,0.03,n-matmul-2048,true,bfd14e2c48c1,,c-690ef14e-0cf1abd9-da3a9c4be72b,1762586966139,Sync,425.51,1762586966138,21.0.3.8,false,2048,2.08,InvokeFunction,,,LATEST,1-690ef157-0c0a43-7937e8a1cddc,OnDemand,,,0.54,,"{""errorType"":""FunctionAbnormalExitError""}"
,B1BC54E0839163A3A2719B2791B845EA-4,1762586966,FCRequestMetrics:/n-matmul-2048,20,20,,,0.02,n-matmul-2048,true,c5eb2abfaa5d,,c-690ef14c-0cf1abd9-28e65fb7d593,1762586966045,Sync,404.86,1762586966044,21.0.3.5,false,2048,2.27,InvokeFunction,,,LATEST,1-690ef156-0c49fa-2a112e94eb56,OnDemand,,,1.24,,"{""errorType"":""FunctionAbnormalExitError""}"
,2ECD84792EE924A03BABF1E3B673BF9D-2,1762586966,FCRequestMetrics:/n-matmul-2048,28,28,,,1070.05,n-matmul-2048,false,203a62c08916,,c-690ef155-0cf1abd9-fdccf7e0f65d,1762586965213,Sync,1201.40,1762586965087,21.0.3.8,false,2048,85.23,InvokeFunction,,,LATEST,1-690ef156-0c49fa-6b02640524ea,OnDemand,,,125.51,
,18363E7E93F59FF8F193127D52D86051-5,1762586966,FCRequestMetrics:/n-matmul-2048,28,28,,,0.04,n-matmul-2048,true,3f9c9a307fd4,,c-690ef130-0cf1abd9-454ab669b866,1762586965603,Sync,1060.34,1762586965345,21.0.3.8,false,2048,2.21,InvokeFunction,,,LATEST,1-690ef155-0c49fa-cd1ce6eadc1d,OnDemand,,,257.17,,"{""errorType"":""FunctionAbnormalExitError""}"
,E08BA4ABFB8C4109D958EF35CCDE9E75-5,1762586966,FCRequestMetrics:/n-matmul-2048,28,28,,,0.02,n-matmul-2048,true,f6ea6fba0d1f,,c-690ef12a-0cf1abd9-0e59ac1cec40,1762586965921,Sync,659.76,1762586965914,21.0.3.6,false,2048,4.14,InvokeFunction,,,LATEST,1-690ef155-0c0a43-52c89ba50b2b,OnDemand,,,6.94,,"{""errorType"":""FunctionAbnormalExitError""}"
,636547988E635DCC4C08253D0766BAEB-1,1762586966,FCRequestMetrics:/n-matmul-2048,17,17,,,724.67,n-matmul-2048,false,3da1c5559a3b,,c-690ef156-0cf1abd9-a60f14769352,1762586965581,Sync,727.14,1762586965580,21.0.3.8,false,2048,84.61,InvokeFunction,,,LATEST,1-690ef156-0c49fa-5d923f2c8c61,OnDemand,,,1.13,
,00E67D373DA9C60BEF759D13208EAAD9-2,1762586966,FCRequestMetrics:/n-matmul-2048,28,28,,,0.06,n-matmul-2048,true,9013ed408e73,,c-690ef10b-0cf1abd9-dbc16e7d233d,1762586965909,Sync,447.07,1762586965908,21.0.3.8,false,2048,2.20,InvokeFunction,,,LATEST,1-690ef155-0c49fa-109a71b8f8ed,OnDemand,,,1.33,,"{""errorType"":""FunctionAbnormalExitError""}"
,7B2CA077525D5F38D7687113836FF4D4-0,1762586966,FCRequestMetrics:/n-matmul-2048,30,30,,,0.04,n-matmul-2048,true,dd2888fed1c9,,c-690ef14f-0cf1abd9-cabc0eaa101b,1762586966224,Sync,780.15,1762586965869,21.0.3.8,false,2048,4.30,InvokeFunction,,,LATEST,1-690ef157-0c0a43-7c6f31c90514,OnDemand,,,354.92,,"{""errorType"":""FunctionAbnormalExitError""}"
,A91AC64A0F8E1976F88383B363514050-2,1762586966,FCRequestMetrics:/n-matmul-2048,20,20,,,0.03,n-matmul-2048,true,cc3f8c782a21,,c-690ef151-0cf1abd9-7fe4e69dd5c1,1762586965958,Sync,670.51,1762586965957,21.0.3.8,false,2048,60.38,InvokeFunction,,,LATEST,1-690ef156-0c49fa-558d72a78172,OnDemand,,,1.39,,"{""errorType"":""FunctionAbnormalExitError""}"
,7C3B3344857E71889D56CDA44A54F6B2-3,1762586967,FCRequestMetrics:/n-matmul-2048,28,28,,,1317.73,n-matmul-2048,false,687fca8d325c,,c-690ef12c-0cf1abd9-6ced060ffe1b,1762586965853,Sync,1348.70,1762586965822,21.0.3.8,false,2048,42.02,InvokeFunction,,,LATEST,1-690ef155-0c49fa-de3d27ead25b,OnDemand,,,30.04,
,2523AFCDD5BD8A2B2953E48983230929-3,1762586967,FCRequestMetrics:/n-matmul-2048,25,25,,,797.61,n-matmul-2048,false,01d6f783bdb1,,c-690ef10b-0cf1abd9-dd39c218e942,1762586966630,Sync,799.67,1762586966629,21.0.3.8,false,2048,42.32,InvokeFunction,,,LATEST,1-690ef156-0c49fa-6a00dc378aba,OnDemand,,,1.39,
,82C12ED6E643926156E0217F8DC83EE9-5,1762586967,FCRequestMetrics:/n-matmul-2048,29,29,,,872.94,n-matmul-2048,false,a9b6a74eafdc,,c-690ef12d-0cf1abd9-2948faf88166,1762586966251,Sync,895.10,1762586966230,21.0.3.8,false,2048,38.48,InvokeFunction,,,LATEST,1-690ef156-0c49fa-2bfbdef6997c,OnDemand,,,21.32,
,82C12ED6E643926156E0217F8DC83EE9-5,1762586967,FCRequestMetrics:/n-matmul-2048,18,18,,,842.08,n-matmul-2048,false,a9b6a74eafdc,,c-690ef12d-0cf1abd9-2948faf88166,1762586967132,Sync,844.24,1762586967130,21.0.3.8,false,2048,41.85,InvokeFunction,,,LATEST,1-690ef157-0c49fa-0b57c7d18ef6,OnDemand,,,1.32,
,510F8A150819018E635E267F62520B9B-3,1762586967,FCRequestMetrics:/n-matmul-2048,27,27,,,651.29,n-matmul-2048,false,c8577adbf622,,c-690ef10b-0cf1abd9-26ef2c508c1e,1762586966485,Sync,862.84,1762586966274,21.0.3.8,false,2048,38.54,InvokeFunction,,,LATEST,1-690ef156-0c49fa-f459941cff47,OnDemand,,,210.67,
,510F8A150819018E635E267F62520B9B-3,1762586967,FCRequestMetrics:/n-matmul-2048,18,18,,,787.88,n-matmul-2048,false,c8577adbf622,,c-690ef10b-0cf1abd9-26ef2c508c1e,1762586967165,Sync,789.68,1762586967164,21.0.3.8,false,2048,39.72,InvokeFunction,,,LATEST,1-690ef157-0c49fa-4d41bede9d8e,OnDemand,,,0.78,
,D5A4CD99F058D411C58A3919BEB264F4-3,1762586967,FCRequestMetrics:/n-matmul-2048,29,29,,,778.35,n-matmul-2048,false,a1586973fec8,,c-690ef10b-0cf1abd9-90463d425ca7,1762586966306,Sync,847.49,1762586966238,21.0.3.8,false,2048,38.56,InvokeFunction,,,LATEST,1-690ef156-0c0a43-3fe7817c9e97,OnDemand,,,68.19,
,A5C7CD7E71BB55429480C147D0ABD6E0-5,1762586967,FCRequestMetrics:/n-matmul-2048,19,19,,,655.69,n-matmul-2048,false,b9c50fa7ffa2,,c-690ef10b-0cf1abd9-39e48c7dd1cd,1762586966893,Sync,656.95,1762586966892,21.0.3.8,false,2048,38.39,InvokeFunction,,,LATEST,1-690ef156-0c0a43-5234b1a14dd8,OnDemand,,,0.53,
,D461B99DDC361457A1C9EC0902546FD1-0,1762586967,FCRequestMetrics:/n-matmul-2048,20,20,,,808.27,n-matmul-2048,false,ed2ed25159fc,,c-690ef14f-0cf1abd9-e247acd3fed5,1762586966828,Sync,810.34,1762586966826,21.0.3.8,false,2048,39.33,InvokeFunction,,,LATEST,1-690ef157-0c49fa-ab9188107df1,OnDemand,,,1.36,
,BF6FA9AF6994B690E2E5555B14FF4940-4,1762586967,FCRequestMetrics:/n-matmul-2048,19,19,,,948.61,n-matmul-2048,false,21ba44532db0,,c-690ef12f-0cf1abd9-72da07858f04,1762586966927,Sync,950.25,1762586966926,21.0.3.8,false,2048,40.11,InvokeFunction,,,LATEST,1-690ef156-0c49fa-eda4769f5e4f,OnDemand,,,0.88,
,DDEEB29FD5ADFBB67E4F2FEB83463658-7,1762586967,FCRequestMetrics:/n-matmul-2048,19,19,,,744.08,n-matmul-2048,false,bc52147f2a7a,,c-690ef12c-0cf1abd9-69aaf8ca2a4b,1762586966918,Sync,745.36,1762586966917,21.0.3.8,false,2048,36.11,InvokeFunction,,,LATEST,1-690ef156-0c0a43-d573ce2dee3e,OnDemand,,,0.56,
,B2D19E9889F3DDE524F4ACFCF2A5FEBF-2,1762586967,FCRequestMetrics:/n-matmul-2048,28,28,,,702.93,n-matmul-2048,false,95f39cca25aa,,c-690ef10b-0cf1abd9-336379de3020,1762586966343,Sync,705.17,1762586966342,21.0.3.8,false,2048,28.67,InvokeFunction,,,LATEST,1-690ef156-0c49fa-df36450035e0,OnDemand,,,1.38,
,B2D19E9889F3DDE524F4ACFCF2A5FEBF-2,1762586967,FCRequestMetrics:/n-matmul-2048,18,18,,,639.17,n-matmul-2048,false,95f39cca25aa,,c-690ef10b-0cf1abd9-336379de3020,1762586967077,Sync,641.14,1762586967076,21.0.3.8,false,2048,36.41,InvokeFunction,,,LATEST,1-690ef157-0c49fa-d3ea172be917,OnDemand,,,1.17,
,9A02C87DA0F400C9E40F40EF2DF6006D-3,1762586967,FCRequestMetrics:/n-matmul-2048,17,17,,,798.24,n-matmul-2048,false,3ea4534df15d,,c-690ef10b-0cf1abd9-31fefea0e1fd,1762586966947,Sync,799.48,1762586966947,21.0.3.8,false,2048,40.66,InvokeFunction,,,LATEST,1-690ef156-0c0a43-aaf8e07a90d2,OnDemand,,,0.54,
,DC91F31EAE4326850C248390B5A5E361-1,1762586967,FCRequestMetrics:/n-matmul-2048,20,20,,,655.66,n-matmul-2048,false,cf01fd95e6f6,,c-690ef150-0cf1abd9-91e7929a8b40,1762586966546,Sync,657.13,1762586966545,21.0.3.8,false,2048,36.31,InvokeFunction,,,LATEST,1-690ef157-0c0a43-b384ac1b7153,OnDemand,,,0.50,
,C38D529AEE78E8BFEBBDDADEDE13D41B-2,1762586967,FCRequestMetrics:/n-matmul-2048,28,28,,,1136.52,n-matmul-2048,false,965073b71ef9,,c-690ef12c-0cf1abd9-ee855b82b2d6,1762586966402,Sync,1297.31,1762586966242,21.0.3.7,false,2048,34.07,InvokeFunction,,,LATEST,1-690ef156-0c49fa-3c5563b10a3e,OnDemand,,,159.46,
,211620C9A07558D2D8764497DA6068A4-3,1762586967,FCRequestMetrics:/n-matmul-2048,28,28,,,648.17,n-matmul-2048,false,e053c99a8bb6,,c-690ef10b-0cf1abd9-9de429f2e3c5,1762586966387,Sync,801.01,1762586966234,21.0.3.8,false,2048,34.24,InvokeFunction,,,LATEST,1-690ef156-0c49fa-aaf36dad1efd,OnDemand,,,152.20,
,211620C9A07558D2D8764497DA6068A4-3,1762586967,FCRequestMetrics:/n-matmul-2048,18,18,,,784.47,n-matmul-2048,false,e053c99a8bb6,,c-690ef10b-0cf1abd9-9de429f2e3c5,1762586967087,Sync,786.85,1762586967085,21.0.3.8,false,2048,38.60,InvokeFunction,,,LATEST,1-690ef157-0c49fa-6b31618a1989,OnDemand,,,1.38,
,B10148BC96FECE49F2FC2439520A3175-5,1762586967,FCRequestMetrics:/n-matmul-2048,17,17,,,678.34,n-matmul-2048,false,9ae0a7a16fc1,,c-690ef12e-0cf1abd9-86b866453e74,1762586967266,Sync,680.01,1762586967265,21.0.3.7,false,2048,26.62,InvokeFunction,,,LATEST,1-690ef157-0c49fa-58b4f8d3a33e,OnDemand,,,0.84,
,5E9C37D1C997E792337F0D79C839D1F6-5,1762586967,FCRequestMetrics:/n-matmul-2048,17,17,,,686.55,n-matmul-2048,false,7be323259747,,c-690ef12d-0cf1abd9-4ddba8cb6fd4,1762586967263,Sync,688.56,1762586967262,21.0.3.8,false,2048,28.59,InvokeFunction,,,LATEST,1-690ef157-0c49fa-7c9d1620ab26,OnDemand,,,1.26,
,943CF4692F491FB15BAF1EAB0CB8860A-1,1762586967,FCRequestMetrics:/n-matmul-2048,30,30,,,693.94,n-matmul-2048,false,bfd14e2c48c1,,c-690ef14e-0cf1abd9-da3a9c4be72b,1762586966566,Sync,874.22,1762586966386,21.0.3.8,false,2048,27.00,InvokeFunction,,,LATEST,1-690ef157-0c0a43-f9cdf3246336,OnDemand,,,178.35,
,943CF4692F491FB15BAF1EAB0CB8860A-1,1762586967,FCRequestMetrics:/n-matmul-2048,20,20,,,657.82,n-matmul-2048,false,bfd14e2c48c1,,c-690ef14e-0cf1abd9-da3a9c4be72b,1762586967274,Sync,659.17,1762586967273,21.0.3.8,false,2048,34.64,InvokeFunction,,,LATEST,1-690ef158-0c0a43-4d691e8ff037,OnDemand,,,0.54,
,B1BC54E0839163A3A2719B2791B845EA-4,1762586967,FCRequestMetrics:/n-matmul-2048,18,18,,,687.79,n-matmul-2048,false,c5eb2abfaa5d,,c-690ef14c-0cf1abd9-28e65fb7d593,1762586966526,Sync,690.11,1762586966524,21.0.3.5,false,2048,26.79,InvokeFunction,,,LATEST,1-690ef157-0c49fa-30db12976f62,OnDemand,,,1.34,
,2ECD84792EE924A03BABF1E3B673BF9D-2,1762586967,FCRequestMetrics:/n-matmul-2048,17,17,,,867.49,n-matmul-2048,false,203a62c08916,,c-690ef155-0cf1abd9-fdccf7e0f65d,1762586966325,Sync,868.75,1762586966325,21.0.3.8,false,2048,92.28,InvokeFunction,,,LATEST,1-690ef157-0c0a43-6994226434ae,OnDemand,,,0.47,
,18363E7E93F59FF8F193127D52D86051-5,1762586967,FCRequestMetrics:/n-matmul-2048,17,17,,,702.34,n-matmul-2048,false,3f9c9a307fd4,,c-690ef130-0cf1abd9-454ab669b866,1762586967276,Sync,704.30,1762586967274,21.0.3.8,false,2048,26.77,InvokeFunction,,,LATEST,1-690ef157-0c49fa-114197c08357,OnDemand,,,1.12,
,E08BA4ABFB8C4109D958EF35CCDE9E75-5,1762586967,FCRequestMetrics:/n-matmul-2048,17,17,,,693.66,n-matmul-2048,false,f6ea6fba0d1f,,c-690ef12a-0cf1abd9-0e59ac1cec40,1762586967266,Sync,695.46,1762586967265,21.0.3.6,false,2048,26.77,InvokeFunction,,,LATEST,1-690ef157-0c49fa-1b348de09b30,OnDemand,,,1.10,
,636547988E635DCC4C08253D0766BAEB-1,1762586967,FCRequestMetrics:/n-matmul-2048,20,20,,,650.85,n-matmul-2048,false,3da1c5559a3b,,c-690ef156-0cf1abd9-a60f14769352,1762586966825,Sync,652.79,1762586966823,21.0.3.8,false,2048,92.54,InvokeFunction,,,LATEST,1-690ef158-0c49fa-5651ebd89af7,OnDemand,,,1.16,
,00E67D373DA9C60BEF759D13208EAAD9-2,1762586967,FCRequestMetrics:/n-matmul-2048,28,28,,,681.17,n-matmul-2048,false,9013ed408e73,,c-690ef10b-0cf1abd9-dbc16e7d233d,1762586966407,Sync,846.68,1762586966242,21.0.3.8,false,2048,28.61,InvokeFunction,,,LATEST,1-690ef156-0c49fa-b9ae3b395a82,OnDemand,,,164.70,
,00E67D373DA9C60BEF759D13208EAAD9-2,1762586967,FCRequestMetrics:/n-matmul-2048,18,18,,,678.89,n-matmul-2048,false,9013ed408e73,,c-690ef10b-0cf1abd9-dbc16e7d233d,1762586967125,Sync,681.07,1762586967124,21.0.3.8,false,2048,36.36,InvokeFunction,,,LATEST,1-690ef157-0c0a43-9134dadbdeb0,OnDemand,,,0.46,
,7B2CA077525D5F38D7687113836FF4D4-0,1762586967,FCRequestMetrics:/n-matmul-2048,22,22,,,701.66,n-matmul-2048,false,dd2888fed1c9,,c-690ef14f-0cf1abd9-cabc0eaa101b,1762586966710,Sync,704.05,1762586966708,21.0.3.8,false,2048,26.68,InvokeFunction,,,LATEST,1-690ef158-0c49fa-b05a7ea18f7b,OnDemand,,,1.48,
,46B19270B472A6D217A2E559E7E7C97B-3,1762586967,FCRequestMetrics:/n-matmul-2048,17,17,,,0.04,n-matmul-2048,true,869d26b39717,,c-690ef10b-0cf1abd9-b6750c057b8f,1762586967266,Sync,430.11,1762586967265,21.0.3.8,false,2048,2.26,InvokeFunction,,,LATEST,1-690ef157-0c0a43-e56a3501d00f,OnDemand,,,0.48,,"{""errorType"":""FunctionAbnormalExitError""}"
,7C3B3344857E71889D56CDA44A54F6B2-2,1762586967,FCRequestMetrics:/n-matmul-2048,18,18,,,0.07,n-matmul-2048,true,687fca8d325c,,c-690ef12c-0cf1abd9-6ced060ffe1b,1762586967179,Sync,587.33,1762586967178,21.0.3.8,false,2048,2.20,InvokeFunction,,,LATEST,1-690ef157-0c49fa-5333f5036e9b,OnDemand,,,1.32,,"{""errorType"":""FunctionAbnormalExitError""}"
,EB19AA8F9B61C51C3FCBC98D949BD1C2-5,1762586967,FCRequestMetrics:/n-matmul-2048,17,17,,,0.03,n-matmul-2048,true,211d8375abf1,,c-690ef12d-0cf1abd9-78e04fcb7549,1762586967274,Sync,554.69,1762586967273,21.0.3.8,false,2048,2.08,InvokeFunction,,,LATEST,1-690ef157-0c0a43-13a74276020c,OnDemand,,,0.49,,"{""errorType"":""FunctionAbnormalExitError""}"
,A91AC64A0F8E1976F88383B363514050-2,1762586967,FCRequestMetrics:/n-matmul-2048,30,30,,,900.14,n-matmul-2048,false,cc3f8c782a21,,c-690ef151-0cf1abd9-7fe4e69dd5c1,1762586966629,Sync,957.26,1762586966573,21.0.3.8,false,2048,28.90,InvokeFunction,,,LATEST,1-690ef157-0c0a43-cea476790014,OnDemand,,,55.73,
,91973BCA72DE9462DCC25EF55C6AC5B5-1,1762586967,FCRequestMetrics:/n-matmul-2048,20,20,,,671.32,n-matmul-2048,false,74deffaed995,,c-690ef14e-0cf1abd9-32bbbd8baf97,1762586966480,Sync,673.11,1762586966479,21.0.3.8,false,2048,28.63,InvokeFunction,,,LATEST,1-690ef158-0c49fa-0b46c2a64cdf,OnDemand,,,0.90,
,2523AFCDD5BD8A2B2953E48983230929-2,1762586967,FCRequestMetrics:/n-matmul-2048,30,30,,,0.02,n-matmul-2048,true,01d6f783bdb1,,c-690ef10b-0cf1abd9-dd39c218e942,1762586967431,Sync,586.49,1762586967279,21.0.3.8,false,2048,2.12,InvokeFunction,,,LATEST,1-690ef157-0c0a43-9dda7d56ddd3,OnDemand,,,152.21,,"{""errorType"":""FunctionAbnormalExitError""}"
,F0BCE0E40FE41E0F61DD5DAF956249CC-7,1762586968,FCRequestMetrics:/n-matmul-2048,17,17,,,801.78,n-matmul-2048,false,b9ed45a41c5d,,c-690ef139-0cf1abd9-bfec9b76d480,1762586967264,Sync,803.82,1762586967263,21.0.3.8,false,2048,41.84,InvokeFunction,,,LATEST,1-690ef157-0c49fa-5a7d5bfab7ea,OnDemand,,,1.17,
,D5A4CD99F058D411C58A3919BEB264F4-3,1762586968,FCRequestMetrics:/n-matmul-2048,17,17,,,793.46,n-matmul-2048,false,a1586973fec8,,c-690ef10b-0cf1abd9-90463d425ca7,1762586967255,Sync,795.58,1762586967253,21.0.3.8,false,2048,41.36,InvokeFunction,,,LATEST,1-690ef157-0c49fa-535817ab2795,OnDemand,,,1.32,
,A5C7CD7E71BB55429480C147D0ABD6E0-5,1762586968,FCRequestMetrics:/n-matmul-2048,30,30,,,795.50,n-matmul-2048,false,b9c50fa7ffa2,,c-690ef10b-0cf1abd9-39e48c7dd1cd,1762586967551,Sync,1062.89,1762586967285,21.0.3.8,false,2048,39.98,InvokeFunction,,,LATEST,1-690ef157-0c0a43-9f762b19a620,OnDemand,,,266.65,
,BF6FA9AF6994B690E2E5555B14FF4940-4,1762586968,FCRequestMetrics:/n-matmul-2048,20,20,,,819.87,n-matmul-2048,false,21ba44532db0,,c-690ef12f-0cf1abd9-72da07858f04,1762586968175,Sync,821.38,1762586968175,21.0.3.8,false,2048,43.32,InvokeFunction,,,LATEST,1-690ef158-0c0a43-0496c708a3c9,OnDemand,,,0.53,
,DDEEB29FD5ADFBB67E4F2FEB83463658-7,1762586968,FCRequestMetrics:/n-matmul-2048,30,30,,,782.62,n-matmul-2048,false,bc52147f2a7a,,c-690ef12c-0cf1abd9-69aaf8ca2a4b,1762586967665,Sync,859.48,1762586967589,21.0.3.8,false,2048,45.79,InvokeFunction,,,LATEST,1-690ef157-0c0a43-2c9acc092cfd,OnDemand,,,75.94,
,B2D19E9889F3DDE524F4ACFCF2A5FEBF-2,1762586968,FCRequestMetrics:/n-matmul-2048,20,20,,,643.35,n-matmul-2048,false,95f39cca25aa,,c-690ef10b-0cf1abd9-336379de3020,1762586968194,Sync,644.68,1762586968194,21.0.3.8,false,2048,38.54,InvokeFunction,,,LATEST,1-690ef158-0c0a43-35880da54a36,OnDemand,,,0.50,
,B63107B9394C762ADF436F322BAA4B65-2,1762586968,FCRequestMetrics:/n-matmul-2048,17,17,,,776.85,n-matmul-2048,false,1ccfa60657e6,,c-690ef10b-0cf1abd9-672e1c9f5eed,1762586967256,Sync,778.32,1762586967255,21.0.3.8,false,2048,40.97,InvokeFunction,,,LATEST,1-690ef157-0c0a43-2deeceefdb43,OnDemand,,,0.51,
,B63107B9394C762ADF436F322BAA4B65-2,1762586968,FCRequestMetrics:/n-matmul-2048,20,20,,,796.77,n-matmul-2048,false,1ccfa60657e6,,c-690ef10b-0cf1abd9-672e1c9f5eed,1762586968174,Sync,798.62,1762586968173,21.0.3.8,false,2048,44.05,InvokeFunction,,,LATEST,1-690ef158-0c49fa-b2ffec3cc727,OnDemand,,,1.15,
,9A02C87DA0F400C9E40F40EF2DF6006D-3,1762586968,FCRequestMetrics:/n-matmul-2048,20,20,,,794.93,n-matmul-2048,false,3ea4534df15d,,c-690ef10b-0cf1abd9-31fefea0e1fd,1762586968192,Sync,796.19,1762586968191,21.0.3.8,false,2048,43.83,InvokeFunction,,,LATEST,1-690ef158-0c0a43-686a7976920a,OnDemand,,,0.47,
,DC91F31EAE4326850C248390B5A5E361-1,1762586968,FCRequestMetrics:/n-matmul-2048,30,30,,,804.73,n-matmul-2048,false,cf01fd95e6f6,,c-690ef150-0cf1abd9-91e7929a8b40,1762586967205,Sync,1192.07,1762586966818,21.0.3.8,false,2048,38.33,InvokeFunction,,,LATEST,1-690ef158-0c0a43-8276d5c91346,OnDemand,,,386.57,
,C38D529AEE78E8BFEBBDDADEDE13D41B-2,1762586968,FCRequestMetrics:/n-matmul-2048,30,30,,,644.19,n-matmul-2048,false,965073b71ef9,,c-690ef12c-0cf1abd9-ee855b82b2d6,1762586967542,Sync,902.93,1762586967284,21.0.3.7,false,2048,36.33,InvokeFunction,,,LATEST,1-690ef157-0c0a43-b6f3dd6b081c,OnDemand,,,257.95,
,211620C9A07558D2D8764497DA6068A4-3,1762586968,FCRequestMetrics:/n-matmul-2048,20,20,,,796.66,n-matmul-2048,false,e053c99a8bb6,,c-690ef10b-0cf1abd9-9de429f2e3c5,1762586968184,Sync,798.42,1762586968183,21.0.3.8,false,2048,42.47,InvokeFunction,,,LATEST,1-690ef158-0c49fa-89c99af82668,OnDemand,,,1.05,
,B10148BC96FECE49F2FC2439520A3175-5,1762586968,FCRequestMetrics:/n-matmul-2048,20,20,,,663.96,n-matmul-2048,false,9ae0a7a16fc1,,c-690ef12e-0cf1abd9-86b866453e74,1762586968018,Sync,667.95,1762586968016,21.0.3.7,false,2048,34.15,InvokeFunction,,,LATEST,1-690ef158-0c49fa-6b6aee868521,OnDemand,,,1.39,
,5E9C37D1C997E792337F0D79C839D1F6-5,1762586968,FCRequestMetrics:/n-matmul-2048,20,20,,,649.14,n-matmul-2048,false,7be323259747,,c-690ef12d-0cf1abd9-4ddba8cb6fd4,1762586968001,Sync,650.98,1762586968000,21.0.3.8,false,2048,36.45,InvokeFunction,,,LATEST,1-690ef157-0c49fa-c4ebee30ff22,OnDemand,,,1.14,
,943CF4692F491FB15BAF1EAB0CB8860A-1,1762586968,FCRequestMetrics:/n-matmul-2048,30,30,,,651.15,n-matmul-2048,false,bfd14e2c48c1,,c-690ef14e-0cf1abd9-da3a9c4be72b,1762586967934,Sync,1204.58,1762586967381,21.0.3.8,false,2048,37.06,InvokeFunction,,,LATEST,1-690ef158-0c49fa-64fe772b6892,OnDemand,,,552.73,
,B1BC54E0839163A3A2719B2791B845EA-4,1762586968,FCRequestMetrics:/n-matmul-2048,20,20,,,669.92,n-matmul-2048,false,c5eb2abfaa5d,,c-690ef14c-0cf1abd9-28e65fb7d593,1762586967332,Sync,671.89,1762586967331,21.0.3.5,false,2048,34.54,InvokeFunction,,,LATEST,1-690ef158-0c49fa-b4e4fba6a8e2,OnDemand,,,1.15,
,B1BC54E0839163A3A2719B2791B845EA-4,1762586968,FCRequestMetrics:/n-matmul-2048,30,30,,,774.42,n-matmul-2048,false,c5eb2abfaa5d,,c-690ef14c-0cf1abd9-28e65fb7d593,1762586968005,Sync,1240.24,1762586967540,21.0.3.5,false,2048,39.00,InvokeFunction,,,LATEST,1-690ef158-0c0a43-3cf65d61b037,OnDemand,,,465.03,
,2ECD84792EE924A03BABF1E3B673BF9D-2,1762586968,FCRequestMetrics:/n-matmul-2048,20,20,,,794.57,n-matmul-2048,false,203a62c08916,,c-690ef155-0cf1abd9-fdccf7e0f65d,1762586967244,Sync,795.93,1762586967243,21.0.3.8,false,2048,96.08,InvokeFunction,,,LATEST,1-690ef158-0c0a43-0efd27e26a29,OnDemand,,,0.60,
,18363E7E93F59FF8F193127D52D86051-5,1762586968,FCRequestMetrics:/n-matmul-2048,20,20,,,687.52,n-matmul-2048,false,3f9c9a307fd4,,c-690ef130-0cf1abd9-454ab669b866,1762586967986,Sync,689.68,1762586967985,21.0.3.8,false,2048,34.38,InvokeFunction,,,LATEST,1-690ef157-0c49fa-58e99428fe53,OnDemand,,,1.07,
,E08BA4ABFB8C4109D958EF35CCDE9E75-5,1762586968,FCRequestMetrics:/n-matmul-2048,20,20,,,690.99,n-matmul-2048,false,f6ea6fba0d1f,,c-690ef12a-0cf1abd9-0e59ac1cec40,1762586967973,Sync,692.28,1762586967972,21.0.3.6,false,2048,34.39,InvokeFunction,,,LATEST,1-690ef157-0c0a43-f3102f3918cf,OnDemand,,,0.49,
,636547988E635DCC4C08253D0766BAEB-1,1762586968,FCRequestMetrics:/n-matmul-2048,30,30,,,795.33,n-matmul-2048,false,3da1c5559a3b,,c-690ef156-0cf1abd9-a60f14769352,1762586967480,Sync,919.11,1762586967357,21.0.3.8,false,2048,96.95,InvokeFunction,,,LATEST,1-690ef158-0c49fa-e215bfd29330,OnDemand,,,123.02,
,00E67D373DA9C60BEF759D13208EAAD9-2,1762586968,FCRequestMetrics:/n-matmul-2048,20,20,,,667.35,n-matmul-2048,false,9013ed408e73,,c-690ef10b-0cf1abd9-dbc16e7d233d,1762586968190,Sync,669.04,1762586968189,21.0.3.8,false,2048,38.73,InvokeFunction,,,LATEST,1-690ef158-0c0a43-fe85765b3f5b,OnDemand,,,0.63,
,7B2CA077525D5F38D7687113836FF4D4-0,1762586968,FCRequestMetrics:/n-matmul-2048,30,30,,,684.32,n-matmul-2048,false,dd2888fed1c9,,c-690ef14f-0cf1abd9-cabc0eaa101b,1762586967415,Sync,1125.08,1762586966975,21.0.3.8,false,2048,34.46,InvokeFunction,,,LATEST,1-690ef158-0c0a43-c425c56f934e,OnDemand,,,439.93,
,7B2CA077525D5F38D7687113836FF4D4-0,1762586968,FCRequestMetrics:/n-matmul-2048,14,14,,,658.92,n-matmul-2048,false,dd2888fed1c9,,c-690ef14f-0cf1abd9-cabc0eaa101b,1762586968110,Sync,661.10,1762586968109,21.0.3.8,false,2048,36.57,InvokeFunction,,,LATEST,1-690ef159-0c49fa-4c7314d154b7,OnDemand,,,1.37,
,D5A4CD99F058D411C58A3919BEB264F4-3,1762586968,FCRequestMetrics:/n-matmul-2048,22,22,,,0.08,n-matmul-2048,true,a1586973fec8,,c-690ef10b-0cf1abd9-90463d425ca7,1762586968125,Sync,421.89,1762586968123,21.0.3.8,false,2048,2.29,InvokeFunction,,,LATEST,1-690ef158-0c49fa-9b96a8e062be,OnDemand,,,1.75,,"{""errorType"":""FunctionAbnormalExitError""}"
,46B19270B472A6D217A2E559E7E7C97B-3,1762586968,FCRequestMetrics:/n-matmul-2048,30,30,,,669.66,n-matmul-2048,false,869d26b39717,,c-690ef10b-0cf1abd9-b6750c057b8f,1762586967702,Sync,671.06,1762586967701,21.0.3.8,false,2048,28.77,InvokeFunction,,,LATEST,1-690ef157-0c0a43-ba91a61311a1,OnDemand,,,0.54,
,F0BCE0E40FE41E0F61DD5DAF956249CC-7,1762586968,FCRequestMetrics:/n-matmul-2048,22,22,,,0.02,n-matmul-2048,true,b9ed45a41c5d,,c-690ef139-0cf1abd9-bfec9b76d480,1762586968073,Sync,567.88,1762586968072,21.0.3.8,false,2048,2.20,InvokeFunction,,,LATEST,1-690ef158-0c0a43-7870db474b99,OnDemand,,,0.85,,"{""errorType"":""FunctionAbnormalExitError""}"
,7C3B3344857E71889D56CDA44A54F6B2-2,1762586968,FCRequestMetrics:/n-matmul-2048,27,27,,,685.78,n-matmul-2048,false,687fca8d325c,,c-690ef12c-0cf1abd9-6ced060ffe1b,1762586967787,Sync,687.14,1762586967786,21.0.3.8,false,2048,26.76,InvokeFunction,,,LATEST,1-690ef157-0c0a43-4f5ca225b2db,OnDemand,,,0.55,
,82C12ED6E643926156E0217F8DC83EE9-5,1762586968,FCRequestMetrics:/n-matmul-2048,20,20,,,0.03,n-matmul-2048,true,a9b6a74eafdc,,c-690ef12d-0cf1abd9-2948faf88166,1762586967990,Sync,541.76,1762586967989,21.0.3.8,false,2048,2.14,InvokeFunction,,,LATEST,1-690ef157-0c49fa-ae74e496fc63,OnDemand,,,1.18,,"{""errorType"":""FunctionAbnormalExitError""}"
,EB19AA8F9B61C51C3FCBC98D949BD1C2-5,1762586968,FCRequestMetrics:/n-matmul-2048,24,24,,,676.47,n-matmul-2048,false,211d8375abf1,,c-690ef12d-0cf1abd9-78e04fcb7549,1762586967844,Sync,677.69,1762586967843,21.0.3.8,false,2048,28.66,InvokeFunction,,,LATEST,1-690ef157-0c0a43-c374f1b55eff,OnDemand,,,0.55,
,A5C7CD7E71BB55429480C147D0ABD6E0-5,1762586968,FCRequestMetrics:/n-matmul-2048,30,30,,,0.02,n-matmul-2048,true,b9c50fa7ffa2,,c-690ef10b-0cf1abd9-39e48c7dd1cd,1762586968350,Sync,576.22,1762586968200,21.0.3.8,false,2048,4.14,InvokeFunction,,,LATEST,1-690ef158-0c49fa-cfc3801cf09d,OnDemand,,,150.68,,"{""errorType"":""FunctionAbnormalExitError""}"
,A91AC64A0F8E1976F88383B363514050-2,1762586968,FCRequestMetrics:/n-matmul-2048,30,30,,,649.18,n-matmul-2048,false,cc3f8c782a21,,c-690ef151-0cf1abd9-7fe4e69dd5c1,1762586967534,Sync,693.05,1762586967491,21.0.3.8,false,2048,36.25,InvokeFunction,,,LATEST,1-690ef158-0c49fa-f381aad2351d,OnDemand,,,43.14,
,2523AFCDD5BD8A2B2953E48983230929-2,1762586968,FCRequestMetrics:/n-matmul-2048,20,20,,,697.03,n-matmul-2048,false,01d6f783bdb1,,c-690ef10b-0cf1abd9-dd39c218e942,1762586968184,Sync,698.46,1762586968183,21.0.3.8,false,2048,28.62,InvokeFunction,,,LATEST,1-690ef158-0c0a43-2585da74ad74,OnDemand,,,0.52,
,510F8A150819018E635E267F62520B9B-3,1762586968,FCRequestMetrics:/n-matmul-2048,20,20,,,0.03,n-matmul-2048,true,c8577adbf622,,c-690ef10b-0cf1abd9-26ef2c508c1e,1762586967994,Sync,424.79,1762586967992,21.0.3.8,false,2048,4.03,InvokeFunction,,,LATEST,1-690ef157-0c49fa-4b65b3689f3f,OnDemand,,,1.26,,"{""errorType"":""FunctionAbnormalExitError""}"
,D461B99DDC361457A1C9EC0902546FD1-2,1762586968,FCRequestMetrics:/n-matmul-2048,30,30,,,0.07,n-matmul-2048,true,ed2ed25159fc,,c-690ef14f-0cf1abd9-e247acd3fed5,1762586967640,Sync,946.02,1762586967129,21.0.3.8,false,2048,2.23,InvokeFunction,,,LATEST,1-690ef158-0c49fa-9dfe2225224d,OnDemand,,,510.24,,"{""errorType"":""FunctionAbnormalExitError""}"
,DDEEB29FD5ADFBB67E4F2FEB83463658-7,1762586969,FCRequestMetrics:/n-matmul-2048,30,30,,,790.68,n-matmul-2048,false,bc52147f2a7a,,c-690ef12c-0cf1abd9-69aaf8ca2a4b,1762586968451,Sync,1038.88,1762586968204,21.0.3.8,false,2048,46.16,InvokeFunction,,,LATEST,1-690ef158-0c0a43-28bd1b8d9404,OnDemand,,,247.49,
,B2D19E9889F3DDE524F4ACFCF2A5FEBF-2,1762586969,FCRequestMetrics:/n-matmul-2048,30,30,,,782.19,n-matmul-2048,false,95f39cca25aa,,c-690ef10b-0cf1abd9-336379de3020,1762586968840,Sync,1109.59,1762586968514,21.0.3.8,false,2048,40.91,InvokeFunction,,,LATEST,1-690ef158-0c0a43-ebdfeb6b2701,OnDemand,,,326.70,
,C38D529AEE78E8BFEBBDDADEDE13D41B-2,1762586969,FCRequestMetrics:/n-matmul-2048,20,20,,,822.94,n-matmul-2048,false,965073b71ef9,,c-690ef12c-0cf1abd9-ee855b82b2d6,1762586968191,Sync,824.54,1762586968190,21.0.3.7,false,2048,38.66,InvokeFunction,,,LATEST,1-690ef158-0c49fa-cb130da17ef4,OnDemand,,,0.91,
,B10148BC96FECE49F2FC2439520A3175-5,1762586969,FCRequestMetrics:/n-matmul-2048,30,30,,,643.12,n-matmul-2048,false,9ae0a7a16fc1,,c-690ef12e-0cf1abd9-86b866453e74,1762586968687,Sync,1106.80,1762586968224,21.0.3.7,false,2048,36.52,InvokeFunction,,,LATEST,1-690ef158-0c49fa-8ae01dd916f6,OnDemand,,,462.92,
,5E9C37D1C997E792337F0D79C839D1F6-5,1762586969,FCRequestMetrics:/n-matmul-2048,30,30,,,635.43,n-matmul-2048,false,7be323259747,,c-690ef12d-0cf1abd9-4ddba8cb6fd4,1762586968654,Sync,1070.67,1762586968219,21.0.3.8,false,2048,38.57,InvokeFunction,,,LATEST,1-690ef158-0c0a43-26ae02e4b63d,OnDemand,,,434.52,
,943CF4692F491FB15BAF1EAB0CB8860A-1,1762586969,FCRequestMetrics:/n-matmul-2048,14,14,,,782.78,n-matmul-2048,false,bfd14e2c48c1,,c-690ef14e-0cf1abd9-da3a9c4be72b,1762586968597,Sync,784.03,1762586968596,21.0.3.8,false,2048,39.34,InvokeFunction,,,LATEST,1-690ef159-0c0a43-ce1b95141141,OnDemand,,,0.55,
,B1BC54E0839163A3A2719B2791B845EA-4,1762586969,FCRequestMetrics:/n-matmul-2048,14,14,,,804.49,n-matmul-2048,false,c5eb2abfaa5d,,c-690ef14c-0cf1abd9-28e65fb7d593,1762586968819,Sync,806.43,1762586968818,21.0.3.5,false,2048,42.05,InvokeFunction,,,LATEST,1-690ef159-0c49fa-945523d93b74,OnDemand,,,1.22,
,18363E7E93F59FF8F193127D52D86051-5,1762586969,FCRequestMetrics:/n-matmul-2048,30,30,,,787.12,n-matmul-2048,false,3f9c9a307fd4,,c-690ef130-0cf1abd9-454ab669b866,1762586968678,Sync,1243.22,1762586968223,21.0.3.8,false,2048,38.79,InvokeFunction,,,LATEST,1-690ef158-0c49fa-d002daf117d9,OnDemand,,,455.39,
,E08BA4ABFB8C4109D958EF35CCDE9E75-5,1762586969,FCRequestMetrics:/n-matmul-2048,30,30,,,782.29,n-matmul-2048,false,f6ea6fba0d1f,,c-690ef12a-0cf1abd9-0e59ac1cec40,1762586968671,Sync,1231.80,1762586968222,21.0.3.6,false,2048,38.87,InvokeFunction,,,LATEST,1-690ef158-0c0a43-127830fa09f7,OnDemand,,,448.80,
,636547988E635DCC4C08253D0766BAEB-1,1762586969,FCRequestMetrics:/n-matmul-2048,13,13,,,877.25,n-matmul-2048,false,3da1c5559a3b,,c-690ef156-0cf1abd9-a60f14769352,1762586968292,Sync,881.23,1762586968292,21.0.3.8,false,2048,99.63,InvokeFunction,,,LATEST,1-690ef159-0c0a43-29be233119ea,OnDemand,,,0.59,
,2ECD84792EE924A03BABF1E3B673BF9D-4,1762586969,FCRequestMetrics:/n-matmul-2048,13,13,,,814.84,n-matmul-2048,false,203a62c08916,,c-690ef155-0cf1abd9-fdccf7e0f65d,1762586969141,Sync,816.85,1762586969140,21.0.3.8,false,2048,99.41,InvokeFunction,,,LATEST,1-690ef15a-0c49fa-fafa974d267f,OnDemand,,,1.20,
,7B2CA077525D5F38D7687113836FF4D4-0,1762586969,FCRequestMetrics:/n-matmul-2048,25,25,,,799.31,n-matmul-2048,false,dd2888fed1c9,,c-690ef14f-0cf1abd9-cabc0eaa101b,1762586968807,Sync,800.64,1762586968806,21.0.3.8,false,2048,38.04,InvokeFunction,,,LATEST,1-690ef15a-0c0a43-60c37ca75efb,OnDemand,,,0.49,
,D5A4CD99F058D411C58A3919BEB264F4-3,1762586969,FCRequestMetrics:/n-matmul-2048,30,30,,,681.36,n-matmul-2048,false,a1586973fec8,,c-690ef10b-0cf1abd9-90463d425ca7,1762586968547,Sync,1013.13,1762586968216,21.0.3.8,false,2048,28.61,InvokeFunction,,,LATEST,1-690ef158-0c49fa-1d7d7b707046,OnDemand,,,330.74,
,D5A4CD99F058D411C58A3919BEB264F4-3,1762586969,FCRequestMetrics:/n-matmul-2048,13,13,,,635.91,n-matmul-2048,false,a1586973fec8,,c-690ef10b-0cf1abd9-90463d425ca7,1762586969328,Sync,643.06,1762586969327,21.0.3.8,false,2048,36.20,InvokeFunction,,,LATEST,1-690ef159-0c49fa-8a278e4e8d1e,OnDemand,,,1.42,
,46B19270B472A6D217A2E559E7E7C97B-3,1762586969,FCRequestMetrics:/n-matmul-2048,30,30,,,700.04,n-matmul-2048,false,869d26b39717,,c-690ef10b-0cf1abd9-b6750c057b8f,1762586968378,Sync,878.40,1762586968201,21.0.3.8,false,2048,36.13,InvokeFunction,,,LATEST,1-690ef158-0c0a43-d160e073005b,OnDemand,,,177.14,
,F0BCE0E40FE41E0F61DD5DAF956249CC-7,1762586969,FCRequestMetrics:/n-matmul-2048,30,30,,,682.47,n-matmul-2048,false,b9ed45a41c5d,,c-690ef139-0cf1abd9-bfec9b76d480,1762586968642,Sync,1108.00,1762586968217,21.0.3.8,false,2048,28.70,InvokeFunction,,,LATEST,1-690ef158-0c49fa-1e91fb95b778,OnDemand,,,424.54,
,7C3B3344857E71889D56CDA44A54F6B2-2,1762586969,FCRequestMetrics:/n-matmul-2048,30,30,,,656.34,n-matmul-2048,false,687fca8d325c,,c-690ef12c-0cf1abd9-6ced060ffe1b,1762586968476,Sync,927.39,1762586968206,21.0.3.8,false,2048,34.64,InvokeFunction,,,LATEST,1-690ef158-0c49fa-ec2da112dae5,OnDemand,,,270.35,
,82C12ED6E643926156E0217F8DC83EE9-5,1762586969,FCRequestMetrics:/n-matmul-2048,30,30,,,685.26,n-matmul-2048,false,a9b6a74eafdc,,c-690ef12d-0cf1abd9-2948faf88166,1762586968533,Sync,1005.77,1762586968213,21.0.3.8,false,2048,26.73,InvokeFunction,,,LATEST,1-690ef158-0c0a43-973164ca4e69,OnDemand,,,318.58,
,EB19AA8F9B61C51C3FCBC98D949BD1C2-5,1762586969,FCRequestMetrics:/n-matmul-2048,30,30,,,649.57,n-matmul-2048,false,211d8375abf1,,c-690ef12d-0cf1abd9-78e04fcb7549,1762586968524,Sync,964.23,1762586968210,21.0.3.8,false,2048,36.24,InvokeFunction,,,LATEST,1-690ef158-0c49fa-eb5864b81bec,OnDemand,,,314.02,
,A5C7CD7E71BB55429480C147D0ABD6E0-5,1762586969,FCRequestMetrics:/n-matmul-2048,30,30,,,687.37,n-matmul-2048,false,b9c50fa7ffa2,,c-690ef10b-0cf1abd9-39e48c7dd1cd,1762586968778,Sync,1188.83,1762586968277,21.0.3.8,false,2048,26.75,InvokeFunction,,,LATEST,1-690ef158-0c0a43-8ac2dbab1f10,OnDemand,,,500.69,
,91973BCA72DE9462DCC25EF55C6AC5B5-1,1762586969,FCRequestMetrics:/n-matmul-2048,25,25,,,709.20,n-matmul-2048,false,74deffaed995,,c-690ef14e-0cf1abd9-32bbbd8baf97,1762586968549,Sync,711.02,1762586968548,21.0.3.8,false,2048,36.53,InvokeFunction,,,LATEST,1-690ef15a-0c49fa-3c2d39889c7f,OnDemand,,,0.97,
,510F8A150819018E635E267F62520B9B-3,1762586969,FCRequestMetrics:/n-matmul-2048,30,30,,,672.25,n-matmul-2048,false,c8577adbf622,,c-690ef10b-0cf1abd9-26ef2c508c1e,1762586968419,Sync,890.09,1762586968201,21.0.3.8,false,2048,26.72,InvokeFunction,,,LATEST,1-690ef158-0c0a43-06a39d128bbd,OnDemand,,,217.06,
,DC91F31EAE4326850C248390B5A5E361-1,1762586969,FCRequestMetrics:/n-matmul-2048,13,13,,,0.03,n-matmul-2048,true,cf01fd95e6f6,,c-690ef150-0cf1abd9-91e7929a8b40,1762586968639,Sync,424.61,1762586968638,21.0.3.8,false,2048,2.10,InvokeFunction,,,LATEST,1-690ef15a-0c49fa-65e7a5d25afe,OnDemand,,,1.15,,"{""errorType"":""FunctionAbnormalExitError""}"
,DC91F31EAE4326850C248390B5A5E361-1,1762586969,FCRequestMetrics:/n-matmul-2048,30,30,,,733.06,n-matmul-2048,false,cf01fd95e6f6,,c-690ef150-0cf1abd9-91e7929a8b40,1762586969064,Sync,867.81,1762586968930,21.0.3.8,false,2048,26.61,InvokeFunction,,,LATEST,1-690ef15a-0c0a43-04af2eefd2da,OnDemand,,,134.02,
,D461B99DDC361457A1C9EC0902546FD1-2,1762586969,FCRequestMetrics:/n-matmul-2048,13,13,,,687.32,n-matmul-2048,false,ed2ed25159fc,,c-690ef14f-0cf1abd9-e247acd3fed5,1762586968924,Sync,688.99,1762586968923,21.0.3.8,false,2048,26.71,InvokeFunction,,,LATEST,1-690ef15a-0c49fa-e2503cce6c97,OnDemand,,,0.91,
,DDEEB29FD5ADFBB67E4F2FEB83463658-7,1762586969,FCRequestMetrics:/n-matmul-2048,13,13,,,0.03,n-matmul-2048,true,bc52147f2a7a,,c-690ef12c-0cf1abd9-69aaf8ca2a4b,1762586969269,Sync,534.56,1762586969267,21.0.3.8,false,2048,4.14,InvokeFunction,,,LATEST,1-690ef159-0c49fa-7094880bb324,OnDemand,,,1.43,,"{""errorType"":""FunctionAbnormalExitError""}"
,943CF4692F491FB15BAF1EAB0CB8860A-1,1762586969,FCRequestMetrics:/n-matmul-2048,25,25,,,0.03,n-matmul-2048,true,bfd14e2c48c1,,c-690ef14e-0cf1abd9-da3a9c4be72b,1762586969384,Sync,448.28,1762586969374,21.0.3.8,false,2048,2.36,InvokeFunction,,,LATEST,1-690ef15a-0c49fa-2a81300b6d4a,OnDemand,,,9.83,,"{""errorType"":""FunctionAbnormalExitError""}"
,636547988E635DCC4C08253D0766BAEB-1,1762586969,FCRequestMetrics:/n-matmul-2048,30,30,,,0.02,n-matmul-2048,true,3da1c5559a3b,,c-690ef156-0cf1abd9-a60f14769352,1762586969176,Sync,561.47,1762586969080,21.0.3.8,false,2048,60.42,InvokeFunction,,,LATEST,1-690ef15a-0c49fa-d2dc8debdb03,OnDemand,,,94.92,,"{""errorType"":""FunctionAbnormalExitError""}"
,B10148BC96FECE49F2FC2439520A3175-5,1762586970,FCRequestMetrics:/n-matmul-2048,13,13,,,785.77,n-matmul-2048,false,9ae0a7a16fc1,,c-690ef12e-0cf1abd9-86b866453e74,1762586969352,Sync,787.47,1762586969351,21.0.3.7,false,2048,38.33,InvokeFunction,,,LATEST,1-690ef159-0c49fa-e87a6afbf19e,OnDemand,,,0.91,
,5E9C37D1C997E792337F0D79C839D1F6-5,1762586970,FCRequestMetrics:/n-matmul-2048,13,13,,,786.18,n-matmul-2048,false,7be323259747,,c-690ef12d-0cf1abd9-4ddba8cb6fd4,1762586969327,Sync,787.99,1762586969326,21.0.3.8,false,2048,40.26,InvokeFunction,,,LATEST,1-690ef159-0c49fa-8a9673e41be8,OnDemand,,,1.08,
,18363E7E93F59FF8F193127D52D86051-5,1762586970,FCRequestMetrics:/n-matmul-2048,14,14,,,788.17,n-matmul-2048,false,3f9c9a307fd4,,c-690ef130-0cf1abd9-454ab669b866,1762586969507,Sync,789.35,1762586969506,21.0.3.8,false,2048,41.51,InvokeFunction,,,LATEST,1-690ef159-0c0a43-db98fddef9e9,OnDemand,,,0.48,
,E08BA4ABFB8C4109D958EF35CCDE9E75-5,1762586970,FCRequestMetrics:/n-matmul-2048,13,13,,,801.62,n-matmul-2048,false,f6ea6fba0d1f,,c-690ef12a-0cf1abd9-0e59ac1cec40,1762586969554,Sync,803.39,1762586969553,21.0.3.6,false,2048,42.66,InvokeFunction,,,LATEST,1-690ef159-0c0a43-6092f17efb7b,OnDemand,,,0.55,
,D5A4CD99F058D411C58A3919BEB264F4-3,1762586970,FCRequestMetrics:/n-matmul-2048,13,13,,,673.74,n-matmul-2048,false,a1586973fec8,,c-690ef10b-0cf1abd9-90463d425ca7,1762586970010,Sync,675.85,1762586970009,21.0.3.8,false,2048,38.51,InvokeFunction,,,LATEST,1-690ef15a-0c49fa-b96c44e16e6b,OnDemand,,,1.43,
,46B19270B472A6D217A2E559E7E7C97B-3,1762586970,FCRequestMetrics:/n-matmul-2048,13,13,,,644.46,n-matmul-2048,false,869d26b39717,,c-690ef10b-0cf1abd9-b6750c057b8f,1762586970046,Sync,646.29,1762586970045,21.0.3.8,false,2048,38.39,InvokeFunction,,,LATEST,1-690ef15a-0c49fa-3e6d3e6c429a,OnDemand,,,1.03,
,F0BCE0E40FE41E0F61DD5DAF956249CC-7,1762586970,FCRequestMetrics:/n-matmul-2048,13,13,,,657.85,n-matmul-2048,false,b9ed45a41c5d,,c-690ef139-0cf1abd9-bfec9b76d480,1762586969367,Sync,659.75,1762586969365,21.0.3.8,false,2048,35.93,InvokeFunction,,,LATEST,1-690ef159-0c49fa-fed483f893d4,OnDemand,,,1.13,
,F0BCE0E40FE41E0F61DD5DAF956249CC-7,1762586970,FCRequestMetrics:/n-matmul-2048,13,13,,,792.03,n-matmul-2048,false,b9ed45a41c5d,,c-690ef139-0cf1abd9-bfec9b76d480,1762586970034,Sync,793.80,1762586970033,21.0.3.8,false,2048,40.43,InvokeFunction,,,LATEST,1-690ef15a-0c49fa-841e8ae56741,OnDemand,,,0.92,
,7C3B3344857E71889D56CDA44A54F6B2-2,1762586970,FCRequestMetrics:/n-matmul-2048,13,13,,,771.70,n-matmul-2048,false,687fca8d325c,,c-690ef12c-0cf1abd9-6ced060ffe1b,1762586970041,Sync,772.91,1762586970040,21.0.3.8,false,2048,38.66,InvokeFunction,,,LATEST,1-690ef15a-0c0a43-2496c04416c8,OnDemand,,,0.45,
,82C12ED6E643926156E0217F8DC83EE9-5,1762586970,FCRequestMetrics:/n-matmul-2048,13,13,,,656.59,n-matmul-2048,false,a9b6a74eafdc,,c-690ef12d-0cf1abd9-2948faf88166,1762586969372,Sync,658.47,1762586969371,21.0.3.8,false,2048,34.50,InvokeFunction,,,LATEST,1-690ef159-0c49fa-2364ed1ee0b2,OnDemand,,,1.13,
,82C12ED6E643926156E0217F8DC83EE9-5,1762586970,FCRequestMetrics:/n-matmul-2048,13,13,,,787.77,n-matmul-2048,false,a9b6a74eafdc,,c-690ef12d-0cf1abd9-2948faf88166,1762586970032,Sync,789.02,1762586970032,21.0.3.8,false,2048,38.84,InvokeFunction,,,LATEST,1-690ef15a-0c0a43-23969808c332,OnDemand,,,0.52,
,EB19AA8F9B61C51C3FCBC98D949BD1C2-5,1762586970,FCRequestMetrics:/n-matmul-2048,13,13,,,781.66,n-matmul-2048,false,211d8375abf1,,c-690ef12d-0cf1abd9-78e04fcb7549,1762586970039,Sync,782.87,1762586970038,21.0.3.8,false,2048,40.57,InvokeFunction,,,LATEST,1-690ef15a-0c0a43-416f766aef9b,OnDemand,,,0.52,
,A5C7CD7E71BB55429480C147D0ABD6E0-5,1762586970,FCRequestMetrics:/n-matmul-2048,14,14,,,667.75,n-matmul-2048,false,b9c50fa7ffa2,,c-690ef10b-0cf1abd9-39e48c7dd1cd,1762586969507,Sync,668.94,1762586969507,21.0.3.8,false,2048,34.41,InvokeFunction,,,LATEST,1-690ef159-0c0a43-8ae8e60cc07a,OnDemand,,,0.48,
,A5C7CD7E71BB55429480C147D0ABD6E0-5,1762586970,FCRequestMetrics:/n-matmul-2048,25,25,,,659.66,n-matmul-2048,false,b9c50fa7ffa2,,c-690ef10b-0cf1abd9-39e48c7dd1cd,1762586970178,Sync,661.79,1762586970177,21.0.3.8,false,2048,36.40,InvokeFunction,,,LATEST,1-690ef15a-0c49fa-adeac7f7a37f,OnDemand,,,1.37,
,A91AC64A0F8E1976F88383B363514050-2,1762586970,FCRequestMetrics:/n-matmul-2048,25,25,,,802.52,n-matmul-2048,false,cc3f8c782a21,,c-690ef151-0cf1abd9-7fe4e69dd5c1,1762586969556,Sync,804.08,1762586969555,21.0.3.8,false,2048,40.99,InvokeFunction,,,LATEST,1-690ef15a-0c49fa-2d51c2f42c6c,OnDemand,,,0.79,
,91973BCA72DE9462DCC25EF55C6AC5B5-1,1762586970,FCRequestMetrics:/n-matmul-2048,27,27,,,703.78,n-matmul-2048,false,74deffaed995,,c-690ef14e-0cf1abd9-32bbbd8baf97,1762586969334,Sync,706.08,1762586969332,21.0.3.8,false,2048,38.83,InvokeFunction,,,LATEST,1-690ef15a-0c49fa-714a1682f409,OnDemand,,,1.14,
,91973BCA72DE9462DCC25EF55C6AC5B5-1,1762586970,FCRequestMetrics:/n-matmul-2048,30,30,,,850.68,n-matmul-2048,false,74deffaed995,,c-690ef14e-0cf1abd9-32bbbd8baf97,1762586970041,Sync,1005.12,1762586969887,21.0.3.8,false,2048,40.46,InvokeFunction,,,LATEST,1-690ef15b-0c0a43-27b8791f01ac,OnDemand,,,153.69,
,2523AFCDD5BD8A2B2953E48983230929-2,1762586970,FCRequestMetrics:/n-matmul-2048,25,25,,,667.95,n-matmul-2048,false,01d6f783bdb1,,c-690ef10b-0cf1abd9-dd39c218e942,1762586970264,Sync,669.38,1762586970264,21.0.3.8,false,2048,36.66,InvokeFunction,,,LATEST,1-690ef15a-0c0a43-30a56c0e4fe0,OnDemand,,,0.50,
,510F8A150819018E635E267F62520B9B-3,1762586970,FCRequestMetrics:/n-matmul-2048,13,13,,,647.60,n-matmul-2048,false,c8577adbf622,,c-690ef10b-0cf1abd9-26ef2c508c1e,1762586970042,Sync,648.85,1762586970042,21.0.3.8,false,2048,34.19,InvokeFunction,,,LATEST,1-690ef15a-0c0a43-6db38da353ef,OnDemand,,,0.46,
,DC91F31EAE4326850C248390B5A5E361-1,1762586970,FCRequestMetrics:/n-matmul-2048,30,30,,,708.52,n-matmul-2048,false,cf01fd95e6f6,,c-690ef150-0cf1abd9-91e7929a8b40,1762586969875,Sync,709.84,1762586969874,21.0.3.8,false,2048,34.25,InvokeFunction,,,LATEST,1-690ef15b-0c0a43-bcf0140c7f9b,OnDemand,,,0.53,
,D461B99DDC361457A1C9EC0902546FD1-2,1762586970,FCRequestMetrics:/n-matmul-2048,30,30,,,728.02,n-matmul-2048,false,ed2ed25159fc,,c-690ef14f-0cf1abd9-e247acd3fed5,1762586969617,Sync,731.86,1762586969614,21.0.3.8,false,2048,34.33,InvokeFunction,,,LATEST,1-690ef15a-0c49fa-36d9c61c9423,OnDemand,,,2.63,
,9A02C87DA0F400C9E40F40EF2DF6006D-3,1762586970,FCRequestMetrics:/n-matmul-2048,13,13,,,0.04,n-matmul-2048,true,3ea4534df15d,,c-690ef10b-0cf1abd9-31fefea0e1fd,1762586970046,Sync,433.67,1762586970046,21.0.3.8,false,2048,4.18,InvokeFunction,,,LATEST,1-690ef15a-0c0a43-116b163e3712,OnDemand,,,0.48,,"{""errorType"":""FunctionAbnormalExitError""}"
,211620C9A07558D2D8764497DA6068A4-3,1762586970,FCRequestMetrics:/n-matmul-2048,13,13,,,0.03,n-matmul-2048,true,e053c99a8bb6,,c-690ef10b-0cf1abd9-9de429f2e3c5,1762586970047,Sync,415.71,1762586970046,21.0.3.8,false,2048,2.07,InvokeFunction,,,LATEST,1-690ef15a-0c0a43-225e51b5e860,OnDemand,,,0.49,,"{""errorType"":""FunctionAbnormalExitError""}"
,B63107B9394C762ADF436F322BAA4B65-3,1762586970,FCRequestMetrics:/n-matmul-2048,13,13,,,0.04,n-matmul-2048,true,1ccfa60657e6,,c-690ef10b-0cf1abd9-672e1c9f5eed,1762586970068,Sync,408.14,1762586970066,21.0.3.8,false,2048,4.03,InvokeFunction,,,LATEST,1-690ef15a-0c49fa-69dd596c5e5d,OnDemand,,,1.36,,"{""errorType"":""FunctionAbnormalExitError""}"
,DDEEB29FD5ADFBB67E4F2FEB83463658-7,1762586970,FCRequestMetrics:/n-matmul-2048,13,13,,,690.14,n-matmul-2048,false,bc52147f2a7a,,c-690ef12c-0cf1abd9-69aaf8ca2a4b,1762586970034,Sync,691.44,1762586970034,21.0.3.8,false,2048,26.70,InvokeFunction,,,LATEST,1-690ef15a-0c0a43-3ed82a1d0501,OnDemand,,,0.56,
,B2D19E9889F3DDE524F4ACFCF2A5FEBF-3,1762586970,FCRequestMetrics:/n-matmul-2048,13,13,,,0.04,n-matmul-2048,true,95f39cca25aa,,c-690ef10b-0cf1abd9-336379de3020,1762586969690,Sync,461.66,1762586969689,21.0.3.8,false,2048,4.08,InvokeFunction,,,LATEST,1-690ef159-0c49fa-42cfb038194e,OnDemand,,,0.79,,"{""errorType"":""FunctionAbnormalExitError""}"
,B2D19E9889F3DDE524F4ACFCF2A5FEBF-3,1762586970,FCRequestMetrics:/n-matmul-2048,25,25,,,794.87,n-matmul-2048,false,95f39cca25aa,,c-690ef10b-0cf1abd9-336379de3020,1762586970156,Sync,796.98,1762586970154,21.0.3.8,false,2048,26.70,InvokeFunction,,,LATEST,1-690ef15a-0c49fa-e6735472119f,OnDemand,,,1.37,
,BF6FA9AF6994B690E2E5555B14FF4940-6,1762586970,FCRequestMetrics:/n-matmul-2048,13,13,,,0.04,n-matmul-2048,true,21ba44532db0,,c-690ef12f-0cf1abd9-72da07858f04,1762586970047,Sync,530.82,1762586970046,21.0.3.8,false,2048,4.07,InvokeFunction,,,LATEST,1-690ef15a-0c49fa-8bbddba95100,OnDemand,,,0.75,,"{""errorType"":""FunctionAbnormalExitError""}"
,C38D529AEE78E8BFEBBDDADEDE13D41B-2,1762586970,FCRequestMetrics:/n-matmul-2048,13,13,,,0.07,n-matmul-2048,true,965073b71ef9,,c-690ef12c-0cf1abd9-ee855b82b2d6,1762586970047,Sync,511.55,1762586970045,21.0.3.7,false,2048,2.06,InvokeFunction,,,LATEST,1-690ef15a-0c49fa-eda315f3db5c,OnDemand,,,1.26,,"{""errorType"":""FunctionAbnormalExitError""}"
,B10148BC96FECE49F2FC2439520A3175-5,1762586970,FCRequestMetrics:/n-matmul-2048,25,25,,,0.02,n-matmul-2048,true,9ae0a7a16fc1,,c-690ef12e-0cf1abd9-86b866453e74,1762586970224,Sync,518.91,1762586970222,21.0.3.7,false,2048,2.21,InvokeFunction,,,LATEST,1-690ef15a-0c49fa-69339c42becf,OnDemand,,,1.34,,"{""errorType"":""FunctionAbnormalExitError""}"
,E08BA4ABFB8C4109D958EF35CCDE9E75-5,1762586970,FCRequestMetrics:/n-matmul-2048,30,30,,,0.03,n-matmul-2048,true,f6ea6fba0d1f,,c-690ef12a-0cf1abd9-0e59ac1cec40,1762586970359,Sync,555.68,1762586970325,21.0.3.6,false,2048,2.07,InvokeFunction,,,LATEST,1-690ef15a-0c49fa-9a9920befff1,OnDemand,,,34.30,,"{""errorType"":""FunctionAbnormalExitError""}"
,B1BC54E0839163A3A2719B2791B845EA-4,1762586970,FCRequestMetrics:/n-matmul-2048,25,25,,,0.03,n-matmul-2048,true,c5eb2abfaa5d,,c-690ef14c-0cf1abd9-28e65fb7d593,1762586969630,Sync,493.73,1762586969629,21.0.3.5,false,2048,2.31,InvokeFunction,,,LATEST,1-690ef15a-0c0a43-43eaf0a62db8,OnDemand,,,0.52,,"{""errorType"":""FunctionAbnormalExitError""}"
,943CF4692F491FB15BAF1EAB0CB8860A-1,1762586970,FCRequestMetrics:/n-matmul-2048,30,30,,,671.09,n-matmul-2048,false,bfd14e2c48c1,,c-690ef14e-0cf1abd9-da3a9c4be72b,1762586969828,Sync,813.05,1762586969686,21.0.3.8,false,2048,26.65,InvokeFunction,,,LATEST,1-690ef15a-0c0a43-d82ec37f2310,OnDemand,,,136.94,
,18363E7E93F59FF8F193127D52D86051-5,1762586970,FCRequestMetrics:/n-matmul-2048,25,25,,,0.03,n-matmul-2048,true,3f9c9a307fd4,,c-690ef130-0cf1abd9-454ab669b866,1762586970298,Sync,484.99,1762586970271,21.0.3.8,false,2048,2.32,InvokeFunction,,,LATEST,1-690ef15a-0c0a43-edf6453874eb,OnDemand,,,26.56,,"{""errorType"":""FunctionAbnormalExitError""}"
,5E9C37D1C997E792337F0D79C839D1F6-5,1762586970,FCRequestMetrics:/n-matmul-2048,25,25,,,0.04,n-matmul-2048,true,7be323259747,,c-690ef12d-0cf1abd9-4ddba8cb6fd4,1762586970262,Sync,513.03,1762586970261,21.0.3.8,false,2048,4.27,InvokeFunction,,,LATEST,1-690ef15a-0c49fa-76075b4b6ff9,OnDemand,,,0.90,,"{""errorType"":""FunctionAbnormalExitError""}"
,2ECD84792EE924A03BABF1E3B673BF9D-4,1762586970,FCRequestMetrics:/n-matmul-2048,25,25,,,0.05,n-matmul-2048,true,203a62c08916,,c-690ef155-0cf1abd9-fdccf7e0f65d,1762586969998,Sync,415.39,1762586969996,21.0.3.8,false,2048,60.34,InvokeFunction,,,LATEST,1-690ef15a-0c49fa-0b706f5c90af,OnDemand,,,1.13,,"{""errorType"":""FunctionAbnormalExitError""}"
,7B2CA077525D5F38D7687113836FF4D4-1,1762586970,FCRequestMetrics:/n-matmul-2048,26,26,,,0.04,n-matmul-2048,true,dd2888fed1c9,,c-690ef14f-0cf1abd9-cabc0eaa101b,1762586969647,Sync,445.98,1762586969646,21.0.3.8,false,2048,2.36,InvokeFunction,,,LATEST,1-690ef15b-0c0a43-c9766e388672,OnDemand,,,0.50,,"{""errorType"":""FunctionAbnormalExitError""}"
,7B2CA077525D5F38D7687113836FF4D4-1,1762586970,FCRequestMetrics:/n-matmul-2048,30,30,,,698.65,n-matmul-2048,false,dd2888fed1c9,,c-690ef14f-0cf1abd9-cabc0eaa101b,1762586970094,Sync,916.50,1762586969876,21.0.3.8,false,2048,26.49,InvokeFunction,,,LATEST,1-690ef15b-0c0a43-e6f4d5eed068,OnDemand,,,217.05,
,636547988E635DCC4C08253D0766BAEB-1,1762586970,FCRequestMetrics:/n-matmul-2048,26,26,,,1038.60,n-matmul-2048,false,3da1c5559a3b,,c-690ef156-0cf1abd9-a60f14769352,1762586969721,Sync,1040.79,1762586969720,21.0.3.8,false,2048,28.71,InvokeFunction,,,LATEST,1-690ef15b-0c49fa-c084ae35e0e3,OnDemand,,,1.15,
,00E67D373DA9C60BEF759D13208EAAD9-2,1762586971,FCRequestMetrics:/n-matmul-2048,25,25,,,802.07,n-matmul-2048,false,9013ed408e73,,c-690ef10b-0cf1abd9-dbc16e7d233d,1762586970265,Sync,804.28,1762586970265,21.0.3.8,false,2048,40.68,InvokeFunction,,,LATEST,1-690ef15a-0c0a43-5f27f477b9b7,OnDemand,,,0.48,
,D5A4CD99F058D411C58A3919BEB264F4-3,1762586971,FCRequestMetrics:/n-matmul-2048,30,30,,,788.13,n-matmul-2048,false,a1586973fec8,,c-690ef10b-0cf1abd9-90463d425ca7,1762586970688,Sync,1202.56,1762586970274,21.0.3.8,false,2048,39.88,InvokeFunction,,,LATEST,1-690ef15a-0c49fa-5494a4627c02,OnDemand,,,413.77,
,46B19270B472A6D217A2E559E7E7C97B-3,1762586971,FCRequestMetrics:/n-matmul-2048,30,30,,,787.91,n-matmul-2048,false,869d26b39717,,c-690ef10b-0cf1abd9-b6750c057b8f,1762586970695,Sync,1132.17,1762586970351,21.0.3.8,false,2048,40.30,InvokeFunction,,,LATEST,1-690ef15a-0c49fa-2fa4b3c4df22,OnDemand,,,343.54,
,F0BCE0E40FE41E0F61DD5DAF956249CC-7,1762586971,FCRequestMetrics:/n-matmul-2048,25,25,,,797.88,n-matmul-2048,false,b9ed45a41c5d,,c-690ef139-0cf1abd9-bfec9b76d480,1762586970860,Sync,799.14,1762586970860,21.0.3.8,false,2048,43.38,InvokeFunction,,,LATEST,1-690ef15a-0c0a43-039463f20abf,OnDemand,,,0.51,
,7C3B3344857E71889D56CDA44A54F6B2-2,1762586971,FCRequestMetrics:/n-matmul-2048,25,25,,,779.30,n-matmul-2048,false,687fca8d325c,,c-690ef12c-0cf1abd9-6ced060ffe1b,1762586970879,Sync,780.89,1762586970878,21.0.3.8,false,2048,41.14,InvokeFunction,,,LATEST,1-690ef15a-0c49fa-5f89b178d3fb,OnDemand,,,0.80,
,82C12ED6E643926156E0217F8DC83EE9-5,1762586971,FCRequestMetrics:/n-matmul-2048,25,25,,,797.80,n-matmul-2048,false,a9b6a74eafdc,,c-690ef12d-0cf1abd9-2948faf88166,1762586970867,Sync,801.00,1762586970866,21.0.3.8,false,2048,42.39,InvokeFunction,,,LATEST,1-690ef15a-0c49fa-d7d3a111d4a1,OnDemand,,,1.14,
,EB19AA8F9B61C51C3FCBC98D949BD1C2-5,1762586971,FCRequestMetrics:/n-matmul-2048,25,25,,,807.82,n-matmul-2048,false,211d8375abf1,,c-690ef12d-0cf1abd9-78e04fcb7549,1762586970860,Sync,809.07,1762586970860,21.0.3.8,false,2048,43.88,InvokeFunction,,,LATEST,1-690ef15a-0c0a43-0aa9d9c72129,OnDemand,,,0.43,
,A5C7CD7E71BB55429480C147D0ABD6E0-5,1762586971,FCRequestMetrics:/n-matmul-2048,25,25,,,809.56,n-matmul-2048,false,b9c50fa7ffa2,,c-690ef10b-0cf1abd9-39e48c7dd1cd,1762586970853,Sync,810.95,1762586970853,21.0.3.8,false,2048,38.39,InvokeFunction,,,LATEST,1-690ef15a-0c0a43-1a9e02dd86da,OnDemand,,,0.51,
,A91AC64A0F8E1976F88383B363514050-2,1762586971,FCRequestMetrics:/n-matmul-2048,26,26,,,806.33,n-matmul-2048,false,cc3f8c782a21,,c-690ef151-0cf1abd9-7fe4e69dd5c1,1762586970387,Sync,807.52,1762586970387,21.0.3.8,false,2048,43.67,InvokeFunction,,,LATEST,1-690ef15b-0c0a43-1e04cd846f8b,OnDemand,,,0.47,
,2523AFCDD5BD8A2B2953E48983230929-2,1762586971,FCRequestMetrics:/n-matmul-2048,27,27,,,785.48,n-matmul-2048,false,01d6f783bdb1,,c-690ef10b-0cf1abd9-dd39c218e942,1762586970973,Sync,786.96,1762586970972,21.0.3.8,false,2048,40.96,InvokeFunction,,,LATEST,1-690ef15a-0c0a43-92b7b537ee33,OnDemand,,,0.51,
,510F8A150819018E635E267F62520B9B-3,1762586971,FCRequestMetrics:/n-matmul-2048,30,30,,,781.03,n-matmul-2048,false,c8577adbf622,,c-690ef10b-0cf1abd9-26ef2c508c1e,1762586970693,Sync,1138.34,1762586970336,21.0.3.8,false,2048,38.59,InvokeFunction,,,LATEST,1-690ef15a-0c0a43-3e0eef263f62,OnDemand,,,356.56,
,DC91F31EAE4326850C248390B5A5E361-1,1762586971,FCRequestMetrics:/n-matmul-2048,30,30,,,696.60,n-matmul-2048,false,cf01fd95e6f6,,c-690ef150-0cf1abd9-91e7929a8b40,1762586970588,Sync,728.06,1762586970557,21.0.3.8,false,2048,36.54,InvokeFunction,,,LATEST,1-690ef15b-0c49fa-747cbd327346,OnDemand,,,30.63,
,D461B99DDC361457A1C9EC0902546FD1-2,1762586971,FCRequestMetrics:/n-matmul-2048,30,30,,,855.78,n-matmul-2048,false,ed2ed25159fc,,c-690ef14f-0cf1abd9-e247acd3fed5,1762586970359,Sync,857.24,1762586970358,21.0.3.8,false,2048,38.74,InvokeFunction,,,LATEST,1-690ef15b-0c0a43-9f9cb0606a57,OnDemand,,,0.62,
,9A02C87DA0F400C9E40F40EF2DF6006D-3,1762586971,FCRequestMetrics:/n-matmul-2048,30,30,,,688.33,n-matmul-2048,false,3ea4534df15d,,c-690ef10b-0cf1abd9-31fefea0e1fd,1762586970482,Sync,897.03,1762586970274,21.0.3.8,false,2048,28.59,InvokeFunction,,,LATEST,1-690ef15a-0c0a43-654bc508eb20,OnDemand,,,206.75,
,9A02C87DA0F400C9E40F40EF2DF6006D-3,1762586971,FCRequestMetrics:/n-matmul-2048,30,30,,,658.81,n-matmul-2048,false,3ea4534df15d,,c-690ef10b-0cf1abd9-31fefea0e1fd,1762586971182,Sync,660.09,1762586971181,21.0.3.8,false,2048,36.14,InvokeFunction,,,LATEST,1-690ef15b-0c0a43-38f3c49e6d45,OnDemand,,,0.55,
,211620C9A07558D2D8764497DA6068A4-3,1762586971,FCRequestMetrics:/n-matmul-2048,30,30,,,685.28,n-matmul-2048,false,e053c99a8bb6,,c-690ef10b-0cf1abd9-9de429f2e3c5,1762586970464,Sync,756.72,1762586970396,21.0.3.8,false,2048,26.66,InvokeFunction,,,LATEST,1-690ef15a-0c0a43-3080c84eb029,OnDemand,,,66.63,
,211620C9A07558D2D8764497DA6068A4-3,1762586971,FCRequestMetrics:/n-matmul-2048,30,30,,,647.14,n-matmul-2048,false,e053c99a8bb6,,c-690ef10b-0cf1abd9-9de429f2e3c5,1762586971189,Sync,648.38,1762586971189,21.0.3.8,false,2048,34.46,InvokeFunction,,,LATEST,1-690ef15b-0c0a43-094c428b85ba,OnDemand,,,0.52,
,B63107B9394C762ADF436F322BAA4B65-3,1762586971,FCRequestMetrics:/n-matmul-2048,30,30,,,671.99,n-matmul-2048,false,1ccfa60657e6,,c-690ef10b-0cf1abd9-672e1c9f5eed,1762586970476,Sync,876.78,1762586970272,21.0.3.8,false,2048,27.04,InvokeFunction,,,LATEST,1-690ef15a-0c0a43-5798e1d9f522,OnDemand,,,203.76,
,B63107B9394C762ADF436F322BAA4B65-3,1762586971,FCRequestMetrics:/n-matmul-2048,30,30,,,645.24,n-matmul-2048,false,1ccfa60657e6,,c-690ef10b-0cf1abd9-672e1c9f5eed,1762586971192,Sync,646.46,1762586971192,21.0.3.8,false,2048,34.12,InvokeFunction,,,LATEST,1-690ef15b-0c0a43-7fcf5cfb177b,OnDemand,,,0.52,
,DDEEB29FD5ADFBB67E4F2FEB83463658-7,1762586971,FCRequestMetrics:/n-matmul-2048,30,30,,,638.28,n-matmul-2048,false,bc52147f2a7a,,c-690ef12c-0cf1abd9-69aaf8ca2a4b,1762586970732,Sync,639.36,1762586970732,21.0.3.8,false,2048,34.15,InvokeFunction,,,LATEST,1-690ef15a-0c0a43-c3538ac63cfd,OnDemand,,,0.49,
,B2D19E9889F3DDE524F4ACFCF2A5FEBF-3,1762586971,FCRequestMetrics:/n-matmul-2048,27,27,,,644.14,n-matmul-2048,false,95f39cca25aa,,c-690ef10b-0cf1abd9-336379de3020,1762586970962,Sync,645.78,1762586970961,21.0.3.8,false,2048,34.76,InvokeFunction,,,LATEST,1-690ef15a-0c49fa-0e85a15e41de,OnDemand,,,0.93,
,BF6FA9AF6994B690E2E5555B14FF4940-6,1762586971,FCRequestMetrics:/n-matmul-2048,30,30,,,684.33,n-matmul-2048,false,21ba44532db0,,c-690ef12f-0cf1abd9-72da07858f04,1762586970578,Sync,802.08,1762586970461,21.0.3.8,false,2048,26.70,InvokeFunction,,,LATEST,1-690ef15a-0c0a43-35d8b7f08798,OnDemand,,,116.90,
,BF6FA9AF6994B690E2E5555B14FF4940-6,1762586971,FCRequestMetrics:/n-matmul-2048,30,30,,,646.96,n-matmul-2048,false,21ba44532db0,,c-690ef12f-0cf1abd9-72da07858f04,1762586971284,Sync,648.33,1762586971283,21.0.3.8,false,2048,34.26,InvokeFunction,,,LATEST,1-690ef15b-0c0a43-fc29cd6ea276,OnDemand,,,0.53,
,C38D529AEE78E8BFEBBDDADEDE13D41B-2,1762586971,FCRequestMetrics:/n-matmul-2048,30,30,,,812.64,n-matmul-2048,false,965073b71ef9,,c-690ef12c-0cf1abd9-ee855b82b2d6,1762586970558,Sync,915.96,1762586970456,21.0.3.7,false,2048,26.67,InvokeFunction,,,LATEST,1-690ef15a-0c0a43-c275433e8baa,OnDemand,,,102.42,
,B10148BC96FECE49F2FC2439520A3175-5,1762586971,FCRequestMetrics:/n-matmul-2048,30,30,,,676.18,n-matmul-2048,false,9ae0a7a16fc1,,c-690ef12e-0cf1abd9-86b866453e74,1762586970743,Sync,688.49,1762586970732,21.0.3.7,false,2048,28.46,InvokeFunction,,,LATEST,1-690ef15a-0c49fa-b52081b8147c,OnDemand,,,11.40,
,E08BA4ABFB8C4109D958EF35CCDE9E75-5,1762586971,FCRequestMetrics:/n-matmul-2048,26,26,,,695.12,n-matmul-2048,false,f6ea6fba0d1f,,c-690ef12a-0cf1abd9-0e59ac1cec40,1762586971105,Sync,697.07,1762586971104,21.0.3.6,false,2048,28.68,InvokeFunction,,,LATEST,1-690ef15b-0c49fa-d6bf5f996d16,OnDemand,,,1.11,
,B1BC54E0839163A3A2719B2791B845EA-4,1762586971,FCRequestMetrics:/n-matmul-2048,26,26,,,743.39,n-matmul-2048,false,c5eb2abfaa5d,,c-690ef14c-0cf1abd9-28e65fb7d593,1762586970484,Sync,744.66,1762586970483,21.0.3.5,false,2048,26.85,InvokeFunction,,,LATEST,1-690ef15b-0c0a43-f3b499eb5963,OnDemand,,,0.48,
,B1BC54E0839163A3A2719B2791B845EA-4,1762586971,FCRequestMetrics:/n-matmul-2048,30,30,,,703.01,n-matmul-2048,false,c5eb2abfaa5d,,c-690ef14c-0cf1abd9-28e65fb7d593,1762586971231,Sync,804.30,1762586971130,21.0.3.5,false,2048,34.65,InvokeFunction,,,LATEST,1-690ef15b-0c49fa-820637d1db15,OnDemand,,,100.56,
,943CF4692F491FB15BAF1EAB0CB8860A-1,1762586971,FCRequestMetrics:/n-matmul-2048,30,30,,,639.27,n-matmul-2048,false,bfd14e2c48c1,,c-690ef14e-0cf1abd9-da3a9c4be72b,1762586970502,Sync,735.00,1762586970407,21.0.3.8,false,2048,34.52,InvokeFunction,,,LATEST,1-690ef15b-0c0a43-263da47234ff,OnDemand,,,94.98,
,943CF4692F491FB15BAF1EAB0CB8860A-1,1762586971,FCRequestMetrics:/n-matmul-2048,30,30,,,792.54,n-matmul-2048,false,bfd14e2c48c1,,c-690ef14e-0cf1abd9-da3a9c4be72b,1762586971144,Sync,864.55,1762586971073,21.0.3.8,false,2048,38.91,InvokeFunction,,,LATEST,1-690ef15b-0c0a43-f2a349860e9b,OnDemand,,,71.24,
,18363E7E93F59FF8F193127D52D86051-5,1762586971,FCRequestMetrics:/n-matmul-2048,30,30,,,682.89,n-matmul-2048,false,3f9c9a307fd4,,c-690ef130-0cf1abd9-454ab669b866,1762586970764,Sync,684.66,1762586970763,21.0.3.8,false,2048,28.68,InvokeFunction,,,LATEST,1-690ef15a-0c49fa-eac2ec5f603f,OnDemand,,,1.12,
,5E9C37D1C997E792337F0D79C839D1F6-5,1762586971,FCRequestMetrics:/n-matmul-2048,30,30,,,675.95,n-matmul-2048,false,7be323259747,,c-690ef12d-0cf1abd9-4ddba8cb6fd4,1762586970775,Sync,687.45,1762586970764,21.0.3.8,false,2048,26.64,InvokeFunction,,,LATEST,1-690ef15a-0c0a43-59e7cf31ac15,OnDemand,,,10.70,
,2ECD84792EE924A03BABF1E3B673BF9D-4,1762586971,FCRequestMetrics:/n-matmul-2048,30,30,,,677.76,n-matmul-2048,false,203a62c08916,,c-690ef155-0cf1abd9-fdccf7e0f65d,1762586970414,Sync,736.28,1762586970356,21.0.3.8,false,2048,26.59,InvokeFunction,,,LATEST,1-690ef15b-0c49fa-ef4c9da1642e,OnDemand,,,57.73,
,2ECD84792EE924A03BABF1E3B673BF9D-4,1762586971,FCRequestMetrics:/n-matmul-2048,30,30,,,670.97,n-matmul-2048,false,203a62c08916,,c-690ef155-0cf1abd9-fdccf7e0f65d,1762586971096,Sync,990.86,1762586970777,21.0.3.8,false,2048,34.19,InvokeFunction,,,LATEST,1-690ef15b-0c49fa-833412d8fab8,OnDemand,,,319.15,
,D5A4CD99F058D411C58A3919BEB264F4-3,1762586971,FCRequestMetrics:/n-matmul-2048,30,30,,,0.03,n-matmul-2048,true,a1586973fec8,,c-690ef10b-0cf1abd9-90463d425ca7,1762586971480,Sync,442.42,1762586971462,21.0.3.8,false,2048,4.13,InvokeFunction,,,LATEST,1-690ef15b-0c49fa-2615e0a0cadb,OnDemand,,,17.95,,"{""errorType"":""FunctionAbnormalExitError""}"
,7B2CA077525D5F38D7687113836FF4D4-1,1762586971,FCRequestMetrics:/n-matmul-2048,30,30,,,700.43,n-matmul-2048,false,dd2888fed1c9,,c-690ef14f-0cf1abd9-cabc0eaa101b,1762586970796,Sync,780.36,1762586970716,21.0.3.8,false,2048,34.74,InvokeFunction,,,LATEST,1-690ef15c-0c0a43-5108476ff9e9,OnDemand,,,79.09,
,46B19270B472A6D217A2E559E7E7C97B-3,1762586971,FCRequestMetrics:/n-matmul-2048,30,30,,,0.02,n-matmul-2048,true,869d26b39717,,c-690ef10b-0cf1abd9-b6750c057b8f,1762586971486,Sync,632.84,1762586971287,21.0.3.8,false,2048,4.18,InvokeFunction,,,LATEST,1-690ef15b-0c0a43-c5861d7958a3,OnDemand,,,198.40,,"{""errorType"":""FunctionAbnormalExitError""}"
,00E67D373DA9C60BEF759D13208EAAD9-5,1762586971,FCRequestMetrics:/n-matmul-2048,26,26,,,0.04,n-matmul-2048,true,9013ed408e73,,c-690ef10b-0cf1abd9-dbc16e7d233d,1762586971091,Sync,454.71,1762586971090,21.0.3.8,false,2048,4.17,InvokeFunction,,,LATEST,1-690ef15b-0c49fa-fdb7fbaf6bc8,OnDemand,,,0.85,,"{""errorType"":""FunctionAbnormalExitError""}"
,636547988E635DCC4C08253D0766BAEB-1,1762586971,FCRequestMetrics:/n-matmul-2048,30,30,,,702.96,n-matmul-2048,false,3da1c5559a3b,,c-690ef156-0cf1abd9-a60f14769352,1762586970765,Sync,719.07,1762586970750,21.0.3.8,false,2048,36.16,InvokeFunction,,,LATEST,1-690ef15c-0c49fa-9c4a3a286f5d,OnDemand,,,15.14,
,A91AC64A0F8E1976F88383B363514050-5,1762586971,FCRequestMetrics:/n-matmul-2048,30,30,,,0.02,n-matmul-2048,true,cc3f8c782a21,,c-690ef151-0cf1abd9-7fe4e69dd5c1,1762586971197,Sync,445.36,1762586971172,21.0.3.8,false,2048,4.13,InvokeFunction,,,LATEST,1-690ef15b-0c0a43-a14bfa51299d,OnDemand,,,24.80,,"{""errorType"":""FunctionAbnormalExitError""}"
,91973BCA72DE9462DCC25EF55C6AC5B5-2,1762586971,FCRequestMetrics:/n-matmul-2048,30,30,,,0.03,n-matmul-2048,true,74deffaed995,,c-690ef14e-0cf1abd9-32bbbd8baf97,1762586970896,Sync,756.22,1762586970601,21.0.3.8,false,2048,4.22,InvokeFunction,,,LATEST,1-690ef15c-0c49fa-ab4e5e0edeff,OnDemand,,,295.31,,"{""errorType"":""FunctionAbnormalExitError""}"
,2523AFCDD5BD8A2B2953E48983230929-2,1762586972,FCRequestMetrics:/n-matmul-2048,30,30,,,789.66,n-matmul-2048,false,01d6f783bdb1,,c-690ef10b-0cf1abd9-dd39c218e942,1762586971767,Sync,877.45,1762586971680,21.0.3.8,false,2048,44.24,InvokeFunction,,,LATEST,1-690ef15b-0c49fa-1df02d3f855f,OnDemand,,,86.54,
,510F8A150819018E635E267F62520B9B-3,1762586972,FCRequestMetrics:/n-matmul-2048,30,30,,,809.13,n-matmul-2048,false,c8577adbf622,,c-690ef10b-0cf1abd9-26ef2c508c1e,1762586971478,Sync,1000.48,1762586971287,21.0.3.8,false,2048,41.87,InvokeFunction,,,LATEST,1-690ef15b-0c49fa-8257b2954d34,OnDemand,,,190.68,
,DC91F31EAE4326850C248390B5A5E361-1,1762586972,FCRequestMetrics:/n-matmul-2048,30,30,,,877.75,n-matmul-2048,false,cf01fd95e6f6,,c-690ef150-0cf1abd9-91e7929a8b40,1762586971289,Sync,1254.30,1762586970913,21.0.3.8,false,2048,38.63,InvokeFunction,,,LATEST,1-690ef15c-0c0a43-c24f824d4b2d,OnDemand,,,375.58,
,D461B99DDC361457A1C9EC0902546FD1-2,1762586972,FCRequestMetrics:/n-matmul-2048,30,30,,,862.46,n-matmul-2048,false,ed2ed25159fc,,c-690ef14f-0cf1abd9-e247acd3fed5,1762586971219,Sync,942.77,1762586971139,21.0.3.8,false,2048,42.03,InvokeFunction,,,LATEST,1-690ef15c-0c49fa-1198fb0c977a,OnDemand,,,79.54,
,9A02C87DA0F400C9E40F40EF2DF6006D-3,1762586972,FCRequestMetrics:/n-matmul-2048,30,30,,,665.14,n-matmul-2048,false,3ea4534df15d,,c-690ef10b-0cf1abd9-31fefea0e1fd,1762586971844,Sync,675.71,1762586971834,21.0.3.8,false,2048,38.35,InvokeFunction,,,LATEST,1-690ef15b-0c0a43-d34b1aee363d,OnDemand,,,9.78,
,211620C9A07558D2D8764497DA6068A4-3,1762586972,FCRequestMetrics:/n-matmul-2048,30,30,,,650.30,n-matmul-2048,false,e053c99a8bb6,,c-690ef10b-0cf1abd9-9de429f2e3c5,1762586971839,Sync,780.58,1762586971710,21.0.3.8,false,2048,36.71,InvokeFunction,,,LATEST,1-690ef15b-0c0a43-b7f3bf1c18d6,OnDemand,,,129.58,
,B63107B9394C762ADF436F322BAA4B65-3,1762586972,FCRequestMetrics:/n-matmul-2048,30,30,,,650.36,n-matmul-2048,false,1ccfa60657e6,,c-690ef10b-0cf1abd9-672e1c9f5eed,1762586971841,Sync,782.42,1762586971710,21.0.3.8,false,2048,36.55,InvokeFunction,,,LATEST,1-690ef15b-0c0a43-c9bd81a59e28,OnDemand,,,130.77,
,DDEEB29FD5ADFBB67E4F2FEB83463658-7,1762586972,FCRequestMetrics:/n-matmul-2048,30,30,,,778.69,n-matmul-2048,false,bc52147f2a7a,,c-690ef12c-0cf1abd9-69aaf8ca2a4b,1762586971374,Sync,867.66,1762586971286,21.0.3.8,false,2048,38.55,InvokeFunction,,,LATEST,1-690ef15b-0c49fa-125bce0eedc0,OnDemand,,,88.18,
,DDEEB29FD5ADFBB67E4F2FEB83463658-7,1762586972,FCRequestMetrics:/n-matmul-2048,30,30,,,780.43,n-matmul-2048,false,bc52147f2a7a,,c-690ef12c-0cf1abd9-69aaf8ca2a4b,1762586972156,Sync,819.24,1762586972124,21.0.3.8,false,2048,41.79,InvokeFunction,,,LATEST,1-690ef15c-0c0a43-98971a69531d,OnDemand,,,32.14,
,B2D19E9889F3DDE524F4ACFCF2A5FEBF-3,1762586972,FCRequestMetrics:/n-matmul-2048,30,30,,,648.87,n-matmul-2048,false,95f39cca25aa,,c-690ef10b-0cf1abd9-336379de3020,1762586971616,Sync,772.71,1762586971493,21.0.3.8,false,2048,36.92,InvokeFunction,,,LATEST,1-690ef15b-0c49fa-f08787523f9f,OnDemand,,,123.16,
,BF6FA9AF6994B690E2E5555B14FF4940-6,1762586972,FCRequestMetrics:/n-matmul-2048,30,30,,,646.60,n-matmul-2048,false,21ba44532db0,,c-690ef12f-0cf1abd9-72da07858f04,1762586971934,Sync,672.71,1762586971908,21.0.3.8,false,2048,36.48,InvokeFunction,,,LATEST,1-690ef15b-0c0a43-ba458e1e2ff6,OnDemand,,,25.40,
,C38D529AEE78E8BFEBBDDADEDE13D41B-2,1762586972,FCRequestMetrics:/n-matmul-2048,30,30,,,652.17,n-matmul-2048,false,965073b71ef9,,c-690ef12c-0cf1abd9-ee855b82b2d6,1762586971374,Sync,733.50,1762586971294,21.0.3.7,false,2048,34.26,InvokeFunction,,,LATEST,1-690ef15b-0c49fa-d4bac63169a6,OnDemand,,,80.60,
,C38D529AEE78E8BFEBBDDADEDE13D41B-2,1762586972,FCRequestMetrics:/n-matmul-2048,30,30,,,649.92,n-matmul-2048,false,965073b71ef9,,c-690ef12c-0cf1abd9-ee855b82b2d6,1762586972030,Sync,741.13,1762586971939,21.0.3.7,false,2048,36.46,InvokeFunction,,,LATEST,1-690ef15b-0c0a43-49ccf1899dd5,OnDemand,,,90.46,
,B10148BC96FECE49F2FC2439520A3175-5,1762586972,FCRequestMetrics:/n-matmul-2048,30,30,,,640.39,n-matmul-2048,false,9ae0a7a16fc1,,c-690ef12e-0cf1abd9-86b866453e74,1762586971423,Sync,652.62,1762586971412,21.0.3.7,false,2048,36.30,InvokeFunction,,,LATEST,1-690ef15b-0c0a43-0431ffb04c2a,OnDemand,,,11.48,
,B10148BC96FECE49F2FC2439520A3175-5,1762586972,FCRequestMetrics:/n-matmul-2048,30,30,,,619.07,n-matmul-2048,false,9ae0a7a16fc1,,c-690ef12e-0cf1abd9-86b866453e74,1762586972068,Sync,626.98,1762586972060,21.0.3.7,false,2048,37.98,InvokeFunction,,,LATEST,1-690ef15c-0c49fa-1af606d5900f,OnDemand,,,7.17,
,E08BA4ABFB8C4109D958EF35CCDE9E75-5,1762586972,FCRequestMetrics:/n-matmul-2048,30,30,,,638.19,n-matmul-2048,false,f6ea6fba0d1f,,c-690ef12a-0cf1abd9-0e59ac1cec40,1762586971804,Sync,745.17,1762586971697,21.0.3.6,false,2048,36.09,InvokeFunction,,,LATEST,1-690ef15b-0c0a43-91b70bf7e9e4,OnDemand,,,106.27,
,B1BC54E0839163A3A2719B2791B845EA-4,1762586972,FCRequestMetrics:/n-matmul-2048,30,30,,,858.55,n-matmul-2048,false,c5eb2abfaa5d,,c-690ef14c-0cf1abd9-28e65fb7d593,1762586971938,Sync,1170.39,1762586971627,21.0.3.5,false,2048,38.95,InvokeFunction,,,LATEST,1-690ef15c-0c49fa-103b095514e3,OnDemand,,,311.11,
,18363E7E93F59FF8F193127D52D86051-5,1762586972,FCRequestMetrics:/n-matmul-2048,30,30,,,655.56,n-matmul-2048,false,3f9c9a307fd4,,c-690ef130-0cf1abd9-454ab669b866,1762586971450,Sync,670.93,1762586971435,21.0.3.8,false,2048,36.50,InvokeFunction,,,LATEST,1-690ef15b-0c0a43-87f7d038423f,OnDemand,,,14.65,
,18363E7E93F59FF8F193127D52D86051-5,1762586972,FCRequestMetrics:/n-matmul-2048,30,30,,,782.53,n-matmul-2048,false,3f9c9a307fd4,,c-690ef130-0cf1abd9-454ab669b866,1762586972115,Sync,783.74,1762586972114,21.0.3.8,false,2048,40.89,InvokeFunction,,,LATEST,1-690ef15c-0c0a43-3c27c4d3192f,OnDemand,,,0.47,
,5E9C37D1C997E792337F0D79C839D1F6-5,1762586972,FCRequestMetrics:/n-matmul-2048,30,30,,,642.76,n-matmul-2048,false,7be323259747,,c-690ef12d-0cf1abd9-4ddba8cb6fd4,1762586971455,Sync,658.84,1762586971439,21.0.3.8,false,2048,34.46,InvokeFunction,,,LATEST,1-690ef15b-0c49fa-52e2a2c17428,OnDemand,,,15.39,
,5E9C37D1C997E792337F0D79C839D1F6-5,1762586972,FCRequestMetrics:/n-matmul-2048,30,30,,,776.81,n-matmul-2048,false,7be323259747,,c-690ef12d-0cf1abd9-4ddba8cb6fd4,1762586972118,Sync,778.05,1762586972118,21.0.3.8,false,2048,38.81,InvokeFunction,,,LATEST,1-690ef15c-0c0a43-1c6897f0a54c,OnDemand,,,0.50,
,2ECD84792EE924A03BABF1E3B673BF9D-4,1762586972,FCRequestMetrics:/n-matmul-2048,30,30,,,785.27,n-matmul-2048,false,203a62c08916,,c-690ef155-0cf1abd9-fdccf7e0f65d,1762586971771,Sync,1168.84,1762586971388,21.0.3.8,false,2048,38.53,InvokeFunction,,,LATEST,1-690ef15c-0c49fa-f51c98a5b624,OnDemand,,,382.85,
,D5A4CD99F058D411C58A3919BEB264F4-3,1762586972,FCRequestMetrics:/n-matmul-2048,30,30,,,691.46,n-matmul-2048,false,a1586973fec8,,c-690ef10b-0cf1abd9-90463d425ca7,1762586971906,Sync,719.82,1762586971878,21.0.3.8,false,2048,28.87,InvokeFunction,,,LATEST,1-690ef15b-0c0a43-61ee0a2c51d8,OnDemand,,,27.54,
,7B2CA077525D5F38D7687113836FF4D4-1,1762586972,FCRequestMetrics:/n-matmul-2048,8,8,,,708.78,n-matmul-2048,false,dd2888fed1c9,,c-690ef14f-0cf1abd9-cabc0eaa101b,1762586972049,Sync,710.86,1762586972047,21.0.3.8,false,2048,36.50,InvokeFunction,,,LATEST,1-690ef15d-0c49fa-5c23d3d2821b,OnDemand,,,0.93,
,46B19270B472A6D217A2E559E7E7C97B-3,1762586972,FCRequestMetrics:/n-matmul-2048,30,30,,,702.47,n-matmul-2048,false,869d26b39717,,c-690ef10b-0cf1abd9-b6750c057b8f,1762586971922,Sync,745.54,1762586971880,21.0.3.8,false,2048,28.49,InvokeFunction,,,LATEST,1-690ef15b-0c0a43-1a3d87772698,OnDemand,,,41.14,
,00E67D373DA9C60BEF759D13208EAAD9-5,1762586972,FCRequestMetrics:/n-matmul-2048,30,30,,,729.63,n-matmul-2048,false,9013ed408e73,,c-690ef10b-0cf1abd9-dbc16e7d233d,1762586971547,Sync,988.02,1762586971289,21.0.3.8,false,2048,26.71,InvokeFunction,,,LATEST,1-690ef15b-0c49fa-e8722a461668,OnDemand,,,257.67,
,00E67D373DA9C60BEF759D13208EAAD9-5,1762586972,FCRequestMetrics:/n-matmul-2048,30,30,,,651.77,n-matmul-2048,false,9013ed408e73,,c-690ef10b-0cf1abd9-dbc16e7d233d,1762586972280,Sync,804.16,1762586972128,21.0.3.8,false,2048,34.54,InvokeFunction,,,LATEST,1-690ef15c-0c0a43-c6daa564cd8e,OnDemand,,,151.68,
,636547988E635DCC4C08253D0766BAEB-1,1762586972,FCRequestMetrics:/n-matmul-2048,8,8,,,791.18,n-matmul-2048,false,3da1c5559a3b,,c-690ef156-0cf1abd9-a60f14769352,1762586971988,Sync,793.23,1762586971986,21.0.3.8,false,2048,40.16,InvokeFunction,,,LATEST,1-690ef15d-0c49fa-6d303a1d311a,OnDemand,,,1.18,
,EB19AA8F9B61C51C3FCBC98D949BD1C2-4,1762586972,FCRequestMetrics:/n-matmul-2048,30,30,,,0.03,n-matmul-2048,true,211d8375abf1,,c-690ef12d-0cf1abd9-78e04fcb7549,1762586971671,Sync,424.27,1762586971646,21.0.3.8,false,2048,4.25,InvokeFunction,,,LATEST,1-690ef15b-0c49fa-3884eaae4818,OnDemand,,,25.17,,"{""errorType"":""FunctionAbnormalExitError""}"
,EB19AA8F9B61C51C3FCBC98D949BD1C2-4,1762586972,FCRequestMetrics:/n-matmul-2048,30,30,,,676.79,n-matmul-2048,false,211d8375abf1,,c-690ef12d-0cf1abd9-78e04fcb7549,1762586972072,Sync,682.05,1762586972068,21.0.3.8,false,2048,26.38,InvokeFunction,,,LATEST,1-690ef15c-0c49fa-0eb613c4876e,OnDemand,,,4.38,
,F0BCE0E40FE41E0F61DD5DAF956249CC-6,1762586972,FCRequestMetrics:/n-matmul-2048,30,30,,,0.04,n-matmul-2048,true,b9ed45a41c5d,,c-690ef139-0cf1abd9-bfec9b76d480,1762586971661,Sync,795.92,1762586971291,21.0.3.8,false,2048,4.28,InvokeFunction,,,LATEST,1-690ef15b-0c0a43-b0c5fed02869,OnDemand,,,370.38,,"{""errorType"":""FunctionAbnormalExitError""}"
,F0BCE0E40FE41E0F61DD5DAF956249CC-6,1762586972,FCRequestMetrics:/n-matmul-2048,30,30,,,687.41,n-matmul-2048,false,b9ed45a41c5d,,c-690ef139-0cf1abd9-bfec9b76d480,1762586972089,Sync,696.75,1762586972080,21.0.3.8,false,2048,28.80,InvokeFunction,,,LATEST,1-690ef15c-0c0a43-b8b4a30c4efb,OnDemand,,,7.32,
,7C3B3344857E71889D56CDA44A54F6B2-2,1762586972,FCRequestMetrics:/n-matmul-2048,30,30,,,0.02,n-matmul-2048,true,687fca8d325c,,c-690ef12c-0cf1abd9-6ced060ffe1b,1762586971662,Sync,563.45,1762586971526,21.0.3.8,false,2048,2.37,InvokeFunction,,,LATEST,1-690ef15b-0c49fa-0260cc20c79b,OnDemand,,,135.78,,"{""errorType"":""FunctionAbnormalExitError""}"
,7C3B3344857E71889D56CDA44A54F6B2-2,1762586972,FCRequestMetrics:/n-matmul-2048,30,30,,,686.61,n-matmul-2048,false,687fca8d325c,,c-690ef12c-0cf1abd9-6ced060ffe1b,1762586972121,Sync,688.34,1762586972120,21.0.3.8,false,2048,28.94,InvokeFunction,,,LATEST,1-690ef15c-0c49fa-b01b39a40549,OnDemand,,,0.83,
,A5C7CD7E71BB55429480C147D0ABD6E0-4,1762586972,FCRequestMetrics:/n-matmul-2048,30,30,,,0.03,n-matmul-2048,true,b9c50fa7ffa2,,c-690ef10b-0cf1abd9-39e48c7dd1cd,1762586971670,Sync,568.03,1762586971527,21.0.3.8,false,2048,2.34,InvokeFunction,,,LATEST,1-690ef15b-0c49fa-a4e5b00bac96,OnDemand,,,143.28,,"{""errorType"":""FunctionAbnormalExitError""}"
,A5C7CD7E71BB55429480C147D0ABD6E0-4,1762586972,FCRequestMetrics:/n-matmul-2048,30,30,,,678.94,n-matmul-2048,false,b9c50fa7ffa2,,c-690ef10b-0cf1abd9-39e48c7dd1cd,1762586972120,Sync,681.06,1762586972119,21.0.3.8,false,2048,28.49,InvokeFunction,,,LATEST,1-690ef15c-0c49fa-4ceefa460dea,OnDemand,,,1.33,
,82C12ED6E643926156E0217F8DC83EE9-4,1762586972,FCRequestMetrics:/n-matmul-2048,30,30,,,0.03,n-matmul-2048,true,a9b6a74eafdc,,c-690ef12d-0cf1abd9-2948faf88166,1762586971670,Sync,576.32,1762586971527,21.0.3.8,false,2048,2.18,InvokeFunction,,,LATEST,1-690ef15b-0c0a43-c7ff90c8a7cd,OnDemand,,,142.95,,"{""errorType"":""FunctionAbnormalExitError""}"
,82C12ED6E643926156E0217F8DC83EE9-4,1762586972,FCRequestMetrics:/n-matmul-2048,30,30,,,676.43,n-matmul-2048,false,a9b6a74eafdc,,c-690ef12d-0cf1abd9-2948faf88166,1762586972106,Sync,677.70,1762586972105,21.0.3.8,false,2048,26.31,InvokeFunction,,,LATEST,1-690ef15c-0c0a43-5d689b0ba89e,OnDemand,,,0.48,
,A91AC64A0F8E1976F88383B363514050-5,1762586972,FCRequestMetrics:/n-matmul-2048,30,30,,,712.02,n-matmul-2048,false,cc3f8c782a21,,c-690ef151-0cf1abd9-7fe4e69dd5c1,1762586971619,Sync,903.46,1762586971429,21.0.3.8,false,2048,26.75,InvokeFunction,,,LATEST,1-690ef15c-0c0a43-fa34d4ee395f,OnDemand,,,189.43,
,510F8A150819018E635E267F62520B9B-3,1762586972,FCRequestMetrics:/n-matmul-2048,30,30,,,0.02,n-matmul-2048,true,c8577adbf622,,c-690ef10b-0cf1abd9-26ef2c508c1e,1762586972290,Sync,581.34,1762586972133,21.0.3.8,false,2048,2.17,InvokeFunction,,,LATEST,1-690ef15c-0c0a43-7522523dc278,OnDemand,,,156.67,,"{""errorType"":""FunctionAbnormalExitError""}"
,91973BCA72DE9462DCC25EF55C6AC5B5-2,1762586972,FCRequestMetrics:/n-matmul-2048,8,8,,,795.35,n-matmul-2048,false,74deffaed995,,c-690ef14e-0cf1abd9-32bbbd8baf97,1762586971905,Sync,797.07,1762586971905,21.0.3.8,false,2048,26.69,InvokeFunction,,,LATEST,1-690ef15d-0c0a43-a875c92d1aa5,OnDemand,,,0.56,
,DC91F31EAE4326850C248390B5A5E361-1,1762586972,FCRequestMetrics:/n-matmul-2048,8,8,,,0.03,n-matmul-2048,true,cf01fd95e6f6,,c-690ef150-0cf1abd9-91e7929a8b40,1762586972177,Sync,442.77,1762586972176,21.0.3.8,false,2048,2.07,InvokeFunction,,,LATEST,1-690ef15d-0c0a43-a82b13f6c2b5,OnDemand,,,0.50,,"{""errorType"":""FunctionAbnormalExitError""}"
,D461B99DDC361457A1C9EC0902546FD1-2,1762586972,FCRequestMetrics:/n-matmul-2048,8,8,,,0.04,n-matmul-2048,true,ed2ed25159fc,,c-690ef14f-0cf1abd9-e247acd3fed5,1762586972463,Sync,445.18,1762586972462,21.0.3.8,false,2048,2.21,InvokeFunction,,,LATEST,1-690ef15d-0c49fa-56cefae9a364,OnDemand,,,1.42,,"{""errorType"":""FunctionAbnormalExitError""}"
,9A02C87DA0F400C9E40F40EF2DF6006D-3,1762586973,FCRequestMetrics:/n-matmul-2048,30,30,,,790.86,n-matmul-2048,false,3ea4534df15d,,c-690ef10b-0cf1abd9-31fefea0e1fd,1762586972515,Sync,1164.75,1762586972143,21.0.3.8,false,2048,39.99,InvokeFunction,,,LATEST,1-690ef15c-0c49fa-7ddf397d5dee,OnDemand,,,372.02,
,211620C9A07558D2D8764497DA6068A4-3,1762586973,FCRequestMetrics:/n-matmul-2048,30,30,,,790.75,n-matmul-2048,false,e053c99a8bb6,,c-690ef10b-0cf1abd9-9de429f2e3c5,1762586972493,Sync,1144.42,1762586972140,21.0.3.8,false,2048,38.39,InvokeFunction,,,LATEST,1-690ef15c-0c49fa-dd90a537976a,OnDemand,,,352.88,
,B63107B9394C762ADF436F322BAA4B65-3,1762586973,FCRequestMetrics:/n-matmul-2048,30,30,,,785.85,n-matmul-2048,false,1ccfa60657e6,,c-690ef10b-0cf1abd9-672e1c9f5eed,1762586972494,Sync,1140.20,1762586972141,21.0.3.8,false,2048,38.92,InvokeFunction,,,LATEST,1-690ef15c-0c0a43-b9f4620492ff,OnDemand,,,353.66,
,B2D19E9889F3DDE524F4ACFCF2A5FEBF-3,1762586973,FCRequestMetrics:/n-matmul-2048,30,30,,,783.93,n-matmul-2048,false,95f39cca25aa,,c-690ef10b-0cf1abd9-336379de3020,1762586972269,Sync,930.16,1762586972127,21.0.3.8,false,2048,38.58,InvokeFunction,,,LATEST,1-690ef15c-0c49fa-425ccce15508,OnDemand,,,141.68,
,BF6FA9AF6994B690E2E5555B14FF4940-6,1762586973,FCRequestMetrics:/n-matmul-2048,30,30,,,798.94,n-matmul-2048,false,21ba44532db0,,c-690ef12f-0cf1abd9-72da07858f04,1762586972584,Sync,1239.65,1762586972144,21.0.3.8,false,2048,38.37,InvokeFunction,,,LATEST,1-690ef15c-0c49fa-8814566164f6,OnDemand,,,440.05,
,C38D529AEE78E8BFEBBDDADEDE13D41B-2,1762586973,FCRequestMetrics:/n-matmul-2048,30,30,,,800.77,n-matmul-2048,false,965073b71ef9,,c-690ef12c-0cf1abd9-ee855b82b2d6,1762586972684,Sync,1317.69,1762586972173,21.0.3.7,false,2048,38.21,InvokeFunction,,,LATEST,1-690ef15c-0c49fa-bcc76b61a36a,OnDemand,,,510.68,
,B10148BC96FECE49F2FC2439520A3175-5,1762586973,FCRequestMetrics:/n-matmul-2048,30,30,,,823.47,n-matmul-2048,false,9ae0a7a16fc1,,c-690ef12e-0cf1abd9-86b866453e74,1762586972691,Sync,1323.10,1762586972192,21.0.3.7,false,2048,40.00,InvokeFunction,,,LATEST,1-690ef15c-0c49fa-9bc54e955437,OnDemand,,,498.87,
,E08BA4ABFB8C4109D958EF35CCDE9E75-5,1762586973,FCRequestMetrics:/n-matmul-2048,30,30,,,622.34,n-matmul-2048,false,f6ea6fba0d1f,,c-690ef12a-0cf1abd9-0e59ac1cec40,1762586972445,Sync,929.63,1762586972139,21.0.3.6,false,2048,37.89,InvokeFunction,,,LATEST,1-690ef15c-0c0a43-750e6764671b,OnDemand,,,306.31,
,E08BA4ABFB8C4109D958EF35CCDE9E75-5,1762586973,FCRequestMetrics:/n-matmul-2048,15,15,,,788.73,n-matmul-2048,false,f6ea6fba0d1f,,c-690ef12a-0cf1abd9-0e59ac1cec40,1762586973081,Sync,1560.67,1762586972312,21.0.3.6,false,2048,40.38,InvokeFunction,,,LATEST,1-690ef15c-0c49fa-d03b3c1ffbc2,OnDemand,,,769.07,
,B1BC54E0839163A3A2719B2791B845EA-4,1762586973,FCRequestMetrics:/n-matmul-2048,13,13,,,858.30,n-matmul-2048,false,c5eb2abfaa5d,,c-690ef14c-0cf1abd9-28e65fb7d593,1762586972838,Sync,859.69,1762586972837,21.0.3.5,false,2048,41.86,InvokeFunction,,,LATEST,1-690ef15d-0c0a43-00b1bff7bf40,OnDemand,,,0.59,
,943CF4692F491FB15BAF1EAB0CB8860A-1,1762586973,FCRequestMetrics:/n-matmul-2048,8,8,,,864.59,n-matmul-2048,false,bfd14e2c48c1,,c-690ef14e-0cf1abd9-da3a9c4be72b,1762586972490,Sync,866.02,1762586972490,21.0.3.8,false,2048,41.93,InvokeFunction,,,LATEST,1-690ef15d-0c0a43-899a86efefe6,OnDemand,,,0.55,
,2ECD84792EE924A03BABF1E3B673BF9D-4,1762586973,FCRequestMetrics:/n-matmul-2048,30,30,,,799.03,n-matmul-2048,false,203a62c08916,,c-690ef155-0cf1abd9-fdccf7e0f65d,1762586972560,Sync,865.09,1762586972494,21.0.3.8,false,2048,41.11,InvokeFunction,,,LATEST,1-690ef15d-0c49fa-0ea3ac931ceb,OnDemand,,,65.34,
,D5A4CD99F058D411C58A3919BEB264F4-3,1762586973,FCRequestMetrics:/n-matmul-2048,30,30,,,640.43,n-matmul-2048,false,a1586973fec8,,c-690ef10b-0cf1abd9-90463d425ca7,1762586972600,Sync,1096.86,1762586972144,21.0.3.8,false,2048,36.12,InvokeFunction,,,LATEST,1-690ef15c-0c0a43-aa590df89145,OnDemand,,,455.69,
,7B2CA077525D5F38D7687113836FF4D4-1,1762586973,FCRequestMetrics:/n-matmul-2048,15,15,,,939.97,n-matmul-2048,false,dd2888fed1c9,,c-690ef14f-0cf1abd9-cabc0eaa101b,1762586972783,Sync,941.48,1762586972783,21.0.3.8,false,2048,38.59,InvokeFunction,,,LATEST,1-690ef15e-0c0a43-37d9e2676f2b,OnDemand,,,0.52,
,46B19270B472A6D217A2E559E7E7C97B-3,1762586973,FCRequestMetrics:/n-matmul-2048,30,30,,,681.60,n-matmul-2048,false,869d26b39717,,c-690ef10b-0cf1abd9-b6750c057b8f,1762586972628,Sync,1165.59,1762586972145,21.0.3.8,false,2048,36.43,InvokeFunction,,,LATEST,1-690ef15c-0c49fa-20e72a9939fe,OnDemand,,,483.33,
,636547988E635DCC4C08253D0766BAEB-1,1762586973,FCRequestMetrics:/n-matmul-2048,20,20,,,802.60,n-matmul-2048,false,3da1c5559a3b,,c-690ef156-0cf1abd9-a60f14769352,1762586972821,Sync,803.81,1762586972820,21.0.3.8,false,2048,43.47,InvokeFunction,,,LATEST,1-690ef15e-0c0a43-ebf87c4ef5fc,OnDemand,,,0.47,
,EB19AA8F9B61C51C3FCBC98D949BD1C2-4,1762586973,FCRequestMetrics:/n-matmul-2048,8,8,,,635.40,n-matmul-2048,false,211d8375abf1,,c-690ef12d-0cf1abd9-78e04fcb7549,1762586973363,Sync,636.62,1762586973362,21.0.3.8,false,2048,33.92,InvokeFunction,,,LATEST,1-690ef15d-0c0a43-c62c52a92ab3,OnDemand,,,0.49,
,7C3B3344857E71889D56CDA44A54F6B2-2,1762586973,FCRequestMetrics:/n-matmul-2048,8,8,,,628.07,n-matmul-2048,false,687fca8d325c,,c-690ef12c-0cf1abd9-6ced060ffe1b,1762586973360,Sync,629.35,1762586973360,21.0.3.8,false,2048,36.57,InvokeFunction,,,LATEST,1-690ef15d-0c0a43-638430295db6,OnDemand,,,0.51,
,A91AC64A0F8E1976F88383B363514050-5,1762586973,FCRequestMetrics:/n-matmul-2048,8,8,,,647.14,n-matmul-2048,false,cc3f8c782a21,,c-690ef151-0cf1abd9-7fe4e69dd5c1,1762586972644,Sync,648.42,1762586972644,21.0.3.8,false,2048,34.11,InvokeFunction,,,LATEST,1-690ef15d-0c0a43-ce394b17d85b,OnDemand,,,0.49,
,B63107B9394C762ADF436F322BAA4B65-3,1762586973,FCRequestMetrics:/n-matmul-2048,8,8,,,0.05,n-matmul-2048,true,1ccfa60657e6,,c-690ef10b-0cf1abd9-672e1c9f5eed,1762586973348,Sync,404.52,1762586973347,21.0.3.8,false,2048,2.10,InvokeFunction,,,LATEST,1-690ef15d-0c49fa-a1c7121891fb,OnDemand,,,1.11,,"{""errorType"":""FunctionAbnormalExitError""}"
,510F8A150819018E635E267F62520B9B-3,1762586973,FCRequestMetrics:/n-matmul-2048,30,30,,,703.94,n-matmul-2048,false,c8577adbf622,,c-690ef10b-0cf1abd9-26ef2c508c1e,1762586972716,Sync,1105.39,1762586972315,21.0.3.8,false,2048,26.80,InvokeFunction,,,LATEST,1-690ef15c-0c49fa-6ac83f455410,OnDemand,,,400.71,
,91973BCA72DE9462DCC25EF55C6AC5B5-2,1762586973,FCRequestMetrics:/n-matmul-2048,15,15,,,1035.98,n-matmul-2048,false,74deffaed995,,c-690ef14e-0cf1abd9-32bbbd8baf97,1762586972717,Sync,1037.54,1762586972716,21.0.3.8,false,2048,34.51,InvokeFunction,,,LATEST,1-690ef15e-0c0a43-144bda613a7e,OnDemand,,,0.53,
,DC91F31EAE4326850C248390B5A5E361-1,1762586973,FCRequestMetrics:/n-matmul-2048,30,30,,,738.20,n-matmul-2048,false,cf01fd95e6f6,,c-690ef150-0cf1abd9-91e7929a8b40,1762586972620,Sync,956.70,1762586972403,21.0.3.8,false,2048,28.74,InvokeFunction,,,LATEST,1-690ef15d-0c49fa-3a7fe4921bcf,OnDemand,,,217.70,
,2523AFCDD5BD8A2B2953E48983230929-4,1762586973,FCRequestMetrics:/n-matmul-2048,30,30,,,0.03,n-matmul-2048,true,01d6f783bdb1,,c-690ef10b-0cf1abd9-dd39c218e942,1762586972561,Sync,878.30,1762586972143,21.0.3.8,false,2048,4.15,InvokeFunction,,,LATEST,1-690ef15c-0c49fa-9c95c3728204,OnDemand,,,418.80,,"{""errorType"":""FunctionAbnormalExitError""}"
,DDEEB29FD5ADFBB67E4F2FEB83463658-7,1762586973,FCRequestMetrics:/n-matmul-2048,8,8,,,0.04,n-matmul-2048,true,bc52147f2a7a,,c-690ef12c-0cf1abd9-69aaf8ca2a4b,1762586973356,Sync,403.62,1762586973354,21.0.3.8,false,2048,2.23,InvokeFunction,,,LATEST,1-690ef15d-0c49fa-62631d93ceef,OnDemand,,,1.24,,"{""errorType"":""FunctionAbnormalExitError""}"
,211620C9A07558D2D8764497DA6068A4-3,1762586973,FCRequestMetrics:/n-matmul-2048,8,8,,,0.03,n-matmul-2048,true,e053c99a8bb6,,c-690ef10b-0cf1abd9-9de429f2e3c5,1762586973342,Sync,428.70,1762586973341,21.0.3.8,false,2048,2.20,InvokeFunction,,,LATEST,1-690ef15d-0c0a43-005c9203592c,OnDemand,,,0.49,,"{""errorType"":""FunctionAbnormalExitError""}"
,9A02C87DA0F400C9E40F40EF2DF6006D-3,1762586973,FCRequestMetrics:/n-matmul-2048,8,8,,,0.04,n-matmul-2048,true,3ea4534df15d,,c-690ef10b-0cf1abd9-31fefea0e1fd,1762586973341,Sync,419.18,1762586973340,21.0.3.8,false,2048,4.12,InvokeFunction,,,LATEST,1-690ef15d-0c49fa-4771ff6fb2d1,OnDemand,,,0.92,,"{""errorType"":""FunctionAbnormalExitError""}"
,B2D19E9889F3DDE524F4ACFCF2A5FEBF-3,1762586973,FCRequestMetrics:/n-matmul-2048,8,8,,,0.06,n-matmul-2048,true,95f39cca25aa,,c-690ef10b-0cf1abd9-336379de3020,1762586973350,Sync,414.28,1762586973349,21.0.3.8,false,2048,2.17,InvokeFunction,,,LATEST,1-690ef15d-0c49fa-94e559096eb5,OnDemand,,,1.13,,"{""errorType"":""FunctionAbnormalExitError""}"
,BF6FA9AF6994B690E2E5555B14FF4940-6,1762586973,FCRequestMetrics:/n-matmul-2048,8,8,,,0.04,n-matmul-2048,true,21ba44532db0,,c-690ef12f-0cf1abd9-72da07858f04,1762586973387,Sync,448.51,1762586973362,21.0.3.8,false,2048,2.21,InvokeFunction,,,LATEST,1-690ef15d-0c49fa-58ddac66f8b0,OnDemand,,,24.38,,"{""errorType"":""FunctionAbnormalExitError""}"
,C38D529AEE78E8BFEBBDDADEDE13D41B-1,1762586973,FCRequestMetrics:/n-matmul-2048,30,30,,,0.02,n-matmul-2048,true,965073b71ef9,,c-690ef12c-0cf1abd9-ee855b82b2d6,1762586973494,Sync,462.18,1762586973461,21.0.3.7,false,2048,2.29,InvokeFunction,,,LATEST,1-690ef15d-0c49fa-d680e5cd4983,OnDemand,,,32.33,,"{""errorType"":""FunctionAbnormalExitError""}"
,B10148BC96FECE49F2FC2439520A3175-5,1762586973,FCRequestMetrics:/n-matmul-2048,30,30,,,0.03,n-matmul-2048,true,9ae0a7a16fc1,,c-690ef12e-0cf1abd9-86b866453e74,1762586973526,Sync,407.47,1762586973525,21.0.3.7,false,2048,4.12,InvokeFunction,,,LATEST,1-690ef15d-0c49fa-3d124eb54070,OnDemand,,,1.37,,"{""errorType"":""FunctionAbnormalExitError""}"
,943CF4692F491FB15BAF1EAB0CB8860A-0,1762586973,FCRequestMetrics:/n-matmul-2048,20,20,,,0.04,n-matmul-2048,true,bfd14e2c48c1,,c-690ef14e-0cf1abd9-da3a9c4be72b,1762586973389,Sync,483.27,1762586973387,21.0.3.8,false,2048,2.19,InvokeFunction,,,LATEST,1-690ef15e-0c49fa-09d502c5a275,OnDemand,,,1.18,,"{""errorType"":""FunctionAbnormalExitError""}"
,2ECD84792EE924A03BABF1E3B673BF9D-4,1762586973,FCRequestMetrics:/n-matmul-2048,21,21,,,0.03,n-matmul-2048,true,203a62c08916,,c-690ef155-0cf1abd9-fdccf7e0f65d,1762586973429,Sync,438.91,1762586973428,21.0.3.8,false,2048,2.09,InvokeFunction,,,LATEST,1-690ef15e-0c0a43-1977047dad3a,OnDemand,,,0.56,,"{""errorType"":""FunctionAbnormalExitError""}"
,18363E7E93F59FF8F193127D52D86051-5,1762586974,FCRequestMetrics:/n-matmul-2048,8,8,,,796.63,n-matmul-2048,false,3f9c9a307fd4,,c-690ef130-0cf1abd9-454ab669b866,1762586973357,Sync,797.89,1762586973356,21.0.3.8,false,2048,43.99,InvokeFunction,,,LATEST,1-690ef15d-0c0a43-7937f8c22c4e,OnDemand,,,0.53,
,5E9C37D1C997E792337F0D79C839D1F6-5,1762586974,FCRequestMetrics:/n-matmul-2048,8,8,,,792.12,n-matmul-2048,false,7be323259747,,c-690ef12d-0cf1abd9-4ddba8cb6fd4,1762586973358,Sync,794.12,1762586973357,21.0.3.8,false,2048,41.89,InvokeFunction,,,LATEST,1-690ef15d-0c0a43-f850be56d1d3,OnDemand,,,0.48,
,D5A4CD99F058D411C58A3919BEB264F4-3,1762586974,FCRequestMetrics:/n-matmul-2048,8,8,,,653.53,n-matmul-2048,false,a1586973fec8,,c-690ef10b-0cf1abd9-90463d425ca7,1762586973350,Sync,655.04,1762586973349,21.0.3.8,false,2048,38.45,InvokeFunction,,,LATEST,1-690ef15d-0c0a43-3408a55a7130,OnDemand,,,0.52,
,D5A4CD99F058D411C58A3919BEB264F4-3,1762586974,FCRequestMetrics:/n-matmul-2048,15,15,,,792.06,n-matmul-2048,false,a1586973fec8,,c-690ef10b-0cf1abd9-90463d425ca7,1762586974047,Sync,793.22,1762586974046,21.0.3.8,false,2048,40.65,InvokeFunction,,,LATEST,1-690ef15e-0c0a43-f3be1e2cae20,OnDemand,,,0.49,
,46B19270B472A6D217A2E559E7E7C97B-3,1762586974,FCRequestMetrics:/n-matmul-2048,13,13,,,790.74,n-matmul-2048,false,869d26b39717,,c-690ef10b-0cf1abd9-b6750c057b8f,1762586973321,Sync,792.27,1762586973320,21.0.3.8,false,2048,40.48,InvokeFunction,,,LATEST,1-690ef15d-0c0a43-90fee1c1ff2c,OnDemand,,,0.58,
,46B19270B472A6D217A2E559E7E7C97B-3,1762586974,FCRequestMetrics:/n-matmul-2048,20,20,,,800.50,n-matmul-2048,false,869d26b39717,,c-690ef10b-0cf1abd9-b6750c057b8f,1762586974140,Sync,801.77,1762586974140,21.0.3.8,false,2048,43.58,InvokeFunction,,,LATEST,1-690ef15e-0c0a43-50c61df15522,OnDemand,,,0.51,
,00E67D373DA9C60BEF759D13208EAAD9-5,1762586974,FCRequestMetrics:/n-matmul-2048,8,8,,,790.92,n-matmul-2048,false,9013ed408e73,,c-690ef10b-0cf1abd9-dbc16e7d233d,1762586973357,Sync,792.83,1762586973356,21.0.3.8,false,2048,38.83,InvokeFunction,,,LATEST,1-690ef15d-0c49fa-ffaaf39f8778,OnDemand,,,1.11,
,00E67D373DA9C60BEF759D13208EAAD9-5,1762586974,FCRequestMetrics:/n-matmul-2048,20,20,,,789.17,n-matmul-2048,false,9013ed408e73,,c-690ef10b-0cf1abd9-dbc16e7d233d,1762586974153,Sync,790.39,1762586974152,21.0.3.8,false,2048,42.58,InvokeFunction,,,LATEST,1-690ef15e-0c0a43-857dc915c0bb,OnDemand,,,0.50,
,EB19AA8F9B61C51C3FCBC98D949BD1C2-4,1762586974,FCRequestMetrics:/n-matmul-2048,15,15,,,628.45,n-matmul-2048,false,211d8375abf1,,c-690ef12d-0cf1abd9-78e04fcb7549,1762586974053,Sync,629.63,1762586974053,21.0.3.8,false,2048,35.86,InvokeFunction,,,LATEST,1-690ef15e-0c0a43-cf6e99d9db1f,OnDemand,,,0.49,
,F0BCE0E40FE41E0F61DD5DAF956249CC-6,1762586974,FCRequestMetrics:/n-matmul-2048,8,8,,,642.69,n-matmul-2048,false,b9ed45a41c5d,,c-690ef139-0cf1abd9-bfec9b76d480,1762586973362,Sync,644.04,1762586973362,21.0.3.8,false,2048,36.35,InvokeFunction,,,LATEST,1-690ef15d-0c0a43-941fee251492,OnDemand,,,0.55,
,F0BCE0E40FE41E0F61DD5DAF956249CC-6,1762586974,FCRequestMetrics:/n-matmul-2048,15,15,,,643.26,n-matmul-2048,false,b9ed45a41c5d,,c-690ef139-0cf1abd9-bfec9b76d480,1762586974048,Sync,644.42,1762586974048,21.0.3.8,false,2048,38.47,InvokeFunction,,,LATEST,1-690ef15e-0c0a43-ba98092dedf7,OnDemand,,,0.40,
,7C3B3344857E71889D56CDA44A54F6B2-2,1762586974,FCRequestMetrics:/n-matmul-2048,15,15,,,622.93,n-matmul-2048,false,687fca8d325c,,c-690ef12c-0cf1abd9-6ced060ffe1b,1762586974064,Sync,626.13,1762586974062,21.0.3.8,false,2048,38.68,InvokeFunction,,,LATEST,1-690ef15e-0c49fa-73f590a9d3ad,OnDemand,,,1.43,
,A5C7CD7E71BB55429480C147D0ABD6E0-4,1762586974,FCRequestMetrics:/n-matmul-2048,8,8,,,644.41,n-matmul-2048,false,b9c50fa7ffa2,,c-690ef10b-0cf1abd9-39e48c7dd1cd,1762586973361,Sync,645.66,1762586973361,21.0.3.8,false,2048,36.45,InvokeFunction,,,LATEST,1-690ef15d-0c0a43-7b97c2a812ec,OnDemand,,,0.50,
,A5C7CD7E71BB55429480C147D0ABD6E0-4,1762586974,FCRequestMetrics:/n-matmul-2048,15,15,,,678.65,n-matmul-2048,false,b9c50fa7ffa2,,c-690ef10b-0cf1abd9-39e48c7dd1cd,1762586974040,Sync,679.85,1762586974039,21.0.3.8,false,2048,38.82,InvokeFunction,,,LATEST,1-690ef15e-0c0a43-074b71d11e71,OnDemand,,,0.40,
,82C12ED6E643926156E0217F8DC83EE9-4,1762586974,FCRequestMetrics:/n-matmul-2048,8,8,,,659.10,n-matmul-2048,false,a9b6a74eafdc,,c-690ef12d-0cf1abd9-2948faf88166,1762586973363,Sync,661.15,1762586973361,21.0.3.8,false,2048,34.48,InvokeFunction,,,LATEST,1-690ef15d-0c49fa-4c59df0fdbc6,OnDemand,,,1.23,
,82C12ED6E643926156E0217F8DC83EE9-4,1762586974,FCRequestMetrics:/n-matmul-2048,23,23,,,804.96,n-matmul-2048,false,a9b6a74eafdc,,c-690ef12d-0cf1abd9-2948faf88166,1762586974029,Sync,806.30,1762586974028,21.0.3.8,false,2048,38.84,InvokeFunction,,,LATEST,1-690ef15e-0c0a43-1931cb8b9680,OnDemand,,,0.54,
,A91AC64A0F8E1976F88383B363514050-5,1762586974,FCRequestMetrics:/n-matmul-2048,15,15,,,653.80,n-matmul-2048,false,cc3f8c782a21,,c-690ef151-0cf1abd9-7fe4e69dd5c1,1762586973350,Sync,655.89,1762586973348,21.0.3.8,false,2048,36.40,InvokeFunction,,,LATEST,1-690ef15e-0c49fa-410b0d1fffa5,OnDemand,,,1.34,
,A91AC64A0F8E1976F88383B363514050-5,1762586974,FCRequestMetrics:/n-matmul-2048,30,30,,,822.90,n-matmul-2048,false,cc3f8c782a21,,c-690ef151-0cf1abd9-7fe4e69dd5c1,1762586974007,Sync,1154.21,1762586973676,21.0.3.8,false,2048,38.28,InvokeFunction,,,LATEST,1-690ef15e-0c0a43-5e7d6fae96c1,OnDemand,,,330.57,
,B63107B9394C762ADF436F322BAA4B65-3,1762586974,FCRequestMetrics:/n-matmul-2048,30,30,,,684.63,n-matmul-2048,false,1ccfa60657e6,,c-690ef10b-0cf1abd9-672e1c9f5eed,1762586973754,Sync,885.57,1762586973554,21.0.3.8,false,2048,26.75,InvokeFunction,,,LATEST,1-690ef15d-0c49fa-b08845879275,OnDemand,,,200.15,
,510F8A150819018E635E267F62520B9B-3,1762586974,FCRequestMetrics:/n-matmul-2048,8,8,,,646.86,n-matmul-2048,false,c8577adbf622,,c-690ef10b-0cf1abd9-26ef2c508c1e,1762586973423,Sync,703.04,1762586973370,21.0.3.8,false,2048,34.25,InvokeFunction,,,LATEST,1-690ef15d-0c0a43-00795d426425,OnDemand,,,53.25,
,510F8A150819018E635E267F62520B9B-3,1762586974,FCRequestMetrics:/n-matmul-2048,15,15,,,660.90,n-matmul-2048,false,c8577adbf622,,c-690ef10b-0cf1abd9-26ef2c508c1e,1762586974115,Sync,662.07,1762586974114,21.0.3.8,false,2048,36.51,InvokeFunction,,,LATEST,1-690ef15e-0c0a43-1332585202df,OnDemand,,,0.44,
,91973BCA72DE9462DCC25EF55C6AC5B5-2,1762586974,FCRequestMetrics:/n-matmul-2048,30,30,,,1052.33,n-matmul-2048,false,74deffaed995,,c-690ef14e-0cf1abd9-32bbbd8baf97,1762586973758,Sync,1445.23,1762586973366,21.0.3.8,false,2048,36.80,InvokeFunction,,,LATEST,1-690ef15e-0c49fa-c312b4484bad,OnDemand,,,392.13,
,DC91F31EAE4326850C248390B5A5E361-1,1762586974,FCRequestMetrics:/n-matmul-2048,21,21,,,707.65,n-matmul-2048,false,cf01fd95e6f6,,c-690ef150-0cf1abd9-91e7929a8b40,1762586973364,Sync,763.46,1762586973309,21.0.3.8,false,2048,36.16,InvokeFunction,,,LATEST,1-690ef15e-0c49fa-951124b1d58c,OnDemand,,,55.06,
,DC91F31EAE4326850C248390B5A5E361-1,1762586974,FCRequestMetrics:/n-matmul-2048,30,30,,,888.92,n-matmul-2048,false,cf01fd95e6f6,,c-690ef150-0cf1abd9-91e7929a8b40,1762586974076,Sync,1289.59,1762586973676,21.0.3.8,false,2048,40.09,InvokeFunction,,,LATEST,1-690ef15e-0c49fa-d228d71431b1,OnDemand,,,399.88,
,2523AFCDD5BD8A2B2953E48983230929-4,1762586974,FCRequestMetrics:/n-matmul-2048,8,8,,,718.26,n-matmul-2048,false,01d6f783bdb1,,c-690ef10b-0cf1abd9-dd39c218e942,1762586973354,Sync,719.97,1762586973353,21.0.3.8,false,2048,26.66,InvokeFunction,,,LATEST,1-690ef15d-0c49fa-d95ec5b551c4,OnDemand,,,0.81,
,2523AFCDD5BD8A2B2953E48983230929-4,1762586974,FCRequestMetrics:/n-matmul-2048,20,20,,,651.34,n-matmul-2048,false,01d6f783bdb1,,c-690ef10b-0cf1abd9-dd39c218e942,1762586974200,Sync,652.59,1762586974199,21.0.3.8,false,2048,34.68,InvokeFunction,,,LATEST,1-690ef15e-0c0a43-6424b1465abd,OnDemand,,,0.48,
,18363E7E93F59FF8F193127D52D86051-5,1762586974,FCRequestMetrics:/n-matmul-2048,20,20,,,0.04,n-matmul-2048,true,3f9c9a307fd4,,c-690ef130-0cf1abd9-454ab669b866,1762586974193,Sync,444.64,1762586974192,21.0.3.8,false,2048,4.25,InvokeFunction,,,LATEST,1-690ef15e-0c49fa-6bf197bf3a66,OnDemand,,,1.15,,"{""errorType"":""FunctionAbnormalExitError""}"
,5E9C37D1C997E792337F0D79C839D1F6-5,1762586974,FCRequestMetrics:/n-matmul-2048,20,20,,,0.07,n-matmul-2048,true,7be323259747,,c-690ef12d-0cf1abd9-4ddba8cb6fd4,1762586974193,Sync,425.00,1762586974193,21.0.3.8,false,2048,2.14,InvokeFunction,,,LATEST,1-690ef15e-0c0a43-190ff92d3c42,OnDemand,,,0.47,,"{""errorType"":""FunctionAbnormalExitError""}"
,D461B99DDC361457A1C9EC0902546FD1-2,1762586974,FCRequestMetrics:/n-matmul-2048,21,21,,,1111.22,n-matmul-2048,false,ed2ed25159fc,,c-690ef14f-0cf1abd9-e247acd3fed5,1762586973563,Sync,1113.65,1762586973561,21.0.3.8,false,2048,30.11,InvokeFunction,,,LATEST,1-690ef15e-0c49fa-a4a25da058b5,OnDemand,,,1.18,
,636547988E635DCC4C08253D0766BAEB-1,1762586974,FCRequestMetrics:/n-matmul-2048,30,30,,,0.02,n-matmul-2048,true,3da1c5559a3b,,c-690ef156-0cf1abd9-a60f14769352,1762586973627,Sync,773.13,1762586973296,21.0.3.8,false,2048,4.30,InvokeFunction,,,LATEST,1-690ef15e-0c49fa-6479dcde90dc,OnDemand,,,331.56,,"{""errorType"":""FunctionAbnormalExitError""}"
,636547988E635DCC4C08253D0766BAEB-1,1762586974,FCRequestMetrics:/n-matmul-2048,31,31,,,723.25,n-matmul-2048,false,3da1c5559a3b,,c-690ef156-0cf1abd9-a60f14769352,1762586974071,Sync,1186.88,1762586973610,21.0.3.8,false,2048,30.66,InvokeFunction,,,LATEST,1-690ef15e-0c0a43-ce771fab438d,OnDemand,,,460.59,
,E08BA4ABFB8C4109D958EF35CCDE9E75-5,1762586974,FCRequestMetrics:/n-matmul-2048,24,24,,,0.03,n-matmul-2048,true,f6ea6fba0d1f,,c-690ef12a-0cf1abd9-0e59ac1cec40,1762586973914,Sync,403.79,1762586973912,21.0.3.6,false,2048,2.15,InvokeFunction,,,LATEST,1-690ef15d-0c49fa-57ce49fa359e,OnDemand,,,1.43,,"{""errorType"":""FunctionAbnormalExitError""}"
,B1BC54E0839163A3A2719B2791B845EA-5,1762586974,FCRequestMetrics:/n-matmul-2048,15,15,,,0.03,n-matmul-2048,true,c5eb2abfaa5d,,c-690ef14c-0cf1abd9-28e65fb7d593,1762586973741,Sync,678.21,1762586973740,21.0.3.5,false,2048,2.25,InvokeFunction,,,LATEST,1-690ef15e-0c49fa-e78bbaad981b,OnDemand,,,1.36,,"{""errorType"":""FunctionAbnormalExitError""}"
,C1124F392E96F7157640100E932BDA24-2,1762586974,FCRequestMetrics:/n-matmul-2048,30,30,,,732.48,n-matmul-2048,false,67bba880de6a,,c-690ef15e-0cf1abd9-14d01dd57fb0,1762586973695,Sync,1284.66,1762586973144,21.0.3.8,false,2048,84.60,InvokeFunction,,,LATEST,1-690ef15e-0c0a43-7fc129e1a898,OnDemand,,,550.72,
,2ECD84792EE924A03BABF1E3B673BF9D-4,1762586974,FCRequestMetrics:/n-matmul-2048,30,30,,,686.19,n-matmul-2048,false,203a62c08916,,c-690ef155-0cf1abd9-fdccf7e0f65d,1762586973869,Sync,1093.97,1762586973462,21.0.3.8,false,2048,26.64,InvokeFunction,,,LATEST,1-690ef15e-0c49fa-cd1e28ab5d3a,OnDemand,,,406.87,
,7B2CA077525D5F38D7687113836FF4D4-2,1762586974,FCRequestMetrics:/n-matmul-2048,30,30,,,0.03,n-matmul-2048,true,dd2888fed1c9,,c-690ef14f-0cf1abd9-cabc0eaa101b,1762586973727,Sync,1391.77,1762586973212,21.0.3.8,false,2048,2.09,InvokeFunction,,,LATEST,1-690ef15e-0c0a43-9e3b2a881010,OnDemand,,,515.13,,"{""errorType"":""FunctionAbnormalExitError""}"
,EB19AA8F9B61C51C3FCBC98D949BD1C2-4,1762586975,FCRequestMetrics:/n-matmul-2048,30,30,,,790.33,n-matmul-2048,false,211d8375abf1,,c-690ef12d-0cf1abd9-78e04fcb7549,1762586974685,Sync,1078.40,1762586974397,21.0.3.8,false,2048,37.86,InvokeFunction,,,LATEST,1-690ef15e-0c0a43-d22c6f144ced,OnDemand,,,287.31,
,F0BCE0E40FE41E0F61DD5DAF956249CC-6,1762586975,FCRequestMetrics:/n-matmul-2048,30,30,,,808.19,n-matmul-2048,false,b9ed45a41c5d,,c-690ef139-0cf1abd9-bfec9b76d480,1762586974695,Sync,1102.15,1762586974401,21.0.3.8,false,2048,40.38,InvokeFunction,,,LATEST,1-690ef15e-0c0a43-26bffde2d584,OnDemand,,,293.23,
,7C3B3344857E71889D56CDA44A54F6B2-2,1762586975,FCRequestMetrics:/n-matmul-2048,30,30,,,767.98,n-matmul-2048,false,687fca8d325c,,c-690ef12c-0cf1abd9-6ced060ffe1b,1762586974694,Sync,1062.66,1762586974400,21.0.3.8,false,2048,40.75,InvokeFunction,,,LATEST,1-690ef15e-0c49fa-c2e25f58c0b9,OnDemand,,,293.93,
,A5C7CD7E71BB55429480C147D0ABD6E0-4,1762586975,FCRequestMetrics:/n-matmul-2048,30,30,,,811.71,n-matmul-2048,false,b9c50fa7ffa2,,c-690ef10b-0cf1abd9-39e48c7dd1cd,1762586974723,Sync,1001.24,1762586974534,21.0.3.8,false,2048,40.45,InvokeFunction,,,LATEST,1-690ef15e-0c49fa-fef3e5100377,OnDemand,,,188.89,
,82C12ED6E643926156E0217F8DC83EE9-4,1762586975,FCRequestMetrics:/n-matmul-2048,30,30,,,802.62,n-matmul-2048,false,a9b6a74eafdc,,c-690ef12d-0cf1abd9-2948faf88166,1762586974837,Sync,1088.01,1762586974552,21.0.3.8,false,2048,42.17,InvokeFunction,,,LATEST,1-690ef15e-0c49fa-7d72fdc4baec,OnDemand,,,284.64,
,B63107B9394C762ADF436F322BAA4B65-3,1762586975,FCRequestMetrics:/n-matmul-2048,30,30,,,636.85,n-matmul-2048,false,1ccfa60657e6,,c-690ef10b-0cf1abd9-672e1c9f5eed,1762586974442,Sync,699.97,1762586974380,21.0.3.8,false,2048,34.68,InvokeFunction,,,LATEST,1-690ef15e-0c0a43-7798101e098e,OnDemand,,,62.46,
,B63107B9394C762ADF436F322BAA4B65-3,1762586975,FCRequestMetrics:/n-matmul-2048,30,30,,,671.73,n-matmul-2048,false,1ccfa60657e6,,c-690ef10b-0cf1abd9-672e1c9f5eed,1762586975082,Sync,1064.92,1762586974690,21.0.3.8,false,2048,37.02,InvokeFunction,,,LATEST,1-690ef15e-0c0a43-78f115a40b4d,OnDemand,,,392.40,
,510F8A150819018E635E267F62520B9B-3,1762586975,FCRequestMetrics:/n-matmul-2048,30,30,,,815.31,n-matmul-2048,false,c8577adbf622,,c-690ef10b-0cf1abd9-26ef2c508c1e,1762586974779,Sync,1206.72,1762586974388,21.0.3.8,false,2048,38.35,InvokeFunction,,,LATEST,1-690ef15e-0c0a43-e5c50ae36a66,OnDemand,,,390.74,
,91973BCA72DE9462DCC25EF55C6AC5B5-2,1762586975,FCRequestMetrics:/n-matmul-2048,11,11,,,1120.99,n-matmul-2048,false,74deffaed995,,c-690ef14e-0cf1abd9-32bbbd8baf97,1762586974836,Sync,1129.56,1762586974833,21.0.3.8,false,2048,38.70,InvokeFunction,,,LATEST,1-690ef160-0c0a43-f9f53ed2efa4,OnDemand,,,0.53,
,2523AFCDD5BD8A2B2953E48983230929-4,1762586975,FCRequestMetrics:/n-matmul-2048,30,30,,,648.01,n-matmul-2048,false,01d6f783bdb1,,c-690ef10b-0cf1abd9-dd39c218e942,1762586974855,Sync,1119.91,1762586974383,21.0.3.8,false,2048,36.93,InvokeFunction,,,LATEST,1-690ef15e-0c49fa-36b199705b95,OnDemand,,,471.19,
,18363E7E93F59FF8F193127D52D86051-5,1762586975,FCRequestMetrics:/n-matmul-2048,30,30,,,677.26,n-matmul-2048,false,3f9c9a307fd4,,c-690ef130-0cf1abd9-454ab669b866,1762586974638,Sync,919.94,1762586974396,21.0.3.8,false,2048,28.86,InvokeFunction,,,LATEST,1-690ef15e-0c49fa-e2bb254d701a,OnDemand,,,242.02,
,18363E7E93F59FF8F193127D52D86051-5,1762586975,FCRequestMetrics:/n-matmul-2048,30,30,,,650.94,n-matmul-2048,false,3f9c9a307fd4,,c-690ef130-0cf1abd9-454ab669b866,1762586975319,Sync,1130.34,1762586974840,21.0.3.8,false,2048,36.64,InvokeFunction,,,LATEST,1-690ef15e-0c49fa-ff956db5b88e,OnDemand,,,478.70,
,DDEEB29FD5ADFBB67E4F2FEB83463658-7,1762586975,FCRequestMetrics:/n-matmul-2048,21,21,,,672.22,n-matmul-2048,false,bc52147f2a7a,,c-690ef12c-0cf1abd9-69aaf8ca2a4b,1762586974375,Sync,673.96,1762586974374,21.0.3.8,false,2048,27.73,InvokeFunction,,,LATEST,1-690ef15e-0c49fa-50cfeba4c81b,OnDemand,,,0.91,
,DDEEB29FD5ADFBB67E4F2FEB83463658-7,1762586975,FCRequestMetrics:/n-matmul-2048,30,30,,,656.41,n-matmul-2048,false,bc52147f2a7a,,c-690ef12c-0cf1abd9-69aaf8ca2a4b,1762586975052,Sync,1030.87,1762586974678,21.0.3.8,false,2048,34.29,InvokeFunction,,,LATEST,1-690ef15e-0c49fa-307962a85aec,OnDemand,,,373.69,
,211620C9A07558D2D8764497DA6068A4-3,1762586975,FCRequestMetrics:/n-matmul-2048,21,21,,,675.42,n-matmul-2048,false,e053c99a8bb6,,c-690ef10b-0cf1abd9-9de429f2e3c5,1762586974366,Sync,677.41,1762586974365,21.0.3.8,false,2048,26.64,InvokeFunction,,,LATEST,1-690ef15e-0c49fa-3d55ed03a972,OnDemand,,,1.29,
,211620C9A07558D2D8764497DA6068A4-3,1762586975,FCRequestMetrics:/n-matmul-2048,30,30,,,669.78,n-matmul-2048,false,e053c99a8bb6,,c-690ef10b-0cf1abd9-9de429f2e3c5,1762586975045,Sync,1038.40,1762586974677,21.0.3.8,false,2048,34.70,InvokeFunction,,,LATEST,1-690ef15e-0c0a43-86ba1c14e329,OnDemand,,,368.01,
,5E9C37D1C997E792337F0D79C839D1F6-5,1762586975,FCRequestMetrics:/n-matmul-2048,30,30,,,692.82,n-matmul-2048,false,7be323259747,,c-690ef12d-0cf1abd9-4ddba8cb6fd4,1762586974625,Sync,922.20,1762586974396,21.0.3.8,false,2048,28.60,InvokeFunction,,,LATEST,1-690ef15e-0c49fa-901f1599586c,OnDemand,,,224.68,
,5E9C37D1C997E792337F0D79C839D1F6-5,1762586975,FCRequestMetrics:/n-matmul-2048,30,30,,,633.69,n-matmul-2048,false,7be323259747,,c-690ef12d-0cf1abd9-4ddba8cb6fd4,1762586975321,Sync,1114.01,1762586974842,21.0.3.8,false,2048,36.40,InvokeFunction,,,LATEST,1-690ef15e-0c0a43-d5fafbdd3dec,OnDemand,,,479.63,
,D461B99DDC361457A1C9EC0902546FD1-2,1762586975,FCRequestMetrics:/n-matmul-2048,31,31,,,1082.73,n-matmul-2048,false,ed2ed25159fc,,c-690ef14f-0cf1abd9-e247acd3fed5,1762586974679,Sync,1581.97,1762586974181,21.0.3.8,false,2048,36.02,InvokeFunction,,,LATEST,1-690ef15e-0c0a43-710336073096,OnDemand,,,498.20,
,9A02C87DA0F400C9E40F40EF2DF6006D-3,1762586975,FCRequestMetrics:/n-matmul-2048,21,21,,,680.94,n-matmul-2048,false,3ea4534df15d,,c-690ef10b-0cf1abd9-31fefea0e1fd,1762586974370,Sync,682.31,1762586974369,21.0.3.8,false,2048,28.54,InvokeFunction,,,LATEST,1-690ef15e-0c0a43-b4dbf4f36ea4,OnDemand,,,0.48,
,9A02C87DA0F400C9E40F40EF2DF6006D-3,1762586975,FCRequestMetrics:/n-matmul-2048,30,30,,,640.31,n-matmul-2048,false,3ea4534df15d,,c-690ef10b-0cf1abd9-31fefea0e1fd,1762586975054,Sync,1015.13,1762586974680,21.0.3.8,false,2048,36.45,InvokeFunction,,,LATEST,1-690ef15e-0c0a43-774f8021b480,OnDemand,,,374.06,
,B2D19E9889F3DDE524F4ACFCF2A5FEBF-3,1762586975,FCRequestMetrics:/n-matmul-2048,21,21,,,668.08,n-matmul-2048,false,95f39cca25aa,,c-690ef10b-0cf1abd9-336379de3020,1762586974369,Sync,670.25,1762586974367,21.0.3.8,false,2048,26.77,InvokeFunction,,,LATEST,1-690ef15e-0c49fa-9db5aa4a72e8,OnDemand,,,1.20,
,B2D19E9889F3DDE524F4ACFCF2A5FEBF-3,1762586975,FCRequestMetrics:/n-matmul-2048,30,30,,,639.35,n-matmul-2048,false,95f39cca25aa,,c-690ef10b-0cf1abd9-336379de3020,1762586975041,Sync,1006.78,1762586974674,21.0.3.8,false,2048,34.56,InvokeFunction,,,LATEST,1-690ef15e-0c49fa-cb327c858c47,OnDemand,,,366.62,
,BF6FA9AF6994B690E2E5555B14FF4940-6,1762586975,FCRequestMetrics:/n-matmul-2048,21,21,,,678.02,n-matmul-2048,false,21ba44532db0,,c-690ef12f-0cf1abd9-72da07858f04,1762586974365,Sync,679.36,1762586974364,21.0.3.8,false,2048,26.69,InvokeFunction,,,LATEST,1-690ef15e-0c0a43-8eae855178b1,OnDemand,,,0.52,
,BF6FA9AF6994B690E2E5555B14FF4940-6,1762586975,FCRequestMetrics:/n-matmul-2048,30,30,,,643.39,n-matmul-2048,false,21ba44532db0,,c-690ef12f-0cf1abd9-72da07858f04,1762586975046,Sync,1012.80,1762586974677,21.0.3.8,false,2048,34.25,InvokeFunction,,,LATEST,1-690ef15e-0c0a43-ab376ebd91ec,OnDemand,,,368.54,
,D5A4CD99F058D411C58A3919BEB264F4-3,1762586975,FCRequestMetrics:/n-matmul-2048,30,30,,,0.03,n-matmul-2048,true,a1586973fec8,,c-690ef10b-0cf1abd9-90463d425ca7,1762586974842,Sync,854.17,1762586974387,21.0.3.8,false,2048,4.10,InvokeFunction,,,LATEST,1-690ef15e-0c0a43-ef6a3887b1f1,OnDemand,,,454.29,,"{""errorType"":""FunctionAbnormalExitError""}"
,D5A4CD99F058D411C58A3919BEB264F4-3,1762586975,FCRequestMetrics:/n-matmul-2048,30,30,,,711.82,n-matmul-2048,false,a1586973fec8,,c-690ef10b-0cf1abd9-90463d425ca7,1762586975243,Sync,1242.69,1762586974713,21.0.3.8,false,2048,26.52,InvokeFunction,,,LATEST,1-690ef15e-0c49fa-86b161888baa,OnDemand,,,530.16,
,00E67D373DA9C60BEF759D13208EAAD9-5,1762586975,FCRequestMetrics:/n-matmul-2048,30,30,,,0.05,n-matmul-2048,true,9013ed408e73,,c-690ef10b-0cf1abd9-dbc16e7d233d,1762586974945,Sync,699.19,1762586974662,21.0.3.8,false,2048,2.33,InvokeFunction,,,LATEST,1-690ef15e-0c49fa-b8e9cea6241b,OnDemand,,,283.37,,"{""errorType"":""FunctionAbnormalExitError""}"
,C38D529AEE78E8BFEBBDDADEDE13D41B-1,1762586975,FCRequestMetrics:/n-matmul-2048,21,21,,,675.97,n-matmul-2048,false,965073b71ef9,,c-690ef12c-0cf1abd9-ee855b82b2d6,1762586974361,Sync,677.33,1762586974360,21.0.3.7,false,2048,26.71,InvokeFunction,,,LATEST,1-690ef15e-0c0a43-f8e5a1bac1bb,OnDemand,,,0.48,
,C38D529AEE78E8BFEBBDDADEDE13D41B-1,1762586975,FCRequestMetrics:/n-matmul-2048,30,30,,,635.33,n-matmul-2048,false,965073b71ef9,,c-690ef12c-0cf1abd9-ee855b82b2d6,1762586975040,Sync,1002.90,1762586974673,21.0.3.7,false,2048,34.53,InvokeFunction,,,LATEST,1-690ef15e-0c49fa-8275ca7d0bca,OnDemand,,,366.87,
,B10148BC96FECE49F2FC2439520A3175-5,1762586975,FCRequestMetrics:/n-matmul-2048,21,21,,,673.22,n-matmul-2048,false,9ae0a7a16fc1,,c-690ef12e-0cf1abd9-86b866453e74,1762586974360,Sync,675.20,1762586974359,21.0.3.7,false,2048,26.54,InvokeFunction,,,LATEST,1-690ef15e-0c49fa-0b6470dac152,OnDemand,,,0.90,
,B10148BC96FECE49F2FC2439520A3175-5,1762586975,FCRequestMetrics:/n-matmul-2048,30,30,,,652.48,n-matmul-2048,false,9ae0a7a16fc1,,c-690ef12e-0cf1abd9-86b866453e74,1762586975037,Sync,1017.06,1762586974673,21.0.3.7,false,2048,34.20,InvokeFunction,,,LATEST,1-690ef15e-0c0a43-bb431a8d239f,OnDemand,,,363.84,
,46B19270B472A6D217A2E559E7E7C97B-3,1762586975,FCRequestMetrics:/n-matmul-2048,30,30,,,0.03,n-matmul-2048,true,869d26b39717,,c-690ef10b-0cf1abd9-b6750c057b8f,1762586974944,Sync,946.79,1762586974394,21.0.3.8,false,2048,4.27,InvokeFunction,,,LATEST,1-690ef15e-0c49fa-c3d1492428cc,OnDemand,,,549.85,,"{""errorType"":""FunctionAbnormalExitError""}"
,636547988E635DCC4C08253D0766BAEB-1,1762586975,FCRequestMetrics:/n-matmul-2048,14,14,,,652.33,n-matmul-2048,false,3da1c5559a3b,,c-690ef156-0cf1abd9-a60f14769352,1762586974802,Sync,653.52,1762586974802,21.0.3.8,false,2048,37.99,InvokeFunction,,,LATEST,1-690ef160-0c0a43-1a0d693899cb,OnDemand,,,0.54,
,E08BA4ABFB8C4109D958EF35CCDE9E75-5,1762586975,FCRequestMetrics:/n-matmul-2048,22,22,,,683.27,n-matmul-2048,false,f6ea6fba0d1f,,c-690ef12a-0cf1abd9-0e59ac1cec40,1762586974329,Sync,685.40,1762586974327,21.0.3.6,false,2048,26.67,InvokeFunction,,,LATEST,1-690ef15e-0c49fa-755307ff50bf,OnDemand,,,1.45,
,E08BA4ABFB8C4109D958EF35CCDE9E75-5,1762586975,FCRequestMetrics:/n-matmul-2048,30,30,,,647.61,n-matmul-2048,false,f6ea6fba0d1f,,c-690ef12a-0cf1abd9-0e59ac1cec40,1762586975016,Sync,999.60,1762586974668,21.0.3.6,false,2048,34.23,InvokeFunction,,,LATEST,1-690ef15e-0c0a43-1f16088f9237,OnDemand,,,347.66,
,B1BC54E0839163A3A2719B2791B845EA-5,1762586975,FCRequestMetrics:/n-matmul-2048,30,30,,,1158.50,n-matmul-2048,false,c5eb2abfaa5d,,c-690ef14c-0cf1abd9-28e65fb7d593,1762586974420,Sync,1513.31,1762586974073,21.0.3.5,false,2048,26.92,InvokeFunction,,,LATEST,1-690ef15e-0c0a43-c3ada532b464,OnDemand,,,346.41,
,943CF4692F491FB15BAF1EAB0CB8860A-0,1762586975,FCRequestMetrics:/n-matmul-2048,30,30,,,1331.72,n-matmul-2048,false,bfd14e2c48c1,,c-690ef14e-0cf1abd9-da3a9c4be72b,1762586973873,Sync,1572.84,1762586973633,21.0.3.8,false,2048,26.83,InvokeFunction,,,LATEST,1-690ef15e-0c0a43-0851e3225662,OnDemand,,,239.60,
,C1124F392E96F7157640100E932BDA24-2,1762586975,FCRequestMetrics:/n-matmul-2048,12,12,,,651.95,n-matmul-2048,false,67bba880de6a,,c-690ef15e-0cf1abd9-14d01dd57fb0,1762586974433,Sync,653.89,1762586974432,21.0.3.8,false,2048,92.55,InvokeFunction,,,LATEST,1-690ef160-0c49fa-dc274b734025,OnDemand,,,1.20,
,C1124F392E96F7157640100E932BDA24-2,1762586975,FCRequestMetrics:/n-matmul-2048,22,22,,,815.05,n-matmul-2048,false,67bba880de6a,,c-690ef15e-0cf1abd9-14d01dd57fb0,1762586975092,Sync,817.37,1762586975090,21.0.3.8,false,2048,94.86,InvokeFunction,,,LATEST,1-690ef160-0c49fa-38084aa32755,OnDemand,,,1.35,
,CFD93EE32B19E972234D28D1C13E1AA8-1,1762586975,FCRequestMetrics:/n-matmul-2048,14,14,,,808.57,n-matmul-2048,false,7a537213662e,,c-690ef15f-0cf1abd9-fd32f0b49b00,1762586974667,Sync,811.62,1762586974666,21.0.3.8,false,2048,82.61,InvokeFunction,,,LATEST,1-690ef160-0c0a43-39e0009cb5e3,OnDemand,,,0.53,
,B63107B9394C762ADF436F322BAA4B65-3,1762586976,FCRequestMetrics:/n-matmul-2048,13,13,,,792.28,n-matmul-2048,false,1ccfa60657e6,,c-690ef10b-0cf1abd9-672e1c9f5eed,1762586975801,Sync,794.02,1762586975799,21.0.3.8,false,2048,38.43,InvokeFunction,,,LATEST,1-690ef15f-0c49fa-e56a36645a77,OnDemand,,,0.99,
,DC91F31EAE4326850C248390B5A5E361-1,1762586976,FCRequestMetrics:/n-matmul-2048,12,12,,,1472.33,n-matmul-2048,false,cf01fd95e6f6,,c-690ef150-0cf1abd9-91e7929a8b40,1762586975013,Sync,1476.09,1762586975011,21.0.3.8,false,2048,43.31,InvokeFunction,,,LATEST,1-690ef15f-0c49fa-ff09649c0982,OnDemand,,,1.39,
,18363E7E93F59FF8F193127D52D86051-5,1762586976,FCRequestMetrics:/n-matmul-2048,12,12,,,654.62,n-matmul-2048,false,3f9c9a307fd4,,c-690ef130-0cf1abd9-454ab669b866,1762586975996,Sync,656.47,1762586975994,21.0.3.8,false,2048,38.83,InvokeFunction,,,LATEST,1-690ef15f-0c49fa-b3356bd9c0ba,OnDemand,,,1.17,
,DDEEB29FD5ADFBB67E4F2FEB83463658-7,1762586976,FCRequestMetrics:/n-matmul-2048,14,14,,,650.19,n-matmul-2048,false,bc52147f2a7a,,c-690ef12c-0cf1abd9-69aaf8ca2a4b,1762586976210,Sync,651.50,1762586976209,21.0.3.8,false,2048,36.51,InvokeFunction,,,LATEST,1-690ef160-0c0a43-536041cbb171,OnDemand,,,0.52,
,211620C9A07558D2D8764497DA6068A4-3,1762586976,FCRequestMetrics:/n-matmul-2048,14,14,,,652.51,n-matmul-2048,false,e053c99a8bb6,,c-690ef10b-0cf1abd9-9de429f2e3c5,1762586976179,Sync,654.37,1762586976178,21.0.3.8,false,2048,36.95,InvokeFunction,,,LATEST,1-690ef160-0c49fa-8ff085337a24,OnDemand,,,0.93,
,5E9C37D1C997E792337F0D79C839D1F6-5,1762586976,FCRequestMetrics:/n-matmul-2048,11,11,,,778.72,n-matmul-2048,false,7be323259747,,c-690ef12d-0cf1abd9-4ddba8cb6fd4,1762586976090,Sync,780.80,1762586976088,21.0.3.8,false,2048,40.82,InvokeFunction,,,LATEST,1-690ef160-0c49fa-14578e99d5b6,OnDemand,,,1.35,
,D461B99DDC361457A1C9EC0902546FD1-2,1762586976,FCRequestMetrics:/n-matmul-2048,17,17,,,1150.64,n-matmul-2048,false,ed2ed25159fc,,c-690ef14f-0cf1abd9-e247acd3fed5,1762586975773,Sync,1152.63,1762586975772,21.0.3.8,false,2048,40.05,InvokeFunction,,,LATEST,1-690ef160-0c49fa-b44887cfea96,OnDemand,,,1.13,
,D5A4CD99F058D411C58A3919BEB264F4-3,1762586976,FCRequestMetrics:/n-matmul-2048,12,12,,,651.52,n-matmul-2048,false,a1586973fec8,,c-690ef10b-0cf1abd9-90463d425ca7,1762586975996,Sync,652.90,1762586975995,21.0.3.8,false,2048,34.06,InvokeFunction,,,LATEST,1-690ef15f-0c0a43-777d7321ee88,OnDemand,,,0.62,
,00E67D373DA9C60BEF759D13208EAAD9-5,1762586976,FCRequestMetrics:/n-matmul-2048,31,31,,,673.60,n-matmul-2048,false,9013ed408e73,,c-690ef10b-0cf1abd9-dbc16e7d233d,1762586975363,Sync,1136.99,1762586974900,21.0.3.8,false,2048,28.61,InvokeFunction,,,LATEST,1-690ef15e-0c49fa-954a23f94426,OnDemand,,,462.70,
,00E67D373DA9C60BEF759D13208EAAD9-5,1762586976,FCRequestMetrics:/n-matmul-2048,11,11,,,642.81,n-matmul-2048,false,9013ed408e73,,c-690ef10b-0cf1abd9-dbc16e7d233d,1762586976055,Sync,644.05,1762586976054,21.0.3.8,false,2048,36.45,InvokeFunction,,,LATEST,1-690ef160-0c0a43-6f4730af3d12,OnDemand,,,0.53,
,46B19270B472A6D217A2E559E7E7C97B-3,1762586976,FCRequestMetrics:/n-matmul-2048,31,31,,,680.19,n-matmul-2048,false,869d26b39717,,c-690ef10b-0cf1abd9-b6750c057b8f,1762586975343,Sync,1141.46,1762586974882,21.0.3.8,false,2048,28.51,InvokeFunction,,,LATEST,1-690ef15e-0c0a43-9b3d46c3b866,OnDemand,,,460.38,
,46B19270B472A6D217A2E559E7E7C97B-3,1762586976,FCRequestMetrics:/n-matmul-2048,11,11,,,644.66,n-matmul-2048,false,869d26b39717,,c-690ef10b-0cf1abd9-b6750c057b8f,1762586976077,Sync,646.42,1762586976076,21.0.3.8,false,2048,35.92,InvokeFunction,,,LATEST,1-690ef160-0c49fa-c15be3c66480,OnDemand,,,1.11,
,636547988E635DCC4C08253D0766BAEB-1,1762586976,FCRequestMetrics:/n-matmul-2048,29,29,,,688.76,n-matmul-2048,false,3da1c5559a3b,,c-690ef156-0cf1abd9-a60f14769352,1762586975528,Sync,689.91,1762586975527,21.0.3.8,false,2048,40.47,InvokeFunction,,,LATEST,1-690ef160-0c0a43-bed3216ce245,OnDemand,,,0.47,
,B1BC54E0839163A3A2719B2791B845EA-5,1762586976,FCRequestMetrics:/n-matmul-2048,13,13,,,857.34,n-matmul-2048,false,c5eb2abfaa5d,,c-690ef14c-0cf1abd9-28e65fb7d593,1762586975605,Sync,861.58,1762586975603,21.0.3.5,false,2048,34.27,InvokeFunction,,,LATEST,1-690ef15f-0c49fa-589fdd8aa3e1,OnDemand,,,1.42,
,943CF4692F491FB15BAF1EAB0CB8860A-0,1762586976,FCRequestMetrics:/n-matmul-2048,11,11,,,921.31,n-matmul-2048,false,bfd14e2c48c1,,c-690ef14e-0cf1abd9-da3a9c4be72b,1762586975450,Sync,923.34,1762586975449,21.0.3.8,false,2048,34.65,InvokeFunction,,,LATEST,1-690ef160-0c49fa-a60fd201d876,OnDemand,,,0.94,
,2ECD84792EE924A03BABF1E3B673BF9D-4,1762586976,FCRequestMetrics:/n-matmul-2048,28,28,,,750.73,n-matmul-2048,false,203a62c08916,,c-690ef155-0cf1abd9-fdccf7e0f65d,1762586975915,Sync,753.02,1762586975913,21.0.3.8,false,2048,34.37,InvokeFunction,,,LATEST,1-690ef160-0c49fa-d6852ee23c6e,OnDemand,,,1.14,
,7B2CA077525D5F38D7687113836FF4D4-2,1762586976,FCRequestMetrics:/n-matmul-2048,13,13,,,1372.71,n-matmul-2048,false,dd2888fed1c9,,c-690ef14f-0cf1abd9-cabc0eaa101b,1762586974645,Sync,1376.38,1762586974644,21.0.3.8,false,2048,26.95,InvokeFunction,,,LATEST,1-690ef15f-0c0a43-3c908455798a,OnDemand,,,0.55,
,CFD93EE32B19E972234D28D1C13E1AA8-1,1762586976,FCRequestMetrics:/n-matmul-2048,31,31,,,834.77,n-matmul-2048,false,7a537213662e,,c-690ef15f-0cf1abd9-fd32f0b49b00,1762586975518,Sync,836.15,1762586975517,21.0.3.8,false,2048,90.59,InvokeFunction,,,LATEST,1-690ef161-0c0a43-127818dfa0a4,OnDemand,,,0.54,
,91973BCA72DE9462DCC25EF55C6AC5B5-5,1762586976,FCRequestMetrics:/n-matmul-2048,30,30,,,0.04,n-matmul-2048,true,74deffaed995,,c-690ef14e-0cf1abd9-32bbbd8baf97,1762586975966,Sync,553.60,1762586975966,21.0.3.8,false,2048,2.21,InvokeFunction,,,LATEST,1-690ef161-0c0a43-814e1225e9c3,OnDemand,,,0.40,,"{""errorType"":""FunctionAbnormalExitError""}"
,A91AC64A0F8E1976F88383B363514050-5,1762586976,FCRequestMetrics:/n-matmul-2048,22,22,,,0.04,n-matmul-2048,true,cc3f8c782a21,,c-690ef151-0cf1abd9-7fe4e69dd5c1,1762586976063,Sync,457.00,1762586976062,21.0.3.8,false,2048,2.07,InvokeFunction,,,LATEST,1-690ef160-0c0a43-33aa28b9743a,OnDemand,,,0.49,,"{""errorType"":""FunctionAbnormalExitError""}"
,2523AFCDD5BD8A2B2953E48983230929-4,1762586977,FCRequestMetrics:/n-matmul-2048,22,22,,,787.48,n-matmul-2048,false,01d6f783bdb1,,c-690ef10b-0cf1abd9-dd39c218e942,1762586976650,Sync,790.14,1762586976649,21.0.3.8,false,2048,38.04,InvokeFunction,,,LATEST,1-690ef160-0c49fa-46ed6f32605c,OnDemand,,,0.77,
,18363E7E93F59FF8F193127D52D86051-5,1762586977,FCRequestMetrics:/n-matmul-2048,22,22,,,787.06,n-matmul-2048,false,3f9c9a307fd4,,c-690ef130-0cf1abd9-454ab669b866,1762586976687,Sync,788.46,1762586976687,21.0.3.8,false,2048,40.07,InvokeFunction,,,LATEST,1-690ef160-0c0a43-1fe6ea008234,OnDemand,,,0.41,
,DDEEB29FD5ADFBB67E4F2FEB83463658-7,1762586977,FCRequestMetrics:/n-matmul-2048,29,29,,,785.56,n-matmul-2048,false,bc52147f2a7a,,c-690ef12c-0cf1abd9-69aaf8ca2a4b,1762586976868,Sync,786.73,1762586976867,21.0.3.8,false,2048,37.83,InvokeFunction,,,LATEST,1-690ef160-0c0a43-fbe5f1ddec2a,OnDemand,,,0.50,
,211620C9A07558D2D8764497DA6068A4-3,1762586977,FCRequestMetrics:/n-matmul-2048,29,29,,,800.89,n-matmul-2048,false,e053c99a8bb6,,c-690ef10b-0cf1abd9-9de429f2e3c5,1762586976883,Sync,802.77,1762586976882,21.0.3.8,false,2048,39.31,InvokeFunction,,,LATEST,1-690ef160-0c49fa-686fae0d737a,OnDemand,,,1.09,
,5E9C37D1C997E792337F0D79C839D1F6-5,1762586977,FCRequestMetrics:/n-matmul-2048,29,29,,,787.42,n-matmul-2048,false,7be323259747,,c-690ef12d-0cf1abd9-4ddba8cb6fd4,1762586976881,Sync,789.37,1762586976880,21.0.3.8,false,2048,44.39,InvokeFunction,,,LATEST,1-690ef160-0c49fa-c5c80aee59f4,OnDemand,,,0.87,
,D461B99DDC361457A1C9EC0902546FD1-2,1762586977,FCRequestMetrics:/n-matmul-2048,27,27,,,901.92,n-matmul-2048,false,ed2ed25159fc,,c-690ef14f-0cf1abd9-e247acd3fed5,1762586976928,Sync,903.15,1762586976928,21.0.3.8,false,2048,43.10,InvokeFunction,,,LATEST,1-690ef161-0c0a43-34cff64d7540,OnDemand,,,0.40,
,9A02C87DA0F400C9E40F40EF2DF6006D-3,1762586977,FCRequestMetrics:/n-matmul-2048,17,17,,,663.44,n-matmul-2048,false,3ea4534df15d,,c-690ef10b-0cf1abd9-31fefea0e1fd,1762586976440,Sync,664.80,1762586976439,21.0.3.8,false,2048,38.30,InvokeFunction,,,LATEST,1-690ef160-0c0a43-827fba2da218,OnDemand,,,0.58,
,9A02C87DA0F400C9E40F40EF2DF6006D-3,1762586977,FCRequestMetrics:/n-matmul-2048,30,30,,,809.79,n-matmul-2048,false,3ea4534df15d,,c-690ef10b-0cf1abd9-31fefea0e1fd,1762586977108,Sync,811.76,1762586977107,21.0.3.8,false,2048,40.14,InvokeFunction,,,LATEST,1-690ef161-0c49fa-1db86c00b418,OnDemand,,,1.21,
,B2D19E9889F3DDE524F4ACFCF2A5FEBF-3,1762586977,FCRequestMetrics:/n-matmul-2048,18,18,,,791.94,n-matmul-2048,false,95f39cca25aa,,c-690ef10b-0cf1abd9-336379de3020,1762586976603,Sync,793.39,1762586976602,21.0.3.8,false,2048,38.96,InvokeFunction,,,LATEST,1-690ef160-0c0a43-a50515f51db5,OnDemand,,,0.62,
,BF6FA9AF6994B690E2E5555B14FF4940-6,1762586977,FCRequestMetrics:/n-matmul-2048,18,18,,,651.11,n-matmul-2048,false,21ba44532db0,,c-690ef12f-0cf1abd9-72da07858f04,1762586976600,Sync,653.25,1762586976598,21.0.3.8,false,2048,36.47,InvokeFunction,,,LATEST,1-690ef160-0c49fa-090369b184b3,OnDemand,,,1.14,
,D5A4CD99F058D411C58A3919BEB264F4-3,1762586977,FCRequestMetrics:/n-matmul-2048,22,22,,,783.35,n-matmul-2048,false,a1586973fec8,,c-690ef10b-0cf1abd9-90463d425ca7,1762586976691,Sync,785.55,1762586976689,21.0.3.8,false,2048,38.55,InvokeFunction,,,LATEST,1-690ef160-0c49fa-ab3297fd9d7e,OnDemand,,,1.33,
,00E67D373DA9C60BEF759D13208EAAD9-5,1762586977,FCRequestMetrics:/n-matmul-2048,22,22,,,776.59,n-matmul-2048,false,9013ed408e73,,c-690ef10b-0cf1abd9-dbc16e7d233d,1762586976705,Sync,778.63,1762586976703,21.0.3.8,false,2048,40.92,InvokeFunction,,,LATEST,1-690ef160-0c49fa-473d3ed98a44,OnDemand,,,1.35,
,C38D529AEE78E8BFEBBDDADEDE13D41B-1,1762586977,FCRequestMetrics:/n-matmul-2048,18,18,,,668.88,n-matmul-2048,false,965073b71ef9,,c-690ef12c-0cf1abd9-ee855b82b2d6,1762586976604,Sync,670.72,1762586976603,21.0.3.7,false,2048,36.93,InvokeFunction,,,LATEST,1-690ef160-0c49fa-4ffba70575ab,OnDemand,,,0.91,
,B10148BC96FECE49F2FC2439520A3175-5,1762586977,FCRequestMetrics:/n-matmul-2048,18,18,,,777.94,n-matmul-2048,false,9ae0a7a16fc1,,c-690ef12e-0cf1abd9-86b866453e74,1762586976599,Sync,779.35,1762586976598,21.0.3.7,false,2048,38.31,InvokeFunction,,,LATEST,1-690ef160-0c0a43-dfdb59325133,OnDemand,,,0.54,
,46B19270B472A6D217A2E559E7E7C97B-3,1762586977,FCRequestMetrics:/n-matmul-2048,28,28,,,787.48,n-matmul-2048,false,869d26b39717,,c-690ef10b-0cf1abd9-b6750c057b8f,1762586976742,Sync,788.90,1762586976741,21.0.3.8,false,2048,40.48,InvokeFunction,,,LATEST,1-690ef160-0c0a43-0d968f6c3a62,OnDemand,,,0.53,
,636547988E635DCC4C08253D0766BAEB-1,1762586977,FCRequestMetrics:/n-matmul-2048,31,31,,,796.95,n-matmul-2048,false,3da1c5559a3b,,c-690ef156-0cf1abd9-a60f14769352,1762586976257,Sync,798.18,1762586976256,21.0.3.8,false,2048,42.00,InvokeFunction,,,LATEST,1-690ef161-0c0a43-41e6d54fb3d8,OnDemand,,,0.50,
,E08BA4ABFB8C4109D958EF35CCDE9E75-5,1762586977,FCRequestMetrics:/n-matmul-2048,18,18,,,664.62,n-matmul-2048,false,f6ea6fba0d1f,,c-690ef12a-0cf1abd9-0e59ac1cec40,1762586976606,Sync,666.15,1762586976605,21.0.3.6,false,2048,36.63,InvokeFunction,,,LATEST,1-690ef160-0c0a43-2144a8c3ee8b,OnDemand,,,0.56,
,B1BC54E0839163A3A2719B2791B845EA-5,1762586977,FCRequestMetrics:/n-matmul-2048,22,22,,,1137.50,n-matmul-2048,false,c5eb2abfaa5d,,c-690ef14c-0cf1abd9-28e65fb7d593,1762586976470,Sync,1142.71,1762586976469,21.0.3.5,false,2048,38.48,InvokeFunction,,,LATEST,1-690ef160-0c49fa-ec0230176001,OnDemand,,,0.87,
,943CF4692F491FB15BAF1EAB0CB8860A-0,1762586977,FCRequestMetrics:/n-matmul-2048,31,31,,,835.68,n-matmul-2048,false,bfd14e2c48c1,,c-690ef14e-0cf1abd9-da3a9c4be72b,1762586976417,Sync,837.75,1762586976415,21.0.3.8,false,2048,36.93,InvokeFunction,,,LATEST,1-690ef160-0c49fa-00b1db2de2d9,OnDemand,,,1.22,
,C1124F392E96F7157640100E932BDA24-2,1762586977,FCRequestMetrics:/n-matmul-2048,27,27,,,1142.27,n-matmul-2048,false,67bba880de6a,,c-690ef15e-0cf1abd9-14d01dd57fb0,1762586975919,Sync,1144.23,1762586975918,21.0.3.8,false,2048,96.07,InvokeFunction,,,LATEST,1-690ef161-0c49fa-63769eb38d42,OnDemand,,,1.15,
,2ECD84792EE924A03BABF1E3B673BF9D-4,1762586977,FCRequestMetrics:/n-matmul-2048,27,27,,,1065.96,n-matmul-2048,false,203a62c08916,,c-690ef155-0cf1abd9-fdccf7e0f65d,1762586976675,Sync,1068.23,1762586976673,21.0.3.8,false,2048,36.55,InvokeFunction,,,LATEST,1-690ef161-0c49fa-3efb1f20d1ed,OnDemand,,,0.83,
,7B2CA077525D5F38D7687113836FF4D4-2,1762586977,FCRequestMetrics:/n-matmul-2048,27,27,,,713.82,n-matmul-2048,false,dd2888fed1c9,,c-690ef14f-0cf1abd9-cabc0eaa101b,1762586976498,Sync,716.41,1762586976497,21.0.3.8,false,2048,34.12,InvokeFunction,,,LATEST,1-690ef161-0c49fa-213697bea640,OnDemand,,,0.93,
,CFD93EE32B19E972234D28D1C13E1AA8-1,1762586977,FCRequestMetrics:/n-matmul-2048,18,18,,,801.82,n-matmul-2048,false,7a537213662e,,c-690ef15f-0cf1abd9-fd32f0b49b00,1762586976986,Sync,803.79,1762586976985,21.0.3.8,false,2048,94.10,InvokeFunction,,,LATEST,1-690ef162-0c49fa-0ed901aafb4e,OnDemand,,,1.11,
,A5C7CD7E71BB55429480C147D0ABD6E0-5,1762586977,FCRequestMetrics:/n-matmul-2048,22,22,,,0.05,n-matmul-2048,true,b9c50fa7ffa2,,c-690ef10b-0cf1abd9-39e48c7dd1cd,1762586976647,Sync,413.21,1762586976646,21.0.3.8,false,2048,4.01,InvokeFunction,,,LATEST,1-690ef160-0c0a43-9a59c0961cee,OnDemand,,,0.50,,"{""errorType"":""FunctionAbnormalExitError""}"
,A5C7CD7E71BB55429480C147D0ABD6E0-5,1762586977,FCRequestMetrics:/n-matmul-2048,27,27,,,747.24,n-matmul-2048,false,b9c50fa7ffa2,,c-690ef10b-0cf1abd9-39e48c7dd1cd,1762586977152,Sync,748.59,1762586977151,21.0.3.8,false,2048,28.79,InvokeFunction,,,LATEST,1-690ef161-0c0a43-0a44f7bde92b,OnDemand,,,0.51,
,82C12ED6E643926156E0217F8DC83EE9-5,1762586977,FCRequestMetrics:/n-matmul-2048,22,22,,,0.05,n-matmul-2048,true,a9b6a74eafdc,,c-690ef12d-0cf1abd9-2948faf88166,1762586976646,Sync,453.94,1762586976644,21.0.3.8,false,2048,2.21,InvokeFunction,,,LATEST,1-690ef160-0c49fa-31e5be073cbd,OnDemand,,,0.86,,"{""errorType"":""FunctionAbnormalExitError""}"
,82C12ED6E643926156E0217F8DC83EE9-5,1762586977,FCRequestMetrics:/n-matmul-2048,30,30,,,691.86,n-matmul-2048,false,a9b6a74eafdc,,c-690ef12d-0cf1abd9-2948faf88166,1762586977109,Sync,693.96,1762586977108,21.0.3.8,false,2048,28.71,InvokeFunction,,,LATEST,1-690ef161-0c49fa-0e1fc54fd01b,OnDemand,,,1.35,
,91973BCA72DE9462DCC25EF55C6AC5B5-5,1762586977,FCRequestMetrics:/n-matmul-2048,31,31,,,780.65,n-matmul-2048,false,74deffaed995,,c-690ef14e-0cf1abd9-32bbbd8baf97,1762586976522,Sync,782.58,1762586976521,21.0.3.8,false,2048,26.66,InvokeFunction,,,LATEST,1-690ef161-0c49fa-1312942fce96,OnDemand,,,1.17,
,91973BCA72DE9462DCC25EF55C6AC5B5-5,1762586977,FCRequestMetrics:/n-matmul-2048,18,18,,,687.07,n-matmul-2048,false,74deffaed995,,c-690ef14e-0cf1abd9-32bbbd8baf97,1762586977309,Sync,688.45,1762586977309,21.0.3.8,false,2048,34.10,InvokeFunction,,,LATEST,1-690ef162-0c0a43-c72e7fb78211,OnDemand,,,0.46,
,B63107B9394C762ADF436F322BAA4B65-3,1762586977,FCRequestMetrics:/n-matmul-2048,18,18,,,0.02,n-matmul-2048,true,1ccfa60657e6,,c-690ef10b-0cf1abd9-672e1c9f5eed,1762586976599,Sync,450.52,1762586976598,21.0.3.8,false,2048,2.38,InvokeFunction,,,LATEST,1-690ef160-0c49fa-ee435669bce5,OnDemand,,,1.42,,"{""errorType"":""FunctionAbnormalExitError""}"
,510F8A150819018E635E267F62520B9B-3,1762586977,FCRequestMetrics:/n-matmul-2048,22,22,,,0.04,n-matmul-2048,true,c8577adbf622,,c-690ef10b-0cf1abd9-26ef2c508c1e,1762586976646,Sync,418.75,1762586976645,21.0.3.8,false,2048,2.21,InvokeFunction,,,LATEST,1-690ef160-0c0a43-37af32c911e4,OnDemand,,,0.49,,"{""errorType"":""FunctionAbnormalExitError""}"
,510F8A150819018E635E267F62520B9B-3,1762586977,FCRequestMetrics:/n-matmul-2048,30,30,,,697.95,n-matmul-2048,false,c8577adbf622,,c-690ef10b-0cf1abd9-26ef2c508c1e,1762586977068,Sync,700.61,1762586977067,21.0.3.8,false,2048,26.55,InvokeFunction,,,LATEST,1-690ef161-0c0a43-c03c2b69adfb,OnDemand,,,0.50,
,F0BCE0E40FE41E0F61DD5DAF956249CC-7,1762586977,FCRequestMetrics:/n-matmul-2048,22,22,,,0.04,n-matmul-2048,true,b9ed45a41c5d,,c-690ef139-0cf1abd9-bfec9b76d480,1762586976650,Sync,421.81,1762586976650,21.0.3.8,false,2048,4.18,InvokeFunction,,,LATEST,1-690ef160-0c0a43-d1b2e6e29a3a,OnDemand,,,0.49,,"{""errorType"":""FunctionAbnormalExitError""}"
,F0BCE0E40FE41E0F61DD5DAF956249CC-7,1762586977,FCRequestMetrics:/n-matmul-2048,30,30,,,692.80,n-matmul-2048,false,b9ed45a41c5d,,c-690ef139-0cf1abd9-bfec9b76d480,1762586977114,Sync,694.71,1762586977112,21.0.3.8,false,2048,28.47,InvokeFunction,,,LATEST,1-690ef161-0c49fa-1f324f8c578d,OnDemand,,,1.01,
,EB19AA8F9B61C51C3FCBC98D949BD1C2-7,1762586977,FCRequestMetrics:/n-matmul-2048,29,29,,,0.06,n-matmul-2048,true,211d8375abf1,,c-690ef12d-0cf1abd9-78e04fcb7549,1762586976912,Sync,421.20,1762586976910,21.0.3.8,false,2048,2.10,InvokeFunction,,,LATEST,1-690ef160-0c49fa-a751fb0f700f,OnDemand,,,1.14,,"{""errorType"":""FunctionAbnormalExitError""}"
,18363E7E93F59FF8F193127D52D86051-5,1762586977,FCRequestMetrics:/n-matmul-2048,27,27,,,0.02,n-matmul-2048,true,3f9c9a307fd4,,c-690ef130-0cf1abd9-454ab669b866,1762586977479,Sync,425.67,1762586977478,21.0.3.8,false,2048,4.33,InvokeFunction,,,LATEST,1-690ef161-0c0a43-ca976533e587,OnDemand,,,0.44,,"{""errorType"":""FunctionAbnormalExitError""}"
,A91AC64A0F8E1976F88383B363514050-5,1762586977,FCRequestMetrics:/n-matmul-2048,27,27,,,1084.83,n-matmul-2048,false,cc3f8c782a21,,c-690ef151-0cf1abd9-7fe4e69dd5c1,1762586976600,Sync,1086.45,1762586976599,21.0.3.8,false,2048,28.74,InvokeFunction,,,LATEST,1-690ef161-0c0a43-8c11fb0135c7,OnDemand,,,0.53,
,7C3B3344857E71889D56CDA44A54F6B2-5,1762586977,FCRequestMetrics:/n-matmul-2048,27,27,,,0.04,n-matmul-2048,true,687fca8d325c,,c-690ef12c-0cf1abd9-6ced060ffe1b,1762586977470,Sync,424.22,1762586977469,21.0.3.8,false,2048,4.33,InvokeFunction,,,LATEST,1-690ef161-0c49fa-4b57ef34f82f,OnDemand,,,0.97,,"{""errorType"":""FunctionAbnormalExitError""}"
,DC91F31EAE4326850C248390B5A5E361-2,1762586977,FCRequestMetrics:/n-matmul-2048,29,29,,,0.04,n-matmul-2048,true,cf01fd95e6f6,,c-690ef150-0cf1abd9-91e7929a8b40,1762586976492,Sync,676.85,1762586976491,21.0.3.8,false,2048,4.18,InvokeFunction,,,LATEST,1-690ef161-0c49fa-5d9832451fb2,OnDemand,,,0.93,,"{""errorType"":""FunctionAbnormalExitError""}"
,2523AFCDD5BD8A2B2953E48983230929-5,1762586977,FCRequestMetrics:/n-matmul-2048,27,27,,,0.03,n-matmul-2048,true,01d6f783bdb1,,c-690ef10b-0cf1abd9-dd39c218e942,1762586977464,Sync,431.69,1762586977463,21.0.3.8,false,2048,2.32,InvokeFunction,,,LATEST,1-690ef161-0c49fa-8ffbdceedaf3,OnDemand,,,0.87,,"{""errorType"":""FunctionAbnormalExitError""}"
,C1124F392E96F7157640100E932BDA24-1,1762586977,FCRequestMetrics:/n-matmul-2048,31,31,,,0.03,n-matmul-2048,true,67bba880de6a,,c-690ef15e-0cf1abd9-14d01dd57fb0,1762586977102,Sync,445.32,1762586977101,21.0.3.8,false,2048,60.36,InvokeFunction,,,LATEST,1-690ef162-0c49fa-124417b769c5,OnDemand,,,1.10,,"{""errorType"":""FunctionAbnormalExitError""}"
,636547988E635DCC4C08253D0766BAEB-1,1762586977,FCRequestMetrics:/n-matmul-2048,18,18,,,0.03,n-matmul-2048,true,3da1c5559a3b,,c-690ef156-0cf1abd9-a60f14769352,1762586977109,Sync,428.26,1762586977108,21.0.3.8,false,2048,6.17,InvokeFunction,,,LATEST,1-690ef162-0c49fa-a1abc78dd045,OnDemand,,,1.33,,"{""errorType"":""FunctionAbnormalExitError""}"
,B2D19E9889F3DDE524F4ACFCF2A5FEBF-3,1762586978,FCRequestMetrics:/n-matmul-2048,27,27,,,781.24,n-matmul-2048,false,95f39cca25aa,,c-690ef10b-0cf1abd9-336379de3020,1762586977417,Sync,783.08,1762586977416,21.0.3.8,false,2048,41.91,InvokeFunction,,,LATEST,1-690ef161-0c0a43-1d17ef6d4704,OnDemand,,,0.49,
,BF6FA9AF6994B690E2E5555B14FF4940-6,1762586978,FCRequestMetrics:/n-matmul-2048,27,27,,,797.73,n-matmul-2048,false,21ba44532db0,,c-690ef12f-0cf1abd9-72da07858f04,1762586977465,Sync,799.01,1762586977464,21.0.3.8,false,2048,38.59,InvokeFunction,,,LATEST,1-690ef161-0c0a43-f95505e3bce2,OnDemand,,,0.52,
,D5A4CD99F058D411C58A3919BEB264F4-3,1762586978,FCRequestMetrics:/n-matmul-2048,27,27,,,800.66,n-matmul-2048,false,a1586973fec8,,c-690ef10b-0cf1abd9-90463d425ca7,1762586977478,Sync,801.89,1762586977477,21.0.3.8,false,2048,42.14,InvokeFunction,,,LATEST,1-690ef161-0c0a43-79dd70d31a04,OnDemand,,,0.46,
,00E67D373DA9C60BEF759D13208EAAD9-5,1762586978,FCRequestMetrics:/n-matmul-2048,27,27,,,795.13,n-matmul-2048,false,9013ed408e73,,c-690ef10b-0cf1abd9-dbc16e7d233d,1762586977518,Sync,796.41,1762586977517,21.0.3.8,false,2048,44.11,InvokeFunction,,,LATEST,1-690ef161-0c0a43-9178a272856b,OnDemand,,,0.48,
,C38D529AEE78E8BFEBBDDADEDE13D41B-1,1762586978,FCRequestMetrics:/n-matmul-2048,29,29,,,824.46,n-matmul-2048,false,965073b71ef9,,c-690ef12c-0cf1abd9-ee855b82b2d6,1762586977292,Sync,826.69,1762586977291,21.0.3.7,false,2048,38.83,InvokeFunction,,,LATEST,1-690ef161-0c49fa-06e79463d6d3,OnDemand,,,1.40,
,B10148BC96FECE49F2FC2439520A3175-5,1762586978,FCRequestMetrics:/n-matmul-2048,27,27,,,807.53,n-matmul-2048,false,9ae0a7a16fc1,,c-690ef12e-0cf1abd9-86b866453e74,1762586977437,Sync,808.95,1762586977437,21.0.3.7,false,2048,41.79,InvokeFunction,,,LATEST,1-690ef161-0c0a43-21b8b72e0cb7,OnDemand,,,0.53,
,46B19270B472A6D217A2E559E7E7C97B-3,1762586978,FCRequestMetrics:/n-matmul-2048,31,31,,,782.48,n-matmul-2048,false,869d26b39717,,c-690ef10b-0cf1abd9-b6750c057b8f,1762586977569,Sync,783.72,1762586977569,21.0.3.8,false,2048,43.51,InvokeFunction,,,LATEST,1-690ef161-0c0a43-dae7189537fd,OnDemand,,,0.49,
,E08BA4ABFB8C4109D958EF35CCDE9E75-5,1762586978,FCRequestMetrics:/n-matmul-2048,29,29,,,791.35,n-matmul-2048,false,f6ea6fba0d1f,,c-690ef12a-0cf1abd9-0e59ac1cec40,1762586977313,Sync,792.64,1762586977312,21.0.3.6,false,2048,37.83,InvokeFunction,,,LATEST,1-690ef161-0c0a43-b194eb589fac,OnDemand,,,0.53,
,B1BC54E0839163A3A2719B2791B845EA-5,1762586978,FCRequestMetrics:/n-matmul-2048,32,32,,,876.78,n-matmul-2048,false,c5eb2abfaa5d,,c-690ef14c-0cf1abd9-28e65fb7d593,1762586977618,Sync,878.28,1762586977617,21.0.3.5,false,2048,42.19,InvokeFunction,,,LATEST,1-690ef161-0c0a43-a07f6b4dd5a1,OnDemand,,,0.47,
,943CF4692F491FB15BAF1EAB0CB8860A-3,1762586978,FCRequestMetrics:/n-matmul-2048,18,18,,,857.96,n-matmul-2048,false,bfd14e2c48c1,,c-690ef14e-0cf1abd9-da3a9c4be72b,1762586978055,Sync,859.29,1762586978054,21.0.3.8,false,2048,38.65,InvokeFunction,,,LATEST,1-690ef162-0c0a43-697098d698ab,OnDemand,,,0.46,
,7B2CA077525D5F38D7687113836FF4D4-2,1762586978,FCRequestMetrics:/n-matmul-2048,25,25,,,861.69,n-matmul-2048,false,dd2888fed1c9,,c-690ef14f-0cf1abd9-cabc0eaa101b,1762586977219,Sync,1521.97,1762586976559,21.0.3.8,false,2048,38.69,InvokeFunction,,,LATEST,1-690ef161-0c0a43-a12b4033dce4,OnDemand,,,659.37,
,CFD93EE32B19E972234D28D1C13E1AA8-1,1762586978,FCRequestMetrics:/n-matmul-2048,21,21,,,834.47,n-matmul-2048,false,7a537213662e,,c-690ef15f-0cf1abd9-fd32f0b49b00,1762586977798,Sync,835.64,1762586977797,21.0.3.8,false,2048,97.73,InvokeFunction,,,LATEST,1-690ef163-0c0a43-506b4e8e9c7f,OnDemand,,,0.50,
,A5C7CD7E71BB55429480C147D0ABD6E0-5,1762586978,FCRequestMetrics:/n-matmul-2048,29,29,,,645.57,n-matmul-2048,false,b9c50fa7ffa2,,c-690ef10b-0cf1abd9-39e48c7dd1cd,1762586977903,Sync,646.79,1762586977902,21.0.3.8,false,2048,36.85,InvokeFunction,,,LATEST,1-690ef161-0c0a43-e80b065c0b50,OnDemand,,,0.51,
,82C12ED6E643926156E0217F8DC83EE9-5,1762586978,FCRequestMetrics:/n-matmul-2048,32,32,,,657.40,n-matmul-2048,false,a9b6a74eafdc,,c-690ef12d-0cf1abd9-2948faf88166,1762586977810,Sync,658.68,1762586977809,21.0.3.8,false,2048,36.48,InvokeFunction,,,LATEST,1-690ef161-0c0a43-c44b5ebbe078,OnDemand,,,0.53,
,91973BCA72DE9462DCC25EF55C6AC5B5-5,1762586978,FCRequestMetrics:/n-matmul-2048,22,22,,,682.57,n-matmul-2048,false,74deffaed995,,c-690ef14e-0cf1abd9-32bbbd8baf97,1762586978040,Sync,683.98,1762586978040,21.0.3.8,false,2048,35.99,InvokeFunction,,,LATEST,1-690ef163-0c0a43-dc00af9b5862,OnDemand,,,0.54,
,B63107B9394C762ADF436F322BAA4B65-3,1762586978,FCRequestMetrics:/n-matmul-2048,27,27,,,669.79,n-matmul-2048,false,1ccfa60657e6,,c-690ef10b-0cf1abd9-672e1c9f5eed,1762586977466,Sync,671.10,1762586977465,21.0.3.8,false,2048,26.57,InvokeFunction,,,LATEST,1-690ef161-0c0a43-6d89a5bf5ebe,OnDemand,,,0.53,
,B63107B9394C762ADF436F322BAA4B65-3,1762586978,FCRequestMetrics:/n-matmul-2048,19,19,,,674.28,n-matmul-2048,false,1ccfa60657e6,,c-690ef10b-0cf1abd9-672e1c9f5eed,1762586978146,Sync,675.67,1762586978146,21.0.3.8,false,2048,33.97,InvokeFunction,,,LATEST,1-690ef162-0c0a43-76cd08de8423,OnDemand,,,0.54,
,EB19AA8F9B61C51C3FCBC98D949BD1C2-7,1762586978,FCRequestMetrics:/n-matmul-2048,27,27,,,674.82,n-matmul-2048,false,211d8375abf1,,c-690ef12d-0cf1abd9-78e04fcb7549,1762586977360,Sync,676.88,1762586977358,21.0.3.8,false,2048,26.77,InvokeFunction,,,LATEST,1-690ef161-0c49fa-4a043a62b9e0,OnDemand,,,1.38,
,18363E7E93F59FF8F193127D52D86051-5,1762586978,FCRequestMetrics:/n-matmul-2048,24,24,,,687.56,n-matmul-2048,false,3f9c9a307fd4,,c-690ef130-0cf1abd9-454ab669b866,1762586977942,Sync,688.96,1762586977941,21.0.3.8,false,2048,28.66,InvokeFunction,,,LATEST,1-690ef161-0c0a43-3e9463ac5589,OnDemand,,,0.47,
,A91AC64A0F8E1976F88383B363514050-5,1762586978,FCRequestMetrics:/n-matmul-2048,19,19,,,1221.90,n-matmul-2048,false,cc3f8c782a21,,c-690ef151-0cf1abd9-7fe4e69dd5c1,1762586977720,Sync,1223.28,1762586977719,21.0.3.8,false,2048,36.65,InvokeFunction,,,LATEST,1-690ef162-0c0a43-f19a18a1df07,OnDemand,,,0.58,
,DC91F31EAE4326850C248390B5A5E361-2,1762586978,FCRequestMetrics:/n-matmul-2048,18,18,,,781.35,n-matmul-2048,false,cf01fd95e6f6,,c-690ef150-0cf1abd9-91e7929a8b40,1762586977762,Sync,782.79,1762586977761,21.0.3.8,false,2048,26.58,InvokeFunction,,,LATEST,1-690ef162-0c0a43-c91365ab59a3,OnDemand,,,0.45,
,9A02C87DA0F400C9E40F40EF2DF6006D-3,1762586978,FCRequestMetrics:/n-matmul-2048,24,24,,,0.04,n-matmul-2048,true,3ea4534df15d,,c-690ef10b-0cf1abd9-31fefea0e1fd,1762586977940,Sync,420.05,1762586977939,21.0.3.8,false,2048,4.28,InvokeFunction,,,LATEST,1-690ef161-0c0a43-0ea887c58741,OnDemand,,,0.49,,"{""errorType"":""FunctionAbnormalExitError""}"
,DDEEB29FD5ADFBB67E4F2FEB83463658-7,1762586978,FCRequestMetrics:/n-matmul-2048,32,32,,,0.02,n-matmul-2048,true,bc52147f2a7a,,c-690ef12c-0cf1abd9-69aaf8ca2a4b,1762586977670,Sync,618.06,1762586977470,21.0.3.8,false,2048,2.12,InvokeFunction,,,LATEST,1-690ef161-0c0a43-5e686cce2c88,OnDemand,,,199.42,,"{""errorType"":""FunctionAbnormalExitError""}"
,5E9C37D1C997E792337F0D79C839D1F6-5,1762586978,FCRequestMetrics:/n-matmul-2048,32,32,,,0.04,n-matmul-2048,true,7be323259747,,c-690ef12d-0cf1abd9-4ddba8cb6fd4,1762586977701,Sync,640.61,1762586977469,21.0.3.8,false,2048,4.20,InvokeFunction,,,LATEST,1-690ef161-0c0a43-b6b6acbb2385,OnDemand,,,231.72,,"{""errorType"":""FunctionAbnormalExitError""}"
,B2D19E9889F3DDE524F4ACFCF2A5FEBF-3,1762586978,FCRequestMetrics:/n-matmul-2048,19,19,,,0.03,n-matmul-2048,true,95f39cca25aa,,c-690ef10b-0cf1abd9-336379de3020,1762586978239,Sync,405.15,1762586978238,21.0.3.8,false,2048,2.34,InvokeFunction,,,LATEST,1-690ef162-0c0a43-a463dd828f28,OnDemand,,,0.52,,"{""errorType"":""FunctionAbnormalExitError""}"
,211620C9A07558D2D8764497DA6068A4-3,1762586978,FCRequestMetrics:/n-matmul-2048,32,32,,,0.03,n-matmul-2048,true,e053c99a8bb6,,c-690ef10b-0cf1abd9-9de429f2e3c5,1762586977694,Sync,598.28,1762586977526,21.0.3.8,false,2048,2.18,InvokeFunction,,,LATEST,1-690ef161-0c49fa-49624e21aff1,OnDemand,,,168.17,,"{""errorType"":""FunctionAbnormalExitError""}"
,211620C9A07558D2D8764497DA6068A4-3,1762586978,FCRequestMetrics:/n-matmul-2048,19,19,,,672.77,n-matmul-2048,false,e053c99a8bb6,,c-690ef10b-0cf1abd9-9de429f2e3c5,1762586978188,Sync,674.16,1762586978187,21.0.3.8,false,2048,26.67,InvokeFunction,,,LATEST,1-690ef162-0c0a43-234e1083ca46,OnDemand,,,0.52,
,BF6FA9AF6994B690E2E5555B14FF4940-6,1762586978,FCRequestMetrics:/n-matmul-2048,19,19,,,0.03,n-matmul-2048,true,21ba44532db0,,c-690ef12f-0cf1abd9-72da07858f04,1762586978303,Sync,448.01,1762586978302,21.0.3.8,false,2048,2.11,InvokeFunction,,,LATEST,1-690ef162-0c0a43-7c8251b0ef4a,OnDemand,,,0.49,,"{""errorType"":""FunctionAbnormalExitError""}"
,B10148BC96FECE49F2FC2439520A3175-5,1762586978,FCRequestMetrics:/n-matmul-2048,18,18,,,0.03,n-matmul-2048,true,9ae0a7a16fc1,,c-690ef12e-0cf1abd9-86b866453e74,1762586978483,Sync,415.36,1762586978482,21.0.3.7,false,2048,2.12,InvokeFunction,,,LATEST,1-690ef162-0c49fa-beefe1411a99,OnDemand,,,1.32,,"{""errorType"":""FunctionAbnormalExitError""}"
,C1124F392E96F7157640100E932BDA24-1,1762586978,FCRequestMetrics:/n-matmul-2048,19,19,,,701.04,n-matmul-2048,false,67bba880de6a,,c-690ef15e-0cf1abd9-14d01dd57fb0,1762586977836,Sync,702.54,1762586977835,21.0.3.8,false,2048,26.73,InvokeFunction,,,LATEST,1-690ef163-0c0a43-bd716eaab25c,OnDemand,,,0.43,
,B1BC54E0839163A3A2719B2791B845EA-6,1762586978,FCRequestMetrics:/n-matmul-2048,18,18,,,0.05,n-matmul-2048,true,c5eb2abfaa5d,,c-690ef14c-0cf1abd9-28e65fb7d593,1762586978502,Sync,418.08,1762586978502,21.0.3.5,false,2048,2.22,InvokeFunction,,,LATEST,1-690ef162-0c0a43-7e01dec3b7cd,OnDemand,,,0.50,,"{""errorType"":""FunctionAbnormalExitError""}"
,46B19270B472A6D217A2E559E7E7C97B-3,1762586978,FCRequestMetrics:/n-matmul-2048,18,18,,,0.04,n-matmul-2048,true,869d26b39717,,c-690ef10b-0cf1abd9-b6750c057b8f,1762586978392,Sync,421.77,1762586978391,21.0.3.8,false,2048,4.18,InvokeFunction,,,LATEST,1-690ef162-0c0a43-06f144d7b51e,OnDemand,,,0.52,,"{""errorType"":""FunctionAbnormalExitError""}"
,E08BA4ABFB8C4109D958EF35CCDE9E75-5,1762586978,FCRequestMetrics:/n-matmul-2048,18,18,,,0.03,n-matmul-2048,true,f6ea6fba0d1f,,c-690ef12a-0cf1abd9-0e59ac1cec40,1762586978488,Sync,421.59,1762586978487,21.0.3.6,false,2048,2.11,InvokeFunction,,,LATEST,1-690ef162-0c49fa-b411981bb570,OnDemand,,,1.09,,"{""errorType"":""FunctionAbnormalExitError""}"
,C38D529AEE78E8BFEBBDDADEDE13D41B-2,1762586978,FCRequestMetrics:/n-matmul-2048,18,18,,,0.03,n-matmul-2048,true,965073b71ef9,,c-690ef12c-0cf1abd9-ee855b82b2d6,1762586978486,Sync,430.12,1762586978485,21.0.3.7,false,2048,2.18,InvokeFunction,,,LATEST,1-690ef162-0c0a43-45a97020d110,OnDemand,,,0.45,,"{""errorType"":""FunctionAbnormalExitError""}"
,00E67D373DA9C60BEF759D13208EAAD9-5,1762586978,FCRequestMetrics:/n-matmul-2048,19,19,,,0.03,n-matmul-2048,true,9013ed408e73,,c-690ef10b-0cf1abd9-dbc16e7d233d,1762586978320,Sync,424.76,1762586978320,21.0.3.8,false,2048,4.28,InvokeFunction,,,LATEST,1-690ef162-0c0a43-1bfc31bbb883,OnDemand,,,0.41,,"{""errorType"":""FunctionAbnormalExitError""}"
,D5A4CD99F058D411C58A3919BEB264F4-3,1762586978,FCRequestMetrics:/n-matmul-2048,19,19,,,0.02,n-matmul-2048,true,a1586973fec8,,c-690ef10b-0cf1abd9-90463d425ca7,1762586978286,Sync,414.28,1762586978286,21.0.3.8,false,2048,2.29,InvokeFunction,,,LATEST,1-690ef162-0c0a43-4675d3030d23,OnDemand,,,0.55,,"{""errorType"":""FunctionAbnormalExitError""}"
,636547988E635DCC4C08253D0766BAEB-1,1762586978,FCRequestMetrics:/n-matmul-2048,19,19,,,769.77,n-matmul-2048,false,3da1c5559a3b,,c-690ef156-0cf1abd9-a60f14769352,1762586978049,Sync,771.70,1762586978048,21.0.3.8,false,2048,30.55,InvokeFunction,,,LATEST,1-690ef163-0c49fa-69f9ba710a59,OnDemand,,,0.93,
,D461B99DDC361457A1C9EC0902546FD1-4,1762586978,FCRequestMetrics:/n-matmul-2048,18,18,,,0.03,n-matmul-2048,true,ed2ed25159fc,,c-690ef14f-0cf1abd9-e247acd3fed5,1762586977874,Sync,477.35,1762586977874,21.0.3.8,false,2048,4.19,InvokeFunction,,,LATEST,1-690ef162-0c0a43-676f91bd230f,OnDemand,,,0.49,,"{""errorType"":""FunctionAbnormalExitError""}"
,7B2CA077525D5F38D7687113836FF4D4-2,1762586979,FCRequestMetrics:/n-matmul-2048,22,22,,,891.53,n-matmul-2048,false,dd2888fed1c9,,c-690ef14f-0cf1abd9-cabc0eaa101b,1762586978126,Sync,895.73,1762586978125,21.0.3.8,false,2048,42.20,InvokeFunction,,,LATEST,1-690ef162-0c0a43-4896b75b8202,OnDemand,,,0.53,
,2ECD84792EE924A03BABF1E3B673BF9D-6,1762586979,FCRequestMetrics:/n-matmul-2048,18,18,,,1467.69,n-matmul-2048,false,203a62c08916,,c-690ef155-0cf1abd9-fdccf7e0f65d,1762586977762,Sync,1469.23,1762586977761,21.0.3.8,false,2048,38.27,InvokeFunction,,,LATEST,1-690ef162-0c0a43-ad8482580ce4,OnDemand,,,0.51,
,A5C7CD7E71BB55429480C147D0ABD6E0-5,1762586979,FCRequestMetrics:/n-matmul-2048,32,32,,,724.72,n-matmul-2048,false,b9c50fa7ffa2,,c-690ef10b-0cf1abd9-39e48c7dd1cd,1762586978588,Sync,726.15,1762586978588,21.0.3.8,false,2048,39.09,InvokeFunction,,,LATEST,1-690ef162-0c0a43-21e02889ed19,OnDemand,,,0.46,
,82C12ED6E643926156E0217F8DC83EE9-5,1762586979,FCRequestMetrics:/n-matmul-2048,18,18,,,786.45,n-matmul-2048,false,a9b6a74eafdc,,c-690ef12d-0cf1abd9-2948faf88166,1762586978481,Sync,787.77,1762586978480,21.0.3.8,false,2048,40.89,InvokeFunction,,,LATEST,1-690ef162-0c0a43-cd2e321c3a22,OnDemand,,,0.44,
,91973BCA72DE9462DCC25EF55C6AC5B5-5,1762586979,FCRequestMetrics:/n-matmul-2048,29,29,,,845.73,n-matmul-2048,false,74deffaed995,,c-690ef14e-0cf1abd9-32bbbd8baf97,1762586978736,Sync,847.01,1762586978735,21.0.3.8,false,2048,38.42,InvokeFunction,,,LATEST,1-690ef163-0c0a43-2f0db926dd99,OnDemand,,,0.53,
,B63107B9394C762ADF436F322BAA4B65-3,1762586979,FCRequestMetrics:/n-matmul-2048,27,27,,,785.76,n-matmul-2048,false,1ccfa60657e6,,c-690ef10b-0cf1abd9-672e1c9f5eed,1762586978863,Sync,787.24,1762586978862,21.0.3.8,false,2048,38.39,InvokeFunction,,,LATEST,1-690ef162-0c0a43-bae62336815b,OnDemand,,,0.70,
,510F8A150819018E635E267F62520B9B-3,1762586979,FCRequestMetrics:/n-matmul-2048,18,18,,,643.48,n-matmul-2048,false,c8577adbf622,,c-690ef10b-0cf1abd9-26ef2c508c1e,1762586978496,Sync,644.66,1762586978495,21.0.3.8,false,2048,34.06,InvokeFunction,,,LATEST,1-690ef162-0c0a43-2c3896097955,OnDemand,,,0.45,
,510F8A150819018E635E267F62520B9B-3,1762586979,FCRequestMetrics:/n-matmul-2048,21,21,,,645.23,n-matmul-2048,false,c8577adbf622,,c-690ef10b-0cf1abd9-26ef2c508c1e,1762586979257,Sync,646.56,1762586979257,21.0.3.8,false,2048,36.33,InvokeFunction,,,LATEST,1-690ef163-0c0a43-495527e55b4c,OnDemand,,,0.52,
,F0BCE0E40FE41E0F61DD5DAF956249CC-7,1762586979,FCRequestMetrics:/n-matmul-2048,18,18,,,660.36,n-matmul-2048,false,b9ed45a41c5d,,c-690ef139-0cf1abd9-bfec9b76d480,1762586978496,Sync,661.71,1762586978496,21.0.3.8,false,2048,36.19,InvokeFunction,,,LATEST,1-690ef162-0c0a43-45b6789896a2,OnDemand,,,0.68,
,EB19AA8F9B61C51C3FCBC98D949BD1C2-7,1762586979,FCRequestMetrics:/n-matmul-2048,18,18,,,649.23,n-matmul-2048,false,211d8375abf1,,c-690ef12d-0cf1abd9-78e04fcb7549,1762586978492,Sync,650.57,1762586978491,21.0.3.8,false,2048,34.66,InvokeFunction,,,LATEST,1-690ef162-0c0a43-ca287e5d0077,OnDemand,,,0.46,
,EB19AA8F9B61C51C3FCBC98D949BD1C2-7,1762586979,FCRequestMetrics:/n-matmul-2048,22,22,,,783.90,n-matmul-2048,false,211d8375abf1,,c-690ef12d-0cf1abd9-78e04fcb7549,1762586979214,Sync,785.20,1762586979213,21.0.3.8,false,2048,39.12,InvokeFunction,,,LATEST,1-690ef163-0c0a43-d4d0b2e79310,OnDemand,,,0.46,
,18363E7E93F59FF8F193127D52D86051-5,1762586979,FCRequestMetrics:/n-matmul-2048,31,31,,,650.62,n-matmul-2048,false,3f9c9a307fd4,,c-690ef130-0cf1abd9-454ab669b866,1762586978638,Sync,793.09,1762586978496,21.0.3.8,false,2048,36.61,InvokeFunction,,,LATEST,1-690ef162-0c49fa-a94d4fc7b8b7,OnDemand,,,141.80,
,A91AC64A0F8E1976F88383B363514050-5,1762586979,FCRequestMetrics:/n-matmul-2048,21,21,,,959.46,n-matmul-2048,false,cc3f8c782a21,,c-690ef151-0cf1abd9-7fe4e69dd5c1,1762586978968,Sync,961.36,1762586978968,21.0.3.8,false,2048,38.65,InvokeFunction,,,LATEST,1-690ef163-0c0a43-4801fd7e6ddb,OnDemand,,,0.47,
,7C3B3344857E71889D56CDA44A54F6B2-5,1762586979,FCRequestMetrics:/n-matmul-2048,18,18,,,678.33,n-matmul-2048,false,687fca8d325c,,c-690ef12c-0cf1abd9-6ced060ffe1b,1762586978495,Sync,679.99,1762586978494,21.0.3.8,false,2048,28.65,InvokeFunction,,,LATEST,1-690ef162-0c49fa-fab2e393d178,OnDemand,,,0.84,
,7C3B3344857E71889D56CDA44A54F6B2-5,1762586979,FCRequestMetrics:/n-matmul-2048,22,22,,,637.07,n-matmul-2048,false,687fca8d325c,,c-690ef12c-0cf1abd9-6ced060ffe1b,1762586979184,Sync,638.37,1762586979183,21.0.3.8,false,2048,36.66,InvokeFunction,,,LATEST,1-690ef163-0c0a43-ca0fca2531ba,OnDemand,,,0.51,
,DC91F31EAE4326850C248390B5A5E361-2,1762586979,FCRequestMetrics:/n-matmul-2048,22,22,,,696.13,n-matmul-2048,false,cf01fd95e6f6,,c-690ef150-0cf1abd9-91e7929a8b40,1762586978554,Sync,698.07,1762586978552,21.0.3.8,false,2048,34.23,InvokeFunction,,,LATEST,1-690ef163-0c49fa-60dd9c646c69,OnDemand,,,1.10,
,DC91F31EAE4326850C248390B5A5E361-2,1762586979,FCRequestMetrics:/n-matmul-2048,27,27,,,716.00,n-matmul-2048,false,cf01fd95e6f6,,c-690ef150-0cf1abd9-91e7929a8b40,1762586979260,Sync,894.59,1762586979082,21.0.3.8,false,2048,36.43,InvokeFunction,,,LATEST,1-690ef163-0c0a43-def384f88a8e,OnDemand,,,177.86,
,9A02C87DA0F400C9E40F40EF2DF6006D-3,1762586979,FCRequestMetrics:/n-matmul-2048,18,18,,,671.98,n-matmul-2048,false,3ea4534df15d,,c-690ef10b-0cf1abd9-31fefea0e1fd,1762586978389,Sync,673.85,1762586978387,21.0.3.8,false,2048,26.49,InvokeFunction,,,LATEST,1-690ef162-0c49fa-a291f08ac029,OnDemand,,,1.16,
,9A02C87DA0F400C9E40F40EF2DF6006D-3,1762586979,FCRequestMetrics:/n-matmul-2048,23,23,,,649.10,n-matmul-2048,false,3ea4534df15d,,c-690ef10b-0cf1abd9-31fefea0e1fd,1762586979102,Sync,651.01,1762586979101,21.0.3.8,false,2048,33.81,InvokeFunction,,,LATEST,1-690ef163-0c49fa-ccf2237543ca,OnDemand,,,1.13,
,2523AFCDD5BD8A2B2953E48983230929-5,1762586979,FCRequestMetrics:/n-matmul-2048,18,18,,,679.97,n-matmul-2048,false,01d6f783bdb1,,c-690ef10b-0cf1abd9-dd39c218e942,1762586978494,Sync,681.33,1762586978493,21.0.3.8,false,2048,26.63,InvokeFunction,,,LATEST,1-690ef162-0c0a43-c46880b6494a,OnDemand,,,0.44,
,2523AFCDD5BD8A2B2953E48983230929-5,1762586979,FCRequestMetrics:/n-matmul-2048,22,22,,,639.75,n-matmul-2048,false,01d6f783bdb1,,c-690ef10b-0cf1abd9-dd39c218e942,1762586979180,Sync,641.44,1762586979180,21.0.3.8,false,2048,34.21,InvokeFunction,,,LATEST,1-690ef163-0c0a43-a893080fc4b2,OnDemand,,,0.54,
,DDEEB29FD5ADFBB67E4F2FEB83463658-7,1762586979,FCRequestMetrics:/n-matmul-2048,18,18,,,669.12,n-matmul-2048,false,bc52147f2a7a,,c-690ef12c-0cf1abd9-69aaf8ca2a4b,1762586978490,Sync,670.89,1762586978489,21.0.3.8,false,2048,26.51,InvokeFunction,,,LATEST,1-690ef162-0c49fa-b50f73bcabff,OnDemand,,,0.91,
,DDEEB29FD5ADFBB67E4F2FEB83463658-7,1762586979,FCRequestMetrics:/n-matmul-2048,22,22,,,638.87,n-matmul-2048,false,bc52147f2a7a,,c-690ef12c-0cf1abd9-69aaf8ca2a4b,1762586979200,Sync,640.73,1762586979198,21.0.3.8,false,2048,34.26,InvokeFunction,,,LATEST,1-690ef163-0c49fa-477cbf0a9db3,OnDemand,,,1.16,
,5E9C37D1C997E792337F0D79C839D1F6-5,1762586979,FCRequestMetrics:/n-matmul-2048,18,18,,,695.64,n-matmul-2048,false,7be323259747,,c-690ef12d-0cf1abd9-4ddba8cb6fd4,1762586978488,Sync,697.75,1762586978487,21.0.3.8,false,2048,26.69,InvokeFunction,,,LATEST,1-690ef162-0c49fa-854ad8fa9897,OnDemand,,,1.27,
,5E9C37D1C997E792337F0D79C839D1F6-5,1762586979,FCRequestMetrics:/n-matmul-2048,22,22,,,646.35,n-matmul-2048,false,7be323259747,,c-690ef12d-0cf1abd9-4ddba8cb6fd4,1762586979199,Sync,647.53,1762586979198,21.0.3.8,false,2048,34.20,InvokeFunction,,,LATEST,1-690ef163-0c0a43-dd8d63069955,OnDemand,,,0.48,
,B2D19E9889F3DDE524F4ACFCF2A5FEBF-3,1762586979,FCRequestMetrics:/n-matmul-2048,31,31,,,671.99,n-matmul-2048,false,95f39cca25aa,,c-690ef10b-0cf1abd9-336379de3020,1762586978672,Sync,673.31,1762586978671,21.0.3.8,false,2048,28.72,InvokeFunction,,,LATEST,1-690ef162-0c0a43-949b77c563ed,OnDemand,,,0.54,
,B2D19E9889F3DDE524F4ACFCF2A5FEBF-3,1762586979,FCRequestMetrics:/n-matmul-2048,19,19,,,633.10,n-matmul-2048,false,95f39cca25aa,,c-690ef10b-0cf1abd9-336379de3020,1762586979348,Sync,634.31,1762586979348,21.0.3.8,false,2048,36.61,InvokeFunction,,,LATEST,1-690ef163-0c0a43-7f90587f312c,OnDemand,,,0.50,
,BF6FA9AF6994B690E2E5555B14FF4940-6,1762586979,FCRequestMetrics:/n-matmul-2048,31,31,,,715.98,n-matmul-2048,false,21ba44532db0,,c-690ef12f-0cf1abd9-72da07858f04,1762586978785,Sync,959.87,1762586978542,21.0.3.8,false,2048,26.95,InvokeFunction,,,LATEST,1-690ef162-0c0a43-116f372f9fb7,OnDemand,,,242.91,
,B10148BC96FECE49F2FC2439520A3175-5,1762586979,FCRequestMetrics:/n-matmul-2048,27,27,,,686.84,n-matmul-2048,false,9ae0a7a16fc1,,c-690ef12e-0cf1abd9-86b866453e74,1762586978901,Sync,688.25,1762586978900,21.0.3.7,false,2048,26.65,InvokeFunction,,,LATEST,1-690ef162-0c0a43-d5100aea5836,OnDemand,,,0.61,
,C1124F392E96F7157640100E932BDA24-1,1762586979,FCRequestMetrics:/n-matmul-2048,28,28,,,661.73,n-matmul-2048,false,67bba880de6a,,c-690ef15e-0cf1abd9-14d01dd57fb0,1762586978557,Sync,663.44,1762586978556,21.0.3.8,false,2048,34.12,InvokeFunction,,,LATEST,1-690ef164-0c49fa-c924bcfc8805,OnDemand,,,0.91,
,C1124F392E96F7157640100E932BDA24-1,1762586979,FCRequestMetrics:/n-matmul-2048,32,32,,,672.78,n-matmul-2048,false,67bba880de6a,,c-690ef15e-0cf1abd9-14d01dd57fb0,1762586979224,Sync,863.27,1762586979034,21.0.3.8,false,2048,36.43,InvokeFunction,,,LATEST,1-690ef164-0c49fa-533f64b2452c,OnDemand,,,189.73,
,636547988E635DCC4C08253D0766BAEB-1,1762586979,FCRequestMetrics:/n-matmul-2048,28,28,,,702.01,n-matmul-2048,false,3da1c5559a3b,,c-690ef156-0cf1abd9-a60f14769352,1762586978840,Sync,703.19,1762586978840,21.0.3.8,false,2048,38.29,InvokeFunction,,,LATEST,1-690ef164-0c0a43-9b6f6a54a0e4,OnDemand,,,0.48,
,943CF4692F491FB15BAF1EAB0CB8860A-3,1762586979,FCRequestMetrics:/n-matmul-2048,19,19,,,0.03,n-matmul-2048,true,bfd14e2c48c1,,c-690ef14e-0cf1abd9-da3a9c4be72b,1762586978983,Sync,479.60,1762586978982,21.0.3.8,false,2048,2.33,InvokeFunction,,,LATEST,1-690ef163-0c0a43-af06f149b929,OnDemand,,,0.48,,"{""errorType"":""FunctionAbnormalExitError""}"
,CFD93EE32B19E972234D28D1C13E1AA8-1,1762586979,FCRequestMetrics:/n-matmul-2048,28,28,,,0.02,n-matmul-2048,true,7a537213662e,,c-690ef15f-0cf1abd9-fd32f0b49b00,1762586978638,Sync,437.26,1762586978638,21.0.3.8,false,2048,58.48,InvokeFunction,,,LATEST,1-690ef164-0c0a43-a27c33255c41,OnDemand,,,0.46,,"{""errorType"":""FunctionAbnormalExitError""}"
,CFD93EE32B19E972234D28D1C13E1AA8-1,1762586979,FCRequestMetrics:/n-matmul-2048,30,30,,,688.96,n-matmul-2048,false,7a537213662e,,c-690ef15f-0cf1abd9-fd32f0b49b00,1762586979078,Sync,697.03,1762586979070,21.0.3.8,false,2048,28.52,InvokeFunction,,,LATEST,1-690ef164-0c49fa-ebf827290f79,OnDemand,,,7.04,
,7B2CA077525D5F38D7687113836FF4D4-5,1762586979,FCRequestMetrics:/n-matmul-2048,27,27,,,0.05,n-matmul-2048,true,dd2888fed1c9,,c-690ef14f-0cf1abd9-cabc0eaa101b,1762586979120,Sync,468.40,1762586979119,21.0.3.8,false,2048,2.09,InvokeFunction,,,LATEST,1-690ef163-0c0a43-332f8613312c,OnDemand,,,0.48,,"{""errorType"":""FunctionAbnormalExitError""}"
,2ECD84792EE924A03BABF1E3B673BF9D-5,1762586979,FCRequestMetrics:/n-matmul-2048,27,27,,,0.05,n-matmul-2048,true,203a62c08916,,c-690ef155-0cf1abd9-fdccf7e0f65d,1762586979246,Sync,539.40,1762586979245,21.0.3.8,false,2048,2.34,InvokeFunction,,,LATEST,1-690ef163-0c0a43-fcf5c69c0183,OnDemand,,,0.42,,"{""errorType"":""FunctionAbnormalExitError""}"
,A5C7CD7E71BB55429480C147D0ABD6E0-5,1762586980,FCRequestMetrics:/n-matmul-2048,21,21,,,806.92,n-matmul-2048,false,b9c50fa7ffa2,,c-690ef10b-0cf1abd9-39e48c7dd1cd,1762586979330,Sync,808.84,1762586979329,21.0.3.8,false,2048,41.12,InvokeFunction,,,LATEST,1-690ef163-0c49fa-cdbde3303560,OnDemand,,,1.16,
,82C12ED6E643926156E0217F8DC83EE9-5,1762586980,FCRequestMetrics:/n-matmul-2048,19,19,,,804.13,n-matmul-2048,false,a9b6a74eafdc,,c-690ef12d-0cf1abd9-2948faf88166,1762586979385,Sync,805.45,1762586979384,21.0.3.8,false,2048,43.88,InvokeFunction,,,LATEST,1-690ef163-0c0a43-524c270f8636,OnDemand,,,0.52,
,B63107B9394C762ADF436F322BAA4B65-3,1762586980,FCRequestMetrics:/n-matmul-2048,29,29,,,788.37,n-matmul-2048,false,1ccfa60657e6,,c-690ef10b-0cf1abd9-672e1c9f5eed,1762586979673,Sync,790.02,1762586979672,21.0.3.8,false,2048,41.68,InvokeFunction,,,LATEST,1-690ef163-0c49fa-508ad47a0510,OnDemand,,,0.94,
,510F8A150819018E635E267F62520B9B-3,1762586980,FCRequestMetrics:/n-matmul-2048,27,27,,,786.10,n-matmul-2048,false,c8577adbf622,,c-690ef10b-0cf1abd9-26ef2c508c1e,1762586979908,Sync,792.89,1762586979907,21.0.3.8,false,2048,38.21,InvokeFunction,,,LATEST,1-690ef163-0c49fa-72deaaebccea,OnDemand,,,1.15,
,F0BCE0E40FE41E0F61DD5DAF956249CC-7,1762586980,FCRequestMetrics:/n-matmul-2048,22,22,,,800.41,n-matmul-2048,false,b9ed45a41c5d,,c-690ef139-0cf1abd9-bfec9b76d480,1762586979215,Sync,802.29,1762586979213,21.0.3.8,false,2048,40.21,InvokeFunction,,,LATEST,1-690ef163-0c49fa-832d6b777004,OnDemand,,,1.15,
,F0BCE0E40FE41E0F61DD5DAF956249CC-7,1762586980,FCRequestMetrics:/n-matmul-2048,31,31,,,822.95,n-matmul-2048,false,b9ed45a41c5d,,c-690ef139-0cf1abd9-bfec9b76d480,1762586980024,Sync,824.56,1762586980023,21.0.3.8,false,2048,43.40,InvokeFunction,,,LATEST,1-690ef164-0c0a43-67a642bfecae,OnDemand,,,0.53,
,EB19AA8F9B61C51C3FCBC98D949BD1C2-7,1762586980,FCRequestMetrics:/n-matmul-2048,29,29,,,791.18,n-matmul-2048,false,211d8375abf1,,c-690ef12d-0cf1abd9-78e04fcb7549,1762586980057,Sync,797.57,1762586980055,21.0.3.8,false,2048,42.18,InvokeFunction,,,LATEST,1-690ef164-0c49fa-1ab5feb4eb7d,OnDemand,,,1.33,
,18363E7E93F59FF8F193127D52D86051-5,1762586980,FCRequestMetrics:/n-matmul-2048,19,19,,,680.64,n-matmul-2048,false,3f9c9a307fd4,,c-690ef130-0cf1abd9-454ab669b866,1762586979342,Sync,682.82,1762586979341,21.0.3.8,false,2048,38.95,InvokeFunction,,,LATEST,1-690ef163-0c49fa-b5036296a68e,OnDemand,,,1.36,
,18363E7E93F59FF8F193127D52D86051-5,1762586980,FCRequestMetrics:/n-matmul-2048,29,29,,,815.39,n-matmul-2048,false,3f9c9a307fd4,,c-690ef130-0cf1abd9-454ab669b866,1762586980038,Sync,816.55,1762586980037,21.0.3.8,false,2048,40.82,InvokeFunction,,,LATEST,1-690ef164-0c0a43-cee10706040f,OnDemand,,,0.51,
,A91AC64A0F8E1976F88383B363514050-5,1762586980,FCRequestMetrics:/n-matmul-2048,28,28,,,854.43,n-matmul-2048,false,cc3f8c782a21,,c-690ef151-0cf1abd9-7fe4e69dd5c1,1762586979943,Sync,855.75,1762586979942,21.0.3.8,false,2048,40.53,InvokeFunction,,,LATEST,1-690ef164-0c0a43-6e18585eb4f6,OnDemand,,,0.40,
,7C3B3344857E71889D56CDA44A54F6B2-5,1762586980,FCRequestMetrics:/n-matmul-2048,27,27,,,650.39,n-matmul-2048,false,687fca8d325c,,c-690ef12c-0cf1abd9-6ced060ffe1b,1762586979864,Sync,656.94,1762586979863,21.0.3.8,false,2048,38.92,InvokeFunction,,,LATEST,1-690ef163-0c0a43-750301203d92,OnDemand,,,0.45,
,DC91F31EAE4326850C248390B5A5E361-2,1762586980,FCRequestMetrics:/n-matmul-2048,30,30,,,849.85,n-matmul-2048,false,cf01fd95e6f6,,c-690ef150-0cf1abd9-91e7929a8b40,1762586979986,Sync,851.16,1762586979985,21.0.3.8,false,2048,38.55,InvokeFunction,,,LATEST,1-690ef164-0c0a43-fa14c44a3a9f,OnDemand,,,0.59,
,9A02C87DA0F400C9E40F40EF2DF6006D-3,1762586980,FCRequestMetrics:/n-matmul-2048,32,32,,,780.41,n-matmul-2048,false,3ea4534df15d,,c-690ef10b-0cf1abd9-31fefea0e1fd,1762586979793,Sync,782.00,1762586979792,21.0.3.8,false,2048,38.28,InvokeFunction,,,LATEST,1-690ef163-0c49fa-f305c7a2c6d6,OnDemand,,,0.87,
,2523AFCDD5BD8A2B2953E48983230929-5,1762586980,FCRequestMetrics:/n-matmul-2048,27,27,,,652.22,n-matmul-2048,false,01d6f783bdb1,,c-690ef10b-0cf1abd9-dd39c218e942,1762586979879,Sync,654.11,1762586979878,21.0.3.8,false,2048,36.56,InvokeFunction,,,LATEST,1-690ef163-0c49fa-52aed6668566,OnDemand,,,1.13,
,DDEEB29FD5ADFBB67E4F2FEB83463658-7,1762586980,FCRequestMetrics:/n-matmul-2048,27,27,,,641.13,n-matmul-2048,false,bc52147f2a7a,,c-690ef12c-0cf1abd9-69aaf8ca2a4b,1762586979863,Sync,642.61,1762586979863,21.0.3.8,false,2048,36.44,InvokeFunction,,,LATEST,1-690ef163-0c0a43-176485fac6f6,OnDemand,,,0.56,
,5E9C37D1C997E792337F0D79C839D1F6-5,1762586980,FCRequestMetrics:/n-matmul-2048,27,27,,,777.91,n-matmul-2048,false,7be323259747,,c-690ef12d-0cf1abd9-4ddba8cb6fd4,1762586979861,Sync,779.23,1762586979861,21.0.3.8,false,2048,38.62,InvokeFunction,,,LATEST,1-690ef163-0c0a43-04f348845880,OnDemand,,,0.50,
,B2D19E9889F3DDE524F4ACFCF2A5FEBF-3,1762586980,FCRequestMetrics:/n-matmul-2048,29,29,,,642.07,n-matmul-2048,false,95f39cca25aa,,c-690ef10b-0cf1abd9-336379de3020,1762586980065,Sync,644.02,1762586980064,21.0.3.8,false,2048,38.91,InvokeFunction,,,LATEST,1-690ef164-0c49fa-90060affeca5,OnDemand,,,1.16,
,211620C9A07558D2D8764497DA6068A4-3,1762586980,FCRequestMetrics:/n-matmul-2048,19,19,,,646.13,n-matmul-2048,false,e053c99a8bb6,,c-690ef10b-0cf1abd9-9de429f2e3c5,1762586979421,Sync,647.38,1762586979420,21.0.3.8,false,2048,34.01,InvokeFunction,,,LATEST,1-690ef163-0c0a43-b5e008fbade1,OnDemand,,,0.47,
,211620C9A07558D2D8764497DA6068A4-3,1762586980,FCRequestMetrics:/n-matmul-2048,28,28,,,649.05,n-matmul-2048,false,e053c99a8bb6,,c-690ef10b-0cf1abd9-9de429f2e3c5,1762586980183,Sync,650.32,1762586980182,21.0.3.8,false,2048,36.39,InvokeFunction,,,LATEST,1-690ef164-0c0a43-71581b8882c8,OnDemand,,,0.49,
,BF6FA9AF6994B690E2E5555B14FF4940-6,1762586980,FCRequestMetrics:/n-matmul-2048,28,28,,,663.01,n-matmul-2048,false,21ba44532db0,,c-690ef12f-0cf1abd9-72da07858f04,1762586979541,Sync,664.29,1762586979541,21.0.3.8,false,2048,34.07,InvokeFunction,,,LATEST,1-690ef163-0c0a43-6ca6ede6b457,OnDemand,,,0.52,
,B10148BC96FECE49F2FC2439520A3175-5,1762586980,FCRequestMetrics:/n-matmul-2048,28,28,,,645.79,n-matmul-2048,false,9ae0a7a16fc1,,c-690ef12e-0cf1abd9-86b866453e74,1762586979629,Sync,646.99,1762586979628,21.0.3.7,false,2048,34.71,InvokeFunction,,,LATEST,1-690ef163-0c0a43-b1c4da7e2458,OnDemand,,,0.49,
,C1124F392E96F7157640100E932BDA24-1,1762586980,FCRequestMetrics:/n-matmul-2048,28,28,,,808.95,n-matmul-2048,false,67bba880de6a,,c-690ef15e-0cf1abd9-14d01dd57fb0,1762586979912,Sync,810.93,1762586979910,21.0.3.8,false,2048,38.45,InvokeFunction,,,LATEST,1-690ef165-0c49fa-42a5e567b9ce,OnDemand,,,1.28,
,B1BC54E0839163A3A2719B2791B845EA-6,1762586980,FCRequestMetrics:/n-matmul-2048,19,19,,,677.76,n-matmul-2048,false,c5eb2abfaa5d,,c-690ef14c-0cf1abd9-28e65fb7d593,1762586979418,Sync,679.95,1762586979416,21.0.3.5,false,2048,26.60,InvokeFunction,,,LATEST,1-690ef163-0c49fa-4d11a041886a,OnDemand,,,1.16,
,B1BC54E0839163A3A2719B2791B845EA-6,1762586980,FCRequestMetrics:/n-matmul-2048,29,29,,,652.53,n-matmul-2048,false,c5eb2abfaa5d,,c-690ef14c-0cf1abd9-28e65fb7d593,1762586980109,Sync,653.81,1762586980108,21.0.3.5,false,2048,34.32,InvokeFunction,,,LATEST,1-690ef164-0c0a43-e82ea7dc312b,OnDemand,,,0.52,
,46B19270B472A6D217A2E559E7E7C97B-3,1762586980,FCRequestMetrics:/n-matmul-2048,19,19,,,685.01,n-matmul-2048,false,869d26b39717,,c-690ef10b-0cf1abd9-b6750c057b8f,1762586979421,Sync,686.39,1762586979421,21.0.3.8,false,2048,26.74,InvokeFunction,,,LATEST,1-690ef163-0c0a43-bbfa540852ab,OnDemand,,,0.47,
,46B19270B472A6D217A2E559E7E7C97B-3,1762586980,FCRequestMetrics:/n-matmul-2048,28,28,,,658.24,n-matmul-2048,false,869d26b39717,,c-690ef10b-0cf1abd9-b6750c057b8f,1762586980178,Sync,660.51,1762586980176,21.0.3.8,false,2048,34.65,InvokeFunction,,,LATEST,1-690ef164-0c49fa-8f9f7f0cb52a,OnDemand,,,1.31,
,E08BA4ABFB8C4109D958EF35CCDE9E75-5,1762586980,FCRequestMetrics:/n-matmul-2048,19,19,,,696.32,n-matmul-2048,false,f6ea6fba0d1f,,c-690ef12a-0cf1abd9-0e59ac1cec40,1762586979420,Sync,697.74,1762586979419,21.0.3.6,false,2048,26.74,InvokeFunction,,,LATEST,1-690ef163-0c0a43-dc7d5526356d,OnDemand,,,0.66,
,E08BA4ABFB8C4109D958EF35CCDE9E75-5,1762586980,FCRequestMetrics:/n-matmul-2048,29,29,,,638.31,n-matmul-2048,false,f6ea6fba0d1f,,c-690ef12a-0cf1abd9-0e59ac1cec40,1762586980134,Sync,640.39,1762586980132,21.0.3.6,false,2048,34.50,InvokeFunction,,,LATEST,1-690ef164-0c49fa-5a4058f772aa,OnDemand,,,1.37,
,C38D529AEE78E8BFEBBDDADEDE13D41B-2,1762586980,FCRequestMetrics:/n-matmul-2048,19,19,,,674.88,n-matmul-2048,false,965073b71ef9,,c-690ef12c-0cf1abd9-ee855b82b2d6,1762586979418,Sync,676.94,1762586979417,21.0.3.7,false,2048,28.56,InvokeFunction,,,LATEST,1-690ef163-0c49fa-7c2d96ab8c3a,OnDemand,,,1.30,
,C38D529AEE78E8BFEBBDDADEDE13D41B-2,1762586980,FCRequestMetrics:/n-matmul-2048,28,28,,,638.86,n-matmul-2048,false,965073b71ef9,,c-690ef12c-0cf1abd9-ee855b82b2d6,1762586980180,Sync,640.79,1762586980178,21.0.3.7,false,2048,36.68,InvokeFunction,,,LATEST,1-690ef164-0c49fa-ef5b2e17e5ff,OnDemand,,,1.30,
,00E67D373DA9C60BEF759D13208EAAD9-5,1762586980,FCRequestMetrics:/n-matmul-2048,29,29,,,684.47,n-matmul-2048,false,9013ed408e73,,c-690ef10b-0cf1abd9-dbc16e7d233d,1762586979675,Sync,685.80,1762586979675,21.0.3.8,false,2048,26.52,InvokeFunction,,,LATEST,1-690ef163-0c0a43-e18565c6d151,OnDemand,,,0.51,
,D5A4CD99F058D411C58A3919BEB264F4-3,1762586980,FCRequestMetrics:/n-matmul-2048,29,29,,,687.18,n-matmul-2048,false,a1586973fec8,,c-690ef10b-0cf1abd9-90463d425ca7,1762586979691,Sync,688.62,1762586979691,21.0.3.8,false,2048,28.61,InvokeFunction,,,LATEST,1-690ef163-0c0a43-bd3e70c4844e,OnDemand,,,0.49,
,636547988E635DCC4C08253D0766BAEB-1,1762586980,FCRequestMetrics:/n-matmul-2048,32,32,,,710.52,n-matmul-2048,false,3da1c5559a3b,,c-690ef156-0cf1abd9-a60f14769352,1762586979546,Sync,778.33,1762586979479,21.0.3.8,false,2048,40.59,InvokeFunction,,,LATEST,1-690ef164-0c49fa-b26f1925e0be,OnDemand,,,66.91,
,D461B99DDC361457A1C9EC0902546FD1-4,1762586980,FCRequestMetrics:/n-matmul-2048,29,29,,,743.76,n-matmul-2048,false,ed2ed25159fc,,c-690ef14f-0cf1abd9-e247acd3fed5,1762586979312,Sync,746.01,1762586979311,21.0.3.8,false,2048,28.73,InvokeFunction,,,LATEST,1-690ef163-0c49fa-00c6c0774a40,OnDemand,,,1.13,
,D461B99DDC361457A1C9EC0902546FD1-4,1762586980,FCRequestMetrics:/n-matmul-2048,31,31,,,703.00,n-matmul-2048,false,ed2ed25159fc,,c-690ef14f-0cf1abd9-e247acd3fed5,1762586980100,Sync,704.67,1762586980099,21.0.3.8,false,2048,36.49,InvokeFunction,,,LATEST,1-690ef164-0c49fa-6f9dc21ea911,OnDemand,,,0.86,
,943CF4692F491FB15BAF1EAB0CB8860A-3,1762586980,FCRequestMetrics:/n-matmul-2048,31,31,,,742.19,n-matmul-2048,false,bfd14e2c48c1,,c-690ef14e-0cf1abd9-da3a9c4be72b,1762586979623,Sync,743.52,1762586979623,21.0.3.8,false,2048,26.61,InvokeFunction,,,LATEST,1-690ef163-0c0a43-27da3cdfab57,OnDemand,,,0.49,
,82C12ED6E643926156E0217F8DC83EE9-5,1762586980,FCRequestMetrics:/n-matmul-2048,30,30,,,0.03,n-matmul-2048,true,a9b6a74eafdc,,c-690ef12d-0cf1abd9-2948faf88166,1762586980258,Sync,412.24,1762586980258,21.0.3.8,false,2048,4.09,InvokeFunction,,,LATEST,1-690ef164-0c0a43-d266b013aa28,OnDemand,,,0.49,,"{""errorType"":""FunctionAbnormalExitError""}"
,B63107B9394C762ADF436F322BAA4B65-3,1762586980,FCRequestMetrics:/n-matmul-2048,30,30,,,0.02,n-matmul-2048,true,1ccfa60657e6,,c-690ef10b-0cf1abd9-672e1c9f5eed,1762586980494,Sync,400.09,1762586980493,21.0.3.8,false,2048,2.07,InvokeFunction,,,LATEST,1-690ef164-0c0a43-2260f7687af5,OnDemand,,,0.52,,"{""errorType"":""FunctionAbnormalExitError""}"
,91973BCA72DE9462DCC25EF55C6AC5B5-5,1762586980,FCRequestMetrics:/n-matmul-2048,30,30,,,0.04,n-matmul-2048,true,74deffaed995,,c-690ef14e-0cf1abd9-32bbbd8baf97,1762586979639,Sync,456.42,1762586979638,21.0.3.8,false,2048,2.09,InvokeFunction,,,LATEST,1-690ef164-0c49fa-072c6ac79041,OnDemand,,,1.23,,"{""errorType"":""FunctionAbnormalExitError""}"
,91973BCA72DE9462DCC25EF55C6AC5B5-5,1762586980,FCRequestMetrics:/n-matmul-2048,32,32,,,738.95,n-matmul-2048,false,74deffaed995,,c-690ef14e-0cf1abd9-32bbbd8baf97,1762586980096,Sync,789.55,1762586980046,21.0.3.8,false,2048,26.70,InvokeFunction,,,LATEST,1-690ef164-0c49fa-451210df7685,OnDemand,,,49.55,
,A5C7CD7E71BB55429480C147D0ABD6E0-5,1762586980,FCRequestMetrics:/n-matmul-2048,28,28,,,0.04,n-matmul-2048,true,b9c50fa7ffa2,,c-690ef10b-0cf1abd9-39e48c7dd1cd,1762586980157,Sync,402.62,1762586980157,21.0.3.8,false,2048,4.35,InvokeFunction,,,LATEST,1-690ef164-0c0a43-d51f7b2d5f37,OnDemand,,,0.46,,"{""errorType"":""FunctionAbnormalExitError""}"
,CFD93EE32B19E972234D28D1C13E1AA8-1,1762586980,FCRequestMetrics:/n-matmul-2048,28,28,,,666.78,n-matmul-2048,false,7a537213662e,,c-690ef15f-0cf1abd9-fd32f0b49b00,1762586980081,Sync,668.72,1762586980079,21.0.3.8,false,2048,36.41,InvokeFunction,,,LATEST,1-690ef165-0c49fa-1825a8a624ca,OnDemand,,,1.13,
,7B2CA077525D5F38D7687113836FF4D4-5,1762586980,FCRequestMetrics:/n-matmul-2048,30,30,,,757.52,n-matmul-2048,false,dd2888fed1c9,,c-690ef14f-0cf1abd9-cabc0eaa101b,1762586979716,Sync,759.06,1762586979715,21.0.3.8,false,2048,26.63,InvokeFunction,,,LATEST,1-690ef164-0c0a43-2eb933ed81f3,OnDemand,,,0.54,
,2ECD84792EE924A03BABF1E3B673BF9D-5,1762586980,FCRequestMetrics:/n-matmul-2048,30,30,,,738.53,n-matmul-2048,false,203a62c08916,,c-690ef155-0cf1abd9-fdccf7e0f65d,1762586979895,Sync,739.96,1762586979895,21.0.3.8,false,2048,26.61,InvokeFunction,,,LATEST,1-690ef164-0c0a43-53392f995d29,OnDemand,,,0.55,
,7C3B3344857E71889D56CDA44A54F6B2-5,1762586981,FCRequestMetrics:/n-matmul-2048,30,30,,,779.86,n-matmul-2048,false,687fca8d325c,,c-690ef12c-0cf1abd9-6ced060ffe1b,1762586980565,Sync,781.25,1762586980564,21.0.3.8,false,2048,41.05,InvokeFunction,,,LATEST,1-690ef164-0c0a43-8987c89303fb,OnDemand,,,0.53,
,9A02C87DA0F400C9E40F40EF2DF6006D-3,1762586981,FCRequestMetrics:/n-matmul-2048,30,30,,,791.18,n-matmul-2048,false,3ea4534df15d,,c-690ef10b-0cf1abd9-31fefea0e1fd,1762586980578,Sync,792.79,1762586980577,21.0.3.8,false,2048,41.16,InvokeFunction,,,LATEST,1-690ef164-0c49fa-f0126c669387,OnDemand,,,0.95,
,2523AFCDD5BD8A2B2953E48983230929-5,1762586981,FCRequestMetrics:/n-matmul-2048,30,30,,,800.92,n-matmul-2048,false,01d6f783bdb1,,c-690ef10b-0cf1abd9-dd39c218e942,1762586980560,Sync,802.28,1762586980560,21.0.3.8,false,2048,38.71,InvokeFunction,,,LATEST,1-690ef164-0c0a43-36cec2210128,OnDemand,,,0.55,
,DDEEB29FD5ADFBB67E4F2FEB83463658-7,1762586981,FCRequestMetrics:/n-matmul-2048,30,30,,,781.84,n-matmul-2048,false,bc52147f2a7a,,c-690ef12c-0cf1abd9-69aaf8ca2a4b,1762586980568,Sync,783.71,1762586980567,21.0.3.8,false,2048,37.69,InvokeFunction,,,LATEST,1-690ef164-0c49fa-5ba6d727dd71,OnDemand,,,1.14,
,5E9C37D1C997E792337F0D79C839D1F6-5,1762586981,FCRequestMetrics:/n-matmul-2048,32,32,,,806.91,n-matmul-2048,false,7be323259747,,c-690ef12d-0cf1abd9-4ddba8cb6fd4,1762586980643,Sync,867.33,1762586980583,21.0.3.8,false,2048,41.79,InvokeFunction,,,LATEST,1-690ef164-0c49fa-e4cd0aeeb8b2,OnDemand,,,59.76,
,B2D19E9889F3DDE524F4ACFCF2A5FEBF-3,1762586981,FCRequestMetrics:/n-matmul-2048,32,32,,,785.51,n-matmul-2048,false,95f39cca25aa,,c-690ef10b-0cf1abd9-336379de3020,1762586980711,Sync,909.77,1762586980587,21.0.3.8,false,2048,40.82,InvokeFunction,,,LATEST,1-690ef164-0c49fa-039563170b6a,OnDemand,,,123.61,
,211620C9A07558D2D8764497DA6068A4-3,1762586981,FCRequestMetrics:/n-matmul-2048,32,32,,,825.86,n-matmul-2048,false,e053c99a8bb6,,c-690ef10b-0cf1abd9-9de429f2e3c5,1762586980839,Sync,1086.91,1762586980579,21.0.3.8,false,2048,38.13,InvokeFunction,,,LATEST,1-690ef164-0c49fa-9a780123f695,OnDemand,,,260.02,
,BF6FA9AF6994B690E2E5555B14FF4940-6,1762586981,FCRequestMetrics:/n-matmul-2048,30,30,,,792.13,n-matmul-2048,false,21ba44532db0,,c-690ef12f-0cf1abd9-72da07858f04,1762586980244,Sync,793.38,1762586980243,21.0.3.8,false,2048,38.40,InvokeFunction,,,LATEST,1-690ef164-0c0a43-2337ac0c4b59,OnDemand,,,0.48,
,BF6FA9AF6994B690E2E5555B14FF4940-6,1762586981,FCRequestMetrics:/n-matmul-2048,31,31,,,802.38,n-matmul-2048,false,21ba44532db0,,c-690ef12f-0cf1abd9-72da07858f04,1762586981077,Sync,803.89,1762586981076,21.0.3.8,false,2048,41.66,InvokeFunction,,,LATEST,1-690ef165-0c0a43-80a463f8f256,OnDemand,,,0.48,
,B10148BC96FECE49F2FC2439520A3175-5,1762586981,FCRequestMetrics:/n-matmul-2048,30,30,,,783.06,n-matmul-2048,false,9ae0a7a16fc1,,c-690ef12e-0cf1abd9-86b866453e74,1762586980315,Sync,784.23,1762586980314,21.0.3.7,false,2048,38.70,InvokeFunction,,,LATEST,1-690ef164-0c0a43-84c83b7a9ec7,OnDemand,,,0.50,
,B10148BC96FECE49F2FC2439520A3175-5,1762586981,FCRequestMetrics:/n-matmul-2048,31,31,,,780.20,n-matmul-2048,false,9ae0a7a16fc1,,c-690ef12e-0cf1abd9-86b866453e74,1762586981104,Sync,781.38,1762586981104,21.0.3.7,false,2048,41.69,InvokeFunction,,,LATEST,1-690ef165-0c0a43-08fbd681114b,OnDemand,,,0.48,
,B1BC54E0839163A3A2719B2791B845EA-6,1762586981,FCRequestMetrics:/n-matmul-2048,32,32,,,648.19,n-matmul-2048,false,c5eb2abfaa5d,,c-690ef14c-0cf1abd9-28e65fb7d593,1762586980765,Sync,825.17,1762586980589,21.0.3.5,false,2048,36.63,InvokeFunction,,,LATEST,1-690ef164-0c49fa-40a35c57bca8,OnDemand,,,176.29,
,46B19270B472A6D217A2E559E7E7C97B-3,1762586981,FCRequestMetrics:/n-matmul-2048,32,32,,,649.62,n-matmul-2048,false,869d26b39717,,c-690ef10b-0cf1abd9-b6750c057b8f,1762586980840,Sync,916.55,1762586980574,21.0.3.8,false,2048,36.92,InvokeFunction,,,LATEST,1-690ef164-0c49fa-dca440f0ef4a,OnDemand,,,266.11,
,E08BA4ABFB8C4109D958EF35CCDE9E75-5,1762586981,FCRequestMetrics:/n-matmul-2048,32,32,,,827.16,n-matmul-2048,false,f6ea6fba0d1f,,c-690ef12a-0cf1abd9-0e59ac1cec40,1762586980776,Sync,1163.00,1762586980441,21.0.3.6,false,2048,39.04,InvokeFunction,,,LATEST,1-690ef164-0c49fa-1ddc63c6b85a,OnDemand,,,335.19,
,C38D529AEE78E8BFEBBDDADEDE13D41B-2,1762586981,FCRequestMetrics:/n-matmul-2048,32,32,,,815.82,n-matmul-2048,false,965073b71ef9,,c-690ef12c-0cf1abd9-ee855b82b2d6,1762586980822,Sync,890.32,1762586980749,21.0.3.7,false,2048,41.02,InvokeFunction,,,LATEST,1-690ef164-0c49fa-3aa52b7a17b2,OnDemand,,,73.48,
,00E67D373DA9C60BEF759D13208EAAD9-5,1762586981,FCRequestMetrics:/n-matmul-2048,31,31,,,642.09,n-matmul-2048,false,9013ed408e73,,c-690ef10b-0cf1abd9-dbc16e7d233d,1762586980421,Sync,643.61,1762586980420,21.0.3.8,false,2048,34.39,InvokeFunction,,,LATEST,1-690ef164-0c0a43-a8e993497774,OnDemand,,,0.49,
,00E67D373DA9C60BEF759D13208EAAD9-5,1762586981,FCRequestMetrics:/n-matmul-2048,31,31,,,629.09,n-matmul-2048,false,9013ed408e73,,c-690ef10b-0cf1abd9-dbc16e7d233d,1762586981076,Sync,630.48,1762586981075,21.0.3.8,false,2048,36.29,InvokeFunction,,,LATEST,1-690ef165-0c0a43-0c4e68533fbe,OnDemand,,,0.53,
,D5A4CD99F058D411C58A3919BEB264F4-3,1762586981,FCRequestMetrics:/n-matmul-2048,31,31,,,632.61,n-matmul-2048,false,a1586973fec8,,c-690ef10b-0cf1abd9-90463d425ca7,1762586980402,Sync,633.92,1762586980401,21.0.3.8,false,2048,36.19,InvokeFunction,,,LATEST,1-690ef164-0c0a43-d7273ae41863,OnDemand,,,0.57,
,D5A4CD99F058D411C58A3919BEB264F4-3,1762586981,FCRequestMetrics:/n-matmul-2048,31,31,,,626.56,n-matmul-2048,false,a1586973fec8,,c-690ef10b-0cf1abd9-90463d425ca7,1762586981095,Sync,628.51,1762586981093,21.0.3.8,false,2048,38.14,InvokeFunction,,,LATEST,1-690ef165-0c49fa-d46de9377828,OnDemand,,,1.15,
,636547988E635DCC4C08253D0766BAEB-1,1762586981,FCRequestMetrics:/n-matmul-2048,28,28,,,1207.17,n-matmul-2048,false,3da1c5559a3b,,c-690ef156-0cf1abd9-a60f14769352,1762586980328,Sync,1209.09,1762586980327,21.0.3.8,false,2048,42.42,InvokeFunction,,,LATEST,1-690ef165-0c49fa-febf2f3a5e13,OnDemand,,,1.12,
,D461B99DDC361457A1C9EC0902546FD1-4,1762586981,FCRequestMetrics:/n-matmul-2048,31,31,,,859.11,n-matmul-2048,false,ed2ed25159fc,,c-690ef14f-0cf1abd9-e247acd3fed5,1762586980811,Sync,860.56,1762586980810,21.0.3.8,false,2048,40.85,InvokeFunction,,,LATEST,1-690ef165-0c0a43-7f7adabdaebf,OnDemand,,,0.55,
,943CF4692F491FB15BAF1EAB0CB8860A-3,1762586981,FCRequestMetrics:/n-matmul-2048,30,30,,,729.32,n-matmul-2048,false,bfd14e2c48c1,,c-690ef14e-0cf1abd9-da3a9c4be72b,1762586980370,Sync,782.15,1762586980318,21.0.3.8,false,2048,34.07,InvokeFunction,,,LATEST,1-690ef164-0c49fa-7c1379f52a5a,OnDemand,,,52.02,
,943CF4692F491FB15BAF1EAB0CB8860A-3,1762586981,FCRequestMetrics:/n-matmul-2048,32,32,,,874.12,n-matmul-2048,false,bfd14e2c48c1,,c-690ef14e-0cf1abd9-da3a9c4be72b,1762586981112,Sync,876.10,1762586981111,21.0.3.8,false,2048,38.30,InvokeFunction,,,LATEST,1-690ef165-0c49fa-7502b497d499,OnDemand,,,1.16,
,82C12ED6E643926156E0217F8DC83EE9-5,1762586981,FCRequestMetrics:/n-matmul-2048,32,32,,,693.60,n-matmul-2048,false,a9b6a74eafdc,,c-690ef12d-0cf1abd9-2948faf88166,1762586980671,Sync,780.30,1762586980585,21.0.3.8,false,2048,26.74,InvokeFunction,,,LATEST,1-690ef164-0c49fa-8ad4db84819d,OnDemand,,,85.78,
,B63107B9394C762ADF436F322BAA4B65-3,1762586981,FCRequestMetrics:/n-matmul-2048,32,32,,,671.63,n-matmul-2048,false,1ccfa60657e6,,c-690ef10b-0cf1abd9-672e1c9f5eed,1762586980895,Sync,707.76,1762586980860,21.0.3.8,false,2048,26.57,InvokeFunction,,,LATEST,1-690ef164-0c49fa-a0f2aac426ad,OnDemand,,,35.39,
,91973BCA72DE9462DCC25EF55C6AC5B5-5,1762586981,FCRequestMetrics:/n-matmul-2048,28,28,,,703.22,n-matmul-2048,false,74deffaed995,,c-690ef14e-0cf1abd9-32bbbd8baf97,1762586980839,Sync,720.77,1762586980822,21.0.3.8,false,2048,34.35,InvokeFunction,,,LATEST,1-690ef165-0c0a43-d21eca54f525,OnDemand,,,16.83,
,A5C7CD7E71BB55429480C147D0ABD6E0-5,1762586981,FCRequestMetrics:/n-matmul-2048,30,30,,,692.64,n-matmul-2048,false,b9c50fa7ffa2,,c-690ef10b-0cf1abd9-39e48c7dd1cd,1762586980565,Sync,694.25,1762586980564,21.0.3.8,false,2048,28.65,InvokeFunction,,,LATEST,1-690ef164-0c49fa-b396c030f80c,OnDemand,,,0.87,
,CFD93EE32B19E972234D28D1C13E1AA8-1,1762586981,FCRequestMetrics:/n-matmul-2048,32,32,,,828.29,n-matmul-2048,false,7a537213662e,,c-690ef15f-0cf1abd9-fd32f0b49b00,1762586980787,Sync,1213.46,1762586980403,21.0.3.8,false,2048,40.99,InvokeFunction,,,LATEST,1-690ef165-0c0a43-e3c444ab570b,OnDemand,,,384.33,
,18363E7E93F59FF8F193127D52D86051-5,1762586981,FCRequestMetrics:/n-matmul-2048,32,32,,,0.03,n-matmul-2048,true,3f9c9a307fd4,,c-690ef130-0cf1abd9-454ab669b866,1762586980857,Sync,705.34,1762586980575,21.0.3.8,false,2048,4.16,InvokeFunction,,,LATEST,1-690ef164-0c49fa-1ed80033d6eb,OnDemand,,,281.52,,"{""errorType"":""FunctionAbnormalExitError""}"
,18363E7E93F59FF8F193127D52D86051-5,1762586981,FCRequestMetrics:/n-matmul-2048,32,32,,,681.98,n-matmul-2048,false,3f9c9a307fd4,,c-690ef130-0cf1abd9-454ab669b866,1762586981300,Sync,684.22,1762586981298,21.0.3.8,false,2048,26.57,InvokeFunction,,,LATEST,1-690ef165-0c49fa-d39330eea7c2,OnDemand,,,1.43,
,7B2CA077525D5F38D7687113836FF4D4-5,1762586981,FCRequestMetrics:/n-matmul-2048,29,29,,,733.02,n-matmul-2048,false,dd2888fed1c9,,c-690ef14f-0cf1abd9-cabc0eaa101b,1762586980487,Sync,990.89,1762586980230,21.0.3.8,false,2048,34.55,InvokeFunction,,,LATEST,1-690ef164-0c49fa-dbad403f8afc,OnDemand,,,256.98,
,2ECD84792EE924A03BABF1E3B673BF9D-5,1762586981,FCRequestMetrics:/n-matmul-2048,29,29,,,734.14,n-matmul-2048,false,203a62c08916,,c-690ef155-0cf1abd9-fdccf7e0f65d,1762586980654,Sync,735.55,1762586980653,21.0.3.8,false,2048,34.46,InvokeFunction,,,LATEST,1-690ef165-0c0a43-3959496428ca,OnDemand,,,0.48,
,EB19AA8F9B61C51C3FCBC98D949BD1C2-7,1762586981,FCRequestMetrics:/n-matmul-2048,32,32,,,0.03,n-matmul-2048,true,211d8375abf1,,c-690ef12d-0cf1abd9-78e04fcb7549,1762586980856,Sync,429.30,1762586980838,21.0.3.8,false,2048,2.33,InvokeFunction,,,LATEST,1-690ef164-0c49fa-332b219c54d6,OnDemand,,,18.02,,"{""errorType"":""FunctionAbnormalExitError""}"
,DC91F31EAE4326850C248390B5A5E361-3,1762586981,FCRequestMetrics:/n-matmul-2048,28,28,,,0.06,n-matmul-2048,true,cf01fd95e6f6,,c-690ef150-0cf1abd9-91e7929a8b40,1762586980918,Sync,462.45,1762586980917,21.0.3.8,false,2048,2.09,InvokeFunction,,,LATEST,1-690ef165-0c49fa-e0f8c099f6a3,OnDemand,,,1.19,,"{""errorType"":""FunctionAbnormalExitError""}"
,2523AFCDD5BD8A2B2953E48983230929-5,1762586981,FCRequestMetrics:/n-matmul-2048,28,28,,,0.03,n-matmul-2048,true,01d6f783bdb1,,c-690ef10b-0cf1abd9-dd39c218e942,1762586981392,Sync,411.43,1762586981391,21.0.3.8,false,2048,2.11,InvokeFunction,,,LATEST,1-690ef165-0c49fa-c9792247d2ef,OnDemand,,,0.89,,"{""errorType"":""FunctionAbnormalExitError""}"
,9A02C87DA0F400C9E40F40EF2DF6006D-3,1762586981,FCRequestMetrics:/n-matmul-2048,28,28,,,0.02,n-matmul-2048,true,3ea4534df15d,,c-690ef10b-0cf1abd9-31fefea0e1fd,1762586981373,Sync,418.57,1762586981372,21.0.3.8,false,2048,2.18,InvokeFunction,,,LATEST,1-690ef165-0c0a43-f2bdb3703e60,OnDemand,,,0.48,,"{""errorType"":""FunctionAbnormalExitError""}"
,A91AC64A0F8E1976F88383B363514050-5,1762586981,FCRequestMetrics:/n-matmul-2048,29,29,,,0.03,n-matmul-2048,true,cc3f8c782a21,,c-690ef151-0cf1abd9-7fe4e69dd5c1,1762586980970,Sync,460.55,1762586980969,21.0.3.8,false,2048,4.25,InvokeFunction,,,LATEST,1-690ef165-0c0a43-cc88168b114a,OnDemand,,,0.49,,"{""errorType"":""FunctionAbnormalExitError""}"
,7C3B3344857E71889D56CDA44A54F6B2-5,1762586981,FCRequestMetrics:/n-matmul-2048,28,28,,,0.02,n-matmul-2048,true,687fca8d325c,,c-690ef12c-0cf1abd9-6ced060ffe1b,1762586981349,Sync,422.00,1762586981348,21.0.3.8,false,2048,4.12,InvokeFunction,,,LATEST,1-690ef165-0c49fa-39b1b1f23cee,OnDemand,,,1.13,,"{""errorType"":""FunctionAbnormalExitError""}"
,DDEEB29FD5ADFBB67E4F2FEB83463658-7,1762586981,FCRequestMetrics:/n-matmul-2048,28,28,,,0.03,n-matmul-2048,true,bc52147f2a7a,,c-690ef12c-0cf1abd9-69aaf8ca2a4b,1762586981402,Sync,406.44,1762586981401,21.0.3.8,false,2048,2.17,InvokeFunction,,,LATEST,1-690ef165-0c0a43-2648490ed2f8,OnDemand,,,0.51,,"{""errorType"":""FunctionAbnormalExitError""}"
,5E9C37D1C997E792337F0D79C839D1F6-5,1762586981,FCRequestMetrics:/n-matmul-2048,28,28,,,0.03,n-matmul-2048,true,7be323259747,,c-690ef12d-0cf1abd9-4ddba8cb6fd4,1762586981457,Sync,412.99,1762586981456,21.0.3.8,false,2048,2.12,InvokeFunction,,,LATEST,1-690ef165-0c49fa-cf2d0738ec3a,OnDemand,,,1.33,,"{""errorType"":""FunctionAbnormalExitError""}"
,B2D19E9889F3DDE524F4ACFCF2A5FEBF-3,1762586981,FCRequestMetrics:/n-matmul-2048,28,28,,,0.04,n-matmul-2048,true,95f39cca25aa,,c-690ef10b-0cf1abd9-336379de3020,1762586981506,Sync,428.36,1762586981505,21.0.3.8,false,2048,4.27,InvokeFunction,,,LATEST,1-690ef165-0c49fa-a3fdfaae58e3,OnDemand,,,1.23,,"{""errorType"":""FunctionAbnormalExitError""}"
,510F8A150819018E635E267F62520B9B-3,1762586981,FCRequestMetrics:/n-matmul-2048,32,32,,,0.03,n-matmul-2048,true,c8577adbf622,,c-690ef10b-0cf1abd9-26ef2c508c1e,1762586980703,Sync,524.43,1762586980587,21.0.3.8,false,2048,2.24,InvokeFunction,,,LATEST,1-690ef164-0c49fa-088486b65954,OnDemand,,,116.36,,"{""errorType"":""FunctionAbnormalExitError""}"
,510F8A150819018E635E267F62520B9B-3,1762586981,FCRequestMetrics:/n-matmul-2048,29,29,,,712.86,n-matmul-2048,false,c8577adbf622,,c-690ef10b-0cf1abd9-26ef2c508c1e,1762586981160,Sync,714.12,1762586981159,21.0.3.8,false,2048,28.56,InvokeFunction,,,LATEST,1-690ef165-0c0a43-67e5f9f134d1,OnDemand,,,0.48,
,F0BCE0E40FE41E0F61DD5DAF956249CC-7,1762586981,FCRequestMetrics:/n-matmul-2048,32,32,,,0.03,n-matmul-2048,true,b9ed45a41c5d,,c-690ef139-0cf1abd9-bfec9b76d480,1762586980852,Sync,466.84,1762586980813,21.0.3.8,false,2048,4.30,InvokeFunction,,,LATEST,1-690ef164-0c49fa-6edf7cd69cc5,OnDemand,,,38.96,,"{""errorType"":""FunctionAbnormalExitError""}"
,C1124F392E96F7157640100E932BDA24-0,1762586981,FCRequestMetrics:/n-matmul-2048,32,32,,,0.03,n-matmul-2048,true,67bba880de6a,,c-690ef15e-0cf1abd9-14d01dd57fb0,1762586980731,Sync,430.57,1762586980729,21.0.3.8,false,2048,2.05,InvokeFunction,,,LATEST,1-690ef166-0c49fa-0c43a60718f7,OnDemand,,,1.32,,"{""errorType"":""FunctionAbnormalExitError""}"
,C1124F392E96F7157640100E932BDA24-0,1762586981,FCRequestMetrics:/n-matmul-2048,32,32,,,785.23,n-matmul-2048,false,67bba880de6a,,c-690ef15e-0cf1abd9-14d01dd57fb0,1762586981161,Sync,936.34,1762586981011,21.0.3.8,false,2048,26.55,InvokeFunction,,,LATEST,1-690ef166-0c0a43-58991eff2a11,OnDemand,,,150.33,
,B1BC54E0839163A3A2719B2791B845EA-6,1762586982,FCRequestMetrics:/n-matmul-2048,28,28,,,789.11,n-matmul-2048,false,c5eb2abfaa5d,,c-690ef14c-0cf1abd9-28e65fb7d593,1762586981539,Sync,791.21,1762586981538,21.0.3.5,false,2048,38.32,InvokeFunction,,,LATEST,1-690ef165-0c49fa-adac029af398,OnDemand,,,1.36,
,46B19270B472A6D217A2E559E7E7C97B-3,1762586982,FCRequestMetrics:/n-matmul-2048,28,28,,,795.85,n-matmul-2048,false,869d26b39717,,c-690ef10b-0cf1abd9-b6750c057b8f,1762586981518,Sync,797.81,1762586981516,21.0.3.8,false,2048,39.15,InvokeFunction,,,LATEST,1-690ef165-0c49fa-2b7e2130c821,OnDemand,,,1.19,
,E08BA4ABFB8C4109D958EF35CCDE9E75-5,1762586982,FCRequestMetrics:/n-matmul-2048,28,28,,,790.07,n-matmul-2048,false,f6ea6fba0d1f,,c-690ef12a-0cf1abd9-0e59ac1cec40,1762586981607,Sync,805.79,1762586981592,21.0.3.6,false,2048,41.75,InvokeFunction,,,LATEST,1-690ef165-0c49fa-b2894a37cef7,OnDemand,,,15.09,
,C38D529AEE78E8BFEBBDDADEDE13D41B-2,1762586982,FCRequestMetrics:/n-matmul-2048,32,32,,,795.12,n-matmul-2048,false,965073b71ef9,,c-690ef12c-0cf1abd9-ee855b82b2d6,1762586981642,Sync,842.71,1762586981595,21.0.3.7,false,2048,43.99,InvokeFunction,,,LATEST,1-690ef165-0c0a43-23c13b3f7d9c,OnDemand,,,46.88,
,00E67D373DA9C60BEF759D13208EAAD9-5,1762586982,FCRequestMetrics:/n-matmul-2048,32,32,,,790.41,n-matmul-2048,false,9013ed408e73,,c-690ef10b-0cf1abd9-dbc16e7d233d,1762586981708,Sync,902.76,1762586981597,21.0.3.8,false,2048,38.36,InvokeFunction,,,LATEST,1-690ef165-0c0a43-20c0f9a3858b,OnDemand,,,111.63,
,D5A4CD99F058D411C58A3919BEB264F4-3,1762586982,FCRequestMetrics:/n-matmul-2048,32,32,,,789.27,n-matmul-2048,false,a1586973fec8,,c-690ef10b-0cf1abd9-90463d425ca7,1762586981725,Sync,920.69,1762586981599,21.0.3.8,false,2048,40.05,InvokeFunction,,,LATEST,1-690ef165-0c49fa-e3d8b69b4a47,OnDemand,,,126.50,
,D461B99DDC361457A1C9EC0902546FD1-4,1762586982,FCRequestMetrics:/n-matmul-2048,32,32,,,899.04,n-matmul-2048,false,ed2ed25159fc,,c-690ef14f-0cf1abd9-e247acd3fed5,1762586981674,Sync,1040.67,1762586981533,21.0.3.8,false,2048,43.89,InvokeFunction,,,LATEST,1-690ef165-0c49fa-57769df666dc,OnDemand,,,140.66,
,943CF4692F491FB15BAF1EAB0CB8860A-3,1762586982,FCRequestMetrics:/n-matmul-2048,32,32,,,867.36,n-matmul-2048,false,bfd14e2c48c1,,c-690ef14e-0cf1abd9-da3a9c4be72b,1762586981990,Sync,1070.90,1762586981787,21.0.3.8,false,2048,40.98,InvokeFunction,,,LATEST,1-690ef165-0c0a43-58923f1600cb,OnDemand,,,202.77,
,82C12ED6E643926156E0217F8DC83EE9-5,1762586982,FCRequestMetrics:/n-matmul-2048,28,28,,,655.48,n-matmul-2048,false,a9b6a74eafdc,,c-690ef12d-0cf1abd9-2948faf88166,1762586981385,Sync,656.68,1762586981384,21.0.3.8,false,2048,34.35,InvokeFunction,,,LATEST,1-690ef165-0c0a43-791d20c81ead,OnDemand,,,0.51,
,82C12ED6E643926156E0217F8DC83EE9-5,1762586982,FCRequestMetrics:/n-matmul-2048,32,32,,,788.18,n-matmul-2048,false,a9b6a74eafdc,,c-690ef12d-0cf1abd9-2948faf88166,1762586982044,Sync,966.66,1762586981866,21.0.3.8,false,2048,38.66,InvokeFunction,,,LATEST,1-690ef165-0c49fa-91d4840561a6,OnDemand,,,177.73,
,B63107B9394C762ADF436F322BAA4B65-3,1762586982,FCRequestMetrics:/n-matmul-2048,28,28,,,644.97,n-matmul-2048,false,1ccfa60657e6,,c-690ef10b-0cf1abd9-672e1c9f5eed,1762586981588,Sync,647.18,1762586981587,21.0.3.8,false,2048,34.38,InvokeFunction,,,LATEST,1-690ef165-0c49fa-488bd86fbfa3,OnDemand,,,1.37,
,B63107B9394C762ADF436F322BAA4B65-3,1762586982,FCRequestMetrics:/n-matmul-2048,32,32,,,648.75,n-matmul-2048,false,1ccfa60657e6,,c-690ef10b-0cf1abd9-672e1c9f5eed,1762586982237,Sync,722.10,1762586982165,21.0.3.8,false,2048,36.68,InvokeFunction,,,LATEST,1-690ef166-0c49fa-76a808606363,OnDemand,,,72.66,
,91973BCA72DE9462DCC25EF55C6AC5B5-5,1762586982,FCRequestMetrics:/n-matmul-2048,32,32,,,719.96,n-matmul-2048,false,74deffaed995,,c-690ef14e-0cf1abd9-32bbbd8baf97,1762586981559,Sync,721.33,1762586981558,21.0.3.8,false,2048,36.83,InvokeFunction,,,LATEST,1-690ef166-0c0a43-cc8e61a29aaa,OnDemand,,,0.47,
,A5C7CD7E71BB55429480C147D0ABD6E0-5,1762586982,FCRequestMetrics:/n-matmul-2048,28,28,,,645.20,n-matmul-2048,false,b9c50fa7ffa2,,c-690ef10b-0cf1abd9-39e48c7dd1cd,1762586981591,Sync,646.53,1762586981590,21.0.3.8,false,2048,36.45,InvokeFunction,,,LATEST,1-690ef165-0c0a43-1f8295cc746a,OnDemand,,,0.53,
,CFD93EE32B19E972234D28D1C13E1AA8-1,1762586982,FCRequestMetrics:/n-matmul-2048,32,32,,,790.83,n-matmul-2048,false,7a537213662e,,c-690ef15f-0cf1abd9-fd32f0b49b00,1762586981619,Sync,1289.90,1762586981121,21.0.3.8,false,2048,43.89,InvokeFunction,,,LATEST,1-690ef166-0c49fa-7d143d4c6342,OnDemand,,,498.41,
,18363E7E93F59FF8F193127D52D86051-5,1762586982,FCRequestMetrics:/n-matmul-2048,32,32,,,659.38,n-matmul-2048,false,3f9c9a307fd4,,c-690ef130-0cf1abd9-454ab669b866,1762586981985,Sync,791.36,1762586981854,21.0.3.8,false,2048,34.54,InvokeFunction,,,LATEST,1-690ef165-0c0a43-58e676179f7b,OnDemand,,,131.24,
,7B2CA077525D5F38D7687113836FF4D4-5,1762586982,FCRequestMetrics:/n-matmul-2048,32,32,,,900.06,n-matmul-2048,false,dd2888fed1c9,,c-690ef14f-0cf1abd9-cabc0eaa101b,1762586981225,Sync,1051.44,1762586981074,21.0.3.8,false,2048,39.10,InvokeFunction,,,LATEST,1-690ef165-0c49fa-4c16923d996e,OnDemand,,,150.53,
,2ECD84792EE924A03BABF1E3B673BF9D-5,1762586982,FCRequestMetrics:/n-matmul-2048,32,32,,,704.04,n-matmul-2048,false,203a62c08916,,c-690ef155-0cf1abd9-fdccf7e0f65d,1762586981393,Sync,875.97,1762586981221,21.0.3.8,false,2048,36.68,InvokeFunction,,,LATEST,1-690ef165-0c49fa-fef744bd6489,OnDemand,,,171.17,
,EB19AA8F9B61C51C3FCBC98D949BD1C2-7,1762586982,FCRequestMetrics:/n-matmul-2048,28,28,,,677.06,n-matmul-2048,false,211d8375abf1,,c-690ef12d-0cf1abd9-78e04fcb7549,1762586981591,Sync,679.16,1762586981589,21.0.3.8,false,2048,28.75,InvokeFunction,,,LATEST,1-690ef165-0c49fa-d597f5579ac2,OnDemand,,,1.38,
,EB19AA8F9B61C51C3FCBC98D949BD1C2-7,1762586982,FCRequestMetrics:/n-matmul-2048,32,32,,,643.45,n-matmul-2048,false,211d8375abf1,,c-690ef12d-0cf1abd9-78e04fcb7549,1762586982274,Sync,645.54,1762586982273,21.0.3.8,false,2048,36.16,InvokeFunction,,,LATEST,1-690ef166-0c49fa-3e8906673647,OnDemand,,,1.40,
,DC91F31EAE4326850C248390B5A5E361-3,1762586982,FCRequestMetrics:/n-matmul-2048,32,32,,,768.84,n-matmul-2048,false,cf01fd95e6f6,,c-690ef150-0cf1abd9-91e7929a8b40,1762586981382,Sync,899.86,1762586981251,21.0.3.8,false,2048,28.62,InvokeFunction,,,LATEST,1-690ef165-0c49fa-0260eed13717,OnDemand,,,130.11,
,DC91F31EAE4326850C248390B5A5E361-3,1762586982,FCRequestMetrics:/n-matmul-2048,29,29,,,699.68,n-matmul-2048,false,cf01fd95e6f6,,c-690ef150-0cf1abd9-91e7929a8b40,1762586982175,Sync,701.56,1762586982173,21.0.3.8,false,2048,36.12,InvokeFunction,,,LATEST,1-690ef166-0c49fa-222f2cdc14b7,OnDemand,,,1.16,
,2523AFCDD5BD8A2B2953E48983230929-5,1762586982,FCRequestMetrics:/n-matmul-2048,32,32,,,683.25,n-matmul-2048,false,01d6f783bdb1,,c-690ef10b-0cf1abd9-dd39c218e942,1762586981805,Sync,878.78,1762586981610,21.0.3.8,false,2048,28.66,InvokeFunction,,,LATEST,1-690ef165-0c49fa-050499cc7f74,OnDemand,,,194.77,
,9A02C87DA0F400C9E40F40EF2DF6006D-3,1762586982,FCRequestMetrics:/n-matmul-2048,32,32,,,680.79,n-matmul-2048,false,3ea4534df15d,,c-690ef10b-0cf1abd9-31fefea0e1fd,1762586981793,Sync,874.77,1762586981600,21.0.3.8,false,2048,28.50,InvokeFunction,,,LATEST,1-690ef165-0c0a43-d2ee4a22f159,OnDemand,,,192.03,
,A91AC64A0F8E1976F88383B363514050-5,1762586982,FCRequestMetrics:/n-matmul-2048,28,28,,,770.69,n-matmul-2048,false,cc3f8c782a21,,c-690ef151-0cf1abd9-7fe4e69dd5c1,1762586981432,Sync,783.53,1762586981420,21.0.3.8,false,2048,28.78,InvokeFunction,,,LATEST,1-690ef165-0c49fa-3520095dd0a8,OnDemand,,,11.99,
,A91AC64A0F8E1976F88383B363514050-5,1762586982,FCRequestMetrics:/n-matmul-2048,29,29,,,717.82,n-matmul-2048,false,cc3f8c782a21,,c-690ef151-0cf1abd9-7fe4e69dd5c1,1762586982245,Sync,719.95,1762586982244,21.0.3.8,false,2048,36.34,InvokeFunction,,,LATEST,1-690ef166-0c49fa-bb77cc6d2731,OnDemand,,,1.37,
,7C3B3344857E71889D56CDA44A54F6B2-5,1762586982,FCRequestMetrics:/n-matmul-2048,32,32,,,759.77,n-matmul-2048,false,687fca8d325c,,c-690ef12c-0cf1abd9-6ced060ffe1b,1762586981772,Sync,932.84,1762586981599,21.0.3.8,false,2048,26.62,InvokeFunction,,,LATEST,1-690ef165-0c0a43-4b4b45f1de2b,OnDemand,,,172.17,
,DDEEB29FD5ADFBB67E4F2FEB83463658-7,1762586982,FCRequestMetrics:/n-matmul-2048,32,32,,,675.48,n-matmul-2048,false,bc52147f2a7a,,c-690ef12c-0cf1abd9-69aaf8ca2a4b,1762586981809,Sync,841.36,1762586981645,21.0.3.8,false,2048,26.59,InvokeFunction,,,LATEST,1-690ef165-0c49fa-82f10c26bced,OnDemand,,,164.07,
,5E9C37D1C997E792337F0D79C839D1F6-5,1762586982,FCRequestMetrics:/n-matmul-2048,32,32,,,683.92,n-matmul-2048,false,7be323259747,,c-690ef12d-0cf1abd9-4ddba8cb6fd4,1762586981870,Sync,838.05,1762586981717,21.0.3.8,false,2048,28.79,InvokeFunction,,,LATEST,1-690ef165-0c0a43-ffb84ba34f50,OnDemand,,,153.38,
,B10148BC96FECE49F2FC2439520A3175-5,1762586982,FCRequestMetrics:/n-matmul-2048,32,32,,,0.04,n-matmul-2048,true,9ae0a7a16fc1,,c-690ef12e-0cf1abd9-86b866453e74,1762586981887,Sync,551.84,1762586981744,21.0.3.7,false,2048,2.20,InvokeFunction,,,LATEST,1-690ef165-0c0a43-bdbc00eddc4a,OnDemand,,,142.83,,"{""errorType"":""FunctionAbnormalExitError""}"
,B10148BC96FECE49F2FC2439520A3175-5,1762586982,FCRequestMetrics:/n-matmul-2048,32,32,,,670.35,n-matmul-2048,false,9ae0a7a16fc1,,c-690ef12e-0cf1abd9-86b866453e74,1762586982299,Sync,672.17,1762586982298,21.0.3.7,false,2048,26.35,InvokeFunction,,,LATEST,1-690ef166-0c49fa-c0da89c17b23,OnDemand,,,1.12,
,BF6FA9AF6994B690E2E5555B14FF4940-5,1762586982,FCRequestMetrics:/n-matmul-2048,32,32,,,0.03,n-matmul-2048,true,21ba44532db0,,c-690ef12f-0cf1abd9-72da07858f04,1762586981883,Sync,576.47,1762586981721,21.0.3.8,false,2048,2.18,InvokeFunction,,,LATEST,1-690ef165-0c49fa-6bfecca0a505,OnDemand,,,161.89,,"{""errorType"":""FunctionAbnormalExitError""}"
,BF6FA9AF6994B690E2E5555B14FF4940-5,1762586982,FCRequestMetrics:/n-matmul-2048,32,32,,,689.47,n-matmul-2048,false,21ba44532db0,,c-690ef12f-0cf1abd9-72da07858f04,1762586982303,Sync,690.68,1762586982302,21.0.3.8,false,2048,26.60,InvokeFunction,,,LATEST,1-690ef166-0c0a43-a3e7bd7767f8,OnDemand,,,0.48,
,B2D19E9889F3DDE524F4ACFCF2A5FEBF-3,1762586982,FCRequestMetrics:/n-matmul-2048,32,32,,,672.75,n-matmul-2048,false,95f39cca25aa,,c-690ef10b-0cf1abd9-336379de3020,1762586981935,Sync,847.44,1762586981761,21.0.3.8,false,2048,28.75,InvokeFunction,,,LATEST,1-690ef165-0c49fa-e5ea4ec6193d,OnDemand,,,173.96,
,510F8A150819018E635E267F62520B9B-3,1762586982,FCRequestMetrics:/n-matmul-2048,32,32,,,654.46,n-matmul-2048,false,c8577adbf622,,c-690ef10b-0cf1abd9-26ef2c508c1e,1762586981876,Sync,811.42,1762586981720,21.0.3.8,false,2048,36.45,InvokeFunction,,,LATEST,1-690ef165-0c0a43-b7440f5eda87,OnDemand,,,156.23,
,F0BCE0E40FE41E0F61DD5DAF956249CC-7,1762586982,FCRequestMetrics:/n-matmul-2048,28,28,,,711.42,n-matmul-2048,false,b9ed45a41c5d,,c-690ef139-0cf1abd9-bfec9b76d480,1762586981410,Sync,713.30,1762586981409,21.0.3.8,false,2048,26.69,InvokeFunction,,,LATEST,1-690ef165-0c49fa-b8709fc4f630,OnDemand,,,1.08,
,F0BCE0E40FE41E0F61DD5DAF956249CC-7,1762586982,FCRequestMetrics:/n-matmul-2048,32,32,,,658.95,n-matmul-2048,false,b9ed45a41c5d,,c-690ef139-0cf1abd9-bfec9b76d480,1762586982125,Sync,863.23,1762586981921,21.0.3.8,false,2048,34.44,InvokeFunction,,,LATEST,1-690ef165-0c0a43-5a2045cd064a,OnDemand,,,203.58,
,D5A4CD99F058D411C58A3919BEB264F4-3,1762586982,FCRequestMetrics:/n-matmul-2048,32,32,,,0.05,n-matmul-2048,true,a1586973fec8,,c-690ef10b-0cf1abd9-90463d425ca7,1762586982529,Sync,401.73,1762586982528,21.0.3.8,false,2048,4.07,InvokeFunction,,,LATEST,1-690ef166-0c49fa-9c975c9c9cf8,OnDemand,,,1.39,,"{""errorType"":""FunctionAbnormalExitError""}"
,211620C9A07558D2D8764497DA6068A4-2,1762586982,FCRequestMetrics:/n-matmul-2048,32,32,,,0.02,n-matmul-2048,true,e053c99a8bb6,,c-690ef10b-0cf1abd9-9de429f2e3c5,1762586981669,Sync,502.25,1762586981595,21.0.3.8,false,2048,2.28,InvokeFunction,,,LATEST,1-690ef165-0c49fa-7cda7e5a0db1,OnDemand,,,73.39,,"{""errorType"":""FunctionAbnormalExitError""}"
,211620C9A07558D2D8764497DA6068A4-2,1762586982,FCRequestMetrics:/n-matmul-2048,32,32,,,685.33,n-matmul-2048,false,e053c99a8bb6,,c-690ef10b-0cf1abd9-9de429f2e3c5,1762586982099,Sync,891.92,1762586981893,21.0.3.8,false,2048,26.69,InvokeFunction,,,LATEST,1-690ef165-0c0a43-4f09af968c7c,OnDemand,,,205.86,
,C38D529AEE78E8BFEBBDDADEDE13D41B-2,1762586982,FCRequestMetrics:/n-matmul-2048,32,32,,,0.03,n-matmul-2048,true,965073b71ef9,,c-690ef12c-0cf1abd9-ee855b82b2d6,1762586982447,Sync,710.76,1762586982161,21.0.3.7,false,2048,4.24,InvokeFunction,,,LATEST,1-690ef166-0c49fa-cff81c61c437,OnDemand,,,285.60,,"{""errorType"":""FunctionAbnormalExitError""}"
,636547988E635DCC4C08253D0766BAEB-1,1762586982,FCRequestMetrics:/n-matmul-2048,32,32,,,0.03,n-matmul-2048,true,3da1c5559a3b,,c-690ef156-0cf1abd9-a60f14769352,1762586981540,Sync,661.44,1762586981478,21.0.3.8,false,2048,6.17,InvokeFunction,,,LATEST,1-690ef166-0c0a43-677da4a95a70,OnDemand,,,61.47,,"{""errorType"":""FunctionAbnormalExitError""}"
,B1BC54E0839163A3A2719B2791B845EA-6,1762586982,FCRequestMetrics:/n-matmul-2048,29,29,,,0.03,n-matmul-2048,true,c5eb2abfaa5d,,c-690ef14c-0cf1abd9-28e65fb7d593,1762586982341,Sync,414.46,1762586982340,21.0.3.5,false,2048,2.19,InvokeFunction,,,LATEST,1-690ef166-0c49fa-263a944f793f,OnDemand,,,1.36,,"{""errorType"":""FunctionAbnormalExitError""}"
,46B19270B472A6D217A2E559E7E7C97B-3,1762586982,FCRequestMetrics:/n-matmul-2048,29,29,,,0.05,n-matmul-2048,true,869d26b39717,,c-690ef10b-0cf1abd9-b6750c057b8f,1762586982357,Sync,424.12,1762586982356,21.0.3.8,false,2048,2.20,InvokeFunction,,,LATEST,1-690ef166-0c49fa-08e08b49e7ba,OnDemand,,,1.13,,"{""errorType"":""FunctionAbnormalExitError""}"
,00E67D373DA9C60BEF759D13208EAAD9-5,1762586982,FCRequestMetrics:/n-matmul-2048,32,32,,,0.03,n-matmul-2048,true,9013ed408e73,,c-690ef10b-0cf1abd9-dbc16e7d233d,1762586982515,Sync,432.87,1762586982514,21.0.3.8,false,2048,2.30,InvokeFunction,,,LATEST,1-690ef166-0c0a43-29ff59d6ae71,OnDemand,,,0.64,,"{""errorType"":""FunctionAbnormalExitError""}"
,E08BA4ABFB8C4109D958EF35CCDE9E75-5,1762586982,FCRequestMetrics:/n-matmul-2048,29,29,,,0.02,n-matmul-2048,true,f6ea6fba0d1f,,c-690ef12a-0cf1abd9-0e59ac1cec40,1762586982401,Sync,439.01,1762586982370,21.0.3.6,false,2048,2.34,InvokeFunction,,,LATEST,1-690ef166-0c49fa-d669598dfc6e,OnDemand,,,30.87,,"{""errorType"":""FunctionAbnormalExitError""}"
,CFD93EE32B19E972234D28D1C13E1AA8-1,1762586982,FCRequestMetrics:/n-matmul-2048,20,20,,,0.03,n-matmul-2048,true,7a537213662e,,c-690ef15f-0cf1abd9-fd32f0b49b00,1762586982453,Sync,427.55,1762586982451,21.0.3.8,false,2048,4.21,InvokeFunction,,,LATEST,1-690ef167-0c49fa-4d6b19c53058,OnDemand,,,1.38,,"{""errorType"":""FunctionAbnormalExitError""}"
,82C12ED6E643926156E0217F8DC83EE9-5,1762586983,FCRequestMetrics:/n-matmul-2048,32,32,,,802.70,n-matmul-2048,false,a9b6a74eafdc,,c-690ef12d-0cf1abd9-2948faf88166,1762586982836,Sync,1044.22,1762586982596,21.0.3.8,false,2048,41.72,InvokeFunction,,,LATEST,1-690ef166-0c49fa-9e6183b197a1,OnDemand,,,240.11,
,B63107B9394C762ADF436F322BAA4B65-3,1762586983,FCRequestMetrics:/n-matmul-2048,32,32,,,785.40,n-matmul-2048,false,1ccfa60657e6,,c-690ef10b-0cf1abd9-672e1c9f5eed,1762586982895,Sync,1078.15,1762586982603,21.0.3.8,false,2048,38.17,InvokeFunction,,,LATEST,1-690ef166-0c49fa-87b507e0568a,OnDemand,,,292.08,
,91973BCA72DE9462DCC25EF55C6AC5B5-5,1762586983,FCRequestMetrics:/n-matmul-2048,32,32,,,858.74,n-matmul-2048,false,74deffaed995,,c-690ef14e-0cf1abd9-32bbbd8baf97,1762586982282,Sync,1200.64,1762586981941,21.0.3.8,false,2048,38.14,InvokeFunction,,,LATEST,1-690ef166-0c49fa-b12251b76327,OnDemand,,,340.78,
,A5C7CD7E71BB55429480C147D0ABD6E0-5,1762586983,FCRequestMetrics:/n-matmul-2048,32,32,,,785.24,n-matmul-2048,false,b9c50fa7ffa2,,c-690ef10b-0cf1abd9-39e48c7dd1cd,1762586982259,Sync,965.31,1762586982080,21.0.3.8,false,2048,40.97,InvokeFunction,,,LATEST,1-690ef166-0c0a43-2c4dc4930ffc,OnDemand,,,179.28,
,A5C7CD7E71BB55429480C147D0ABD6E0-5,1762586983,FCRequestMetrics:/n-matmul-2048,32,32,,,809.08,n-matmul-2048,false,b9c50fa7ffa2,,c-690ef10b-0cf1abd9-39e48c7dd1cd,1762586983048,Sync,1250.75,1762586982607,21.0.3.8,false,2048,44.29,InvokeFunction,,,LATEST,1-690ef166-0c49fa-0b41ead324c7,OnDemand,,,440.80,
,18363E7E93F59FF8F193127D52D86051-5,1762586983,FCRequestMetrics:/n-matmul-2048,32,32,,,651.16,n-matmul-2048,false,3f9c9a307fd4,,c-690ef130-0cf1abd9-454ab669b866,1762586982649,Sync,714.95,1762586982585,21.0.3.8,false,2048,36.82,InvokeFunction,,,LATEST,1-690ef166-0c49fa-7225f5be2226,OnDemand,,,62.94,
,7B2CA077525D5F38D7687113836FF4D4-5,1762586983,FCRequestMetrics:/n-matmul-2048,32,32,,,870.37,n-matmul-2048,false,dd2888fed1c9,,c-690ef14f-0cf1abd9-cabc0eaa101b,1762586982129,Sync,948.09,1762586982052,21.0.3.8,false,2048,41.90,InvokeFunction,,,LATEST,1-690ef166-0c49fa-ed3b55c62062,OnDemand,,,76.93,
,2ECD84792EE924A03BABF1E3B673BF9D-5,1762586983,FCRequestMetrics:/n-matmul-2048,29,29,,,856.68,n-matmul-2048,false,203a62c08916,,c-690ef155-0cf1abd9-fdccf7e0f65d,1762586982221,Sync,859.02,1762586982219,21.0.3.8,false,2048,38.61,InvokeFunction,,,LATEST,1-690ef166-0c49fa-5c4b144d9aab,OnDemand,,,1.12,
,EB19AA8F9B61C51C3FCBC98D949BD1C2-7,1762586983,FCRequestMetrics:/n-matmul-2048,32,32,,,653.28,n-matmul-2048,false,211d8375abf1,,c-690ef12d-0cf1abd9-78e04fcb7549,1762586982922,Sync,975.68,1762586982600,21.0.3.8,false,2048,38.59,InvokeFunction,,,LATEST,1-690ef166-0c49fa-38c3d4d787fa,OnDemand,,,321.58,
,DC91F31EAE4326850C248390B5A5E361-3,1762586983,FCRequestMetrics:/n-matmul-2048,32,32,,,701.73,n-matmul-2048,false,cf01fd95e6f6,,c-690ef150-0cf1abd9-91e7929a8b40,1762586982878,Sync,1196.21,1762586982384,21.0.3.8,false,2048,38.46,InvokeFunction,,,LATEST,1-690ef166-0c49fa-8ba54e683c6c,OnDemand,,,493.61,
,2523AFCDD5BD8A2B2953E48983230929-5,1762586983,FCRequestMetrics:/n-matmul-2048,32,32,,,643.15,n-matmul-2048,false,01d6f783bdb1,,c-690ef10b-0cf1abd9-dd39c218e942,1762586982496,Sync,645.25,1762586982494,21.0.3.8,false,2048,36.54,InvokeFunction,,,LATEST,1-690ef166-0c49fa-78728eafdda5,OnDemand,,,1.30,
,2523AFCDD5BD8A2B2953E48983230929-5,1762586983,FCRequestMetrics:/n-matmul-2048,32,32,,,635.01,n-matmul-2048,false,01d6f783bdb1,,c-690ef10b-0cf1abd9-dd39c218e942,1762586983143,Sync,1136.16,1762586982642,21.0.3.8,false,2048,38.25,InvokeFunction,,,LATEST,1-690ef166-0c0a43-69f847e1c5b0,OnDemand,,,500.43,
,9A02C87DA0F400C9E40F40EF2DF6006D-3,1762586983,FCRequestMetrics:/n-matmul-2048,32,32,,,637.85,n-matmul-2048,false,3ea4534df15d,,c-690ef10b-0cf1abd9-31fefea0e1fd,1762586982483,Sync,1099.79,1762586982022,21.0.3.8,false,2048,36.48,InvokeFunction,,,LATEST,1-690ef166-0c49fa-11582c40aa5f,OnDemand,,,461.22,
,9A02C87DA0F400C9E40F40EF2DF6006D-3,1762586983,FCRequestMetrics:/n-matmul-2048,32,32,,,654.12,n-matmul-2048,false,3ea4534df15d,,c-690ef10b-0cf1abd9-31fefea0e1fd,1762586983125,Sync,1156.24,1762586982624,21.0.3.8,false,2048,38.84,InvokeFunction,,,LATEST,1-690ef166-0c49fa-62f77692ef45,OnDemand,,,500.96,
,A91AC64A0F8E1976F88383B363514050-5,1762586983,FCRequestMetrics:/n-matmul-2048,32,32,,,837.41,n-matmul-2048,false,cc3f8c782a21,,c-690ef151-0cf1abd9-7fe4e69dd5c1,1762586982967,Sync,1252.87,1762586982552,21.0.3.8,false,2048,40.25,InvokeFunction,,,LATEST,1-690ef166-0c0a43-aa178da56c43,OnDemand,,,414.60,
,7C3B3344857E71889D56CDA44A54F6B2-5,1762586983,FCRequestMetrics:/n-matmul-2048,29,29,,,634.83,n-matmul-2048,false,687fca8d325c,,c-690ef12c-0cf1abd9-6ced060ffe1b,1762586982548,Sync,636.46,1762586982547,21.0.3.8,false,2048,34.51,InvokeFunction,,,LATEST,1-690ef166-0c0a43-701ae67e7615,OnDemand,,,0.73,
,7C3B3344857E71889D56CDA44A54F6B2-5,1762586983,FCRequestMetrics:/n-matmul-2048,32,32,,,653.53,n-matmul-2048,false,687fca8d325c,,c-690ef12c-0cf1abd9-6ced060ffe1b,1762586983187,Sync,1154.34,1762586982687,21.0.3.8,false,2048,36.91,InvokeFunction,,,LATEST,1-690ef166-0c0a43-0b3b11363777,OnDemand,,,500.12,
,DDEEB29FD5ADFBB67E4F2FEB83463658-7,1762586983,FCRequestMetrics:/n-matmul-2048,29,29,,,638.16,n-matmul-2048,false,bc52147f2a7a,,c-690ef12c-0cf1abd9-69aaf8ca2a4b,1762586982580,Sync,639.40,1762586982580,21.0.3.8,false,2048,34.16,InvokeFunction,,,LATEST,1-690ef166-0c0a43-a746de39953b,OnDemand,,,0.46,
,DDEEB29FD5ADFBB67E4F2FEB83463658-7,1762586983,FCRequestMetrics:/n-matmul-2048,32,32,,,655.67,n-matmul-2048,false,bc52147f2a7a,,c-690ef12c-0cf1abd9-69aaf8ca2a4b,1762586983222,Sync,1134.28,1762586982744,21.0.3.8,false,2048,36.38,InvokeFunction,,,LATEST,1-690ef166-0c0a43-165fae1116e7,OnDemand,,,477.92,
,5E9C37D1C997E792337F0D79C839D1F6-5,1762586983,FCRequestMetrics:/n-matmul-2048,29,29,,,652.22,n-matmul-2048,false,7be323259747,,c-690ef12d-0cf1abd9-4ddba8cb6fd4,1762586982563,Sync,654.10,1762586982562,21.0.3.8,false,2048,36.26,InvokeFunction,,,LATEST,1-690ef166-0c49fa-81d04512b9f4,OnDemand,,,1.21,
,5E9C37D1C997E792337F0D79C839D1F6-5,1762586983,FCRequestMetrics:/n-matmul-2048,32,32,,,777.53,n-matmul-2048,false,7be323259747,,c-690ef12d-0cf1abd9-4ddba8cb6fd4,1762586983219,Sync,1268.46,1762586982729,21.0.3.8,false,2048,40.27,InvokeFunction,,,LATEST,1-690ef166-0c49fa-4bd7f92a5470,OnDemand,,,490.18,
,B10148BC96FECE49F2FC2439520A3175-5,1762586983,FCRequestMetrics:/n-matmul-2048,32,32,,,650.30,n-matmul-2048,false,9ae0a7a16fc1,,c-690ef12e-0cf1abd9-86b866453e74,1762586982973,Sync,1023.01,1762586982605,21.0.3.7,false,2048,34.39,InvokeFunction,,,LATEST,1-690ef166-0c49fa-e4e19b1a3ed0,OnDemand,,,368.07,
,BF6FA9AF6994B690E2E5555B14FF4940-5,1762586983,FCRequestMetrics:/n-matmul-2048,32,32,,,670.69,n-matmul-2048,false,21ba44532db0,,c-690ef12f-0cf1abd9-72da07858f04,1762586982996,Sync,1061.25,1762586982605,21.0.3.8,false,2048,34.18,InvokeFunction,,,LATEST,1-690ef166-0c0a43-ff63c8b8df52,OnDemand,,,389.91,
,B2D19E9889F3DDE524F4ACFCF2A5FEBF-3,1762586983,FCRequestMetrics:/n-matmul-2048,29,29,,,673.50,n-matmul-2048,false,95f39cca25aa,,c-690ef10b-0cf1abd9-336379de3020,1762586982611,Sync,700.51,1762586982585,21.0.3.8,false,2048,36.39,InvokeFunction,,,LATEST,1-690ef166-0c0a43-ab1e0fa7f151,OnDemand,,,26.31,
,510F8A150819018E635E267F62520B9B-3,1762586983,FCRequestMetrics:/n-matmul-2048,29,29,,,782.01,n-matmul-2048,false,c8577adbf622,,c-690ef10b-0cf1abd9-26ef2c508c1e,1762586982580,Sync,783.76,1762586982579,21.0.3.8,false,2048,40.89,InvokeFunction,,,LATEST,1-690ef166-0c49fa-cc6ae7b8f6a0,OnDemand,,,0.90,
,F0BCE0E40FE41E0F61DD5DAF956249CC-7,1762586983,FCRequestMetrics:/n-matmul-2048,32,32,,,656.31,n-matmul-2048,false,b9ed45a41c5d,,c-690ef139-0cf1abd9-bfec9b76d480,1762586982786,Sync,849.99,1762586982593,21.0.3.8,false,2048,36.72,InvokeFunction,,,LATEST,1-690ef166-0c0a43-d2cb04eb05d4,OnDemand,,,192.91,
,D5A4CD99F058D411C58A3919BEB264F4-3,1762586983,FCRequestMetrics:/n-matmul-2048,32,32,,,716.07,n-matmul-2048,false,a1586973fec8,,c-690ef10b-0cf1abd9-90463d425ca7,1762586982931,Sync,1047.28,1762586982600,21.0.3.8,false,2048,26.76,InvokeFunction,,,LATEST,1-690ef166-0c49fa-58169c7cae6d,OnDemand,,,330.41,
,D461B99DDC361457A1C9EC0902546FD1-4,1762586983,FCRequestMetrics:/n-matmul-2048,32,32,,,0.04,n-matmul-2048,true,ed2ed25159fc,,c-690ef14f-0cf1abd9-e247acd3fed5,1762586982576,Sync,565.16,1762586982476,21.0.3.8,false,2048,4.31,InvokeFunction,,,LATEST,1-690ef166-0c0a43-6893f6b88a53,OnDemand,,,99.76,,"{""errorType"":""FunctionAbnormalExitError""}"
,D461B99DDC361457A1C9EC0902546FD1-4,1762586983,FCRequestMetrics:/n-matmul-2048,32,32,,,746.96,n-matmul-2048,false,ed2ed25159fc,,c-690ef14f-0cf1abd9-e247acd3fed5,1762586983043,Sync,1248.85,1762586982542,21.0.3.8,false,2048,28.80,InvokeFunction,,,LATEST,1-690ef166-0c0a43-2aed35aaa7da,OnDemand,,,499.93,
,211620C9A07558D2D8764497DA6068A4-2,1762586983,FCRequestMetrics:/n-matmul-2048,32,32,,,651.19,n-matmul-2048,false,e053c99a8bb6,,c-690ef10b-0cf1abd9-9de429f2e3c5,1762586982788,Sync,844.91,1762586982594,21.0.3.8,false,2048,34.56,InvokeFunction,,,LATEST,1-690ef166-0c0a43-74c5857a934f,OnDemand,,,192.97,
,C38D529AEE78E8BFEBBDDADEDE13D41B-2,1762586983,FCRequestMetrics:/n-matmul-2048,32,32,,,676.80,n-matmul-2048,false,965073b71ef9,,c-690ef12c-0cf1abd9-ee855b82b2d6,1762586982874,Sync,953.72,1762586982597,21.0.3.7,false,2048,26.88,InvokeFunction,,,LATEST,1-690ef166-0c0a43-3d41a1ae3057,OnDemand,,,275.95,
,636547988E635DCC4C08253D0766BAEB-1,1762586983,FCRequestMetrics:/n-matmul-2048,32,32,,,941.18,n-matmul-2048,false,3da1c5559a3b,,c-690ef156-0cf1abd9-a60f14769352,1762586982142,Sync,1434.34,1762586981650,21.0.3.8,false,2048,26.74,InvokeFunction,,,LATEST,1-690ef166-0c49fa-5d8800887ebb,OnDemand,,,491.21,
,C1124F392E96F7157640100E932BDA24-0,1762586983,FCRequestMetrics:/n-matmul-2048,20,20,,,668.84,n-matmul-2048,false,67bba880de6a,,c-690ef15e-0cf1abd9-14d01dd57fb0,1762586982473,Sync,671.67,1762586982472,21.0.3.8,false,2048,34.31,InvokeFunction,,,LATEST,1-690ef168-0c49fa-152c27448eec,OnDemand,,,1.18,
,C1124F392E96F7157640100E932BDA24-0,1762586983,FCRequestMetrics:/n-matmul-2048,24,24,,,819.36,n-matmul-2048,false,67bba880de6a,,c-690ef15e-0cf1abd9-14d01dd57fb0,1762586983152,Sync,821.57,1762586983150,21.0.3.8,false,2048,38.65,InvokeFunction,,,LATEST,1-690ef168-0c49fa-84b348f33bf1,OnDemand,,,1.32,
,B1BC54E0839163A3A2719B2791B845EA-6,1762586983,FCRequestMetrics:/n-matmul-2048,32,32,,,720.59,n-matmul-2048,false,c5eb2abfaa5d,,c-690ef14c-0cf1abd9-28e65fb7d593,1762586982756,Sync,887.03,1762586982590,21.0.3.5,false,2048,28.56,InvokeFunction,,,LATEST,1-690ef166-0c49fa-924aedf791a4,OnDemand,,,165.73,
,46B19270B472A6D217A2E559E7E7C97B-3,1762586983,FCRequestMetrics:/n-matmul-2048,32,32,,,668.01,n-matmul-2048,false,869d26b39717,,c-690ef10b-0cf1abd9-b6750c057b8f,1762586982782,Sync,858.19,1762586982593,21.0.3.8,false,2048,28.64,InvokeFunction,,,LATEST,1-690ef166-0c0a43-786556f5aa8f,OnDemand,,,189.33,
,00E67D373DA9C60BEF759D13208EAAD9-5,1762586983,FCRequestMetrics:/n-matmul-2048,32,32,,,667.10,n-matmul-2048,false,9013ed408e73,,c-690ef10b-0cf1abd9-dbc16e7d233d,1762586982949,Sync,1012.88,1762586982604,21.0.3.8,false,2048,26.86,InvokeFunction,,,LATEST,1-690ef166-0c0a43-ac01c900b54d,OnDemand,,,343.80,
,E08BA4ABFB8C4109D958EF35CCDE9E75-5,1762586983,FCRequestMetrics:/n-matmul-2048,32,32,,,679.68,n-matmul-2048,false,f6ea6fba0d1f,,c-690ef12a-0cf1abd9-0e59ac1cec40,1762586982810,Sync,895.06,1762586982595,21.0.3.6,false,2048,26.52,InvokeFunction,,,LATEST,1-690ef166-0c49fa-7bf3a4544823,OnDemand,,,214.66,
,CFD93EE32B19E972234D28D1C13E1AA8-1,1762586983,FCRequestMetrics:/n-matmul-2048,17,17,,,697.17,n-matmul-2048,false,7a537213662e,,c-690ef15f-0cf1abd9-fd32f0b49b00,1762586983099,Sync,699.09,1762586983097,21.0.3.8,false,2048,26.97,InvokeFunction,,,LATEST,1-690ef168-0c49fa-6b5673f49edf,OnDemand,,,1.12,
,943CF4692F491FB15BAF1EAB0CB8860A-3,1762586983,FCRequestMetrics:/n-matmul-2048,32,32,,,0.02,n-matmul-2048,true,bfd14e2c48c1,,c-690ef14e-0cf1abd9-da3a9c4be72b,1762586982860,Sync,777.99,1762586982529,21.0.3.8,false,2048,2.08,InvokeFunction,,,LATEST,1-690ef166-0c0a43-88a9010f7253,OnDemand,,,331.14,,"{""errorType"":""FunctionAbnormalExitError""}"
,91973BCA72DE9462DCC25EF55C6AC5B5-5,1762586983,FCRequestMetrics:/n-matmul-2048,20,20,,,0.05,n-matmul-2048,true,74deffaed995,,c-690ef14e-0cf1abd9-32bbbd8baf97,1762586983185,Sync,453.75,1762586983184,21.0.3.8,false,2048,2.14,InvokeFunction,,,LATEST,1-690ef167-0c49fa-24610ec727bc,OnDemand,,,1.38,,"{""errorType"":""FunctionAbnormalExitError""}"
,18363E7E93F59FF8F193127D52D86051-5,1762586984,FCRequestMetrics:/n-matmul-2048,32,32,,,809.01,n-matmul-2048,false,3f9c9a307fd4,,c-690ef130-0cf1abd9-454ab669b866,1762586983303,Sync,1440.17,1762586982673,21.0.3.8,false,2048,38.03,InvokeFunction,,,LATEST,1-690ef166-0c0a43-d33355a6fc3a,OnDemand,,,630.46,
,EB19AA8F9B61C51C3FCBC98D949BD1C2-7,1762586984,FCRequestMetrics:/n-matmul-2048,22,22,,,793.49,n-matmul-2048,false,211d8375abf1,,c-690ef12d-0cf1abd9-78e04fcb7549,1762586983616,Sync,795.83,1762586983614,21.0.3.8,false,2048,40.30,InvokeFunction,,,LATEST,1-690ef167-0c49fa-501995371e4d,OnDemand,,,1.47,
,DC91F31EAE4326850C248390B5A5E361-3,1762586984,FCRequestMetrics:/n-matmul-2048,18,18,,,854.26,n-matmul-2048,false,cf01fd95e6f6,,c-690ef150-0cf1abd9-91e7929a8b40,1762586983586,Sync,855.85,1762586983585,21.0.3.8,false,2048,39.61,InvokeFunction,,,LATEST,1-690ef167-0c49fa-5bf573e8a1b9,OnDemand,,,0.78,
,2523AFCDD5BD8A2B2953E48983230929-5,1762586984,FCRequestMetrics:/n-matmul-2048,18,18,,,782.36,n-matmul-2048,false,01d6f783bdb1,,c-690ef10b-0cf1abd9-dd39c218e942,1762586983865,Sync,784.25,1762586983863,21.0.3.8,false,2048,41.06,InvokeFunction,,,LATEST,1-690ef167-0c49fa-3bbdae3ad6b4,OnDemand,,,1.12,
,9A02C87DA0F400C9E40F40EF2DF6006D-3,1762586984,FCRequestMetrics:/n-matmul-2048,18,18,,,789.25,n-matmul-2048,false,3ea4534df15d,,c-690ef10b-0cf1abd9-31fefea0e1fd,1762586983835,Sync,791.34,1762586983833,21.0.3.8,false,2048,40.79,InvokeFunction,,,LATEST,1-690ef167-0c49fa-e6cf61de17ad,OnDemand,,,1.38,
,A91AC64A0F8E1976F88383B363514050-5,1762586984,FCRequestMetrics:/n-matmul-2048,20,20,,,797.54,n-matmul-2048,false,cc3f8c782a21,,c-690ef151-0cf1abd9-7fe4e69dd5c1,1762586983832,Sync,800.49,1762586983831,21.0.3.8,false,2048,43.47,InvokeFunction,,,LATEST,1-690ef167-0c49fa-21f6f725e6f9,OnDemand,,,0.79,
,7C3B3344857E71889D56CDA44A54F6B2-5,1762586984,FCRequestMetrics:/n-matmul-2048,18,18,,,788.26,n-matmul-2048,false,687fca8d325c,,c-690ef12c-0cf1abd9-6ced060ffe1b,1762586983858,Sync,789.82,1762586983857,21.0.3.8,false,2048,39.05,InvokeFunction,,,LATEST,1-690ef167-0c49fa-6d89766ceff1,OnDemand,,,0.90,
,DDEEB29FD5ADFBB67E4F2FEB83463658-7,1762586984,FCRequestMetrics:/n-matmul-2048,18,18,,,788.30,n-matmul-2048,false,bc52147f2a7a,,c-690ef12c-0cf1abd9-69aaf8ca2a4b,1762586983900,Sync,790.18,1762586983898,21.0.3.8,false,2048,38.12,InvokeFunction,,,LATEST,1-690ef167-0c49fa-8abc50551d72,OnDemand,,,1.15,
,5E9C37D1C997E792337F0D79C839D1F6-5,1762586984,FCRequestMetrics:/n-matmul-2048,20,20,,,787.78,n-matmul-2048,false,7be323259747,,c-690ef12d-0cf1abd9-4ddba8cb6fd4,1762586984039,Sync,789.92,1762586984038,21.0.3.8,false,2048,43.93,InvokeFunction,,,LATEST,1-690ef168-0c49fa-6025a2781989,OnDemand,,,1.42,
,B10148BC96FECE49F2FC2439520A3175-5,1762586984,FCRequestMetrics:/n-matmul-2048,19,19,,,774.68,n-matmul-2048,false,9ae0a7a16fc1,,c-690ef12e-0cf1abd9-86b866453e74,1762586983721,Sync,776.77,1762586983719,21.0.3.7,false,2048,38.60,InvokeFunction,,,LATEST,1-690ef167-0c49fa-71639e06155b,OnDemand,,,1.36,
,BF6FA9AF6994B690E2E5555B14FF4940-5,1762586984,FCRequestMetrics:/n-matmul-2048,19,19,,,785.79,n-matmul-2048,false,21ba44532db0,,c-690ef12f-0cf1abd9-72da07858f04,1762586983681,Sync,787.29,1762586983680,21.0.3.8,false,2048,38.61,InvokeFunction,,,LATEST,1-690ef167-0c49fa-70129535fec5,OnDemand,,,0.79,
,B2D19E9889F3DDE524F4ACFCF2A5FEBF-3,1762586984,FCRequestMetrics:/n-matmul-2048,32,32,,,787.60,n-matmul-2048,false,95f39cca25aa,,c-690ef10b-0cf1abd9-336379de3020,1762586983288,Sync,992.23,1762586983084,21.0.3.8,false,2048,40.60,InvokeFunction,,,LATEST,1-690ef167-0c0a43-2a6efd15503d,OnDemand,,,203.80,
,D5A4CD99F058D411C58A3919BEB264F4-3,1762586984,FCRequestMetrics:/n-matmul-2048,19,19,,,639.61,n-matmul-2048,false,a1586973fec8,,c-690ef10b-0cf1abd9-90463d425ca7,1762586983665,Sync,641.48,1762586983663,21.0.3.8,false,2048,34.54,InvokeFunction,,,LATEST,1-690ef167-0c49fa-37f8226bd125,OnDemand,,,1.14,
,D5A4CD99F058D411C58A3919BEB264F4-3,1762586984,FCRequestMetrics:/n-matmul-2048,18,18,,,649.36,n-matmul-2048,false,a1586973fec8,,c-690ef10b-0cf1abd9-90463d425ca7,1762586984345,Sync,651.36,1762586984343,21.0.3.8,false,2048,36.70,InvokeFunction,,,LATEST,1-690ef168-0c49fa-c14b01c9e7db,OnDemand,,,1.27,
,D461B99DDC361457A1C9EC0902546FD1-4,1762586984,FCRequestMetrics:/n-matmul-2048,20,20,,,672.85,n-matmul-2048,false,ed2ed25159fc,,c-690ef14f-0cf1abd9-e247acd3fed5,1762586983806,Sync,674.77,1762586983805,21.0.3.8,false,2048,36.65,InvokeFunction,,,LATEST,1-690ef167-0c49fa-758e5c4067e9,OnDemand,,,1.17,
,C38D529AEE78E8BFEBBDDADEDE13D41B-2,1762586984,FCRequestMetrics:/n-matmul-2048,20,20,,,645.29,n-matmul-2048,false,965073b71ef9,,c-690ef12c-0cf1abd9-ee855b82b2d6,1762586984050,Sync,649.89,1762586984049,21.0.3.7,false,2048,34.21,InvokeFunction,,,LATEST,1-690ef168-0c49fa-c04adf1d787a,OnDemand,,,0.90,
,636547988E635DCC4C08253D0766BAEB-1,1762586984,FCRequestMetrics:/n-matmul-2048,17,17,,,736.70,n-matmul-2048,false,3da1c5559a3b,,c-690ef156-0cf1abd9-a60f14769352,1762586983665,Sync,738.74,1762586983664,21.0.3.8,false,2048,34.35,InvokeFunction,,,LATEST,1-690ef168-0c49fa-6b8451446f08,OnDemand,,,0.97,
,C1124F392E96F7157640100E932BDA24-0,1762586984,FCRequestMetrics:/n-matmul-2048,26,26,,,885.82,n-matmul-2048,false,67bba880de6a,,c-690ef15e-0cf1abd9-14d01dd57fb0,1762586983982,Sync,888.12,1762586983980,21.0.3.8,false,2048,41.52,InvokeFunction,,,LATEST,1-690ef169-0c49fa-45a692695bb5,OnDemand,,,1.42,
,00E67D373DA9C60BEF759D13208EAAD9-5,1762586984,FCRequestMetrics:/n-matmul-2048,18,18,,,644.82,n-matmul-2048,false,9013ed408e73,,c-690ef10b-0cf1abd9-dbc16e7d233d,1762586983906,Sync,647.00,1762586983905,21.0.3.8,false,2048,34.17,InvokeFunction,,,LATEST,1-690ef167-0c49fa-dab0bb88f25a,OnDemand,,,1.33,
,B63107B9394C762ADF436F322BAA4B65-3,1762586984,FCRequestMetrics:/n-matmul-2048,19,19,,,0.05,n-matmul-2048,true,1ccfa60657e6,,c-690ef10b-0cf1abd9-672e1c9f5eed,1762586983697,Sync,416.86,1762586983696,21.0.3.8,false,2048,2.07,InvokeFunction,,,LATEST,1-690ef167-0c49fa-9d620e58175b,OnDemand,,,1.39,,"{""errorType"":""FunctionAbnormalExitError""}"
,B63107B9394C762ADF436F322BAA4B65-3,1762586984,FCRequestMetrics:/n-matmul-2048,20,20,,,680.86,n-matmul-2048,false,1ccfa60657e6,,c-690ef10b-0cf1abd9-672e1c9f5eed,1762586984116,Sync,682.14,1762586984116,21.0.3.8,false,2048,28.72,InvokeFunction,,,LATEST,1-690ef168-0c0a43-abfbeebc6d1b,OnDemand,,,0.49,
,82C12ED6E643926156E0217F8DC83EE9-5,1762586984,FCRequestMetrics:/n-matmul-2048,19,19,,,0.04,n-matmul-2048,true,a9b6a74eafdc,,c-690ef12d-0cf1abd9-2948faf88166,1762586983668,Sync,425.85,1762586983667,21.0.3.8,false,2048,2.18,InvokeFunction,,,LATEST,1-690ef167-0c49fa-14084067b94d,OnDemand,,,1.20,,"{""errorType"":""FunctionAbnormalExitError""}"
,82C12ED6E643926156E0217F8DC83EE9-5,1762586984,FCRequestMetrics:/n-matmul-2048,20,20,,,689.79,n-matmul-2048,false,a9b6a74eafdc,,c-690ef12d-0cf1abd9-2948faf88166,1762586984152,Sync,691.23,1762586984151,21.0.3.8,false,2048,26.69,InvokeFunction,,,LATEST,1-690ef168-0c0a43-a15af84ee615,OnDemand,,,0.51,
,CFD93EE32B19E972234D28D1C13E1AA8-1,1762586984,FCRequestMetrics:/n-matmul-2048,28,28,,,651.51,n-matmul-2048,false,7a537213662e,,c-690ef15f-0cf1abd9-fd32f0b49b00,1762586983802,Sync,653.88,1762586983800,21.0.3.8,false,2048,34.27,InvokeFunction,,,LATEST,1-690ef169-0c49fa-00b9983c05d1,OnDemand,,,1.39,
,A5C7CD7E71BB55429480C147D0ABD6E0-5,1762586984,FCRequestMetrics:/n-matmul-2048,18,18,,,0.03,n-matmul-2048,true,b9c50fa7ffa2,,c-690ef10b-0cf1abd9-39e48c7dd1cd,1762586983863,Sync,429.19,1762586983861,21.0.3.8,false,2048,4.17,InvokeFunction,,,LATEST,1-690ef167-0c49fa-fab9c04c0f5b,OnDemand,,,1.32,,"{""errorType"":""FunctionAbnormalExitError""}"
,91973BCA72DE9462DCC25EF55C6AC5B5-5,1762586984,FCRequestMetrics:/n-matmul-2048,17,17,,,730.47,n-matmul-2048,false,74deffaed995,,c-690ef14e-0cf1abd9-32bbbd8baf97,1762586984087,Sync,732.16,1762586984086,21.0.3.8,false,2048,26.75,InvokeFunction,,,LATEST,1-690ef168-0c0a43-ae2f2cf651be,OnDemand,,,0.55,
,18363E7E93F59FF8F193127D52D86051-5,1762586984,FCRequestMetrics:/n-matmul-2048,20,20,,,0.03,n-matmul-2048,true,3f9c9a307fd4,,c-690ef130-0cf1abd9-454ab669b866,1762586984116,Sync,444.47,1762586984115,21.0.3.8,false,2048,2.18,InvokeFunction,,,LATEST,1-690ef168-0c49fa-1df72ca7ea1c,OnDemand,,,1.22,,"{""errorType"":""FunctionAbnormalExitError""}"
,EB19AA8F9B61C51C3FCBC98D949BD1C2-7,1762586984,FCRequestMetrics:/n-matmul-2048,17,17,,,0.02,n-matmul-2048,true,211d8375abf1,,c-690ef12d-0cf1abd9-78e04fcb7549,1762586984449,Sync,406.68,1762586984448,21.0.3.8,false,2048,4.23,InvokeFunction,,,LATEST,1-690ef168-0c49fa-63cb505e14c4,OnDemand,,,1.13,,"{""errorType"":""FunctionAbnormalExitError""}"
,DC91F31EAE4326850C248390B5A5E361-3,1762586984,FCRequestMetrics:/n-matmul-2048,24,24,,,0.02,n-matmul-2048,true,cf01fd95e6f6,,c-690ef150-0cf1abd9-91e7929a8b40,1762586984450,Sync,446.75,1762586984448,21.0.3.8,false,2048,4.12,InvokeFunction,,,LATEST,1-690ef168-0c49fa-6178c22a91c5,OnDemand,,,1.45,,"{""errorType"":""FunctionAbnormalExitError""}"
,7B2CA077525D5F38D7687113836FF4D4-6,1762586984,FCRequestMetrics:/n-matmul-2048,24,24,,,0.06,n-matmul-2048,true,dd2888fed1c9,,c-690ef14f-0cf1abd9-cabc0eaa101b,1762586984304,Sync,464.00,1762586984303,21.0.3.8,false,2048,2.09,InvokeFunction,,,LATEST,1-690ef168-0c49fa-684618212c1e,OnDemand,,,0.98,,"{""errorType"":""FunctionAbnormalExitError""}"
,2ECD84792EE924A03BABF1E3B673BF9D-8,1762586984,FCRequestMetrics:/n-matmul-2048,24,24,,,0.05,n-matmul-2048,true,203a62c08916,,c-690ef155-0cf1abd9-fdccf7e0f65d,1762586984489,Sync,475.37,1762586984487,21.0.3.8,false,2048,2.22,InvokeFunction,,,LATEST,1-690ef168-0c49fa-558aa6471fb0,OnDemand,,,1.33,,"{""errorType"":""FunctionAbnormalExitError""}"
,B10148BC96FECE49F2FC2439520A3175-5,1762586985,FCRequestMetrics:/n-matmul-2048,17,17,,,789.79,n-matmul-2048,false,9ae0a7a16fc1,,c-690ef12e-0cf1abd9-86b866453e74,1762586984508,Sync,792.92,1762586984506,21.0.3.7,false,2048,42.07,InvokeFunction,,,LATEST,1-690ef168-0c49fa-1d7331a5f626,OnDemand,,,1.21,
,BF6FA9AF6994B690E2E5555B14FF4940-5,1762586985,FCRequestMetrics:/n-matmul-2048,17,17,,,799.41,n-matmul-2048,false,21ba44532db0,,c-690ef12f-0cf1abd9-72da07858f04,1762586984537,Sync,801.34,1762586984535,21.0.3.8,false,2048,42.22,InvokeFunction,,,LATEST,1-690ef168-0c49fa-0ca831c15078,OnDemand,,,1.20,
,B2D19E9889F3DDE524F4ACFCF2A5FEBF-3,1762586985,FCRequestMetrics:/n-matmul-2048,17,17,,,813.58,n-matmul-2048,false,95f39cca25aa,,c-690ef10b-0cf1abd9-336379de3020,1762586984609,Sync,814.82,1762586984608,21.0.3.8,false,2048,44.32,InvokeFunction,,,LATEST,1-690ef168-0c0a43-a6b17049d57b,OnDemand,,,0.48,
,510F8A150819018E635E267F62520B9B-3,1762586985,FCRequestMetrics:/n-matmul-2048,24,24,,,786.55,n-matmul-2048,false,c8577adbf622,,c-690ef10b-0cf1abd9-26ef2c508c1e,1762586984678,Sync,787.74,1762586984678,21.0.3.8,false,2048,44.05,InvokeFunction,,,LATEST,1-690ef168-0c0a43-4775f0defea6,OnDemand,,,0.44,
,F0BCE0E40FE41E0F61DD5DAF956249CC-7,1762586985,FCRequestMetrics:/n-matmul-2048,24,24,,,799.79,n-matmul-2048,false,b9ed45a41c5d,,c-690ef139-0cf1abd9-bfec9b76d480,1762586984676,Sync,801.77,1762586984674,21.0.3.8,false,2048,38.58,InvokeFunction,,,LATEST,1-690ef168-0c49fa-3b805c3e782d,OnDemand,,,1.11,
,D5A4CD99F058D411C58A3919BEB264F4-3,1762586985,FCRequestMetrics:/n-matmul-2048,32,32,,,793.55,n-matmul-2048,false,a1586973fec8,,c-690ef10b-0cf1abd9-90463d425ca7,1762586984998,Sync,876.01,1762586984916,21.0.3.8,false,2048,38.52,InvokeFunction,,,LATEST,1-690ef168-0c49fa-8555d97d9edd,OnDemand,,,81.76,
,D461B99DDC361457A1C9EC0902546FD1-4,1762586985,FCRequestMetrics:/n-matmul-2048,17,17,,,789.59,n-matmul-2048,false,ed2ed25159fc,,c-690ef14f-0cf1abd9-e247acd3fed5,1762586984520,Sync,791.45,1762586984519,21.0.3.8,false,2048,41.17,InvokeFunction,,,LATEST,1-690ef168-0c49fa-9edbd840f431,OnDemand,,,1.20,
,211620C9A07558D2D8764497DA6068A4-2,1762586985,FCRequestMetrics:/n-matmul-2048,24,24,,,658.05,n-matmul-2048,false,e053c99a8bb6,,c-690ef10b-0cf1abd9-9de429f2e3c5,1762586984676,Sync,659.39,1762586984675,21.0.3.8,false,2048,37.03,InvokeFunction,,,LATEST,1-690ef168-0c0a43-0886c96a84ea,OnDemand,,,0.55,
,C38D529AEE78E8BFEBBDDADEDE13D41B-2,1762586985,FCRequestMetrics:/n-matmul-2048,31,31,,,648.52,n-matmul-2048,false,965073b71ef9,,c-690ef12c-0cf1abd9-ee855b82b2d6,1762586984739,Sync,650.58,1762586984738,21.0.3.7,false,2048,36.52,InvokeFunction,,,LATEST,1-690ef168-0c49fa-82c632b385b2,OnDemand,,,1.32,
,636547988E635DCC4C08253D0766BAEB-1,1762586985,FCRequestMetrics:/n-matmul-2048,28,28,,,709.71,n-matmul-2048,false,3da1c5559a3b,,c-690ef156-0cf1abd9-a60f14769352,1762586984411,Sync,711.69,1762586984409,21.0.3.8,false,2048,36.58,InvokeFunction,,,LATEST,1-690ef169-0c49fa-8b3985caa4e8,OnDemand,,,1.17,
,636547988E635DCC4C08253D0766BAEB-1,1762586985,FCRequestMetrics:/n-matmul-2048,32,32,,,850.34,n-matmul-2048,false,3da1c5559a3b,,c-690ef156-0cf1abd9-a60f14769352,1762586985124,Sync,1170.87,1762586984807,21.0.3.8,false,2048,38.62,InvokeFunction,,,LATEST,1-690ef169-0c49fa-99b04986d411,OnDemand,,,317.56,
,B1BC54E0839163A3A2719B2791B845EA-6,1762586985,FCRequestMetrics:/n-matmul-2048,17,17,,,668.71,n-matmul-2048,false,c5eb2abfaa5d,,c-690ef14c-0cf1abd9-28e65fb7d593,1762586984611,Sync,669.98,1762586984610,21.0.3.5,false,2048,36.24,InvokeFunction,,,LATEST,1-690ef168-0c0a43-1e38678e79fe,OnDemand,,,0.49,
,46B19270B472A6D217A2E559E7E7C97B-3,1762586985,FCRequestMetrics:/n-matmul-2048,24,24,,,647.04,n-matmul-2048,false,869d26b39717,,c-690ef10b-0cf1abd9-b6750c057b8f,1762586984673,Sync,649.30,1762586984672,21.0.3.8,false,2048,36.18,InvokeFunction,,,LATEST,1-690ef168-0c49fa-97a75c649e46,OnDemand,,,1.17,
,00E67D373DA9C60BEF759D13208EAAD9-5,1762586985,FCRequestMetrics:/n-matmul-2048,17,17,,,651.28,n-matmul-2048,false,9013ed408e73,,c-690ef10b-0cf1abd9-dbc16e7d233d,1762586984606,Sync,653.42,1762586984605,21.0.3.8,false,2048,36.70,InvokeFunction,,,LATEST,1-690ef168-0c49fa-418b99bb0353,OnDemand,,,1.33,
,B63107B9394C762ADF436F322BAA4B65-3,1762586985,FCRequestMetrics:/n-matmul-2048,30,30,,,640.87,n-matmul-2048,false,1ccfa60657e6,,c-690ef10b-0cf1abd9-672e1c9f5eed,1762586984840,Sync,795.16,1762586984686,21.0.3.8,false,2048,36.19,InvokeFunction,,,LATEST,1-690ef168-0c49fa-2f881b7bb686,OnDemand,,,153.63,
,82C12ED6E643926156E0217F8DC83EE9-5,1762586985,FCRequestMetrics:/n-matmul-2048,30,30,,,652.68,n-matmul-2048,false,a9b6a74eafdc,,c-690ef12d-0cf1abd9-2948faf88166,1762586984872,Sync,844.91,1762586984680,21.0.3.8,false,2048,34.46,InvokeFunction,,,LATEST,1-690ef168-0c0a43-508a0079cfda,OnDemand,,,191.50,
,E08BA4ABFB8C4109D958EF35CCDE9E75-5,1762586985,FCRequestMetrics:/n-matmul-2048,17,17,,,658.26,n-matmul-2048,false,f6ea6fba0d1f,,c-690ef12a-0cf1abd9-0e59ac1cec40,1762586984611,Sync,660.02,1762586984610,21.0.3.6,false,2048,34.21,InvokeFunction,,,LATEST,1-690ef168-0c49fa-63b9dbc34bd3,OnDemand,,,1.03,
,CFD93EE32B19E972234D28D1C13E1AA8-1,1762586985,FCRequestMetrics:/n-matmul-2048,32,32,,,672.40,n-matmul-2048,false,7a537213662e,,c-690ef15f-0cf1abd9-fd32f0b49b00,1762586984458,Sync,998.68,1762586984132,21.0.3.8,false,2048,36.72,InvokeFunction,,,LATEST,1-690ef169-0c0a43-e26723c4af54,OnDemand,,,325.48,
,A5C7CD7E71BB55429480C147D0ABD6E0-5,1762586985,FCRequestMetrics:/n-matmul-2048,17,17,,,720.92,n-matmul-2048,false,b9c50fa7ffa2,,c-690ef10b-0cf1abd9-39e48c7dd1cd,1762586984608,Sync,722.28,1762586984608,21.0.3.8,false,2048,34.67,InvokeFunction,,,LATEST,1-690ef168-0c0a43-bdfc1ea84e6c,OnDemand,,,0.50,
,943CF4692F491FB15BAF1EAB0CB8860A-3,1762586985,FCRequestMetrics:/n-matmul-2048,24,24,,,689.44,n-matmul-2048,false,bfd14e2c48c1,,c-690ef14e-0cf1abd9-da3a9c4be72b,1762586984680,Sync,691.25,1762586984679,21.0.3.8,false,2048,28.75,InvokeFunction,,,LATEST,1-690ef168-0c49fa-3c9fc7c92be2,OnDemand,,,1.11,
,91973BCA72DE9462DCC25EF55C6AC5B5-5,1762586985,FCRequestMetrics:/n-matmul-2048,28,28,,,725.58,n-matmul-2048,false,74deffaed995,,c-690ef14e-0cf1abd9-32bbbd8baf97,1762586984861,Sync,726.87,1762586984861,21.0.3.8,false,2048,34.03,InvokeFunction,,,LATEST,1-690ef169-0c0a43-69805149b7bb,OnDemand,,,0.50,
,18363E7E93F59FF8F193127D52D86051-5,1762586985,FCRequestMetrics:/n-matmul-2048,17,17,,,691.43,n-matmul-2048,false,3f9c9a307fd4,,c-690ef130-0cf1abd9-454ab669b866,1762586984592,Sync,693.41,1762586984591,21.0.3.8,false,2048,24.88,InvokeFunction,,,LATEST,1-690ef168-0c49fa-fc9c8837b07f,OnDemand,,,1.28,
,EB19AA8F9B61C51C3FCBC98D949BD1C2-7,1762586985,FCRequestMetrics:/n-matmul-2048,30,30,,,676.82,n-matmul-2048,false,211d8375abf1,,c-690ef12d-0cf1abd9-78e04fcb7549,1762586984870,Sync,678.72,1762586984868,21.0.3.8,false,2048,26.61,InvokeFunction,,,LATEST,1-690ef168-0c49fa-6deb6b69998c,OnDemand,,,1.21,
,DC91F31EAE4326850C248390B5A5E361-3,1762586985,FCRequestMetrics:/n-matmul-2048,32,32,,,723.81,n-matmul-2048,false,cf01fd95e6f6,,c-690ef150-0cf1abd9-91e7929a8b40,1762586984897,Sync,1120.06,1762586984502,21.0.3.8,false,2048,26.36,InvokeFunction,,,LATEST,1-690ef168-0c49fa-55a5d36feef4,OnDemand,,,395.37,
,9A02C87DA0F400C9E40F40EF2DF6006D-3,1762586985,FCRequestMetrics:/n-matmul-2048,24,24,,,0.06,n-matmul-2048,true,3ea4534df15d,,c-690ef10b-0cf1abd9-31fefea0e1fd,1762586984672,Sync,418.83,1762586984671,21.0.3.8,false,2048,4.20,InvokeFunction,,,LATEST,1-690ef168-0c0a43-5aba7cb1f21c,OnDemand,,,0.62,,"{""errorType"":""FunctionAbnormalExitError""}"
,9A02C87DA0F400C9E40F40EF2DF6006D-3,1762586985,FCRequestMetrics:/n-matmul-2048,32,32,,,681.69,n-matmul-2048,false,3ea4534df15d,,c-690ef10b-0cf1abd9-31fefea0e1fd,1762586985092,Sync,739.83,1762586985035,21.0.3.8,false,2048,28.73,InvokeFunction,,,LATEST,1-690ef169-0c49fa-c4c4dbb68b14,OnDemand,,,57.49,
,5E9C37D1C997E792337F0D79C839D1F6-5,1762586985,FCRequestMetrics:/n-matmul-2048,30,30,,,0.02,n-matmul-2048,true,7be323259747,,c-690ef12d-0cf1abd9-4ddba8cb6fd4,1762586984837,Sync,443.06,1762586984836,21.0.3.8,false,2048,4.18,InvokeFunction,,,LATEST,1-690ef168-0c0a43-909567b7e7e4,OnDemand,,,0.56,,"{""errorType"":""FunctionAbnormalExitError""}"
,7C3B3344857E71889D56CDA44A54F6B2-5,1762586985,FCRequestMetrics:/n-matmul-2048,24,24,,,0.02,n-matmul-2048,true,687fca8d325c,,c-690ef12c-0cf1abd9-6ced060ffe1b,1762586984670,Sync,408.98,1762586984669,21.0.3.8,false,2048,2.09,InvokeFunction,,,LATEST,1-690ef168-0c0a43-96c9b2bd8aa3,OnDemand,,,0.63,,"{""errorType"":""FunctionAbnormalExitError""}"
,7C3B3344857E71889D56CDA44A54F6B2-5,1762586985,FCRequestMetrics:/n-matmul-2048,32,32,,,668.43,n-matmul-2048,false,687fca8d325c,,c-690ef12c-0cf1abd9-6ced060ffe1b,1762586985080,Sync,983.93,1762586984765,21.0.3.8,false,2048,26.60,InvokeFunction,,,LATEST,1-690ef168-0c49fa-212f45ab9504,OnDemand,,,314.64,
,DDEEB29FD5ADFBB67E4F2FEB83463658-7,1762586985,FCRequestMetrics:/n-matmul-2048,24,24,,,0.02,n-matmul-2048,true,bc52147f2a7a,,c-690ef12c-0cf1abd9-69aaf8ca2a4b,1762586984701,Sync,430.59,1762586984700,21.0.3.8,false,2048,2.07,InvokeFunction,,,LATEST,1-690ef168-0c49fa-890ac2a80a63,OnDemand,,,1.13,,"{""errorType"":""FunctionAbnormalExitError""}"
,DDEEB29FD5ADFBB67E4F2FEB83463658-7,1762586985,FCRequestMetrics:/n-matmul-2048,32,32,,,672.69,n-matmul-2048,false,bc52147f2a7a,,c-690ef12c-0cf1abd9-69aaf8ca2a4b,1762586985133,Sync,924.73,1762586984882,21.0.3.8,false,2048,28.62,InvokeFunction,,,LATEST,1-690ef168-0c0a43-8124d31ca86e,OnDemand,,,251.30,
,2523AFCDD5BD8A2B2953E48983230929-5,1762586985,FCRequestMetrics:/n-matmul-2048,24,24,,,0.03,n-matmul-2048,true,01d6f783bdb1,,c-690ef10b-0cf1abd9-dd39c218e942,1762586984669,Sync,432.63,1762586984668,21.0.3.8,false,2048,4.09,InvokeFunction,,,LATEST,1-690ef168-0c0a43-fcf5e754039e,OnDemand,,,0.70,,"{""errorType"":""FunctionAbnormalExitError""}"
,F0BCE0E40FE41E0F61DD5DAF956249CC-7,1762586985,FCRequestMetrics:/n-matmul-2048,26,26,,,0.04,n-matmul-2048,true,b9ed45a41c5d,,c-690ef139-0cf1abd9-bfec9b76d480,1762586985527,Sync,424.50,1762586985526,21.0.3.8,false,2048,2.24,InvokeFunction,,,LATEST,1-690ef169-0c49fa-4a2b27cc3752,OnDemand,,,1.19,,"{""errorType"":""FunctionAbnormalExitError""}"
,B2D19E9889F3DDE524F4ACFCF2A5FEBF-3,1762586985,FCRequestMetrics:/n-matmul-2048,22,22,,,0.02,n-matmul-2048,true,95f39cca25aa,,c-690ef10b-0cf1abd9-336379de3020,1762586985429,Sync,401.36,1762586985428,21.0.3.8,false,2048,4.31,InvokeFunction,,,LATEST,1-690ef169-0c49fa-952a6b3bb630,OnDemand,,,0.78,,"{""errorType"":""FunctionAbnormalExitError""}"
,B10148BC96FECE49F2FC2439520A3175-4,1762586985,FCRequestMetrics:/n-matmul-2048,28,28,,,0.02,n-matmul-2048,true,9ae0a7a16fc1,,c-690ef12e-0cf1abd9-86b866453e74,1762586985324,Sync,416.21,1762586985323,21.0.3.7,false,2048,2.21,InvokeFunction,,,LATEST,1-690ef169-0c49fa-5e5977c67f74,OnDemand,,,1.35,,"{""errorType"":""FunctionAbnormalExitError""}"
,BF6FA9AF6994B690E2E5555B14FF4940-6,1762586985,FCRequestMetrics:/n-matmul-2048,22,22,,,0.02,n-matmul-2048,true,21ba44532db0,,c-690ef12f-0cf1abd9-72da07858f04,1762586985341,Sync,423.30,1762586985339,21.0.3.8,false,2048,2.14,InvokeFunction,,,LATEST,1-690ef169-0c49fa-562ba57b8a00,OnDemand,,,1.12,,"{""errorType"":""FunctionAbnormalExitError""}"
,A91AC64A0F8E1976F88383B363514050-5,1762586985,FCRequestMetrics:/n-matmul-2048,24,24,,,0.03,n-matmul-2048,true,cc3f8c782a21,,c-690ef151-0cf1abd9-7fe4e69dd5c1,1762586984672,Sync,427.58,1762586984671,21.0.3.8,false,2048,4.21,InvokeFunction,,,LATEST,1-690ef168-0c49fa-bd110e6eebc6,OnDemand,,,0.95,,"{""errorType"":""FunctionAbnormalExitError""}"
,D461B99DDC361457A1C9EC0902546FD1-4,1762586986,FCRequestMetrics:/n-matmul-2048,28,28,,,793.65,n-matmul-2048,false,ed2ed25159fc,,c-690ef14f-0cf1abd9-e247acd3fed5,1762586985322,Sync,794.79,1762586985321,21.0.3.8,false,2048,44.17,InvokeFunction,,,LATEST,1-690ef169-0c0a43-f3289ae4ad9a,OnDemand,,,0.43,
,211620C9A07558D2D8764497DA6068A4-2,1762586986,FCRequestMetrics:/n-matmul-2048,22,22,,,804.88,n-matmul-2048,false,e053c99a8bb6,,c-690ef10b-0cf1abd9-9de429f2e3c5,1762586985348,Sync,806.95,1762586985346,21.0.3.8,false,2048,38.71,InvokeFunction,,,LATEST,1-690ef169-0c49fa-5c5cd206433f,OnDemand,,,1.35,
,C38D529AEE78E8BFEBBDDADEDE13D41B-2,1762586986,FCRequestMetrics:/n-matmul-2048,22,22,,,820.89,n-matmul-2048,false,965073b71ef9,,c-690ef12c-0cf1abd9-ee855b82b2d6,1762586985413,Sync,822.57,1762586985412,21.0.3.7,false,2048,38.38,InvokeFunction,,,LATEST,1-690ef169-0c49fa-a90a444881ac,OnDemand,,,0.93,
,B1BC54E0839163A3A2719B2791B845EA-6,1762586986,FCRequestMetrics:/n-matmul-2048,22,22,,,803.77,n-matmul-2048,false,c5eb2abfaa5d,,c-690ef14c-0cf1abd9-28e65fb7d593,1762586985370,Sync,804.97,1762586985370,21.0.3.5,false,2048,40.61,InvokeFunction,,,LATEST,1-690ef169-0c0a43-efd58ebe4e70,OnDemand,,,0.50,
,B1BC54E0839163A3A2719B2791B845EA-6,1762586986,FCRequestMetrics:/n-matmul-2048,32,32,,,784.64,n-matmul-2048,false,c5eb2abfaa5d,,c-690ef14c-0cf1abd9-28e65fb7d593,1762586986178,Sync,1020.34,1762586985943,21.0.3.5,false,2048,43.75,InvokeFunction,,,LATEST,1-690ef169-0c49fa-8a0c471d22e6,OnDemand,,,235.00,
,46B19270B472A6D217A2E559E7E7C97B-3,1762586986,FCRequestMetrics:/n-matmul-2048,28,28,,,784.97,n-matmul-2048,false,869d26b39717,,c-690ef10b-0cf1abd9-b6750c057b8f,1762586985333,Sync,786.65,1762586985332,21.0.3.8,false,2048,40.62,InvokeFunction,,,LATEST,1-690ef169-0c49fa-42d405d54c26,OnDemand,,,0.92,
,46B19270B472A6D217A2E559E7E7C97B-3,1762586986,FCRequestMetrics:/n-matmul-2048,32,32,,,777.30,n-matmul-2048,false,869d26b39717,,c-690ef10b-0cf1abd9-b6750c057b8f,1762586986122,Sync,1175.68,1762586985724,21.0.3.8,false,2048,43.75,InvokeFunction,,,LATEST,1-690ef169-0c49fa-22ca1e5ff902,OnDemand,,,397.73,
,00E67D373DA9C60BEF759D13208EAAD9-5,1762586986,FCRequestMetrics:/n-matmul-2048,25,25,,,786.16,n-matmul-2048,false,9013ed408e73,,c-690ef10b-0cf1abd9-dbc16e7d233d,1762586985623,Sync,790.89,1762586985621,21.0.3.8,false,2048,38.12,InvokeFunction,,,LATEST,1-690ef169-0c49fa-3c41dfc36aa6,OnDemand,,,1.36,
,B63107B9394C762ADF436F322BAA4B65-3,1762586986,FCRequestMetrics:/n-matmul-2048,26,26,,,648.08,n-matmul-2048,false,1ccfa60657e6,,c-690ef10b-0cf1abd9-672e1c9f5eed,1762586985507,Sync,649.33,1762586985506,21.0.3.8,false,2048,38.55,InvokeFunction,,,LATEST,1-690ef169-0c0a43-b7edb3ab4ccd,OnDemand,,,0.54,
,B63107B9394C762ADF436F322BAA4B65-3,1762586986,FCRequestMetrics:/n-matmul-2048,32,32,,,781.57,n-matmul-2048,false,1ccfa60657e6,,c-690ef10b-0cf1abd9-672e1c9f5eed,1762586986158,Sync,1220.34,1762586985720,21.0.3.8,false,2048,40.10,InvokeFunction,,,LATEST,1-690ef169-0c49fa-11f526664bc0,OnDemand,,,438.10,
,82C12ED6E643926156E0217F8DC83EE9-5,1762586986,FCRequestMetrics:/n-matmul-2048,25,25,,,655.82,n-matmul-2048,false,a9b6a74eafdc,,c-690ef12d-0cf1abd9-2948faf88166,1762586985567,Sync,657.32,1762586985566,21.0.3.8,false,2048,36.68,InvokeFunction,,,LATEST,1-690ef169-0c0a43-2993387b8cbe,OnDemand,,,0.52,
,E08BA4ABFB8C4109D958EF35CCDE9E75-5,1762586986,FCRequestMetrics:/n-matmul-2048,26,26,,,807.68,n-matmul-2048,false,f6ea6fba0d1f,,c-690ef12a-0cf1abd9-0e59ac1cec40,1762586985463,Sync,809.25,1762586985462,21.0.3.6,false,2048,38.62,InvokeFunction,,,LATEST,1-690ef169-0c0a43-8fe34189a456,OnDemand,,,0.54,
,CFD93EE32B19E972234D28D1C13E1AA8-1,1762586986,FCRequestMetrics:/n-matmul-2048,19,19,,,866.27,n-matmul-2048,false,7a537213662e,,c-690ef15f-0cf1abd9-fd32f0b49b00,1762586985164,Sync,872.55,1762586985159,21.0.3.8,false,2048,38.49,InvokeFunction,,,LATEST,1-690ef16a-0c49fa-adde4a67a7db,OnDemand,,,0.84,
,A5C7CD7E71BB55429480C147D0ABD6E0-5,1762586986,FCRequestMetrics:/n-matmul-2048,22,22,,,658.43,n-matmul-2048,false,b9c50fa7ffa2,,c-690ef10b-0cf1abd9-39e48c7dd1cd,1762586985351,Sync,660.52,1762586985349,21.0.3.8,false,2048,41.87,InvokeFunction,,,LATEST,1-690ef169-0c49fa-bb70b69b7737,OnDemand,,,1.36,
,A5C7CD7E71BB55429480C147D0ABD6E0-5,1762586986,FCRequestMetrics:/n-matmul-2048,32,32,,,663.22,n-matmul-2048,false,b9c50fa7ffa2,,c-690ef10b-0cf1abd9-39e48c7dd1cd,1762586986013,Sync,1022.24,1762586985654,21.0.3.8,false,2048,44.34,InvokeFunction,,,LATEST,1-690ef169-0c0a43-4dcd267c08cd,OnDemand,,,358.31,
,943CF4692F491FB15BAF1EAB0CB8860A-3,1762586986,FCRequestMetrics:/n-matmul-2048,22,22,,,647.26,n-matmul-2048,false,bfd14e2c48c1,,c-690ef14e-0cf1abd9-da3a9c4be72b,1762586985377,Sync,648.52,1762586985376,21.0.3.8,false,2048,36.43,InvokeFunction,,,LATEST,1-690ef169-0c0a43-ecd94c9e92c5,OnDemand,,,0.50,
,943CF4692F491FB15BAF1EAB0CB8860A-3,1762586986,FCRequestMetrics:/n-matmul-2048,32,32,,,785.75,n-matmul-2048,false,bfd14e2c48c1,,c-690ef14e-0cf1abd9-da3a9c4be72b,1762586986027,Sync,1157.46,1762586985656,21.0.3.8,false,2048,40.96,InvokeFunction,,,LATEST,1-690ef169-0c0a43-fbdc15674bd7,OnDemand,,,370.86,
,91973BCA72DE9462DCC25EF55C6AC5B5-5,1762586986,FCRequestMetrics:/n-matmul-2048,32,32,,,845.82,n-matmul-2048,false,74deffaed995,,c-690ef14e-0cf1abd9-32bbbd8baf97,1762586985591,Sync,1192.55,1762586985245,21.0.3.8,false,2048,38.27,InvokeFunction,,,LATEST,1-690ef169-0c49fa-255fcebc711a,OnDemand,,,345.94,
,18363E7E93F59FF8F193127D52D86051-5,1762586986,FCRequestMetrics:/n-matmul-2048,22,22,,,649.91,n-matmul-2048,false,3f9c9a307fd4,,c-690ef130-0cf1abd9-454ab669b866,1762586985362,Sync,652.12,1762586985361,21.0.3.8,false,2048,32.76,InvokeFunction,,,LATEST,1-690ef169-0c49fa-68a79bc9bdda,OnDemand,,,1.38,
,18363E7E93F59FF8F193127D52D86051-5,1762586986,FCRequestMetrics:/n-matmul-2048,32,32,,,650.83,n-matmul-2048,false,3f9c9a307fd4,,c-690ef130-0cf1abd9-454ab669b866,1762586986016,Sync,1011.44,1762586985656,21.0.3.8,false,2048,35.15,InvokeFunction,,,LATEST,1-690ef169-0c0a43-18b750576ca4,OnDemand,,,359.88,
,EB19AA8F9B61C51C3FCBC98D949BD1C2-7,1762586986,FCRequestMetrics:/n-matmul-2048,25,25,,,655.63,n-matmul-2048,false,211d8375abf1,,c-690ef12d-0cf1abd9-78e04fcb7549,1762586985561,Sync,657.42,1762586985559,21.0.3.8,false,2048,34.54,InvokeFunction,,,LATEST,1-690ef169-0c49fa-2f41b6158e32,OnDemand,,,1.18,
,DC91F31EAE4326850C248390B5A5E361-3,1762586986,FCRequestMetrics:/n-matmul-2048,32,32,,,716.69,n-matmul-2048,false,cf01fd95e6f6,,c-690ef150-0cf1abd9-91e7929a8b40,1762586985625,Sync,843.44,1762586985502,21.0.3.8,false,2048,34.57,InvokeFunction,,,LATEST,1-690ef169-0c0a43-6ad8b1bc502f,OnDemand,,,123.12,
,9A02C87DA0F400C9E40F40EF2DF6006D-3,1762586986,FCRequestMetrics:/n-matmul-2048,32,32,,,651.45,n-matmul-2048,false,3ea4534df15d,,c-690ef10b-0cf1abd9-31fefea0e1fd,1762586985778,Sync,797.03,1762586985633,21.0.3.8,false,2048,36.15,InvokeFunction,,,LATEST,1-690ef169-0c0a43-005c2b08b3e0,OnDemand,,,144.77,
,5E9C37D1C997E792337F0D79C839D1F6-5,1762586986,FCRequestMetrics:/n-matmul-2048,22,22,,,668.82,n-matmul-2048,false,7be323259747,,c-690ef12d-0cf1abd9-4ddba8cb6fd4,1762586985378,Sync,670.89,1762586985376,21.0.3.8,false,2048,28.57,InvokeFunction,,,LATEST,1-690ef169-0c49fa-df90eb1960af,OnDemand,,,1.37,
,5E9C37D1C997E792337F0D79C839D1F6-5,1762586986,FCRequestMetrics:/n-matmul-2048,32,32,,,645.32,n-matmul-2048,false,7be323259747,,c-690ef12d-0cf1abd9-4ddba8cb6fd4,1762586986051,Sync,1033.37,1762586985663,21.0.3.8,false,2048,36.59,InvokeFunction,,,LATEST,1-690ef169-0c49fa-5409333fcd89,OnDemand,,,387.35,
,7C3B3344857E71889D56CDA44A54F6B2-5,1762586986,FCRequestMetrics:/n-matmul-2048,32,32,,,633.22,n-matmul-2048,false,687fca8d325c,,c-690ef12c-0cf1abd9-6ced060ffe1b,1762586985753,Sync,756.46,1762586985630,21.0.3.8,false,2048,34.61,InvokeFunction,,,LATEST,1-690ef169-0c49fa-bfebe4545d7b,OnDemand,,,122.56,
,DDEEB29FD5ADFBB67E4F2FEB83463658-7,1762586986,FCRequestMetrics:/n-matmul-2048,32,32,,,639.66,n-matmul-2048,false,bc52147f2a7a,,c-690ef12c-0cf1abd9-69aaf8ca2a4b,1762586985809,Sync,812.23,1762586985637,21.0.3.8,false,2048,36.40,InvokeFunction,,,LATEST,1-690ef169-0c0a43-770ef9fa3297,OnDemand,,,171.88,
,2523AFCDD5BD8A2B2953E48983230929-5,1762586986,FCRequestMetrics:/n-matmul-2048,25,25,,,672.71,n-matmul-2048,false,01d6f783bdb1,,c-690ef10b-0cf1abd9-dd39c218e942,1762586985627,Sync,673.95,1762586985626,21.0.3.8,false,2048,28.52,InvokeFunction,,,LATEST,1-690ef169-0c0a43-e5c29ae0784f,OnDemand,,,0.47,
,2523AFCDD5BD8A2B2953E48983230929-5,1762586986,FCRequestMetrics:/n-matmul-2048,32,32,,,650.34,n-matmul-2048,false,01d6f783bdb1,,c-690ef10b-0cf1abd9-dd39c218e942,1762586986303,Sync,757.81,1762586986196,21.0.3.8,false,2048,36.01,InvokeFunction,,,LATEST,1-690ef16a-0c0a43-366f367fdf45,OnDemand,,,106.74,
,F0BCE0E40FE41E0F61DD5DAF956249CC-7,1762586986,FCRequestMetrics:/n-matmul-2048,32,32,,,685.65,n-matmul-2048,false,b9ed45a41c5d,,c-690ef139-0cf1abd9-bfec9b76d480,1762586985952,Sync,1001.22,1762586985637,21.0.3.8,false,2048,26.56,InvokeFunction,,,LATEST,1-690ef169-0c0a43-da679e71b719,OnDemand,,,314.50,
,B2D19E9889F3DDE524F4ACFCF2A5FEBF-3,1762586986,FCRequestMetrics:/n-matmul-2048,32,32,,,679.40,n-matmul-2048,false,95f39cca25aa,,c-690ef10b-0cf1abd9-336379de3020,1762586985831,Sync,874.47,1762586985637,21.0.3.8,false,2048,26.93,InvokeFunction,,,LATEST,1-690ef169-0c49fa-74fe86194c1c,OnDemand,,,194.41,
,B10148BC96FECE49F2FC2439520A3175-4,1762586986,FCRequestMetrics:/n-matmul-2048,32,32,,,682.01,n-matmul-2048,false,9ae0a7a16fc1,,c-690ef12e-0cf1abd9-86b866453e74,1762586985740,Sync,794.55,1762586985628,21.0.3.7,false,2048,26.34,InvokeFunction,,,LATEST,1-690ef169-0c0a43-b225ee5a707a,OnDemand,,,111.89,
,BF6FA9AF6994B690E2E5555B14FF4940-6,1762586986,FCRequestMetrics:/n-matmul-2048,32,32,,,685.97,n-matmul-2048,false,21ba44532db0,,c-690ef12f-0cf1abd9-72da07858f04,1762586985765,Sync,819.28,1762586985632,21.0.3.8,false,2048,26.84,InvokeFunction,,,LATEST,1-690ef169-0c49fa-36a474927eb1,OnDemand,,,132.65,
,7B2CA077525D5F38D7687113836FF4D4-6,1762586986,FCRequestMetrics:/n-matmul-2048,25,25,,,755.48,n-matmul-2048,false,dd2888fed1c9,,c-690ef14f-0cf1abd9-cabc0eaa101b,1762586985336,Sync,757.18,1762586985336,21.0.3.8,false,2048,26.70,InvokeFunction,,,LATEST,1-690ef169-0c0a43-57f2ca8486df,OnDemand,,,0.48,
,D5A4CD99F058D411C58A3919BEB264F4-3,1762586986,FCRequestMetrics:/n-matmul-2048,32,32,,,0.02,n-matmul-2048,true,a1586973fec8,,c-690ef10b-0cf1abd9-90463d425ca7,1762586985795,Sync,580.72,1762586985636,21.0.3.8,false,2048,2.23,InvokeFunction,,,LATEST,1-690ef169-0c49fa-ddd082aec2c0,OnDemand,,,159.11,,"{""errorType"":""FunctionAbnormalExitError""}"
,D5A4CD99F058D411C58A3919BEB264F4-3,1762586986,FCRequestMetrics:/n-matmul-2048,32,32,,,703.54,n-matmul-2048,false,a1586973fec8,,c-690ef10b-0cf1abd9-90463d425ca7,1762586986218,Sync,978.92,1762586985943,21.0.3.8,false,2048,26.75,InvokeFunction,,,LATEST,1-690ef169-0c0a43-c47696494928,OnDemand,,,274.52,
,A91AC64A0F8E1976F88383B363514050-5,1762586986,FCRequestMetrics:/n-matmul-2048,25,25,,,734.81,n-matmul-2048,false,cc3f8c782a21,,c-690ef151-0cf1abd9-7fe4e69dd5c1,1762586985629,Sync,736.62,1762586985628,21.0.3.8,false,2048,28.70,InvokeFunction,,,LATEST,1-690ef169-0c49fa-15eb9ad0b5aa,OnDemand,,,0.85,
,510F8A150819018E635E267F62520B9B-3,1762586986,FCRequestMetrics:/n-matmul-2048,25,25,,,0.03,n-matmul-2048,true,c8577adbf622,,c-690ef10b-0cf1abd9-26ef2c508c1e,1762586985589,Sync,422.28,1762586985587,21.0.3.8,false,2048,4.06,InvokeFunction,,,LATEST,1-690ef169-0c49fa-11ad6ab137f1,OnDemand,,,1.34,,"{""errorType"":""FunctionAbnormalExitError""}"
,510F8A150819018E635E267F62520B9B-3,1762586986,FCRequestMetrics:/n-matmul-2048,32,32,,,681.13,n-matmul-2048,false,c8577adbf622,,c-690ef10b-0cf1abd9-26ef2c508c1e,1762586986011,Sync,1039.70,1762586985653,21.0.3.8,false,2048,26.27,InvokeFunction,,,LATEST,1-690ef169-0c49fa-e6e5694dbab4,OnDemand,,,357.71,
,2ECD84792EE924A03BABF1E3B673BF9D-8,1762586986,FCRequestMetrics:/n-matmul-2048,25,25,,,754.03,n-matmul-2048,false,203a62c08916,,c-690ef155-0cf1abd9-fdccf7e0f65d,1762586985512,Sync,755.62,1762586985512,21.0.3.8,false,2048,28.92,InvokeFunction,,,LATEST,1-690ef169-0c0a43-f4726bf7c004,OnDemand,,,0.53,
,211620C9A07558D2D8764497DA6068A4-3,1762586986,FCRequestMetrics:/n-matmul-2048,32,32,,,0.02,n-matmul-2048,true,e053c99a8bb6,,c-690ef10b-0cf1abd9-9de429f2e3c5,1762586986156,Sync,852.12,1762586985726,21.0.3.8,false,2048,2.26,InvokeFunction,,,LATEST,1-690ef169-0c0a43-f70c66c0af87,OnDemand,,,430.03,,"{""errorType"":""FunctionAbnormalExitError""}"
,D461B99DDC361457A1C9EC0902546FD1-4,1762586986,FCRequestMetrics:/n-matmul-2048,32,32,,,0.02,n-matmul-2048,true,ed2ed25159fc,,c-690ef14f-0cf1abd9-e247acd3fed5,1762586986119,Sync,827.16,1762586985724,21.0.3.8,false,2048,4.36,InvokeFunction,,,LATEST,1-690ef169-0c49fa-c9c0bfbfe0b8,OnDemand,,,395.15,,"{""errorType"":""FunctionAbnormalExitError""}"
,C38D529AEE78E8BFEBBDDADEDE13D41B-1,1762586986,FCRequestMetrics:/n-matmul-2048,32,32,,,0.06,n-matmul-2048,true,965073b71ef9,,c-690ef12c-0cf1abd9-ee855b82b2d6,1762586986238,Sync,716.01,1762586985946,21.0.3.7,false,2048,2.21,InvokeFunction,,,LATEST,1-690ef169-0c0a43-60b8303b9377,OnDemand,,,291.08,,"{""errorType"":""FunctionAbnormalExitError""}"
,636547988E635DCC4C08253D0766BAEB-1,1762586986,FCRequestMetrics:/n-matmul-2048,24,24,,,0.05,n-matmul-2048,true,3da1c5559a3b,,c-690ef156-0cf1abd9-a60f14769352,1762586986009,Sync,448.32,1762586986008,21.0.3.8,false,2048,2.20,InvokeFunction,,,LATEST,1-690ef16a-0c49fa-9304ee01a56b,OnDemand,,,1.11,,"{""errorType"":""FunctionAbnormalExitError""}"
,C1124F392E96F7157640100E932BDA24-1,1762586986,FCRequestMetrics:/n-matmul-2048,23,23,,,0.03,n-matmul-2048,true,67bba880de6a,,c-690ef15e-0cf1abd9-14d01dd57fb0,1762586985581,Sync,470.23,1762586985580,21.0.3.8,false,2048,2.09,InvokeFunction,,,LATEST,1-690ef16b-0c49fa-cc950d68bc3e,OnDemand,,,1.33,,"{""errorType"":""FunctionAbnormalExitError""}"
,CFD93EE32B19E972234D28D1C13E1AA8-1,1762586986,FCRequestMetrics:/n-matmul-2048,24,24,,,0.03,n-matmul-2048,true,7a537213662e,,c-690ef15f-0cf1abd9-fd32f0b49b00,1762586986106,Sync,450.81,1762586986105,21.0.3.8,false,2048,2.11,InvokeFunction,,,LATEST,1-690ef16b-0c49fa-904b24083c8b,OnDemand,,,1.37,,"{""errorType"":""FunctionAbnormalExitError""}"
,82C12ED6E643926156E0217F8DC83EE9-5,1762586987,FCRequestMetrics:/n-matmul-2048,32,32,,,795.28,n-matmul-2048,false,a9b6a74eafdc,,c-690ef12d-0cf1abd9-2948faf88166,1762586986226,Sync,1081.41,1762586985945,21.0.3.8,false,2048,39.01,InvokeFunction,,,LATEST,1-690ef169-0c0a43-2e1753a2881e,OnDemand,,,280.80,
,E08BA4ABFB8C4109D958EF35CCDE9E75-5,1762586987,FCRequestMetrics:/n-matmul-2048,32,32,,,787.28,n-matmul-2048,false,f6ea6fba0d1f,,c-690ef12a-0cf1abd9-0e59ac1cec40,1762586986274,Sync,1115.31,1762586985947,21.0.3.6,false,2048,41.65,InvokeFunction,,,LATEST,1-690ef169-0c0a43-2c63c0a61efe,OnDemand,,,327.29,
,A5C7CD7E71BB55429480C147D0ABD6E0-5,1762586987,FCRequestMetrics:/n-matmul-2048,19,19,,,801.55,n-matmul-2048,false,b9c50fa7ffa2,,c-690ef10b-0cf1abd9-39e48c7dd1cd,1762586986680,Sync,803.55,1762586986679,21.0.3.8,false,2048,45.95,InvokeFunction,,,LATEST,1-690ef16a-0c49fa-b1c0dcbde88e,OnDemand,,,1.31,
,943CF4692F491FB15BAF1EAB0CB8860A-3,1762586987,FCRequestMetrics:/n-matmul-2048,24,24,,,792.26,n-matmul-2048,false,bfd14e2c48c1,,c-690ef14e-0cf1abd9-da3a9c4be72b,1762586986820,Sync,794.30,1762586986818,21.0.3.8,false,2048,43.45,InvokeFunction,,,LATEST,1-690ef16a-0c49fa-5b44bbaa64da,OnDemand,,,1.32,
,91973BCA72DE9462DCC25EF55C6AC5B5-5,1762586987,FCRequestMetrics:/n-matmul-2048,24,24,,,857.26,n-matmul-2048,false,74deffaed995,,c-690ef14e-0cf1abd9-32bbbd8baf97,1762586986446,Sync,863.13,1762586986445,21.0.3.8,false,2048,41.47,InvokeFunction,,,LATEST,1-690ef16a-0c49fa-49536f720aa1,OnDemand,,,1.15,
,18363E7E93F59FF8F193127D52D86051-5,1762586987,FCRequestMetrics:/n-matmul-2048,23,23,,,798.95,n-matmul-2048,false,3f9c9a307fd4,,c-690ef130-0cf1abd9-454ab669b866,1762586986969,Sync,806.55,1762586986968,21.0.3.8,false,2048,36.71,InvokeFunction,,,LATEST,1-690ef16a-0c49fa-0a36f3caba1c,OnDemand,,,1.38,
,EB19AA8F9B61C51C3FCBC98D949BD1C2-7,1762586987,FCRequestMetrics:/n-matmul-2048,32,32,,,787.04,n-matmul-2048,false,211d8375abf1,,c-690ef12d-0cf1abd9-78e04fcb7549,1762586986220,Sync,1063.79,1762586985944,21.0.3.8,false,2048,38.99,InvokeFunction,,,LATEST,1-690ef169-0c49fa-23f4c94988c7,OnDemand,,,276.13,
,EB19AA8F9B61C51C3FCBC98D949BD1C2-7,1762586987,FCRequestMetrics:/n-matmul-2048,28,28,,,801.79,n-matmul-2048,false,211d8375abf1,,c-690ef12d-0cf1abd9-78e04fcb7549,1762586987103,Sync,802.96,1762586987102,21.0.3.8,false,2048,41.93,InvokeFunction,,,LATEST,1-690ef16b-0c0a43-8c09814cb455,OnDemand,,,0.53,
,DC91F31EAE4326850C248390B5A5E361-3,1762586987,FCRequestMetrics:/n-matmul-2048,19,19,,,826.54,n-matmul-2048,false,cf01fd95e6f6,,c-690ef150-0cf1abd9-91e7929a8b40,1762586986610,Sync,828.70,1762586986609,21.0.3.8,false,2048,38.93,InvokeFunction,,,LATEST,1-690ef16a-0c49fa-bf08bc7fcfff,OnDemand,,,1.33,
,9A02C87DA0F400C9E40F40EF2DF6006D-3,1762586987,FCRequestMetrics:/n-matmul-2048,19,19,,,793.98,n-matmul-2048,false,3ea4534df15d,,c-690ef10b-0cf1abd9-31fefea0e1fd,1762586986659,Sync,796.06,1762586986658,21.0.3.8,false,2048,40.51,InvokeFunction,,,LATEST,1-690ef16a-0c49fa-a706288d8fdd,OnDemand,,,1.12,
,5E9C37D1C997E792337F0D79C839D1F6-5,1762586987,FCRequestMetrics:/n-matmul-2048,19,19,,,788.35,n-matmul-2048,false,7be323259747,,c-690ef12d-0cf1abd9-4ddba8cb6fd4,1762586986733,Sync,790.26,1762586986732,21.0.3.8,false,2048,41.03,InvokeFunction,,,LATEST,1-690ef16a-0c49fa-d294733f5564,OnDemand,,,1.15,
,7C3B3344857E71889D56CDA44A54F6B2-5,1762586987,FCRequestMetrics:/n-matmul-2048,23,23,,,641.10,n-matmul-2048,false,687fca8d325c,,c-690ef12c-0cf1abd9-6ced060ffe1b,1762586986980,Sync,643.21,1762586986979,21.0.3.8,false,2048,36.59,InvokeFunction,,,LATEST,1-690ef16a-0c49fa-c802305d8b19,OnDemand,,,1.34,
,DDEEB29FD5ADFBB67E4F2FEB83463658-7,1762586987,FCRequestMetrics:/n-matmul-2048,19,19,,,794.31,n-matmul-2048,false,bc52147f2a7a,,c-690ef12c-0cf1abd9-69aaf8ca2a4b,1762586986654,Sync,796.40,1762586986653,21.0.3.8,false,2048,40.91,InvokeFunction,,,LATEST,1-690ef16a-0c49fa-b74570766c58,OnDemand,,,1.30,
,2523AFCDD5BD8A2B2953E48983230929-5,1762586987,FCRequestMetrics:/n-matmul-2048,23,23,,,795.98,n-matmul-2048,false,01d6f783bdb1,,c-690ef10b-0cf1abd9-dd39c218e942,1762586986962,Sync,797.34,1762586986961,21.0.3.8,false,2048,40.44,InvokeFunction,,,LATEST,1-690ef16a-0c0a43-dfbbdbd9dc65,OnDemand,,,0.49,
,F0BCE0E40FE41E0F61DD5DAF956249CC-7,1762586987,FCRequestMetrics:/n-matmul-2048,19,19,,,664.52,n-matmul-2048,false,b9ed45a41c5d,,c-690ef139-0cf1abd9-bfec9b76d480,1762586986648,Sync,666.40,1762586986647,21.0.3.8,false,2048,34.52,InvokeFunction,,,LATEST,1-690ef16a-0c49fa-6e3a590818c9,OnDemand,,,1.25,
,B2D19E9889F3DDE524F4ACFCF2A5FEBF-3,1762586987,FCRequestMetrics:/n-matmul-2048,20,20,,,661.30,n-matmul-2048,false,95f39cca25aa,,c-690ef10b-0cf1abd9-336379de3020,1762586986542,Sync,1483.02,1762586985721,21.0.3.8,false,2048,34.64,InvokeFunction,,,LATEST,1-690ef169-0c0a43-25535d3e89e6,OnDemand,,,820.74,
,B10148BC96FECE49F2FC2439520A3175-4,1762586987,FCRequestMetrics:/n-matmul-2048,19,19,,,644.34,n-matmul-2048,false,9ae0a7a16fc1,,c-690ef12e-0cf1abd9-86b866453e74,1762586986659,Sync,645.99,1762586986658,21.0.3.7,false,2048,34.55,InvokeFunction,,,LATEST,1-690ef16a-0c49fa-848d8654a484,OnDemand,,,0.84,
,BF6FA9AF6994B690E2E5555B14FF4940-6,1762586987,FCRequestMetrics:/n-matmul-2048,19,19,,,647.30,n-matmul-2048,false,21ba44532db0,,c-690ef12f-0cf1abd9-72da07858f04,1762586986653,Sync,648.94,1762586986652,21.0.3.8,false,2048,34.55,InvokeFunction,,,LATEST,1-690ef16a-0c49fa-f8ced7dd7fe1,OnDemand,,,0.88,
,D5A4CD99F058D411C58A3919BEB264F4-3,1762586987,FCRequestMetrics:/n-matmul-2048,23,23,,,647.64,n-matmul-2048,false,a1586973fec8,,c-690ef10b-0cf1abd9-90463d425ca7,1762586986940,Sync,649.81,1762586986939,21.0.3.8,false,2048,34.49,InvokeFunction,,,LATEST,1-690ef16a-0c49fa-11332c661391,OnDemand,,,1.43,
,A91AC64A0F8E1976F88383B363514050-5,1762586987,FCRequestMetrics:/n-matmul-2048,23,23,,,654.84,n-matmul-2048,false,cc3f8c782a21,,c-690ef151-0cf1abd9-7fe4e69dd5c1,1762586986996,Sync,656.21,1762586986995,21.0.3.8,false,2048,36.56,InvokeFunction,,,LATEST,1-690ef16a-0c0a43-220f6495c18e,OnDemand,,,0.54,
,510F8A150819018E635E267F62520B9B-3,1762586987,FCRequestMetrics:/n-matmul-2048,24,24,,,669.33,n-matmul-2048,false,c8577adbf622,,c-690ef10b-0cf1abd9-26ef2c508c1e,1762586986737,Sync,671.56,1762586986735,21.0.3.8,false,2048,34.42,InvokeFunction,,,LATEST,1-690ef16a-0c49fa-328989f53d19,OnDemand,,,1.50,
,211620C9A07558D2D8764497DA6068A4-3,1762586987,FCRequestMetrics:/n-matmul-2048,19,19,,,687.91,n-matmul-2048,false,e053c99a8bb6,,c-690ef10b-0cf1abd9-9de429f2e3c5,1762586986651,Sync,689.91,1762586986650,21.0.3.8,false,2048,26.82,InvokeFunction,,,LATEST,1-690ef16a-0c49fa-71ccb3384d51,OnDemand,,,1.31,
,211620C9A07558D2D8764497DA6068A4-3,1762586987,FCRequestMetrics:/n-matmul-2048,26,26,,,639.34,n-matmul-2048,false,e053c99a8bb6,,c-690ef10b-0cf1abd9-9de429f2e3c5,1762586987344,Sync,641.18,1762586987343,21.0.3.8,false,2048,34.53,InvokeFunction,,,LATEST,1-690ef16b-0c49fa-d7ab4f18d2f4,OnDemand,,,1.12,
,D461B99DDC361457A1C9EC0902546FD1-4,1762586987,FCRequestMetrics:/n-matmul-2048,20,20,,,681.24,n-matmul-2048,false,ed2ed25159fc,,c-690ef14f-0cf1abd9-e247acd3fed5,1762586986554,Sync,683.05,1762586986552,21.0.3.8,false,2048,28.71,InvokeFunction,,,LATEST,1-690ef16a-0c49fa-6a4d667e9395,OnDemand,,,1.10,
,D461B99DDC361457A1C9EC0902546FD1-4,1762586987,FCRequestMetrics:/n-matmul-2048,28,28,,,644.59,n-matmul-2048,false,ed2ed25159fc,,c-690ef14f-0cf1abd9-e247acd3fed5,1762586987245,Sync,645.82,1762586987245,21.0.3.8,false,2048,36.25,InvokeFunction,,,LATEST,1-690ef16b-0c0a43-c218b90dac53,OnDemand,,,0.57,
,C38D529AEE78E8BFEBBDDADEDE13D41B-1,1762586987,FCRequestMetrics:/n-matmul-2048,19,19,,,687.63,n-matmul-2048,false,965073b71ef9,,c-690ef12c-0cf1abd9-ee855b82b2d6,1762586986666,Sync,689.70,1762586986664,21.0.3.7,false,2048,26.89,InvokeFunction,,,LATEST,1-690ef16a-0c49fa-6c516db8d61d,OnDemand,,,1.33,
,A5C7CD7E71BB55429480C147D0ABD6E0-5,1762586987,FCRequestMetrics:/n-matmul-2048,24,24,,,0.03,n-matmul-2048,true,b9c50fa7ffa2,,c-690ef10b-0cf1abd9-39e48c7dd1cd,1762586987489,Sync,411.69,1762586987488,21.0.3.8,false,2048,2.14,InvokeFunction,,,LATEST,1-690ef16b-0c49fa-b4a55881abae,OnDemand,,,1.13,,"{""errorType"":""FunctionAbnormalExitError""}"
,636547988E635DCC4C08253D0766BAEB-1,1762586987,FCRequestMetrics:/n-matmul-2048,20,20,,,740.87,n-matmul-2048,false,3da1c5559a3b,,c-690ef156-0cf1abd9-a60f14769352,1762586987003,Sync,742.18,1762586987002,21.0.3.8,false,2048,28.49,InvokeFunction,,,LATEST,1-690ef16b-0c0a43-01396963f0ad,OnDemand,,,0.49,
,C1124F392E96F7157640100E932BDA24-1,1762586987,FCRequestMetrics:/n-matmul-2048,20,20,,,1013.71,n-matmul-2048,false,67bba880de6a,,c-690ef15e-0cf1abd9-14d01dd57fb0,1762586986304,Sync,1015.45,1762586986303,21.0.3.8,false,2048,26.73,InvokeFunction,,,LATEST,1-690ef16b-0c0a43-af4b7d30e41c,OnDemand,,,0.54,
,B63107B9394C762ADF436F322BAA4B65-2,1762586987,FCRequestMetrics:/n-matmul-2048,23,23,,,0.02,n-matmul-2048,true,1ccfa60657e6,,c-690ef10b-0cf1abd9-672e1c9f5eed,1762586986966,Sync,401.40,1762586986965,21.0.3.8,false,2048,4.19,InvokeFunction,,,LATEST,1-690ef16a-0c49fa-ab829a5adff7,OnDemand,,,1.17,,"{""errorType"":""FunctionAbnormalExitError""}"
,46B19270B472A6D217A2E559E7E7C97B-3,1762586987,FCRequestMetrics:/n-matmul-2048,23,23,,,0.04,n-matmul-2048,true,869d26b39717,,c-690ef10b-0cf1abd9-b6750c057b8f,1762586986968,Sync,405.84,1762586986968,21.0.3.8,false,2048,4.15,InvokeFunction,,,LATEST,1-690ef16a-0c0a43-2b412613fef7,OnDemand,,,0.48,,"{""errorType"":""FunctionAbnormalExitError""}"
,B1BC54E0839163A3A2719B2791B845EA-6,1762586987,FCRequestMetrics:/n-matmul-2048,23,23,,,0.03,n-matmul-2048,true,c5eb2abfaa5d,,c-690ef14c-0cf1abd9-28e65fb7d593,1762586986967,Sync,420.93,1762586986966,21.0.3.5,false,2048,4.11,InvokeFunction,,,LATEST,1-690ef16a-0c0a43-8fe7ea1ff45f,OnDemand,,,0.49,,"{""errorType"":""FunctionAbnormalExitError""}"
,00E67D373DA9C60BEF759D13208EAAD9-4,1762586987,FCRequestMetrics:/n-matmul-2048,23,23,,,0.05,n-matmul-2048,true,9013ed408e73,,c-690ef10b-0cf1abd9-dbc16e7d233d,1762586986971,Sync,427.22,1762586986970,21.0.3.8,false,2048,2.34,InvokeFunction,,,LATEST,1-690ef16a-0c0a43-07119503e7e8,OnDemand,,,0.50,,"{""errorType"":""FunctionAbnormalExitError""}"
,CFD93EE32B19E972234D28D1C13E1AA8-1,1762586987,FCRequestMetrics:/n-matmul-2048,30,30,,,1177.07,n-matmul-2048,false,7a537213662e,,c-690ef15f-0cf1abd9-fd32f0b49b00,1762586986566,Sync,1178.45,1762586986566,21.0.3.8,false,2048,28.74,InvokeFunction,,,LATEST,1-690ef16b-0c0a43-bd04c38335f4,OnDemand,,,0.50,
,82C12ED6E643926156E0217F8DC83EE9-4,1762586987,FCRequestMetrics:/n-matmul-2048,28,28,,,0.02,n-matmul-2048,true,a9b6a74eafdc,,c-690ef12d-0cf1abd9-2948faf88166,1762586987048,Sync,426.43,1762586987046,21.0.3.8,false,2048,2.21,InvokeFunction,,,LATEST,1-690ef16b-0c49fa-761aac8995a5,OnDemand,,,1.14,,"{""errorType"":""FunctionAbnormalExitError""}"
,E08BA4ABFB8C4109D958EF35CCDE9E75-5,1762586987,FCRequestMetrics:/n-matmul-2048,28,28,,,0.03,n-matmul-2048,true,f6ea6fba0d1f,,c-690ef12a-0cf1abd9-0e59ac1cec40,1762586987066,Sync,411.23,1762586987066,21.0.3.6,false,2048,2.21,InvokeFunction,,,LATEST,1-690ef16b-0c0a43-0396583cae89,OnDemand,,,0.48,,"{""errorType"":""FunctionAbnormalExitError""}"
,91973BCA72DE9462DCC25EF55C6AC5B5-5,1762586987,FCRequestMetrics:/n-matmul-2048,20,20,,,0.02,n-matmul-2048,true,74deffaed995,,c-690ef14e-0cf1abd9-32bbbd8baf97,1762586987400,Sync,435.82,1762586987400,21.0.3.8,false,2048,2.20,InvokeFunction,,,LATEST,1-690ef16b-0c0a43-dbd5573d9f9d,OnDemand,,,0.51,,"{""errorType"":""FunctionAbnormalExitError""}"
,DC91F31EAE4326850C248390B5A5E361-3,1762586988,FCRequestMetrics:/n-matmul-2048,24,24,,,786.67,n-matmul-2048,false,cf01fd95e6f6,,c-690ef150-0cf1abd9-91e7929a8b40,1762586987447,Sync,788.19,1762586987446,21.0.3.8,false,2048,42.18,InvokeFunction,,,LATEST,1-690ef16b-0c49fa-b20637a6256c,OnDemand,,,0.89,
,9A02C87DA0F400C9E40F40EF2DF6006D-3,1762586988,FCRequestMetrics:/n-matmul-2048,24,24,,,794.31,n-matmul-2048,false,3ea4534df15d,,c-690ef10b-0cf1abd9-31fefea0e1fd,1762586987495,Sync,795.99,1762586987494,21.0.3.8,false,2048,44.18,InvokeFunction,,,LATEST,1-690ef16b-0c49fa-13ea1b88224c,OnDemand,,,0.93,
,5E9C37D1C997E792337F0D79C839D1F6-5,1762586988,FCRequestMetrics:/n-matmul-2048,21,21,,,782.40,n-matmul-2048,false,7be323259747,,c-690ef12d-0cf1abd9-4ddba8cb6fd4,1762586987569,Sync,784.44,1762586987567,21.0.3.8,false,2048,44.25,InvokeFunction,,,LATEST,1-690ef16b-0c49fa-47144ed98a70,OnDemand,,,1.40,
,7C3B3344857E71889D56CDA44A54F6B2-5,1762586988,FCRequestMetrics:/n-matmul-2048,21,21,,,777.55,n-matmul-2048,false,687fca8d325c,,c-690ef12c-0cf1abd9-6ced060ffe1b,1762586987629,Sync,780.15,1762586987628,21.0.3.8,false,2048,38.18,InvokeFunction,,,LATEST,1-690ef16b-0c49fa-a8e010282b30,OnDemand,,,1.43,
,DDEEB29FD5ADFBB67E4F2FEB83463658-7,1762586988,FCRequestMetrics:/n-matmul-2048,20,20,,,793.26,n-matmul-2048,false,bc52147f2a7a,,c-690ef12c-0cf1abd9-69aaf8ca2a4b,1762586987671,Sync,795.31,1762586987670,21.0.3.8,false,2048,44.33,InvokeFunction,,,LATEST,1-690ef16b-0c49fa-94d372965d3c,OnDemand,,,1.23,
,2523AFCDD5BD8A2B2953E48983230929-5,1762586988,FCRequestMetrics:/n-matmul-2048,30,30,,,809.22,n-matmul-2048,false,01d6f783bdb1,,c-690ef10b-0cf1abd9-dd39c218e942,1762586987798,Sync,810.51,1762586987797,21.0.3.8,false,2048,43.29,InvokeFunction,,,LATEST,1-690ef16b-0c0a43-0a036974c1ee,OnDemand,,,0.49,
,F0BCE0E40FE41E0F61DD5DAF956249CC-7,1762586988,FCRequestMetrics:/n-matmul-2048,26,26,,,671.13,n-matmul-2048,false,b9ed45a41c5d,,c-690ef139-0cf1abd9-bfec9b76d480,1762586987342,Sync,672.86,1762586987341,21.0.3.8,false,2048,36.68,InvokeFunction,,,LATEST,1-690ef16b-0c49fa-e920da2be6bb,OnDemand,,,0.93,
,F0BCE0E40FE41E0F61DD5DAF956249CC-7,1762586988,FCRequestMetrics:/n-matmul-2048,30,30,,,799.88,n-matmul-2048,false,b9ed45a41c5d,,c-690ef139-0cf1abd9-bfec9b76d480,1762586988025,Sync,807.46,1762586988023,21.0.3.8,false,2048,38.70,InvokeFunction,,,LATEST,1-690ef16c-0c49fa-bef24b98c1bf,OnDemand,,,1.35,
,B2D19E9889F3DDE524F4ACFCF2A5FEBF-3,1762586988,FCRequestMetrics:/n-matmul-2048,28,28,,,782.52,n-matmul-2048,false,95f39cca25aa,,c-690ef10b-0cf1abd9-336379de3020,1762586987278,Sync,784.81,1762586987276,21.0.3.8,false,2048,39.22,InvokeFunction,,,LATEST,1-690ef16b-0c49fa-4385d16afa82,OnDemand,,,1.46,
,B2D19E9889F3DDE524F4ACFCF2A5FEBF-3,1762586988,FCRequestMetrics:/n-matmul-2048,32,32,,,782.66,n-matmul-2048,false,95f39cca25aa,,c-690ef10b-0cf1abd9-336379de3020,1762586988068,Sync,990.20,1762586987861,21.0.3.8,false,2048,42.43,InvokeFunction,,,LATEST,1-690ef16b-0c0a43-f7122ad4187f,OnDemand,,,206.55,
,B10148BC96FECE49F2FC2439520A3175-4,1762586988,FCRequestMetrics:/n-matmul-2048,26,26,,,800.31,n-matmul-2048,false,9ae0a7a16fc1,,c-690ef12e-0cf1abd9-86b866453e74,1762586987353,Sync,802.17,1762586987351,21.0.3.7,false,2048,39.04,InvokeFunction,,,LATEST,1-690ef16b-0c49fa-07944c199aae,OnDemand,,,1.15,
,B10148BC96FECE49F2FC2439520A3175-4,1762586988,FCRequestMetrics:/n-matmul-2048,32,32,,,794.72,n-matmul-2048,false,9ae0a7a16fc1,,c-690ef12e-0cf1abd9-86b866453e74,1762586988194,Sync,991.64,1762586987998,21.0.3.7,false,2048,42.15,InvokeFunction,,,LATEST,1-690ef16b-0c49fa-59d0e6773dbb,OnDemand,,,196.17,
,BF6FA9AF6994B690E2E5555B14FF4940-6,1762586988,FCRequestMetrics:/n-matmul-2048,20,20,,,659.81,n-matmul-2048,false,21ba44532db0,,c-690ef12f-0cf1abd9-72da07858f04,1762586987678,Sync,661.37,1762586987677,21.0.3.8,false,2048,36.94,InvokeFunction,,,LATEST,1-690ef16b-0c49fa-94fbe4e780d6,OnDemand,,,0.77,
,7B2CA077525D5F38D7687113836FF4D4-6,1762586988,FCRequestMetrics:/n-matmul-2048,30,30,,,722.98,n-matmul-2048,false,dd2888fed1c9,,c-690ef14f-0cf1abd9-cabc0eaa101b,1762586987690,Sync,726.83,1762586987689,21.0.3.8,false,2048,34.10,InvokeFunction,,,LATEST,1-690ef16b-0c0a43-e967d61ccb23,OnDemand,,,0.53,
,D5A4CD99F058D411C58A3919BEB264F4-3,1762586988,FCRequestMetrics:/n-matmul-2048,20,20,,,773.01,n-matmul-2048,false,a1586973fec8,,c-690ef10b-0cf1abd9-90463d425ca7,1762586987653,Sync,775.01,1762586987651,21.0.3.8,false,2048,38.77,InvokeFunction,,,LATEST,1-690ef16b-0c49fa-ff017b86f89d,OnDemand,,,1.17,
,A91AC64A0F8E1976F88383B363514050-5,1762586988,FCRequestMetrics:/n-matmul-2048,20,20,,,788.12,n-matmul-2048,false,cc3f8c782a21,,c-690ef151-0cf1abd9-7fe4e69dd5c1,1762586987663,Sync,790.26,1762586987661,21.0.3.8,false,2048,41.06,InvokeFunction,,,LATEST,1-690ef16b-0c49fa-32ec7aaba196,OnDemand,,,1.26,
,510F8A150819018E635E267F62520B9B-3,1762586988,FCRequestMetrics:/n-matmul-2048,20,20,,,793.40,n-matmul-2048,false,c8577adbf622,,c-690ef10b-0cf1abd9-26ef2c508c1e,1762586987672,Sync,794.78,1762586987672,21.0.3.8,false,2048,38.85,InvokeFunction,,,LATEST,1-690ef16b-0c0a43-933eec9b6f9a,OnDemand,,,0.49,
,2ECD84792EE924A03BABF1E3B673BF9D-8,1762586988,FCRequestMetrics:/n-matmul-2048,30,30,,,648.48,n-matmul-2048,false,203a62c08916,,c-690ef155-0cf1abd9-fdccf7e0f65d,1762586987801,Sync,652.04,1762586987799,21.0.3.8,false,2048,36.57,InvokeFunction,,,LATEST,1-690ef16b-0c49fa-a18fc0730585,OnDemand,,,1.34,
,211620C9A07558D2D8764497DA6068A4-3,1762586988,FCRequestMetrics:/n-matmul-2048,30,30,,,619.67,n-matmul-2048,false,e053c99a8bb6,,c-690ef10b-0cf1abd9-9de429f2e3c5,1762586987992,Sync,629.12,1762586987991,21.0.3.8,false,2048,36.36,InvokeFunction,,,LATEST,1-690ef16b-0c49fa-115b0e5cc1c0,OnDemand,,,0.93,
,D461B99DDC361457A1C9EC0902546FD1-4,1762586988,FCRequestMetrics:/n-matmul-2048,30,30,,,652.49,n-matmul-2048,false,ed2ed25159fc,,c-690ef14f-0cf1abd9-e247acd3fed5,1762586987992,Sync,653.69,1762586987991,21.0.3.8,false,2048,38.38,InvokeFunction,,,LATEST,1-690ef16b-0c0a43-47a316cda2b3,OnDemand,,,0.44,
,C38D529AEE78E8BFEBBDDADEDE13D41B-1,1762586988,FCRequestMetrics:/n-matmul-2048,20,20,,,655.71,n-matmul-2048,false,965073b71ef9,,c-690ef12c-0cf1abd9-ee855b82b2d6,1762586987677,Sync,657.45,1762586987675,21.0.3.7,false,2048,34.13,InvokeFunction,,,LATEST,1-690ef16b-0c49fa-3ce3f94b8d3f,OnDemand,,,0.94,
,943CF4692F491FB15BAF1EAB0CB8860A-3,1762586988,FCRequestMetrics:/n-matmul-2048,21,21,,,0.06,n-matmul-2048,true,bfd14e2c48c1,,c-690ef14e-0cf1abd9-da3a9c4be72b,1762586987626,Sync,432.38,1762586987625,21.0.3.8,false,2048,4.04,InvokeFunction,,,LATEST,1-690ef16b-0c49fa-90e010be78f4,OnDemand,,,0.77,,"{""errorType"":""FunctionAbnormalExitError""}"
,943CF4692F491FB15BAF1EAB0CB8860A-3,1762586988,FCRequestMetrics:/n-matmul-2048,32,32,,,672.53,n-matmul-2048,false,bfd14e2c48c1,,c-690ef14e-0cf1abd9-da3a9c4be72b,1762586988060,Sync,679.05,1762586988054,21.0.3.8,false,2048,28.91,InvokeFunction,,,LATEST,1-690ef16c-0c49fa-c3cabfc5f6f9,OnDemand,,,5.66,
,A5C7CD7E71BB55429480C147D0ABD6E0-5,1762586988,FCRequestMetrics:/n-matmul-2048,30,30,,,681.97,n-matmul-2048,false,b9c50fa7ffa2,,c-690ef10b-0cf1abd9-39e48c7dd1cd,1762586987982,Sync,863.84,1762586987801,21.0.3.8,false,2048,26.55,InvokeFunction,,,LATEST,1-690ef16b-0c0a43-0f7b39e33cc3,OnDemand,,,181.13,
,636547988E635DCC4C08253D0766BAEB-1,1762586988,FCRequestMetrics:/n-matmul-2048,32,32,,,692.45,n-matmul-2048,false,3da1c5559a3b,,c-690ef156-0cf1abd9-a60f14769352,1762586987748,Sync,1258.84,1762586987182,21.0.3.8,false,2048,36.43,InvokeFunction,,,LATEST,1-690ef16b-0c49fa-f5f122fbdd3e,OnDemand,,,565.74,
,C1124F392E96F7157640100E932BDA24-1,1762586988,FCRequestMetrics:/n-matmul-2048,32,32,,,1063.59,n-matmul-2048,false,67bba880de6a,,c-690ef15e-0cf1abd9-14d01dd57fb0,1762586987323,Sync,1171.98,1762586987215,21.0.3.8,false,2048,34.59,InvokeFunction,,,LATEST,1-690ef16c-0c49fa-5633ddddc035,OnDemand,,,106.81,
,9A02C87DA0F400C9E40F40EF2DF6006D-3,1762586988,FCRequestMetrics:/n-matmul-2048,32,32,,,0.02,n-matmul-2048,true,3ea4534df15d,,c-690ef10b-0cf1abd9-31fefea0e1fd,1762586988294,Sync,711.80,1762586987996,21.0.3.8,false,2048,4.25,InvokeFunction,,,LATEST,1-690ef16b-0c49fa-b12ba118c9b2,OnDemand,,,297.45,,"{""errorType"":""FunctionAbnormalExitError""}"
,DC91F31EAE4326850C248390B5A5E361-3,1762586988,FCRequestMetrics:/n-matmul-2048,32,32,,,0.04,n-matmul-2048,true,cf01fd95e6f6,,c-690ef150-0cf1abd9-91e7929a8b40,1762586988238,Sync,437.78,1762586988211,21.0.3.8,false,2048,2.28,InvokeFunction,,,LATEST,1-690ef16c-0c49fa-c3ad0cc470e5,OnDemand,,,26.88,,"{""errorType"":""FunctionAbnormalExitError""}"
,B63107B9394C762ADF436F322BAA4B65-2,1762586988,FCRequestMetrics:/n-matmul-2048,20,20,,,709.55,n-matmul-2048,false,1ccfa60657e6,,c-690ef10b-0cf1abd9-672e1c9f5eed,1762586987676,Sync,711.54,1762586987675,21.0.3.8,false,2048,30.69,InvokeFunction,,,LATEST,1-690ef16b-0c49fa-d4038089fdb9,OnDemand,,,1.10,
,46B19270B472A6D217A2E559E7E7C97B-3,1762586988,FCRequestMetrics:/n-matmul-2048,26,26,,,711.48,n-matmul-2048,false,869d26b39717,,c-690ef10b-0cf1abd9-b6750c057b8f,1762586987380,Sync,713.57,1762586987379,21.0.3.8,false,2048,26.84,InvokeFunction,,,LATEST,1-690ef16b-0c49fa-befe20a808bd,OnDemand,,,1.33,
,46B19270B472A6D217A2E559E7E7C97B-3,1762586988,FCRequestMetrics:/n-matmul-2048,32,32,,,639.43,n-matmul-2048,false,869d26b39717,,c-690ef10b-0cf1abd9-b6750c057b8f,1762586988104,Sync,641.48,1762586988102,21.0.3.8,false,2048,34.53,InvokeFunction,,,LATEST,1-690ef16c-0c49fa-2443d8fed7ce,OnDemand,,,1.42,
,B1BC54E0839163A3A2719B2791B845EA-6,1762586988,FCRequestMetrics:/n-matmul-2048,26,26,,,677.01,n-matmul-2048,false,c5eb2abfaa5d,,c-690ef14c-0cf1abd9-28e65fb7d593,1762586987396,Sync,678.61,1762586987395,21.0.3.5,false,2048,28.48,InvokeFunction,,,LATEST,1-690ef16b-0c49fa-f1f5a4116a2c,OnDemand,,,0.86,
,B1BC54E0839163A3A2719B2791B845EA-6,1762586988,FCRequestMetrics:/n-matmul-2048,32,32,,,658.95,n-matmul-2048,false,c5eb2abfaa5d,,c-690ef14c-0cf1abd9-28e65fb7d593,1762586988116,Sync,661.17,1762586988115,21.0.3.5,false,2048,36.58,InvokeFunction,,,LATEST,1-690ef16c-0c49fa-30a4f7b83d7b,OnDemand,,,1.39,
,00E67D373DA9C60BEF759D13208EAAD9-4,1762586988,FCRequestMetrics:/n-matmul-2048,20,20,,,678.44,n-matmul-2048,false,9013ed408e73,,c-690ef10b-0cf1abd9-dbc16e7d233d,1762586987673,Sync,679.80,1762586987673,21.0.3.8,false,2048,28.60,InvokeFunction,,,LATEST,1-690ef16b-0c0a43-0769823688c6,OnDemand,,,0.49,
,CFD93EE32B19E972234D28D1C13E1AA8-1,1762586988,FCRequestMetrics:/n-matmul-2048,32,32,,,1047.19,n-matmul-2048,false,7a537213662e,,c-690ef15f-0cf1abd9-fd32f0b49b00,1762586987748,Sync,1242.98,1762586987553,21.0.3.8,false,2048,36.51,InvokeFunction,,,LATEST,1-690ef16c-0c49fa-27194abd396c,OnDemand,,,195.05,
,82C12ED6E643926156E0217F8DC83EE9-4,1762586988,FCRequestMetrics:/n-matmul-2048,24,24,,,674.62,n-matmul-2048,false,a9b6a74eafdc,,c-690ef12d-0cf1abd9-2948faf88166,1762586987494,Sync,676.82,1762586987493,21.0.3.8,false,2048,26.79,InvokeFunction,,,LATEST,1-690ef16b-0c49fa-bbee7a9457d0,OnDemand,,,1.17,
,82C12ED6E643926156E0217F8DC83EE9-4,1762586988,FCRequestMetrics:/n-matmul-2048,32,32,,,649.00,n-matmul-2048,false,a9b6a74eafdc,,c-690ef12d-0cf1abd9-2948faf88166,1762586988194,Sync,652.35,1762586988193,21.0.3.8,false,2048,34.41,InvokeFunction,,,LATEST,1-690ef16c-0c49fa-56cd5006f7b1,OnDemand,,,0.91,
,E08BA4ABFB8C4109D958EF35CCDE9E75-5,1762586988,FCRequestMetrics:/n-matmul-2048,24,24,,,690.65,n-matmul-2048,false,f6ea6fba0d1f,,c-690ef12a-0cf1abd9-0e59ac1cec40,1762586987479,Sync,692.64,1762586987478,21.0.3.6,false,2048,26.55,InvokeFunction,,,LATEST,1-690ef16b-0c49fa-c00fc74537f6,OnDemand,,,1.14,
,E08BA4ABFB8C4109D958EF35CCDE9E75-5,1762586988,FCRequestMetrics:/n-matmul-2048,32,32,,,641.84,n-matmul-2048,false,f6ea6fba0d1f,,c-690ef12a-0cf1abd9-0e59ac1cec40,1762586988192,Sync,836.10,1762586987998,21.0.3.6,false,2048,34.53,InvokeFunction,,,LATEST,1-690ef16b-0c49fa-a86d95be75da,OnDemand,,,193.56,
,91973BCA72DE9462DCC25EF55C6AC5B5-5,1762586988,FCRequestMetrics:/n-matmul-2048,32,32,,,726.12,n-matmul-2048,false,74deffaed995,,c-690ef14e-0cf1abd9-32bbbd8baf97,1762586987904,Sync,728.10,1762586987903,21.0.3.8,false,2048,26.85,InvokeFunction,,,LATEST,1-690ef16c-0c49fa-02de0a02e5a8,OnDemand,,,1.17,
,18363E7E93F59FF8F193127D52D86051-5,1762586988,FCRequestMetrics:/n-matmul-2048,30,30,,,0.03,n-matmul-2048,true,3f9c9a307fd4,,c-690ef130-0cf1abd9-454ab669b866,1762586987797,Sync,410.48,1762586987796,21.0.3.8,false,2048,2.40,InvokeFunction,,,LATEST,1-690ef16b-0c49fa-e613a57dc77a,OnDemand,,,1.37,,"{""errorType"":""FunctionAbnormalExitError""}"
,18363E7E93F59FF8F193127D52D86051-5,1762586988,FCRequestMetrics:/n-matmul-2048,32,32,,,704.85,n-matmul-2048,false,3f9c9a307fd4,,c-690ef130-0cf1abd9-454ab669b866,1762586988211,Sync,706.93,1762586988210,21.0.3.8,false,2048,26.79,InvokeFunction,,,LATEST,1-690ef16c-0c49fa-c5db06c933d1,OnDemand,,,1.37,
,EB19AA8F9B61C51C3FCBC98D949BD1C2-7,1762586988,FCRequestMetrics:/n-matmul-2048,32,32,,,0.04,n-matmul-2048,true,211d8375abf1,,c-690ef12d-0cf1abd9-78e04fcb7549,1762586987931,Sync,440.22,1762586987930,21.0.3.8,false,2048,2.17,InvokeFunction,,,LATEST,1-690ef16b-0c0a43-b7390b0be002,OnDemand,,,0.52,,"{""errorType"":""FunctionAbnormalExitError""}"
,5E9C37D1C997E792337F0D79C839D1F6-4,1762586988,FCRequestMetrics:/n-matmul-2048,32,32,,,0.02,n-matmul-2048,true,7be323259747,,c-690ef12d-0cf1abd9-4ddba8cb6fd4,1762586988355,Sync,977.96,1762586987801,21.0.3.8,false,2048,4.20,InvokeFunction,,,LATEST,1-690ef16b-0c0a43-92345b9427c7,OnDemand,,,553.70,,"{""errorType"":""FunctionAbnormalExitError""}"
,7C3B3344857E71889D56CDA44A54F6B2-5,1762586988,FCRequestMetrics:/n-matmul-2048,32,32,,,0.02,n-matmul-2048,true,687fca8d325c,,c-690ef12c-0cf1abd9-6ced060ffe1b,1762586988411,Sync,414.82,1762586988391,21.0.3.8,false,2048,2.41,InvokeFunction,,,LATEST,1-690ef16c-0c49fa-5040652e8d74,OnDemand,,,19.77,,"{""errorType"":""FunctionAbnormalExitError""}"
,DDEEB29FD5ADFBB67E4F2FEB83463658-6,1762586988,FCRequestMetrics:/n-matmul-2048,32,32,,,0.02,n-matmul-2048,true,bc52147f2a7a,,c-690ef12c-0cf1abd9-69aaf8ca2a4b,1762586988469,Sync,423.73,1762586988446,21.0.3.8,false,2048,4.12,InvokeFunction,,,LATEST,1-690ef16c-0c49fa-9094fe5e5aef,OnDemand,,,22.14,,"{""errorType"":""FunctionAbnormalExitError""}"
,BF6FA9AF6994B690E2E5555B14FF4940-6,1762586989,FCRequestMetrics:/n-matmul-2048,32,32,,,795.63,n-matmul-2048,false,21ba44532db0,,c-690ef12f-0cf1abd9-72da07858f04,1762586988343,Sync,865.04,1762586988274,21.0.3.8,false,2048,38.30,InvokeFunction,,,LATEST,1-690ef16c-0c49fa-c8b990227f23,OnDemand,,,68.70,
,7B2CA077525D5F38D7687113836FF4D4-6,1762586989,FCRequestMetrics:/n-matmul-2048,32,32,,,712.78,n-matmul-2048,false,dd2888fed1c9,,c-690ef14f-0cf1abd9-cabc0eaa101b,1762586988441,Sync,715.73,1762586988439,21.0.3.8,false,2048,36.36,InvokeFunction,,,LATEST,1-690ef16c-0c49fa-b38f32168be9,OnDemand,,,1.39,
,D5A4CD99F058D411C58A3919BEB264F4-3,1762586989,FCRequestMetrics:/n-matmul-2048,32,32,,,788.85,n-matmul-2048,false,a1586973fec8,,c-690ef10b-0cf1abd9-90463d425ca7,1762586988429,Sync,827.19,1762586988391,21.0.3.8,false,2048,41.53,InvokeFunction,,,LATEST,1-690ef16c-0c0a43-2715915f4b0b,OnDemand,,,37.64,
,A91AC64A0F8E1976F88383B363514050-5,1762586989,FCRequestMetrics:/n-matmul-2048,32,32,,,795.58,n-matmul-2048,false,cc3f8c782a21,,c-690ef151-0cf1abd9-7fe4e69dd5c1,1762586988455,Sync,825.49,1762586988426,21.0.3.8,false,2048,44.00,InvokeFunction,,,LATEST,1-690ef16c-0c49fa-9301a126c03f,OnDemand,,,29.27,
,510F8A150819018E635E267F62520B9B-3,1762586989,FCRequestMetrics:/n-matmul-2048,32,32,,,785.90,n-matmul-2048,false,c8577adbf622,,c-690ef10b-0cf1abd9-26ef2c508c1e,1762586988470,Sync,791.17,1762586988465,21.0.3.8,false,2048,41.47,InvokeFunction,,,LATEST,1-690ef16c-0c49fa-2f37f162dc4d,OnDemand,,,4.54,
,2ECD84792EE924A03BABF1E3B673BF9D-8,1762586989,FCRequestMetrics:/n-matmul-2048,32,32,,,645.67,n-matmul-2048,false,203a62c08916,,c-690ef155-0cf1abd9-fdccf7e0f65d,1762586988454,Sync,684.04,1762586988417,21.0.3.8,false,2048,38.95,InvokeFunction,,,LATEST,1-690ef16c-0c0a43-da22d6bac712,OnDemand,,,36.94,
,211620C9A07558D2D8764497DA6068A4-3,1762586989,FCRequestMetrics:/n-matmul-2048,32,32,,,790.34,n-matmul-2048,false,e053c99a8bb6,,c-690ef10b-0cf1abd9-9de429f2e3c5,1762586988623,Sync,908.43,1762586988505,21.0.3.8,false,2048,39.05,InvokeFunction,,,LATEST,1-690ef16c-0c0a43-63dd622c6b72,OnDemand,,,117.43,
,D461B99DDC361457A1C9EC0902546FD1-4,1762586989,FCRequestMetrics:/n-matmul-2048,32,32,,,813.33,n-matmul-2048,false,ed2ed25159fc,,c-690ef14f-0cf1abd9-e247acd3fed5,1762586988648,Sync,815.36,1762586988646,21.0.3.8,false,2048,39.91,InvokeFunction,,,LATEST,1-690ef16c-0c0a43-f06f4f073da6,OnDemand,,,1.33,
,7B2CA077525D5F38D7687113836FF4D4-9,1762586989,FCRequestMetrics:/n-matmul-2048,32,32,,,804.66,n-matmul-2048,false,dd2888fed1c9,,c-690ef14f-0cf1abd9-cabc0eaa101b,1762586989158,Sync,1137.51,1762586988826,21.0.3.8,false,2048,38.51,InvokeFunction,,,LATEST,1-690ef16c-0c49fa-c65b313a169c,OnDemand,,,332.14,
,C38D529AEE78E8BFEBBDDADEDE13D41B-1,1762586989,FCRequestMetrics:/n-matmul-2048,32,32,,,794.38,n-matmul-2048,false,965073b71ef9,,c-690ef12c-0cf1abd9-ee855b82b2d6,1762586988336,Sync,1133.40,1762586987997,21.0.3.7,false,2048,38.71,InvokeFunction,,,LATEST,1-690ef16b-0c0a43-2a17ea7b9146,OnDemand,,,338.24,
,C38D529AEE78E8BFEBBDDADEDE13D41B-1,1762586989,FCRequestMetrics:/n-matmul-2048,32,32,,,781.11,n-matmul-2048,false,965073b71ef9,,c-690ef12c-0cf1abd9-ee855b82b2d6,1762586989133,Sync,1142.20,1762586988773,21.0.3.7,false,2048,41.86,InvokeFunction,,,LATEST,1-690ef16c-0c49fa-899f8507cc93,OnDemand,,,360.33,
,2ECD84792EE924A03BABF1E3B673BF9D-A,1762586989,FCRequestMetrics:/n-matmul-2048,32,32,,,804.21,n-matmul-2048,false,203a62c08916,,c-690ef155-0cf1abd9-fdccf7e0f65d,1762586989104,Sync,1018.33,1762586988890,21.0.3.8,false,2048,40.68,InvokeFunction,,,LATEST,1-690ef16c-0c0a43-3bf25bd060d3,OnDemand,,,213.18,
,943CF4692F491FB15BAF1EAB0CB8860A-3,1762586989,FCRequestMetrics:/n-matmul-2048,32,32,,,645.82,n-matmul-2048,false,bfd14e2c48c1,,c-690ef14e-0cf1abd9-da3a9c4be72b,1762586988736,Sync,678.05,1762586988704,21.0.3.8,false,2048,36.39,InvokeFunction,,,LATEST,1-690ef16c-0c0a43-a5e0b324423f,OnDemand,,,31.52,
,A5C7CD7E71BB55429480C147D0ABD6E0-5,1762586989,FCRequestMetrics:/n-matmul-2048,32,32,,,656.38,n-matmul-2048,false,b9c50fa7ffa2,,c-690ef10b-0cf1abd9-39e48c7dd1cd,1762586988668,Sync,665.76,1762586988659,21.0.3.8,false,2048,34.07,InvokeFunction,,,LATEST,1-690ef16c-0c49fa-c6601785a740,OnDemand,,,8.70,
,636547988E635DCC4C08253D0766BAEB-1,1762586989,FCRequestMetrics:/n-matmul-2048,32,32,,,886.95,n-matmul-2048,false,3da1c5559a3b,,c-690ef156-0cf1abd9-a60f14769352,1762586988444,Sync,1071.19,1762586988260,21.0.3.8,false,2048,40.79,InvokeFunction,,,LATEST,1-690ef16c-0c0a43-58abfe3c48ad,OnDemand,,,183.45,
,9A02C87DA0F400C9E40F40EF2DF6006D-3,1762586989,FCRequestMetrics:/n-matmul-2048,32,32,,,679.18,n-matmul-2048,false,3ea4534df15d,,c-690ef10b-0cf1abd9-31fefea0e1fd,1762586988710,Sync,705.94,1762586988684,21.0.3.8,false,2048,26.78,InvokeFunction,,,LATEST,1-690ef16c-0c0a43-89986181bab2,OnDemand,,,24.82,
,DC91F31EAE4326850C248390B5A5E361-3,1762586989,FCRequestMetrics:/n-matmul-2048,32,32,,,707.34,n-matmul-2048,false,cf01fd95e6f6,,c-690ef150-0cf1abd9-91e7929a8b40,1762586988650,Sync,711.80,1762586988646,21.0.3.8,false,2048,26.59,InvokeFunction,,,LATEST,1-690ef16c-0c0a43-79379431e25b,OnDemand,,,3.42,
,B63107B9394C762ADF436F322BAA4B65-2,1762586989,FCRequestMetrics:/n-matmul-2048,32,32,,,646.70,n-matmul-2048,false,1ccfa60657e6,,c-690ef10b-0cf1abd9-672e1c9f5eed,1762586988390,Sync,660.25,1762586988377,21.0.3.8,false,2048,38.45,InvokeFunction,,,LATEST,1-690ef16c-0c49fa-b5ffa1d065d1,OnDemand,,,12.92,
,B63107B9394C762ADF436F322BAA4B65-2,1762586989,FCRequestMetrics:/n-matmul-2048,32,32,,,611.98,n-matmul-2048,false,1ccfa60657e6,,c-690ef10b-0cf1abd9-672e1c9f5eed,1762586989041,Sync,784.11,1762586988869,21.0.3.8,false,2048,39.92,InvokeFunction,,,LATEST,1-690ef16c-0c49fa-5b98e87fa267,OnDemand,,,171.42,
,46B19270B472A6D217A2E559E7E7C97B-3,1762586989,FCRequestMetrics:/n-matmul-2048,32,32,,,787.70,n-matmul-2048,false,869d26b39717,,c-690ef10b-0cf1abd9-b6750c057b8f,1762586988746,Sync,1027.76,1762586988507,21.0.3.8,false,2048,38.94,InvokeFunction,,,LATEST,1-690ef16c-0c0a43-f675c1e01e22,OnDemand,,,239.30,
,B1BC54E0839163A3A2719B2791B845EA-6,1762586989,FCRequestMetrics:/n-matmul-2048,32,32,,,657.56,n-matmul-2048,false,c5eb2abfaa5d,,c-690ef14c-0cf1abd9-28e65fb7d593,1762586988823,Sync,658.88,1762586988822,21.0.3.5,false,2048,38.75,InvokeFunction,,,LATEST,1-690ef16c-0c0a43-a5f23f8fb504,OnDemand,,,0.54,
,00E67D373DA9C60BEF759D13208EAAD9-4,1762586989,FCRequestMetrics:/n-matmul-2048,32,32,,,658.98,n-matmul-2048,false,9013ed408e73,,c-690ef10b-0cf1abd9-dbc16e7d233d,1762586988355,Sync,689.40,1762586988331,21.0.3.8,false,2048,36.20,InvokeFunction,,,LATEST,1-690ef16c-0c49fa-c223506c8d45,OnDemand,,,24.37,
,00E67D373DA9C60BEF759D13208EAAD9-4,1762586989,FCRequestMetrics:/n-matmul-2048,32,32,,,782.75,n-matmul-2048,false,9013ed408e73,,c-690ef10b-0cf1abd9-dbc16e7d233d,1762586989023,Sync,967.64,1762586988838,21.0.3.8,false,2048,40.60,InvokeFunction,,,LATEST,1-690ef16c-0c0a43-873b057376ec,OnDemand,,,184.23,
,CFD93EE32B19E972234D28D1C13E1AA8-1,1762586989,FCRequestMetrics:/n-matmul-2048,7,7,,,1043.99,n-matmul-2048,false,7a537213662e,,c-690ef15f-0cf1abd9-fd32f0b49b00,1762586988834,Sync,1046.08,1762586988833,21.0.3.8,false,2048,39.12,InvokeFunction,,,LATEST,1-690ef16e-0c49fa-a35f63b2f78b,OnDemand,,,1.12,
,82C12ED6E643926156E0217F8DC83EE9-4,1762586989,FCRequestMetrics:/n-matmul-2048,32,32,,,833.57,n-matmul-2048,false,a9b6a74eafdc,,c-690ef12d-0cf1abd9-2948faf88166,1762586988848,Sync,847.78,1762586988834,21.0.3.8,false,2048,38.90,InvokeFunction,,,LATEST,1-690ef16c-0c0a43-09b50b113ec7,OnDemand,,,13.43,
,E08BA4ABFB8C4109D958EF35CCDE9E75-5,1762586989,FCRequestMetrics:/n-matmul-2048,32,32,,,775.03,n-matmul-2048,false,f6ea6fba0d1f,,c-690ef12a-0cf1abd9-0e59ac1cec40,1762586988838,Sync,781.39,1762586988832,21.0.3.6,false,2048,39.24,InvokeFunction,,,LATEST,1-690ef16c-0c49fa-a90c67b723f8,OnDemand,,,5.64,
,F0BCE0E40FE41E0F61DD5DAF956249CC-7,1762586989,FCRequestMetrics:/n-matmul-2048,32,32,,,0.02,n-matmul-2048,true,b9ed45a41c5d,,c-690ef139-0cf1abd9-bfec9b76d480,1762586988834,Sync,425.70,1762586988832,21.0.3.8,false,2048,2.23,InvokeFunction,,,LATEST,1-690ef16c-0c49fa-7e123bc3df2e,OnDemand,,,2.19,,"{""errorType"":""FunctionAbnormalExitError""}"
,F0BCE0E40FE41E0F61DD5DAF956249CC-7,1762586989,FCRequestMetrics:/n-matmul-2048,32,32,,,696.51,n-matmul-2048,false,b9ed45a41c5d,,c-690ef139-0cf1abd9-bfec9b76d480,1762586989259,Sync,942.49,1762586989014,21.0.3.8,false,2048,26.58,InvokeFunction,,,LATEST,1-690ef16d-0c0a43-75fa89ac54e9,OnDemand,,,245.13,
,91973BCA72DE9462DCC25EF55C6AC5B5-5,1762586989,FCRequestMetrics:/n-matmul-2048,32,32,,,695.44,n-matmul-2048,false,74deffaed995,,c-690ef14e-0cf1abd9-32bbbd8baf97,1762586988650,Sync,697.05,1762586988649,21.0.3.8,false,2048,34.35,InvokeFunction,,,LATEST,1-690ef16c-0c49fa-b6a6755894da,OnDemand,,,0.88,
,B10148BC96FECE49F2FC2439520A3175-5,1762586989,FCRequestMetrics:/n-matmul-2048,32,32,,,0.02,n-matmul-2048,true,9ae0a7a16fc1,,c-690ef12e-0cf1abd9-86b866453e74,1762586988993,Sync,577.20,1762586988838,21.0.3.7,false,2048,2.07,InvokeFunction,,,LATEST,1-690ef16c-0c0a43-c7f79a945405,OnDemand,,,155.14,,"{""errorType"":""FunctionAbnormalExitError""}"
,18363E7E93F59FF8F193127D52D86051-5,1762586989,FCRequestMetrics:/n-matmul-2048,32,32,,,650.86,n-matmul-2048,false,3f9c9a307fd4,,c-690ef130-0cf1abd9-454ab669b866,1762586988920,Sync,733.65,1762586988837,21.0.3.8,false,2048,34.39,InvokeFunction,,,LATEST,1-690ef16c-0c0a43-ba67365b0400,OnDemand,,,82.12,
,EB19AA8F9B61C51C3FCBC98D949BD1C2-7,1762586989,FCRequestMetrics:/n-matmul-2048,32,32,,,674.30,n-matmul-2048,false,211d8375abf1,,c-690ef12d-0cf1abd9-78e04fcb7549,1762586988375,Sync,676.23,1762586988373,21.0.3.8,false,2048,28.64,InvokeFunction,,,LATEST,1-690ef16c-0c49fa-a204e355aa41,OnDemand,,,1.29,
,EB19AA8F9B61C51C3FCBC98D949BD1C2-7,1762586989,FCRequestMetrics:/n-matmul-2048,32,32,,,654.38,n-matmul-2048,false,211d8375abf1,,c-690ef12d-0cf1abd9-78e04fcb7549,1762586989053,Sync,824.00,1762586988884,21.0.3.8,false,2048,36.09,InvokeFunction,,,LATEST,1-690ef16c-0c49fa-4b160f9b522a,OnDemand,,,169.00,
,B2D19E9889F3DDE524F4ACFCF2A5FEBF-3,1762586989,FCRequestMetrics:/n-matmul-2048,32,32,,,0.05,n-matmul-2048,true,95f39cca25aa,,c-690ef10b-0cf1abd9-336379de3020,1762586988854,Sync,430.13,1762586988835,21.0.3.8,false,2048,2.21,InvokeFunction,,,LATEST,1-690ef16c-0c49fa-7e44e5707308,OnDemand,,,19.26,,"{""errorType"":""FunctionAbnormalExitError""}"
,B2D19E9889F3DDE524F4ACFCF2A5FEBF-3,1762586989,FCRequestMetrics:/n-matmul-2048,32,32,,,662.49,n-matmul-2048,false,95f39cca25aa,,c-690ef10b-0cf1abd9-336379de3020,1762586989267,Sync,1098.67,1762586988831,21.0.3.8,false,2048,26.66,InvokeFunction,,,LATEST,1-690ef16c-0c0a43-9641660ee697,OnDemand,,,435.48,
,5E9C37D1C997E792337F0D79C839D1F6-4,1762586989,FCRequestMetrics:/n-matmul-2048,32,32,,,682.06,n-matmul-2048,false,7be323259747,,c-690ef12d-0cf1abd9-4ddba8cb6fd4,1762586988785,Sync,690.29,1762586988784,21.0.3.8,false,2048,26.52,InvokeFunction,,,LATEST,1-690ef16c-0c49fa-c32e4c0be177,OnDemand,,,0.85,
,7C3B3344857E71889D56CDA44A54F6B2-5,1762586989,FCRequestMetrics:/n-matmul-2048,32,32,,,666.11,n-matmul-2048,false,687fca8d325c,,c-690ef12c-0cf1abd9-6ced060ffe1b,1762586988818,Sync,668.27,1762586988817,21.0.3.8,false,2048,26.70,InvokeFunction,,,LATEST,1-690ef16c-0c49fa-3d19660f83dc,OnDemand,,,1.35,
,DDEEB29FD5ADFBB67E4F2FEB83463658-6,1762586989,FCRequestMetrics:/n-matmul-2048,32,32,,,771.62,n-matmul-2048,false,bc52147f2a7a,,c-690ef12c-0cf1abd9-69aaf8ca2a4b,1762586988872,Sync,807.97,1762586988836,21.0.3.8,false,2048,28.75,InvokeFunction,,,LATEST,1-690ef16c-0c49fa-e11df5d87dde,OnDemand,,,35.73,
,2523AFCDD5BD8A2B2953E48983230929-5,1762586989,FCRequestMetrics:/n-matmul-2048,32,32,,,0.02,n-matmul-2048,true,01d6f783bdb1,,c-690ef10b-0cf1abd9-dd39c218e942,1762586988610,Sync,556.25,1762586988490,21.0.3.8,false,2048,4.29,InvokeFunction,,,LATEST,1-690ef16c-0c49fa-04620295ad2c,OnDemand,,,119.79,,"{""errorType"":""FunctionAbnormalExitError""}"
,2523AFCDD5BD8A2B2953E48983230929-5,1762586989,FCRequestMetrics:/n-matmul-2048,32,32,,,675.00,n-matmul-2048,false,01d6f783bdb1,,c-690ef10b-0cf1abd9-dd39c218e942,1762586989048,Sync,849.24,1762586988875,21.0.3.8,false,2048,28.73,InvokeFunction,,,LATEST,1-690ef16c-0c49fa-e329647832e8,OnDemand,,,173.40,
,BF6FA9AF6994B690E2E5555B14FF4940-6,1762586989,FCRequestMetrics:/n-matmul-2048,32,32,,,0.06,n-matmul-2048,true,21ba44532db0,,c-690ef12f-0cf1abd9-72da07858f04,1762586989142,Sync,602.18,1762586988956,21.0.3.8,false,2048,2.25,InvokeFunction,,,LATEST,1-690ef16c-0c49fa-d31de265956e,OnDemand,,,185.19,,"{""errorType"":""FunctionAbnormalExitError""}"
,211620C9A07558D2D8764497DA6068A4-3,1762586989,FCRequestMetrics:/n-matmul-2048,32,32,,,0.02,n-matmul-2048,true,e053c99a8bb6,,c-690ef10b-0cf1abd9-9de429f2e3c5,1762586989416,Sync,563.75,1762586989258,21.0.3.8,false,2048,2.29,InvokeFunction,,,LATEST,1-690ef16d-0c0a43-1eadc769299f,OnDemand,,,157.88,,"{""errorType"":""FunctionAbnormalExitError""}"
,D5A4CD99F058D411C58A3919BEB264F4-2,1762586989,FCRequestMetrics:/n-matmul-2048,32,32,,,0.03,n-matmul-2048,true,a1586973fec8,,c-690ef10b-0cf1abd9-90463d425ca7,1762586989221,Sync,822.02,1762586988822,21.0.3.8,false,2048,2.09,InvokeFunction,,,LATEST,1-690ef16c-0c49fa-1b4ec31a9cd0,OnDemand,,,398.78,,"{""errorType"":""FunctionAbnormalExitError""}"
,A91AC64A0F8E1976F88383B363514050-4,1762586989,FCRequestMetrics:/n-matmul-2048,32,32,,,0.02,n-matmul-2048,true,cc3f8c782a21,,c-690ef151-0cf1abd9-7fe4e69dd5c1,1762586989253,Sync,835.47,1762586988826,21.0.3.8,false,2048,4.11,InvokeFunction,,,LATEST,1-690ef16c-0c0a43-7e4230724c8d,OnDemand,,,426.43,,"{""errorType"":""FunctionAbnormalExitError""}"
,510F8A150819018E635E267F62520B9B-2,1762586989,FCRequestMetrics:/n-matmul-2048,32,32,,,0.02,n-matmul-2048,true,c8577adbf622,,c-690ef10b-0cf1abd9-26ef2c508c1e,1762586989260,Sync,657.97,1762586989014,21.0.3.8,false,2048,2.19,InvokeFunction,,,LATEST,1-690ef16d-0c49fa-131248280379,OnDemand,,,246.20,,"{""errorType"":""FunctionAbnormalExitError""}"
,D461B99DDC361457A1C9EC0902546FD1-4,1762586989,FCRequestMetrics:/n-matmul-2048,32,32,,,0.03,n-matmul-2048,true,ed2ed25159fc,,c-690ef14f-0cf1abd9-e247acd3fed5,1762586989464,Sync,578.72,1762586989296,21.0.3.8,false,2048,4.12,InvokeFunction,,,LATEST,1-690ef16d-0c49fa-132399c4e580,OnDemand,,,168.65,,"{""errorType"":""FunctionAbnormalExitError""}"
,943CF4692F491FB15BAF1EAB0CB8860A-3,1762586990,FCRequestMetrics:/n-matmul-2048,32,32,,,793.60,n-matmul-2048,false,bfd14e2c48c1,,c-690ef14e-0cf1abd9-da3a9c4be72b,1762586989385,Sync,1089.12,1762586989090,21.0.3.8,false,2048,40.75,InvokeFunction,,,LATEST,1-690ef16d-0c49fa-212ccbb9a9b7,OnDemand,,,294.82,
,A5C7CD7E71BB55429480C147D0ABD6E0-5,1762586990,FCRequestMetrics:/n-matmul-2048,32,32,,,809.34,n-matmul-2048,false,b9c50fa7ffa2,,c-690ef10b-0cf1abd9-39e48c7dd1cd,1762586989328,Sync,1121.51,1762586989017,21.0.3.8,false,2048,38.62,InvokeFunction,,,LATEST,1-690ef16d-0c49fa-2b004d6e86dd,OnDemand,,,311.30,
,A5C7CD7E71BB55429480C147D0ABD6E0-5,1762586990,FCRequestMetrics:/n-matmul-2048,11,11,,,800.15,n-matmul-2048,false,b9c50fa7ffa2,,c-690ef10b-0cf1abd9-39e48c7dd1cd,1762586990181,Sync,805.71,1762586990179,21.0.3.8,false,2048,41.30,InvokeFunction,,,LATEST,1-690ef16e-0c49fa-c2b06db3204d,OnDemand,,,1.28,
,9A02C87DA0F400C9E40F40EF2DF6006D-3,1762586990,FCRequestMetrics:/n-matmul-2048,32,32,,,646.68,n-matmul-2048,false,3ea4534df15d,,c-690ef10b-0cf1abd9-31fefea0e1fd,1762586989393,Sync,862.25,1762586989178,21.0.3.8,false,2048,34.36,InvokeFunction,,,LATEST,1-690ef16d-0c49fa-ed2089424217,OnDemand,,,214.91,
,9A02C87DA0F400C9E40F40EF2DF6006D-3,1762586990,FCRequestMetrics:/n-matmul-2048,7,7,,,774.48,n-matmul-2048,false,3ea4534df15d,,c-690ef10b-0cf1abd9-31fefea0e1fd,1762586990046,Sync,776.36,1762586990045,21.0.3.8,false,2048,38.75,InvokeFunction,,,LATEST,1-690ef16e-0c49fa-b2fc794cded0,OnDemand,,,1.17,
,DC91F31EAE4326850C248390B5A5E361-3,1762586990,FCRequestMetrics:/n-matmul-2048,32,32,,,651.22,n-matmul-2048,false,cf01fd95e6f6,,c-690ef150-0cf1abd9-91e7929a8b40,1762586989361,Sync,1182.11,1762586988830,21.0.3.8,false,2048,34.46,InvokeFunction,,,LATEST,1-690ef16c-0c0a43-f17cd7615c3e,OnDemand,,,530.12,
,DC91F31EAE4326850C248390B5A5E361-3,1762586990,FCRequestMetrics:/n-matmul-2048,7,7,,,767.28,n-matmul-2048,false,cf01fd95e6f6,,c-690ef150-0cf1abd9-91e7929a8b40,1762586990040,Sync,768.58,1762586990039,21.0.3.8,false,2048,38.84,InvokeFunction,,,LATEST,1-690ef16e-0c0a43-44e735abef61,OnDemand,,,0.57,
,CFD93EE32B19E972234D28D1C13E1AA8-1,1762586990,FCRequestMetrics:/n-matmul-2048,8,8,,,936.15,n-matmul-2048,false,7a537213662e,,c-690ef15f-0cf1abd9-fd32f0b49b00,1762586989903,Sync,938.70,1762586989902,21.0.3.8,false,2048,41.32,InvokeFunction,,,LATEST,1-690ef16f-0c49fa-510cdc2a755f,OnDemand,,,1.67,
,F0BCE0E40FE41E0F61DD5DAF956249CC-7,1762586990,FCRequestMetrics:/n-matmul-2048,8,8,,,640.50,n-matmul-2048,false,b9ed45a41c5d,,c-690ef139-0cf1abd9-bfec9b76d480,1762586989961,Sync,648.03,1762586989959,21.0.3.8,false,2048,34.73,InvokeFunction,,,LATEST,1-690ef16d-0c49fa-ac7c5e16015e,OnDemand,,,1.24,
,B10148BC96FECE49F2FC2439520A3175-5,1762586990,FCRequestMetrics:/n-matmul-2048,32,32,,,673.92,n-matmul-2048,false,9ae0a7a16fc1,,c-690ef12e-0cf1abd9-86b866453e74,1762586989417,Sync,896.27,1762586989195,21.0.3.7,false,2048,26.74,InvokeFunction,,,LATEST,1-690ef16d-0c49fa-bae2c32ccf1b,OnDemand,,,221.69,
,B10148BC96FECE49F2FC2439520A3175-5,1762586990,FCRequestMetrics:/n-matmul-2048,7,7,,,643.38,n-matmul-2048,false,9ae0a7a16fc1,,c-690ef12e-0cf1abd9-86b866453e74,1762586990131,Sync,645.21,1762586990130,21.0.3.7,false,2048,34.09,InvokeFunction,,,LATEST,1-690ef16e-0c49fa-ef19bb74d540,OnDemand,,,1.12,
,B2D19E9889F3DDE524F4ACFCF2A5FEBF-3,1762586990,FCRequestMetrics:/n-matmul-2048,8,8,,,646.67,n-matmul-2048,false,95f39cca25aa,,c-690ef10b-0cf1abd9-336379de3020,1762586990004,Sync,648.88,1762586990003,21.0.3.8,false,2048,34.52,InvokeFunction,,,LATEST,1-690ef16e-0c49fa-8f2c95060d3c,OnDemand,,,1.43,
,7B2CA077525D5F38D7687113836FF4D4-9,1762586990,FCRequestMetrics:/n-matmul-2048,8,8,,,0.03,n-matmul-2048,true,dd2888fed1c9,,c-690ef14f-0cf1abd9-cabc0eaa101b,1762586989970,Sync,434.61,1762586989969,21.0.3.8,false,2048,2.25,InvokeFunction,,,LATEST,1-690ef16d-0c0a43-7922b2bee68f,OnDemand,,,0.48,,"{""errorType"":""FunctionAbnormalExitError""}"
,C38D529AEE78E8BFEBBDDADEDE13D41B-2,1762586990,FCRequestMetrics:/n-matmul-2048,7,7,,,0.03,n-matmul-2048,true,965073b71ef9,,c-690ef12c-0cf1abd9-ee855b82b2d6,1762586990052,Sync,428.15,1762586990051,21.0.3.7,false,2048,2.31,InvokeFunction,,,LATEST,1-690ef16e-0c0a43-694f4ed81571,OnDemand,,,0.48,,"{""errorType"":""FunctionAbnormalExitError""}"
,2ECD84792EE924A03BABF1E3B673BF9D-A,1762586990,FCRequestMetrics:/n-matmul-2048,7,7,,,0.03,n-matmul-2048,true,203a62c08916,,c-690ef155-0cf1abd9-fdccf7e0f65d,1762586990081,Sync,432.48,1762586990080,21.0.3.8,false,2048,4.27,InvokeFunction,,,LATEST,1-690ef16e-0c49fa-b53ed534eb6e,OnDemand,,,1.16,,"{""errorType"":""FunctionAbnormalExitError""}"
,943CF4692F491FB15BAF1EAB0CB8860A-3,1762586991,FCRequestMetrics:/n-matmul-2048,11,11,,,803.14,n-matmul-2048,false,bfd14e2c48c1,,c-690ef14e-0cf1abd9-da3a9c4be72b,1762586990222,Sync,805.13,1762586990220,21.0.3.8,false,2048,44.04,InvokeFunction,,,LATEST,1-690ef16e-0c49fa-fa0a5bbdf1d0,OnDemand,,,1.22,
,9A02C87DA0F400C9E40F40EF2DF6006D-3,1762586991,FCRequestMetrics:/n-matmul-2048,6,6,,,799.85,n-matmul-2048,false,3ea4534df15d,,c-690ef10b-0cf1abd9-31fefea0e1fd,1762586990848,Sync,801.09,1762586990847,21.0.3.8,false,2048,42.09,InvokeFunction,,,LATEST,1-690ef16e-0c0a43-d1d0ebfcc507,OnDemand,,,0.54,
,DC91F31EAE4326850C248390B5A5E361-3,1762586991,FCRequestMetrics:/n-matmul-2048,8,8,,,790.59,n-matmul-2048,false,cf01fd95e6f6,,c-690ef150-0cf1abd9-91e7929a8b40,1762586990816,Sync,797.88,1762586990814,21.0.3.8,false,2048,42.40,InvokeFunction,,,LATEST,1-690ef16e-0c49fa-e078f6f8ce17,OnDemand,,,1.33,
,B63107B9394C762ADF436F322BAA4B65-2,1762586991,FCRequestMetrics:/n-matmul-2048,6,6,,,786.55,n-matmul-2048,false,1ccfa60657e6,,c-690ef10b-0cf1abd9-672e1c9f5eed,1762586991075,Sync,787.87,1762586991074,21.0.3.8,false,2048,42.21,InvokeFunction,,,LATEST,1-690ef16f-0c0a43-666ed96120c1,OnDemand,,,0.57,
,00E67D373DA9C60BEF759D13208EAAD9-4,1762586991,FCRequestMetrics:/n-matmul-2048,6,6,,,796.92,n-matmul-2048,false,9013ed408e73,,c-690ef10b-0cf1abd9-dbc16e7d233d,1762586991072,Sync,798.53,1762586991071,21.0.3.8,false,2048,43.70,InvokeFunction,,,LATEST,1-690ef16f-0c49fa-de202bf89d97,OnDemand,,,0.76,
,636547988E635DCC4C08253D0766BAEB-3,1762586991,FCRequestMetrics:/n-matmul-2048,6,6,,,851.67,n-matmul-2048,false,3da1c5559a3b,,c-690ef156-0cf1abd9-a60f14769352,1762586990663,Sync,853.83,1762586990662,21.0.3.8,false,2048,44.16,InvokeFunction,,,LATEST,1-690ef16f-0c49fa-53d39becf870,OnDemand,,,0.92,
,82C12ED6E643926156E0217F8DC83EE9-4,1762586991,FCRequestMetrics:/n-matmul-2048,6,6,,,795.55,n-matmul-2048,false,a9b6a74eafdc,,c-690ef12d-0cf1abd9-2948faf88166,1762586991074,Sync,797.63,1762586991073,21.0.3.8,false,2048,42.35,InvokeFunction,,,LATEST,1-690ef16f-0c49fa-733f3e0c3979,OnDemand,,,1.18,
,F0BCE0E40FE41E0F61DD5DAF956249CC-7,1762586991,FCRequestMetrics:/n-matmul-2048,7,7,,,676.94,n-matmul-2048,false,b9ed45a41c5d,,c-690ef139-0cf1abd9-bfec9b76d480,1762586990648,Sync,679.12,1762586990647,21.0.3.8,false,2048,36.57,InvokeFunction,,,LATEST,1-690ef16e-0c49fa-84142f113198,OnDemand,,,1.26,
,B10148BC96FECE49F2FC2439520A3175-5,1762586991,FCRequestMetrics:/n-matmul-2048,6,6,,,780.96,n-matmul-2048,false,9ae0a7a16fc1,,c-690ef12e-0cf1abd9-86b866453e74,1762586990861,Sync,782.60,1762586990860,21.0.3.7,false,2048,38.53,InvokeFunction,,,LATEST,1-690ef16e-0c49fa-a5719426c561,OnDemand,,,0.95,
,EB19AA8F9B61C51C3FCBC98D949BD1C2-7,1762586991,FCRequestMetrics:/n-matmul-2048,6,6,,,777.19,n-matmul-2048,false,211d8375abf1,,c-690ef12d-0cf1abd9-78e04fcb7549,1762586991073,Sync,778.41,1762586991072,21.0.3.8,false,2048,40.14,InvokeFunction,,,LATEST,1-690ef16f-0c0a43-33ea7ef0609d,OnDemand,,,0.52,
,B2D19E9889F3DDE524F4ACFCF2A5FEBF-3,1762586991,FCRequestMetrics:/n-matmul-2048,7,7,,,781.24,n-matmul-2048,false,95f39cca25aa,,c-690ef10b-0cf1abd9-336379de3020,1762586990691,Sync,783.13,1762586990690,21.0.3.8,false,2048,38.97,InvokeFunction,,,LATEST,1-690ef16e-0c49fa-ffda80e4a7cc,OnDemand,,,1.12,
,2523AFCDD5BD8A2B2953E48983230929-5,1762586991,FCRequestMetrics:/n-matmul-2048,6,6,,,649.85,n-matmul-2048,false,01d6f783bdb1,,c-690ef10b-0cf1abd9-dd39c218e942,1762586991073,Sync,651.97,1762586991071,21.0.3.8,false,2048,36.30,InvokeFunction,,,LATEST,1-690ef16f-0c49fa-b7085c4bfb7f,OnDemand,,,1.36,
,C1124F392E96F7157640100E932BDA24-3,1762586991,FCRequestMetrics:/n-matmul-2048,19,19,,,839.46,n-matmul-2048,false,67bba880de6a,,c-690ef15e-0cf1abd9-14d01dd57fb0,1762586990893,Sync,841.54,1762586990892,21.0.3.8,false,2048,38.63,InvokeFunction,,,LATEST,1-690ef16f-0c49fa-de76028b4494,OnDemand,,,1.13,
,211620C9A07558D2D8764497DA6068A4-3,1762586991,FCRequestMetrics:/n-matmul-2048,6,6,,,678.29,n-matmul-2048,false,e053c99a8bb6,,c-690ef10b-0cf1abd9-9de429f2e3c5,1762586991071,Sync,679.50,1762586991070,21.0.3.8,false,2048,26.73,InvokeFunction,,,LATEST,1-690ef16f-0c0a43-576ea2d8a270,OnDemand,,,0.47,
,7B2CA077525D5F38D7687113836FF4D4-9,1762586991,FCRequestMetrics:/n-matmul-2048,6,6,,,688.83,n-matmul-2048,false,dd2888fed1c9,,c-690ef14f-0cf1abd9-cabc0eaa101b,1762586991067,Sync,690.70,1762586991066,21.0.3.8,false,2048,26.84,InvokeFunction,,,LATEST,1-690ef16f-0c49fa-5be78421ffe4,OnDemand,,,0.79,
,A91AC64A0F8E1976F88383B363514050-4,1762586991,FCRequestMetrics:/n-matmul-2048,6,6,,,678.53,n-matmul-2048,false,cc3f8c782a21,,c-690ef151-0cf1abd9-7fe4e69dd5c1,1762586991076,Sync,680.46,1762586991074,21.0.3.8,false,2048,26.39,InvokeFunction,,,LATEST,1-690ef16f-0c49fa-cdb8f530332d,OnDemand,,,1.02,
,510F8A150819018E635E267F62520B9B-2,1762586991,FCRequestMetrics:/n-matmul-2048,6,6,,,673.55,n-matmul-2048,false,c8577adbf622,,c-690ef10b-0cf1abd9-26ef2c508c1e,1762586991074,Sync,674.85,1762586991073,21.0.3.8,false,2048,26.66,InvokeFunction,,,LATEST,1-690ef16f-0c0a43-102a952d6e81,OnDemand,,,0.49,
,C38D529AEE78E8BFEBBDDADEDE13D41B-2,1762586991,FCRequestMetrics:/n-matmul-2048,6,6,,,677.37,n-matmul-2048,false,965073b71ef9,,c-690ef12c-0cf1abd9-ee855b82b2d6,1762586991065,Sync,678.69,1762586991064,21.0.3.7,false,2048,26.61,InvokeFunction,,,LATEST,1-690ef16f-0c0a43-dc51978f384e,OnDemand,,,0.51,
,D461B99DDC361457A1C9EC0902546FD1-4,1762586991,FCRequestMetrics:/n-matmul-2048,6,6,,,672.79,n-matmul-2048,false,ed2ed25159fc,,c-690ef14f-0cf1abd9-e247acd3fed5,1762586991071,Sync,674.63,1762586991069,21.0.3.8,false,2048,26.50,InvokeFunction,,,LATEST,1-690ef16f-0c49fa-2c6f7e7aa4c5,OnDemand,,,1.13,
,2ECD84792EE924A03BABF1E3B673BF9D-A,1762586991,FCRequestMetrics:/n-matmul-2048,6,6,,,678.54,n-matmul-2048,false,203a62c08916,,c-690ef155-0cf1abd9-fdccf7e0f65d,1762586991064,Sync,679.99,1762586991063,21.0.3.8,false,2048,26.70,InvokeFunction,,,LATEST,1-690ef16f-0c0a43-8c4eb34603b4,OnDemand,,,0.58,
,A5C7CD7E71BB55429480C147D0ABD6E0-5,1762586991,FCRequestMetrics:/n-matmul-2048,6,6,,,0.04,n-matmul-2048,true,b9c50fa7ffa2,,c-690ef10b-0cf1abd9-39e48c7dd1cd,1762586991062,Sync,429.53,1762586991060,21.0.3.8,false,2048,2.14,InvokeFunction,,,LATEST,1-690ef16f-0c49fa-e611d46ab84c,OnDemand,,,1.11,,"{""errorType"":""FunctionAbnormalExitError""}"
,943CF4692F491FB15BAF1EAB0CB8860A-3,1762586991,FCRequestMetrics:/n-matmul-2048,6,6,,,0.03,n-matmul-2048,true,bfd14e2c48c1,,c-690ef14e-0cf1abd9-da3a9c4be72b,1762586991046,Sync,411.28,1762586991045,21.0.3.8,false,2048,4.36,InvokeFunction,,,LATEST,1-690ef16f-0c49fa-6410b013c426,OnDemand,,,0.91,,"{""errorType"":""FunctionAbnormalExitError""}"
,CFD93EE32B19E972234D28D1C13E1AA8-1,1762586991,FCRequestMetrics:/n-matmul-2048,19,19,,,0.03,n-matmul-2048,true,7a537213662e,,c-690ef15f-0cf1abd9-fd32f0b49b00,1762586990844,Sync,468.98,1762586990842,21.0.3.8,false,2048,4.22,InvokeFunction,,,LATEST,1-690ef16f-0c49fa-95a30f92cd47,OnDemand,,,1.36,,"{""errorType"":""FunctionAbnormalExitError""}"
,F0BCE0E40FE41E0F61DD5DAF956249CC-7,1762586992,FCRequestMetrics:/n-matmul-2048,20,20,,,810.69,n-matmul-2048,false,b9ed45a41c5d,,c-690ef139-0cf1abd9-bfec9b76d480,1762586991367,Sync,812.89,1762586991366,21.0.3.8,false,2048,38.98,InvokeFunction,,,LATEST,1-690ef16f-0c49fa-830d6d5dba2a,OnDemand,,,1.45,
,91973BCA72DE9462DCC25EF55C6AC5B5-5,1762586992,FCRequestMetrics:/n-matmul-2048,19,19,,,647.75,n-matmul-2048,false,74deffaed995,,c-690ef14e-0cf1abd9-32bbbd8baf97,1762586991911,Sync,649.08,1762586991910,21.0.3.8,false,2048,36.68,InvokeFunction,,,LATEST,1-690ef16f-0c0a43-9c721f5a3ab1,OnDemand,,,0.57,
,B10148BC96FECE49F2FC2439520A3175-5,1762586992,FCRequestMetrics:/n-matmul-2048,18,18,,,793.25,n-matmul-2048,false,9ae0a7a16fc1,,c-690ef12e-0cf1abd9-86b866453e74,1762586991682,Sync,795.34,1762586991681,21.0.3.7,false,2048,41.48,InvokeFunction,,,LATEST,1-690ef16f-0c49fa-f3a9b05c73e1,OnDemand,,,1.35,
,18363E7E93F59FF8F193127D52D86051-5,1762586992,FCRequestMetrics:/n-matmul-2048,19,19,,,621.97,n-matmul-2048,false,3f9c9a307fd4,,c-690ef130-0cf1abd9-454ab669b866,1762586991906,Sync,623.82,1762586991905,21.0.3.8,false,2048,35.88,InvokeFunction,,,LATEST,1-690ef16f-0c49fa-f33d057234dd,OnDemand,,,0.91,
,46B19270B472A6D217A2E559E7E7C97B-5,1762586992,FCRequestMetrics:/n-matmul-2048,19,19,,,788.49,n-matmul-2048,false,869d26b39717,,c-690ef10b-0cf1abd9-b6750c057b8f,1762586991910,Sync,791.18,1762586991908,21.0.3.8,false,2048,42.17,InvokeFunction,,,LATEST,1-690ef16f-0c0a43-5746e9e4af27,OnDemand,,,0.48,
,E08BA4ABFB8C4109D958EF35CCDE9E75-7,1762586992,FCRequestMetrics:/n-matmul-2048,19,19,,,812.48,n-matmul-2048,false,f6ea6fba0d1f,,c-690ef12a-0cf1abd9-0e59ac1cec40,1762586991906,Sync,814.36,1762586991904,21.0.3.6,false,2048,42.26,InvokeFunction,,,LATEST,1-690ef16f-0c49fa-93a4ad3fa955,OnDemand,,,1.16,
,B1BC54E0839163A3A2719B2791B845EA-8,1762586992,FCRequestMetrics:/n-matmul-2048,19,19,,,782.77,n-matmul-2048,false,c5eb2abfaa5d,,c-690ef14c-0cf1abd9-28e65fb7d593,1762586991910,Sync,783.94,1762586991910,21.0.3.5,false,2048,40.68,InvokeFunction,,,LATEST,1-690ef16f-0c0a43-2190ba244c9e,OnDemand,,,0.48,
,EB19AA8F9B61C51C3FCBC98D949BD1C2-7,1762586992,FCRequestMetrics:/n-matmul-2048,19,19,,,788.13,n-matmul-2048,false,211d8375abf1,,c-690ef12d-0cf1abd9-78e04fcb7549,1762586991899,Sync,790.14,1762586991897,21.0.3.8,false,2048,43.43,InvokeFunction,,,LATEST,1-690ef16f-0c49fa-288114c3c12c,OnDemand,,,1.33,
,B2D19E9889F3DDE524F4ACFCF2A5FEBF-3,1762586992,FCRequestMetrics:/n-matmul-2048,19,19,,,781.10,n-matmul-2048,false,95f39cca25aa,,c-690ef10b-0cf1abd9-336379de3020,1762586991900,Sync,782.44,1762586991899,21.0.3.8,false,2048,42.09,InvokeFunction,,,LATEST,1-690ef16f-0c0a43-70a3f05148a6,OnDemand,,,0.53,
,5E9C37D1C997E792337F0D79C839D1F6-4,1762586992,FCRequestMetrics:/n-matmul-2048,19,19,,,653.64,n-matmul-2048,false,7be323259747,,c-690ef12d-0cf1abd9-4ddba8cb6fd4,1762586991911,Sync,654.73,1762586991910,21.0.3.8,false,2048,34.50,InvokeFunction,,,LATEST,1-690ef16f-0c0a43-49042dae07bc,OnDemand,,,0.45,
,7C3B3344857E71889D56CDA44A54F6B2-5,1762586992,FCRequestMetrics:/n-matmul-2048,19,19,,,659.46,n-matmul-2048,false,687fca8d325c,,c-690ef12c-0cf1abd9-6ced060ffe1b,1762586991911,Sync,662.69,1762586991909,21.0.3.8,false,2048,34.22,InvokeFunction,,,LATEST,1-690ef16f-0c49fa-8538923b27f0,OnDemand,,,0.89,
,DDEEB29FD5ADFBB67E4F2FEB83463658-6,1762586992,FCRequestMetrics:/n-matmul-2048,19,19,,,645.10,n-matmul-2048,false,bc52147f2a7a,,c-690ef12c-0cf1abd9-69aaf8ca2a4b,1762586991903,Sync,648.51,1762586991900,21.0.3.8,false,2048,36.38,InvokeFunction,,,LATEST,1-690ef16f-0c49fa-069669ed3d37,OnDemand,,,1.30,
,2523AFCDD5BD8A2B2953E48983230929-5,1762586992,FCRequestMetrics:/n-matmul-2048,18,18,,,784.21,n-matmul-2048,false,01d6f783bdb1,,c-690ef10b-0cf1abd9-dd39c218e942,1762586991797,Sync,786.53,1762586991796,21.0.3.8,false,2048,40.50,InvokeFunction,,,LATEST,1-690ef16f-0c49fa-6e7c7a2be7f9,OnDemand,,,1.34,
,C1124F392E96F7157640100E932BDA24-3,1762586992,FCRequestMetrics:/n-matmul-2048,26,26,,,878.57,n-matmul-2048,false,67bba880de6a,,c-690ef15e-0cf1abd9-14d01dd57fb0,1762586991796,Sync,880.12,1762586991795,21.0.3.8,false,2048,41.65,InvokeFunction,,,LATEST,1-690ef170-0c0a43-f9ecbda9d4e0,OnDemand,,,0.49,
,BF6FA9AF6994B690E2E5555B14FF4940-6,1762586992,FCRequestMetrics:/n-matmul-2048,19,19,,,676.63,n-matmul-2048,false,21ba44532db0,,c-690ef12f-0cf1abd9-72da07858f04,1762586991908,Sync,678.00,1762586991907,21.0.3.8,false,2048,28.72,InvokeFunction,,,LATEST,1-690ef16f-0c0a43-caad830b214f,OnDemand,,,0.46,
,211620C9A07558D2D8764497DA6068A4-3,1762586992,FCRequestMetrics:/n-matmul-2048,18,18,,,654.77,n-matmul-2048,false,e053c99a8bb6,,c-690ef10b-0cf1abd9-9de429f2e3c5,1762586991789,Sync,656.77,1762586991788,21.0.3.8,false,2048,34.11,InvokeFunction,,,LATEST,1-690ef16f-0c49fa-be0d620c9129,OnDemand,,,1.35,
,7B2CA077525D5F38D7687113836FF4D4-9,1762586992,FCRequestMetrics:/n-matmul-2048,18,18,,,661.43,n-matmul-2048,false,dd2888fed1c9,,c-690ef14f-0cf1abd9-cabc0eaa101b,1762586991773,Sync,672.88,1762586991762,21.0.3.8,false,2048,34.49,InvokeFunction,,,LATEST,1-690ef16f-0c49fa-06951d13890a,OnDemand,,,10.66,
,D5A4CD99F058D411C58A3919BEB264F4-2,1762586992,FCRequestMetrics:/n-matmul-2048,19,19,,,669.40,n-matmul-2048,false,a1586973fec8,,c-690ef10b-0cf1abd9-90463d425ca7,1762586991903,Sync,670.70,1762586991902,21.0.3.8,false,2048,26.97,InvokeFunction,,,LATEST,1-690ef16f-0c0a43-562a89d3caee,OnDemand,,,0.52,
,A91AC64A0F8E1976F88383B363514050-4,1762586992,FCRequestMetrics:/n-matmul-2048,18,18,,,645.84,n-matmul-2048,false,cc3f8c782a21,,c-690ef151-0cf1abd9-7fe4e69dd5c1,1762586991789,Sync,647.17,1762586991788,21.0.3.8,false,2048,34.32,InvokeFunction,,,LATEST,1-690ef16f-0c0a43-101e7beacb19,OnDemand,,,0.60,
,510F8A150819018E635E267F62520B9B-2,1762586992,FCRequestMetrics:/n-matmul-2048,18,18,,,650.36,n-matmul-2048,false,c8577adbf622,,c-690ef10b-0cf1abd9-26ef2c508c1e,1762586991788,Sync,651.64,1762586991788,21.0.3.8,false,2048,34.24,InvokeFunction,,,LATEST,1-690ef16f-0c0a43-8ac603627e02,OnDemand,,,0.51,
,C38D529AEE78E8BFEBBDDADEDE13D41B-2,1762586992,FCRequestMetrics:/n-matmul-2048,18,18,,,660.87,n-matmul-2048,false,965073b71ef9,,c-690ef12c-0cf1abd9-ee855b82b2d6,1762586991797,Sync,662.95,1762586991795,21.0.3.7,false,2048,34.07,InvokeFunction,,,LATEST,1-690ef16f-0c49fa-722b4a22ddff,OnDemand,,,1.34,
,D461B99DDC361457A1C9EC0902546FD1-4,1762586992,FCRequestMetrics:/n-matmul-2048,18,18,,,668.28,n-matmul-2048,false,ed2ed25159fc,,c-690ef14f-0cf1abd9-e247acd3fed5,1762586991789,Sync,669.44,1762586991789,21.0.3.8,false,2048,34.44,InvokeFunction,,,LATEST,1-690ef16f-0c0a43-c5839a24fa76,OnDemand,,,0.45,
,2ECD84792EE924A03BABF1E3B673BF9D-A,1762586992,FCRequestMetrics:/n-matmul-2048,18,18,,,689.79,n-matmul-2048,false,203a62c08916,,c-690ef155-0cf1abd9-fdccf7e0f65d,1762586991790,Sync,691.02,1762586991789,21.0.3.8,false,2048,34.21,InvokeFunction,,,LATEST,1-690ef16f-0c0a43-9a83ff201f33,OnDemand,,,0.52,
,A5C7CD7E71BB55429480C147D0ABD6E0-5,1762586992,FCRequestMetrics:/n-matmul-2048,21,21,,,680.38,n-matmul-2048,false,b9c50fa7ffa2,,c-690ef10b-0cf1abd9-39e48c7dd1cd,1762586991515,Sync,682.64,1762586991513,21.0.3.8,false,2048,26.49,InvokeFunction,,,LATEST,1-690ef16f-0c49fa-d7456100be08,OnDemand,,,1.44,
,A5C7CD7E71BB55429480C147D0ABD6E0-5,1762586992,FCRequestMetrics:/n-matmul-2048,32,32,,,652.17,n-matmul-2048,false,b9c50fa7ffa2,,c-690ef10b-0cf1abd9-39e48c7dd1cd,1762586992220,Sync,654.36,1762586992218,21.0.3.8,false,2048,34.29,InvokeFunction,,,LATEST,1-690ef170-0c49fa-8ea56be53dc8,OnDemand,,,1.40,
,943CF4692F491FB15BAF1EAB0CB8860A-3,1762586992,FCRequestMetrics:/n-matmul-2048,19,19,,,698.09,n-matmul-2048,false,bfd14e2c48c1,,c-690ef14e-0cf1abd9-da3a9c4be72b,1762586991900,Sync,700.26,1762586991899,21.0.3.8,false,2048,27.41,InvokeFunction,,,LATEST,1-690ef16f-0c49fa-855f63a23d75,OnDemand,,,1.18,
,9A02C87DA0F400C9E40F40EF2DF6006D-3,1762586992,FCRequestMetrics:/n-matmul-2048,18,18,,,0.02,n-matmul-2048,true,3ea4534df15d,,c-690ef10b-0cf1abd9-31fefea0e1fd,1762586991652,Sync,430.01,1762586991651,21.0.3.8,false,2048,2.26,InvokeFunction,,,LATEST,1-690ef16f-0c49fa-f23a09c62461,OnDemand,,,1.09,,"{""errorType"":""FunctionAbnormalExitError""}"
,9A02C87DA0F400C9E40F40EF2DF6006D-3,1762586992,FCRequestMetrics:/n-matmul-2048,32,32,,,698.88,n-matmul-2048,false,3ea4534df15d,,c-690ef10b-0cf1abd9-31fefea0e1fd,1762586992090,Sync,879.15,1762586991911,21.0.3.8,false,2048,28.58,InvokeFunction,,,LATEST,1-690ef16f-0c0a43-4f49fd6fd6d0,OnDemand,,,179.59,
,CFD93EE32B19E972234D28D1C13E1AA8-1,1762586992,FCRequestMetrics:/n-matmul-2048,27,27,,,734.29,n-matmul-2048,false,7a537213662e,,c-690ef15f-0cf1abd9-fd32f0b49b00,1762586991521,Sync,735.66,1762586991521,21.0.3.8,false,2048,26.59,InvokeFunction,,,LATEST,1-690ef170-0c0a43-d110db8bcb98,OnDemand,,,0.44,
,CFD93EE32B19E972234D28D1C13E1AA8-1,1762586992,FCRequestMetrics:/n-matmul-2048,28,28,,,693.92,n-matmul-2048,false,7a537213662e,,c-690ef15f-0cf1abd9-fd32f0b49b00,1762586992261,Sync,696.00,1762586992260,21.0.3.8,false,2048,34.44,InvokeFunction,,,LATEST,1-690ef171-0c49fa-06ffa086abed,OnDemand,,,1.36,
,636547988E635DCC4C08253D0766BAEB-3,1762586992,FCRequestMetrics:/n-matmul-2048,19,19,,,0.02,n-matmul-2048,true,3da1c5559a3b,,c-690ef156-0cf1abd9-a60f14769352,1762586991557,Sync,453.17,1762586991556,21.0.3.8,false,2048,4.03,InvokeFunction,,,LATEST,1-690ef16f-0c49fa-bfb7e5b4af0f,OnDemand,,,0.88,,"{""errorType"":""FunctionAbnormalExitError""}"
,DC91F31EAE4326850C248390B5A5E361-3,1762586992,FCRequestMetrics:/n-matmul-2048,18,18,,,0.04,n-matmul-2048,true,cf01fd95e6f6,,c-690ef150-0cf1abd9-91e7929a8b40,1762586991690,Sync,424.76,1762586991689,21.0.3.8,false,2048,2.28,InvokeFunction,,,LATEST,1-690ef16f-0c0a43-3de30fc72d14,OnDemand,,,0.57,,"{""errorType"":""FunctionAbnormalExitError""}"
,DC91F31EAE4326850C248390B5A5E361-3,1762586992,FCRequestMetrics:/n-matmul-2048,32,32,,,728.98,n-matmul-2048,false,cf01fd95e6f6,,c-690ef150-0cf1abd9-91e7929a8b40,1762586992130,Sync,947.94,1762586991911,21.0.3.8,false,2048,26.35,InvokeFunction,,,LATEST,1-690ef16f-0c0a43-13df868ebc3e,OnDemand,,,218.29,
,00E67D373DA9C60BEF759D13208EAAD9-5,1762586992,FCRequestMetrics:/n-matmul-2048,19,19,,,0.03,n-matmul-2048,true,9013ed408e73,,c-690ef10b-0cf1abd9-dbc16e7d233d,1762586991893,Sync,423.27,1762586991892,21.0.3.8,false,2048,4.14,InvokeFunction,,,LATEST,1-690ef16f-0c0a43-8186d1d7a7fb,OnDemand,,,0.57,,"{""errorType"":""FunctionAbnormalExitError""}"
,B63107B9394C762ADF436F322BAA4B65-2,1762586992,FCRequestMetrics:/n-matmul-2048,19,19,,,0.04,n-matmul-2048,true,1ccfa60657e6,,c-690ef10b-0cf1abd9-672e1c9f5eed,1762586991894,Sync,433.49,1762586991893,21.0.3.8,false,2048,6.11,InvokeFunction,,,LATEST,1-690ef16f-0c0a43-a0b10e3f60fb,OnDemand,,,0.48,,"{""errorType"":""FunctionAbnormalExitError""}"
,82C12ED6E643926156E0217F8DC83EE9-4,1762586992,FCRequestMetrics:/n-matmul-2048,19,19,,,0.03,n-matmul-2048,true,a9b6a74eafdc,,c-690ef12d-0cf1abd9-2948faf88166,1762586991891,Sync,458.97,1762586991890,21.0.3.8,false,2048,2.11,InvokeFunction,,,LATEST,1-690ef16f-0c0a43-084b222aafc6,OnDemand,,,0.54,,"{""errorType"":""FunctionAbnormalExitError""}"
,B10148BC96FECE49F2FC2439520A3175-5,1762586992,FCRequestMetrics:/n-matmul-2048,27,27,,,0.03,n-matmul-2048,true,9ae0a7a16fc1,,c-690ef12e-0cf1abd9-86b866453e74,1762586992480,Sync,404.65,1762586992479,21.0.3.7,false,2048,2.35,InvokeFunction,,,LATEST,1-690ef170-0c0a43-3ef196ca8734,OnDemand,,,0.48,,"{""errorType"":""FunctionAbnormalExitError""}"
,F0BCE0E40FE41E0F61DD5DAF956249CC-6,1762586992,FCRequestMetrics:/n-matmul-2048,31,31,,,0.04,n-matmul-2048,true,b9ed45a41c5d,,c-690ef139-0cf1abd9-bfec9b76d480,1762586992237,Sync,420.47,1762586992235,21.0.3.8,false,2048,2.19,InvokeFunction,,,LATEST,1-690ef170-0c49fa-f038d7933f82,OnDemand,,,1.20,,"{""errorType"":""FunctionAbnormalExitError""}"
,5E9C37D1C997E792337F0D79C839D1F6-4,1762586993,FCRequestMetrics:/n-matmul-2048,28,28,,,654.05,n-matmul-2048,false,7be323259747,,c-690ef12d-0cf1abd9-4ddba8cb6fd4,1762586992570,Sync,656.78,1762586992568,21.0.3.8,false,2048,36.77,InvokeFunction,,,LATEST,1-690ef170-0c49fa-14221f766def,OnDemand,,,1.33,
,7C3B3344857E71889D56CDA44A54F6B2-5,1762586993,FCRequestMetrics:/n-matmul-2048,28,28,,,652.40,n-matmul-2048,false,687fca8d325c,,c-690ef12c-0cf1abd9-6ced060ffe1b,1762586992614,Sync,654.60,1762586992613,21.0.3.8,false,2048,36.62,InvokeFunction,,,LATEST,1-690ef170-0c49fa-f286c59bf709,OnDemand,,,1.36,
,DDEEB29FD5ADFBB67E4F2FEB83463658-6,1762586993,FCRequestMetrics:/n-matmul-2048,28,28,,,652.75,n-matmul-2048,false,bc52147f2a7a,,c-690ef12c-0cf1abd9-69aaf8ca2a4b,1762586992623,Sync,654.78,1762586992621,21.0.3.8,false,2048,38.59,InvokeFunction,,,LATEST,1-690ef170-0c49fa-8e5a8da23f1a,OnDemand,,,1.26,
,91973BCA72DE9462DCC25EF55C6AC5B5-7,1762586993,FCRequestMetrics:/n-matmul-2048,28,28,,,784.51,n-matmul-2048,false,74deffaed995,,c-690ef14e-0cf1abd9-32bbbd8baf97,1762586992614,Sync,785.74,1762586992613,21.0.3.8,false,2048,38.20,InvokeFunction,,,LATEST,1-690ef170-0c0a43-7c2f1a14b9c9,OnDemand,,,0.48,
,18363E7E93F59FF8F193127D52D86051-7,1762586993,FCRequestMetrics:/n-matmul-2048,28,28,,,808.79,n-matmul-2048,false,3f9c9a307fd4,,c-690ef130-0cf1abd9-454ab669b866,1762586992626,Sync,810.02,1762586992626,21.0.3.8,false,2048,38.32,InvokeFunction,,,LATEST,1-690ef170-0c0a43-0e548fa21207,OnDemand,,,0.46,
,2523AFCDD5BD8A2B2953E48983230929-5,1762586993,FCRequestMetrics:/n-matmul-2048,28,28,,,798.75,n-matmul-2048,false,01d6f783bdb1,,c-690ef10b-0cf1abd9-dd39c218e942,1762586992597,Sync,1485.09,1762586991911,21.0.3.8,false,2048,43.27,InvokeFunction,,,LATEST,1-690ef16f-0c49fa-33b1a21531bb,OnDemand,,,685.55,
,BF6FA9AF6994B690E2E5555B14FF4940-6,1762586993,FCRequestMetrics:/n-matmul-2048,28,28,,,653.39,n-matmul-2048,false,21ba44532db0,,c-690ef12f-0cf1abd9-72da07858f04,1762586992590,Sync,655.28,1762586992589,21.0.3.8,false,2048,36.37,InvokeFunction,,,LATEST,1-690ef170-0c49fa-f00b5807c1ee,OnDemand,,,1.13,
,211620C9A07558D2D8764497DA6068A4-3,1762586993,FCRequestMetrics:/n-matmul-2048,27,27,,,678.83,n-matmul-2048,false,e053c99a8bb6,,c-690ef10b-0cf1abd9-9de429f2e3c5,1762586992491,Sync,1257.81,1762586991912,21.0.3.8,false,2048,36.45,InvokeFunction,,,LATEST,1-690ef16f-0c49fa-97e7e5eeae9e,OnDemand,,,578.21,
,211620C9A07558D2D8764497DA6068A4-3,1762586993,FCRequestMetrics:/n-matmul-2048,28,28,,,788.09,n-matmul-2048,false,e053c99a8bb6,,c-690ef10b-0cf1abd9-9de429f2e3c5,1762586993191,Sync,789.37,1762586993190,21.0.3.8,false,2048,37.65,InvokeFunction,,,LATEST,1-690ef171-0c0a43-4102d1ebd502,OnDemand,,,0.57,
,7B2CA077525D5F38D7687113836FF4D4-9,1762586993,FCRequestMetrics:/n-matmul-2048,27,27,,,667.72,n-matmul-2048,false,dd2888fed1c9,,c-690ef14f-0cf1abd9-cabc0eaa101b,1762586992501,Sync,669.83,1762586992500,21.0.3.8,false,2048,36.91,InvokeFunction,,,LATEST,1-690ef170-0c49fa-f1f453a1ec83,OnDemand,,,1.19,
,D5A4CD99F058D411C58A3919BEB264F4-2,1762586993,FCRequestMetrics:/n-matmul-2048,28,28,,,668.42,n-matmul-2048,false,a1586973fec8,,c-690ef10b-0cf1abd9-90463d425ca7,1762586992601,Sync,669.62,1762586992600,21.0.3.8,false,2048,34.52,InvokeFunction,,,LATEST,1-690ef170-0c0a43-c37cfd61839a,OnDemand,,,0.48,
,A91AC64A0F8E1976F88383B363514050-4,1762586993,FCRequestMetrics:/n-matmul-2048,27,27,,,658.50,n-matmul-2048,false,cc3f8c782a21,,c-690ef151-0cf1abd9-7fe4e69dd5c1,1762586992502,Sync,1226.84,1762586991934,21.0.3.8,false,2048,36.67,InvokeFunction,,,LATEST,1-690ef16f-0c49fa-dc6f9b2f731e,OnDemand,,,567.59,
,510F8A150819018E635E267F62520B9B-2,1762586993,FCRequestMetrics:/n-matmul-2048,27,27,,,653.73,n-matmul-2048,false,c8577adbf622,,c-690ef10b-0cf1abd9-26ef2c508c1e,1762586992497,Sync,654.97,1762586992496,21.0.3.8,false,2048,36.58,InvokeFunction,,,LATEST,1-690ef170-0c0a43-2856ea7f8d07,OnDemand,,,0.54,
,C38D529AEE78E8BFEBBDDADEDE13D41B-2,1762586993,FCRequestMetrics:/n-matmul-2048,27,27,,,799.42,n-matmul-2048,false,965073b71ef9,,c-690ef12c-0cf1abd9-ee855b82b2d6,1762586992474,Sync,800.69,1762586992473,21.0.3.7,false,2048,38.15,InvokeFunction,,,LATEST,1-690ef170-0c0a43-027d31431fa8,OnDemand,,,0.56,
,D461B99DDC361457A1C9EC0902546FD1-4,1762586993,FCRequestMetrics:/n-matmul-2048,27,27,,,797.06,n-matmul-2048,false,ed2ed25159fc,,c-690ef14f-0cf1abd9-e247acd3fed5,1762586992476,Sync,799.23,1762586992475,21.0.3.8,false,2048,38.92,InvokeFunction,,,LATEST,1-690ef170-0c49fa-dd43ae04ecfe,OnDemand,,,1.42,
,2ECD84792EE924A03BABF1E3B673BF9D-A,1762586993,FCRequestMetrics:/n-matmul-2048,27,27,,,780.04,n-matmul-2048,false,203a62c08916,,c-690ef155-0cf1abd9-fdccf7e0f65d,1762586992486,Sync,782.18,1762586992484,21.0.3.8,false,2048,38.28,InvokeFunction,,,LATEST,1-690ef170-0c49fa-7af6cda677d2,OnDemand,,,1.34,
,A5C7CD7E71BB55429480C147D0ABD6E0-5,1762586993,FCRequestMetrics:/n-matmul-2048,29,29,,,657.56,n-matmul-2048,false,b9c50fa7ffa2,,c-690ef10b-0cf1abd9-39e48c7dd1cd,1762586992914,Sync,659.80,1762586992912,21.0.3.8,false,2048,36.45,InvokeFunction,,,LATEST,1-690ef170-0c49fa-253d0c429278,OnDemand,,,1.25,
,943CF4692F491FB15BAF1EAB0CB8860A-3,1762586993,FCRequestMetrics:/n-matmul-2048,28,28,,,651.98,n-matmul-2048,false,bfd14e2c48c1,,c-690ef14e-0cf1abd9-da3a9c4be72b,1762586992607,Sync,653.26,1762586992606,21.0.3.8,false,2048,34.41,InvokeFunction,,,LATEST,1-690ef170-0c0a43-121154497f5c,OnDemand,,,0.51,
,943CF4692F491FB15BAF1EAB0CB8860A-3,1762586993,FCRequestMetrics:/n-matmul-2048,20,20,,,653.83,n-matmul-2048,false,bfd14e2c48c1,,c-690ef14e-0cf1abd9-da3a9c4be72b,1762586993266,Sync,655.70,1762586993265,21.0.3.8,false,2048,36.67,InvokeFunction,,,LATEST,1-690ef171-0c49fa-5bfd38183ece,OnDemand,,,1.15,
,9A02C87DA0F400C9E40F40EF2DF6006D-3,1762586993,FCRequestMetrics:/n-matmul-2048,26,26,,,651.60,n-matmul-2048,false,3ea4534df15d,,c-690ef10b-0cf1abd9-31fefea0e1fd,1762586992831,Sync,652.86,1762586992830,21.0.3.8,false,2048,36.27,InvokeFunction,,,LATEST,1-690ef170-0c0a43-e5a4c74d7421,OnDemand,,,0.54,
,CFD93EE32B19E972234D28D1C13E1AA8-1,1762586993,FCRequestMetrics:/n-matmul-2048,32,32,,,711.02,n-matmul-2048,false,7a537213662e,,c-690ef15f-0cf1abd9-fd32f0b49b00,1762586992959,Sync,773.49,1762586992897,21.0.3.8,false,2048,36.50,InvokeFunction,,,LATEST,1-690ef171-0c0a43-3c0ff3b69266,OnDemand,,,61.65,
,B63107B9394C762ADF436F322BAA4B65-2,1762586993,FCRequestMetrics:/n-matmul-2048,29,29,,,674.16,n-matmul-2048,false,1ccfa60657e6,,c-690ef10b-0cf1abd9-672e1c9f5eed,1762586992640,Sync,676.42,1762586992638,21.0.3.8,false,2048,26.88,InvokeFunction,,,LATEST,1-690ef170-0c49fa-45452ec6919a,OnDemand,,,1.32,
,82C12ED6E643926156E0217F8DC83EE9-4,1762586993,FCRequestMetrics:/n-matmul-2048,27,27,,,691.82,n-matmul-2048,false,a9b6a74eafdc,,c-690ef12d-0cf1abd9-2948faf88166,1762586992516,Sync,694.08,1762586992515,21.0.3.8,false,2048,28.67,InvokeFunction,,,LATEST,1-690ef170-0c49fa-bb0a1a68fca9,OnDemand,,,1.36,
,82C12ED6E643926156E0217F8DC83EE9-4,1762586993,FCRequestMetrics:/n-matmul-2048,20,20,,,642.66,n-matmul-2048,false,a9b6a74eafdc,,c-690ef12d-0cf1abd9-2948faf88166,1762586993315,Sync,644.82,1762586993313,21.0.3.8,false,2048,36.52,InvokeFunction,,,LATEST,1-690ef171-0c49fa-d8e8c75de865,OnDemand,,,1.41,
,B10148BC96FECE49F2FC2439520A3175-5,1762586993,FCRequestMetrics:/n-matmul-2048,29,29,,,684.50,n-matmul-2048,false,9ae0a7a16fc1,,c-690ef12e-0cf1abd9-86b866453e74,1762586992901,Sync,685.83,1762586992900,21.0.3.7,false,2048,26.64,InvokeFunction,,,LATEST,1-690ef170-0c0a43-084b27e62299,OnDemand,,,0.61,
,2523AFCDD5BD8A2B2953E48983230929-5,1762586993,FCRequestMetrics:/n-matmul-2048,21,21,,,0.03,n-matmul-2048,true,01d6f783bdb1,,c-690ef10b-0cf1abd9-dd39c218e942,1762586993478,Sync,424.17,1762586993477,21.0.3.8,false,2048,4.05,InvokeFunction,,,LATEST,1-690ef171-0c0a43-45a8b527c881,OnDemand,,,0.51,,"{""errorType"":""FunctionAbnormalExitError""}"
,18363E7E93F59FF8F193127D52D86051-7,1762586993,FCRequestMetrics:/n-matmul-2048,21,21,,,0.03,n-matmul-2048,true,3f9c9a307fd4,,c-690ef130-0cf1abd9-454ab669b866,1762586993440,Sync,427.94,1762586993439,21.0.3.8,false,2048,2.25,InvokeFunction,,,LATEST,1-690ef171-0c0a43-d9050cc22483,OnDemand,,,0.46,,"{""errorType"":""FunctionAbnormalExitError""}"
,46B19270B472A6D217A2E559E7E7C97B-5,1762586993,FCRequestMetrics:/n-matmul-2048,29,29,,,0.02,n-matmul-2048,true,869d26b39717,,c-690ef10b-0cf1abd9-b6750c057b8f,1762586992721,Sync,420.61,1762586992720,21.0.3.8,false,2048,2.28,InvokeFunction,,,LATEST,1-690ef170-0c0a43-07e019799c8d,OnDemand,,,0.54,,"{""errorType"":""FunctionAbnormalExitError""}"
,C1124F392E96F7157640100E932BDA24-3,1762586993,FCRequestMetrics:/n-matmul-2048,23,23,,,0.04,n-matmul-2048,true,67bba880de6a,,c-690ef15e-0cf1abd9-14d01dd57fb0,1762586992757,Sync,481.03,1762586992756,21.0.3.8,false,2048,2.26,InvokeFunction,,,LATEST,1-690ef171-0c0a43-0006ca594ea5,OnDemand,,,0.49,,"{""errorType"":""FunctionAbnormalExitError""}"
,C1124F392E96F7157640100E932BDA24-3,1762586993,FCRequestMetrics:/n-matmul-2048,32,32,,,722.79,n-matmul-2048,false,67bba880de6a,,c-690ef15e-0cf1abd9-14d01dd57fb0,1762586993239,Sync,1034.46,1762586992929,21.0.3.8,false,2048,26.88,InvokeFunction,,,LATEST,1-690ef171-0c0a43-1d5c28940b19,OnDemand,,,309.47,
,91973BCA72DE9462DCC25EF55C6AC5B5-7,1762586993,FCRequestMetrics:/n-matmul-2048,21,21,,,0.04,n-matmul-2048,true,74deffaed995,,c-690ef14e-0cf1abd9-32bbbd8baf97,1762586993439,Sync,411.76,1762586993437,21.0.3.8,false,2048,2.33,InvokeFunction,,,LATEST,1-690ef171-0c49fa-e3eb99722e85,OnDemand,,,1.16,,"{""errorType"":""FunctionAbnormalExitError""}"
,B1BC54E0839163A3A2719B2791B845EA-8,1762586993,FCRequestMetrics:/n-matmul-2048,29,29,,,0.03,n-matmul-2048,true,c5eb2abfaa5d,,c-690ef14c-0cf1abd9-28e65fb7d593,1762586992728,Sync,414.56,1762586992726,21.0.3.5,false,2048,4.34,InvokeFunction,,,LATEST,1-690ef170-0c49fa-d1963fce10a7,OnDemand,,,1.40,,"{""errorType"":""FunctionAbnormalExitError""}"
,EB19AA8F9B61C51C3FCBC98D949BD1C2-7,1762586993,FCRequestMetrics:/n-matmul-2048,26,26,,,0.03,n-matmul-2048,true,211d8375abf1,,c-690ef12d-0cf1abd9-78e04fcb7549,1762586992734,Sync,428.52,1762586992733,21.0.3.8,false,2048,4.32,InvokeFunction,,,LATEST,1-690ef170-0c0a43-97eab6761bd5,OnDemand,,,0.43,,"{""errorType"":""FunctionAbnormalExitError""}"
,E08BA4ABFB8C4109D958EF35CCDE9E75-7,1762586993,FCRequestMetrics:/n-matmul-2048,29,29,,,0.03,n-matmul-2048,true,f6ea6fba0d1f,,c-690ef12a-0cf1abd9-0e59ac1cec40,1762586992722,Sync,441.32,1762586992721,21.0.3.6,false,2048,2.26,InvokeFunction,,,LATEST,1-690ef170-0c49fa-7041168d0ada,OnDemand,,,0.88,,"{""errorType"":""FunctionAbnormalExitError""}"
,B2D19E9889F3DDE524F4ACFCF2A5FEBF-3,1762586993,FCRequestMetrics:/n-matmul-2048,26,26,,,0.08,n-matmul-2048,true,95f39cca25aa,,c-690ef10b-0cf1abd9-336379de3020,1762586992761,Sync,437.69,1762586992759,21.0.3.8,false,2048,2.13,InvokeFunction,,,LATEST,1-690ef170-0c49fa-cf8f8822011e,OnDemand,,,1.18,,"{""errorType"":""FunctionAbnormalExitError""}"
,B2D19E9889F3DDE524F4ACFCF2A5FEBF-3,1762586993,FCRequestMetrics:/n-matmul-2048,28,28,,,674.27,n-matmul-2048,false,95f39cca25aa,,c-690ef10b-0cf1abd9-336379de3020,1762586993211,Sync,676.33,1762586993210,21.0.3.8,false,2048,28.57,InvokeFunction,,,LATEST,1-690ef171-0c49fa-c79ed55575c8,OnDemand,,,1.36,
,BF6FA9AF6994B690E2E5555B14FF4940-6,1762586994,FCRequestMetrics:/n-matmul-2048,20,20,,,832.99,n-matmul-2048,false,21ba44532db0,,c-690ef12f-0cf1abd9-72da07858f04,1762586993249,Sync,835.17,1762586993248,21.0.3.8,false,2048,40.80,InvokeFunction,,,LATEST,1-690ef171-0c49fa-e1dc4e64b8c6,OnDemand,,,1.33,
,5E9C37D1C997E792337F0D79C839D1F6-7,1762586994,FCRequestMetrics:/n-matmul-2048,20,20,,,786.23,n-matmul-2048,false,7be323259747,,c-690ef12d-0cf1abd9-4ddba8cb6fd4,1762586993241,Sync,787.45,1762586993240,21.0.3.8,false,2048,38.43,InvokeFunction,,,LATEST,1-690ef171-0c0a43-ae0d758c42f0,OnDemand,,,0.54,
,7B2CA077525D5F38D7687113836FF4D4-9,1762586994,FCRequestMetrics:/n-matmul-2048,28,28,,,826.84,n-matmul-2048,false,dd2888fed1c9,,c-690ef14f-0cf1abd9-cabc0eaa101b,1762586993211,Sync,828.91,1762586993210,21.0.3.8,false,2048,38.48,InvokeFunction,,,LATEST,1-690ef171-0c49fa-04edffb25ca2,OnDemand,,,1.20,
,D5A4CD99F058D411C58A3919BEB264F4-2,1762586994,FCRequestMetrics:/n-matmul-2048,20,20,,,782.47,n-matmul-2048,false,a1586973fec8,,c-690ef10b-0cf1abd9-90463d425ca7,1762586993309,Sync,784.30,1762586993308,21.0.3.8,false,2048,39.12,InvokeFunction,,,LATEST,1-690ef171-0c49fa-b4ee7e6c30ae,OnDemand,,,0.87,
,DDEEB29FD5ADFBB67E4F2FEB83463658-9,1762586994,FCRequestMetrics:/n-matmul-2048,20,20,,,782.94,n-matmul-2048,false,bc52147f2a7a,,c-690ef12c-0cf1abd9-69aaf8ca2a4b,1762586993286,Sync,784.96,1762586993284,21.0.3.8,false,2048,40.51,InvokeFunction,,,LATEST,1-690ef171-0c49fa-6cb67671d51a,OnDemand,,,1.17,
,A91AC64A0F8E1976F88383B363514050-4,1762586994,FCRequestMetrics:/n-matmul-2048,20,20,,,802.61,n-matmul-2048,false,cc3f8c782a21,,c-690ef151-0cf1abd9-7fe4e69dd5c1,1762586993317,Sync,804.71,1762586993315,21.0.3.8,false,2048,38.81,InvokeFunction,,,LATEST,1-690ef171-0c49fa-b9033e6d8fc4,OnDemand,,,1.31,
,510F8A150819018E635E267F62520B9B-2,1762586994,FCRequestMetrics:/n-matmul-2048,23,23,,,803.02,n-matmul-2048,false,c8577adbf622,,c-690ef10b-0cf1abd9-26ef2c508c1e,1762586993751,Sync,805.12,1762586993750,21.0.3.8,false,2048,38.25,InvokeFunction,,,LATEST,1-690ef171-0c49fa-6fa389571e63,OnDemand,,,1.35,
,7C3B3344857E71889D56CDA44A54F6B2-7,1762586994,FCRequestMetrics:/n-matmul-2048,20,20,,,775.60,n-matmul-2048,false,687fca8d325c,,c-690ef12c-0cf1abd9-6ced060ffe1b,1762586993311,Sync,776.79,1762586993311,21.0.3.8,false,2048,37.95,InvokeFunction,,,LATEST,1-690ef171-0c0a43-fc21e774ebe8,OnDemand,,,0.49,
,C38D529AEE78E8BFEBBDDADEDE13D41B-2,1762586994,FCRequestMetrics:/n-matmul-2048,20,20,,,790.14,n-matmul-2048,false,965073b71ef9,,c-690ef12c-0cf1abd9-ee855b82b2d6,1762586993302,Sync,791.35,1762586993301,21.0.3.7,false,2048,41.23,InvokeFunction,,,LATEST,1-690ef171-0c0a43-5402e59a8ecd,OnDemand,,,0.50,
,D461B99DDC361457A1C9EC0902546FD1-4,1762586994,FCRequestMetrics:/n-matmul-2048,20,20,,,789.94,n-matmul-2048,false,ed2ed25159fc,,c-690ef14f-0cf1abd9-e247acd3fed5,1762586993307,Sync,791.53,1762586993306,21.0.3.8,false,2048,41.91,InvokeFunction,,,LATEST,1-690ef171-0c49fa-37262f135905,OnDemand,,,0.93,
,2ECD84792EE924A03BABF1E3B673BF9D-A,1762586994,FCRequestMetrics:/n-matmul-2048,20,20,,,790.05,n-matmul-2048,false,203a62c08916,,c-690ef155-0cf1abd9-fdccf7e0f65d,1762586993314,Sync,791.29,1762586993313,21.0.3.8,false,2048,41.25,InvokeFunction,,,LATEST,1-690ef171-0c0a43-f2ad4f2592e2,OnDemand,,,0.49,
,A5C7CD7E71BB55429480C147D0ABD6E0-5,1762586994,FCRequestMetrics:/n-matmul-2048,23,23,,,796.35,n-matmul-2048,false,b9c50fa7ffa2,,c-690ef10b-0cf1abd9-39e48c7dd1cd,1762586993613,Sync,798.59,1762586993611,21.0.3.8,false,2048,38.20,InvokeFunction,,,LATEST,1-690ef171-0c49fa-24d9349060e7,OnDemand,,,1.40,
,943CF4692F491FB15BAF1EAB0CB8860A-3,1762586994,FCRequestMetrics:/n-matmul-2048,32,32,,,791.74,n-matmul-2048,false,bfd14e2c48c1,,c-690ef14e-0cf1abd9-da3a9c4be72b,1762586993923,Sync,923.84,1762586993791,21.0.3.8,false,2048,38.77,InvokeFunction,,,LATEST,1-690ef171-0c0a43-f6218df9a628,OnDemand,,,131.37,
,D5A4CD99F058D411C58A3919BEB264F4-5,1762586994,FCRequestMetrics:/n-matmul-2048,32,32,,,784.53,n-matmul-2048,false,a1586973fec8,,c-690ef10b-0cf1abd9-90463d425ca7,1762586994096,Sync,863.07,1762586994018,21.0.3.8,false,2048,41.50,InvokeFunction,,,LATEST,1-690ef172-0c0a43-ee5db41a9160,OnDemand,,,77.56,
,BF6FA9AF6994B690E2E5555B14FF4940-8,1762586994,FCRequestMetrics:/n-matmul-2048,32,32,,,796.58,n-matmul-2048,false,21ba44532db0,,c-690ef12f-0cf1abd9-72da07858f04,1762586994086,Sync,876.94,1762586994006,21.0.3.8,false,2048,44.12,InvokeFunction,,,LATEST,1-690ef172-0c0a43-df106e84b8bd,OnDemand,,,79.48,
,9A02C87DA0F400C9E40F40EF2DF6006D-3,1762586994,FCRequestMetrics:/n-matmul-2048,21,21,,,783.16,n-matmul-2048,false,3ea4534df15d,,c-690ef10b-0cf1abd9-31fefea0e1fd,1762586993525,Sync,784.42,1762586993524,21.0.3.8,false,2048,40.41,InvokeFunction,,,LATEST,1-690ef171-0c0a43-c9098db4d5c0,OnDemand,,,0.53,
,CFD93EE32B19E972234D28D1C13E1AA8-1,1762586994,FCRequestMetrics:/n-matmul-2048,14,14,,,859.76,n-matmul-2048,false,7a537213662e,,c-690ef15f-0cf1abd9-fd32f0b49b00,1762586994013,Sync,861.74,1762586994012,21.0.3.8,false,2048,38.18,InvokeFunction,,,LATEST,1-690ef172-0c49fa-5378ea0e584d,OnDemand,,,0.92,
,636547988E635DCC4C08253D0766BAEB-3,1762586994,FCRequestMetrics:/n-matmul-2048,23,23,,,733.46,n-matmul-2048,false,3da1c5559a3b,,c-690ef156-0cf1abd9-a60f14769352,1762586993577,Sync,734.77,1762586993577,21.0.3.8,false,2048,26.71,InvokeFunction,,,LATEST,1-690ef171-0c0a43-b7dec48b7360,OnDemand,,,0.49,
,DC91F31EAE4326850C248390B5A5E361-3,1762586994,FCRequestMetrics:/n-matmul-2048,23,23,,,628.58,n-matmul-2048,false,cf01fd95e6f6,,c-690ef150-0cf1abd9-91e7929a8b40,1762586993756,Sync,630.31,1762586993755,21.0.3.8,false,2048,34.47,InvokeFunction,,,LATEST,1-690ef171-0c49fa-f6043a2f1347,OnDemand,,,0.96,
,00E67D373DA9C60BEF759D13208EAAD9-5,1762586994,FCRequestMetrics:/n-matmul-2048,23,23,,,683.57,n-matmul-2048,false,9013ed408e73,,c-690ef10b-0cf1abd9-dbc16e7d233d,1762586993760,Sync,685.73,1762586993759,21.0.3.8,false,2048,26.55,InvokeFunction,,,LATEST,1-690ef171-0c49fa-cfaee23591b1,OnDemand,,,1.32,
,B63107B9394C762ADF436F322BAA4B65-2,1762586994,FCRequestMetrics:/n-matmul-2048,22,22,,,700.36,n-matmul-2048,false,1ccfa60657e6,,c-690ef10b-0cf1abd9-672e1c9f5eed,1762586993355,Sync,702.17,1762586993353,21.0.3.8,false,2048,34.55,InvokeFunction,,,LATEST,1-690ef171-0c49fa-348cc57ddf63,OnDemand,,,1.14,
,B63107B9394C762ADF436F322BAA4B65-2,1762586994,FCRequestMetrics:/n-matmul-2048,32,32,,,770.83,n-matmul-2048,false,1ccfa60657e6,,c-690ef10b-0cf1abd9-672e1c9f5eed,1762586994058,Sync,1052.37,1762586993778,21.0.3.8,false,2048,38.91,InvokeFunction,,,LATEST,1-690ef171-0c0a43-6e9995a0caa9,OnDemand,,,280.79,
,82C12ED6E643926156E0217F8DC83EE9-4,1762586994,FCRequestMetrics:/n-matmul-2048,32,32,,,637.00,n-matmul-2048,false,a9b6a74eafdc,,c-690ef12d-0cf1abd9-2948faf88166,1762586993961,Sync,805.48,1762586993793,21.0.3.8,false,2048,38.52,InvokeFunction,,,LATEST,1-690ef171-0c0a43-dda693301d38,OnDemand,,,167.64,
,B10148BC96FECE49F2FC2439520A3175-5,1762586994,FCRequestMetrics:/n-matmul-2048,23,23,,,659.29,n-matmul-2048,false,9ae0a7a16fc1,,c-690ef12e-0cf1abd9-86b866453e74,1762586993592,Sync,660.48,1762586993591,21.0.3.7,false,2048,34.41,InvokeFunction,,,LATEST,1-690ef171-0c0a43-bc4cdeac3ed4,OnDemand,,,0.55,
,B10148BC96FECE49F2FC2439520A3175-5,1762586994,FCRequestMetrics:/n-matmul-2048,32,32,,,643.79,n-matmul-2048,false,9ae0a7a16fc1,,c-690ef12e-0cf1abd9-86b866453e74,1762586994254,Sync,770.51,1762586994128,21.0.3.7,false,2048,36.86,InvokeFunction,,,LATEST,1-690ef172-0c0a43-5e047f541335,OnDemand,,,126.04,
,2523AFCDD5BD8A2B2953E48983230929-5,1762586994,FCRequestMetrics:/n-matmul-2048,32,32,,,677.61,n-matmul-2048,false,01d6f783bdb1,,c-690ef10b-0cf1abd9-dd39c218e942,1762586993903,Sync,790.63,1762586993791,21.0.3.8,false,2048,28.71,InvokeFunction,,,LATEST,1-690ef171-0c0a43-1ed38d4e1119,OnDemand,,,111.12,
,18363E7E93F59FF8F193127D52D86051-7,1762586994,FCRequestMetrics:/n-matmul-2048,32,32,,,680.73,n-matmul-2048,false,3f9c9a307fd4,,c-690ef130-0cf1abd9-454ab669b866,1762586993869,Sync,760.48,1762586993790,21.0.3.8,false,2048,26.52,InvokeFunction,,,LATEST,1-690ef171-0c0a43-330cb28f271e,OnDemand,,,77.82,
,46B19270B472A6D217A2E559E7E7C97B-5,1762586994,FCRequestMetrics:/n-matmul-2048,23,23,,,698.53,n-matmul-2048,false,869d26b39717,,c-690ef10b-0cf1abd9-b6750c057b8f,1762586993755,Sync,700.45,1762586993754,21.0.3.8,false,2048,26.63,InvokeFunction,,,LATEST,1-690ef171-0c0a43-9d7adfae38bc,OnDemand,,,0.51,
,F0BCE0E40FE41E0F61DD5DAF956249CC-6,1762586994,FCRequestMetrics:/n-matmul-2048,23,23,,,699.42,n-matmul-2048,false,b9ed45a41c5d,,c-690ef139-0cf1abd9-bfec9b76d480,1762586993759,Sync,701.11,1762586993758,21.0.3.8,false,2048,28.57,InvokeFunction,,,LATEST,1-690ef171-0c49fa-37f90ce5c085,OnDemand,,,0.84,
,C1124F392E96F7157640100E932BDA24-3,1762586994,FCRequestMetrics:/n-matmul-2048,14,14,,,724.54,n-matmul-2048,false,67bba880de6a,,c-690ef15e-0cf1abd9-14d01dd57fb0,1762586994021,Sync,726.66,1762586994019,21.0.3.8,false,2048,34.86,InvokeFunction,,,LATEST,1-690ef172-0c49fa-da846dc1d982,OnDemand,,,1.00,
,91973BCA72DE9462DCC25EF55C6AC5B5-7,1762586994,FCRequestMetrics:/n-matmul-2048,32,32,,,663.81,n-matmul-2048,false,74deffaed995,,c-690ef14e-0cf1abd9-32bbbd8baf97,1762586993851,Sync,727.47,1762586993788,21.0.3.8,false,2048,28.49,InvokeFunction,,,LATEST,1-690ef171-0c0a43-f3c5c6fd63e7,OnDemand,,,62.82,
,B1BC54E0839163A3A2719B2791B845EA-8,1762586994,FCRequestMetrics:/n-matmul-2048,23,23,,,679.63,n-matmul-2048,false,c5eb2abfaa5d,,c-690ef14c-0cf1abd9-28e65fb7d593,1762586993753,Sync,680.87,1762586993752,21.0.3.5,false,2048,27.00,InvokeFunction,,,LATEST,1-690ef171-0c0a43-419d02fc68c6,OnDemand,,,0.46,
,EB19AA8F9B61C51C3FCBC98D949BD1C2-7,1762586994,FCRequestMetrics:/n-matmul-2048,23,23,,,686.41,n-matmul-2048,false,211d8375abf1,,c-690ef12d-0cf1abd9-78e04fcb7549,1762586993749,Sync,687.90,1762586993748,21.0.3.8,false,2048,28.54,InvokeFunction,,,LATEST,1-690ef171-0c0a43-7eee3bb3157c,OnDemand,,,0.51,
,E08BA4ABFB8C4109D958EF35CCDE9E75-7,1762586994,FCRequestMetrics:/n-matmul-2048,23,23,,,678.71,n-matmul-2048,false,f6ea6fba0d1f,,c-690ef12a-0cf1abd9-0e59ac1cec40,1762586993749,Sync,685.00,1762586993748,21.0.3.6,false,2048,26.66,InvokeFunction,,,LATEST,1-690ef171-0c49fa-36451fb04fc1,OnDemand,,,1.22,
,B2D19E9889F3DDE524F4ACFCF2A5FEBF-3,1762586994,FCRequestMetrics:/n-matmul-2048,32,32,,,644.86,n-matmul-2048,false,95f39cca25aa,,c-690ef10b-0cf1abd9-336379de3020,1762586993889,Sync,743.16,1762586993791,21.0.3.8,false,2048,36.12,InvokeFunction,,,LATEST,1-690ef171-0c0a43-092c23c63170,OnDemand,,,97.57,
,2ECD84792EE924A03BABF1E3B673BF9D-A,1762586994,FCRequestMetrics:/n-matmul-2048,32,32,,,0.02,n-matmul-2048,true,203a62c08916,,c-690ef155-0cf1abd9-fdccf7e0f65d,1762586994107,Sync,767.64,1762586993783,21.0.3.8,false,2048,2.32,InvokeFunction,,,LATEST,1-690ef171-0c0a43-53a5cfe4622f,OnDemand,,,324.25,,"{""errorType"":""FunctionAbnormalExitError""}"
,C38D529AEE78E8BFEBBDDADEDE13D41B-2,1762586994,FCRequestMetrics:/n-matmul-2048,32,32,,,0.02,n-matmul-2048,true,965073b71ef9,,c-690ef12c-0cf1abd9-ee855b82b2d6,1762586994095,Sync,495.57,1762586994015,21.0.3.7,false,2048,2.15,InvokeFunction,,,LATEST,1-690ef172-0c0a43-37b31d56e69d,OnDemand,,,78.96,,"{""errorType"":""FunctionAbnormalExitError""}"
,A91AC64A0F8E1976F88383B363514050-5,1762586994,FCRequestMetrics:/n-matmul-2048,32,32,,,0.02,n-matmul-2048,true,cc3f8c782a21,,c-690ef151-0cf1abd9-7fe4e69dd5c1,1762586994122,Sync,492.37,1762586994069,21.0.3.8,false,2048,2.30,InvokeFunction,,,LATEST,1-690ef172-0c0a43-7e24a4642f91,OnDemand,,,53.71,,"{""errorType"":""FunctionAbnormalExitError""}"
,DDEEB29FD5ADFBB67E4F2FEB83463658-9,1762586994,FCRequestMetrics:/n-matmul-2048,32,32,,,0.03,n-matmul-2048,true,bc52147f2a7a,,c-690ef12c-0cf1abd9-69aaf8ca2a4b,1762586994072,Sync,731.67,1762586993761,21.0.3.8,false,2048,4.31,InvokeFunction,,,LATEST,1-690ef171-0c0a43-677be2ae86f1,OnDemand,,,311.16,,"{""errorType"":""FunctionAbnormalExitError""}"
,211620C9A07558D2D8764497DA6068A4-2,1762586994,FCRequestMetrics:/n-matmul-2048,32,32,,,0.03,n-matmul-2048,true,e053c99a8bb6,,c-690ef10b-0cf1abd9-9de429f2e3c5,1762586993982,Sync,599.69,1762586993793,21.0.3.8,false,2048,2.19,InvokeFunction,,,LATEST,1-690ef171-0c0a43-b21b1a64596a,OnDemand,,,188.27,,"{""errorType"":""FunctionAbnormalExitError""}"
,7B2CA077525D5F38D7687113836FF4D4-9,1762586994,FCRequestMetrics:/n-matmul-2048,32,32,,,0.02,n-matmul-2048,true,dd2888fed1c9,,c-690ef14f-0cf1abd9-cabc0eaa101b,1762586994042,Sync,701.09,1762586993781,21.0.3.8,false,2048,2.25,InvokeFunction,,,LATEST,1-690ef171-0c0a43-c84741322754,OnDemand,,,260.09,,"{""errorType"":""FunctionAbnormalExitError""}"
,5E9C37D1C997E792337F0D79C839D1F6-6,1762586994,FCRequestMetrics:/n-matmul-2048,32,32,,,0.02,n-matmul-2048,true,7be323259747,,c-690ef12d-0cf1abd9-4ddba8cb6fd4,1762586994030,Sync,676.22,1762586993765,21.0.3.8,false,2048,2.12,InvokeFunction,,,LATEST,1-690ef171-0c0a43-f1ae8f42fa26,OnDemand,,,264.66,,"{""errorType"":""FunctionAbnormalExitError""}"
,7C3B3344857E71889D56CDA44A54F6B2-6,1762586994,FCRequestMetrics:/n-matmul-2048,32,32,,,0.03,n-matmul-2048,true,687fca8d325c,,c-690ef12c-0cf1abd9-6ced060ffe1b,1762586994091,Sync,481.24,1762586994011,21.0.3.8,false,2048,2.31,InvokeFunction,,,LATEST,1-690ef172-0c0a43-94ef410b8bf0,OnDemand,,,79.85,,"{""errorType"":""FunctionAbnormalExitError""}"
,D461B99DDC361457A1C9EC0902546FD1-4,1762586994,FCRequestMetrics:/n-matmul-2048,32,32,,,0.02,n-matmul-2048,true,ed2ed25159fc,,c-690ef14f-0cf1abd9-e247acd3fed5,1762586994100,Sync,726.04,1762586993784,21.0.3.8,false,2048,2.14,InvokeFunction,,,LATEST,1-690ef171-0c0a43-7e76bf0429a1,OnDemand,,,316.25,,"{""errorType"":""FunctionAbnormalExitError""}"
,A5C7CD7E71BB55429480C147D0ABD6E0-5,1762586994,FCRequestMetrics:/n-matmul-2048,32,32,,,0.03,n-matmul-2048,true,b9c50fa7ffa2,,c-690ef10b-0cf1abd9-39e48c7dd1cd,1762586994428,Sync,431.82,1762586994426,21.0.3.8,false,2048,2.21,InvokeFunction,,,LATEST,1-690ef172-0c49fa-9053425c902c,OnDemand,,,1.37,,"{""errorType"":""FunctionAbnormalExitError""}"
,9A02C87DA0F400C9E40F40EF2DF6006D-3,1762586995,FCRequestMetrics:/n-matmul-2048,32,32,,,795.28,n-matmul-2048,false,3ea4534df15d,,c-690ef10b-0cf1abd9-31fefea0e1fd,1762586994311,Sync,974.08,1762586994133,21.0.3.8,false,2048,43.32,InvokeFunction,,,LATEST,1-690ef172-0c0a43-5ee6a6c33cc0,OnDemand,,,177.90,
,636547988E635DCC4C08253D0766BAEB-3,1762586995,FCRequestMetrics:/n-matmul-2048,14,14,,,702.93,n-matmul-2048,false,3da1c5559a3b,,c-690ef156-0cf1abd9-a60f14769352,1762586994737,Sync,704.98,1762586994735,21.0.3.8,false,2048,34.49,InvokeFunction,,,LATEST,1-690ef172-0c49fa-49ef29910cec,OnDemand,,,1.22,
,DC91F31EAE4326850C248390B5A5E361-3,1762586995,FCRequestMetrics:/n-matmul-2048,32,32,,,643.60,n-matmul-2048,false,cf01fd95e6f6,,c-690ef150-0cf1abd9-91e7929a8b40,1762586994388,Sync,889.74,1762586994142,21.0.3.8,false,2048,36.39,InvokeFunction,,,LATEST,1-690ef172-0c0a43-0c87325115fd,OnDemand,,,245.46,
,DC91F31EAE4326850C248390B5A5E361-3,1762586995,FCRequestMetrics:/n-matmul-2048,32,32,,,778.88,n-matmul-2048,false,cf01fd95e6f6,,c-690ef150-0cf1abd9-91e7929a8b40,1762586995035,Sync,954.66,1762586994860,21.0.3.8,false,2048,38.42,InvokeFunction,,,LATEST,1-690ef172-0c49fa-4bb89718df95,OnDemand,,,175.16,
,00E67D373DA9C60BEF759D13208EAAD9-5,1762586995,FCRequestMetrics:/n-matmul-2048,31,31,,,655.15,n-matmul-2048,false,9013ed408e73,,c-690ef10b-0cf1abd9-dbc16e7d233d,1762586994450,Sync,657.01,1762586994449,21.0.3.8,false,2048,34.48,InvokeFunction,,,LATEST,1-690ef172-0c49fa-6f8e92259fa3,OnDemand,,,0.90,
,00E67D373DA9C60BEF759D13208EAAD9-5,1762586995,FCRequestMetrics:/n-matmul-2048,32,32,,,789.60,n-matmul-2048,false,9013ed408e73,,c-690ef10b-0cf1abd9-dbc16e7d233d,1762586995109,Sync,1038.62,1762586994861,21.0.3.8,false,2048,38.66,InvokeFunction,,,LATEST,1-690ef172-0c49fa-1e3c951f4728,OnDemand,,,248.25,
,B63107B9394C762ADF436F322BAA4B65-2,1762586995,FCRequestMetrics:/n-matmul-2048,14,14,,,800.72,n-matmul-2048,false,1ccfa60657e6,,c-690ef10b-0cf1abd9-672e1c9f5eed,1762586994833,Sync,802.14,1762586994832,21.0.3.8,false,2048,42.23,InvokeFunction,,,LATEST,1-690ef172-0c49fa-e23b49141f17,OnDemand,,,0.74,
,82C12ED6E643926156E0217F8DC83EE9-4,1762586995,FCRequestMetrics:/n-matmul-2048,14,14,,,803.76,n-matmul-2048,false,a9b6a74eafdc,,c-690ef12d-0cf1abd9-2948faf88166,1762586994798,Sync,805.62,1762586994796,21.0.3.8,false,2048,40.02,InvokeFunction,,,LATEST,1-690ef172-0c49fa-3060d6b73c58,OnDemand,,,1.14,
,B10148BC96FECE49F2FC2439520A3175-5,1762586995,FCRequestMetrics:/n-matmul-2048,28,28,,,786.39,n-matmul-2048,false,9ae0a7a16fc1,,c-690ef12e-0cf1abd9-86b866453e74,1762586994902,Sync,836.79,1762586994854,21.0.3.7,false,2048,37.84,InvokeFunction,,,LATEST,1-690ef172-0c49fa-6f488f7d9e51,OnDemand,,,47.16,
,2523AFCDD5BD8A2B2953E48983230929-5,1762586995,FCRequestMetrics:/n-matmul-2048,20,20,,,644.18,n-matmul-2048,false,01d6f783bdb1,,c-690ef10b-0cf1abd9-dd39c218e942,1762586994590,Sync,645.56,1762586994590,21.0.3.8,false,2048,36.38,InvokeFunction,,,LATEST,1-690ef172-0c0a43-28415813901f,OnDemand,,,0.49,
,18363E7E93F59FF8F193127D52D86051-7,1762586995,FCRequestMetrics:/n-matmul-2048,14,14,,,680.91,n-matmul-2048,false,3f9c9a307fd4,,c-690ef130-0cf1abd9-454ab669b866,1762586994804,Sync,682.54,1762586994803,21.0.3.8,false,2048,34.51,InvokeFunction,,,LATEST,1-690ef172-0c49fa-02b868d5659c,OnDemand,,,0.77,
,46B19270B472A6D217A2E559E7E7C97B-5,1762586995,FCRequestMetrics:/n-matmul-2048,14,14,,,647.84,n-matmul-2048,false,869d26b39717,,c-690ef10b-0cf1abd9-b6750c057b8f,1762586994826,Sync,649.37,1762586994825,21.0.3.8,false,2048,34.41,InvokeFunction,,,LATEST,1-690ef172-0c49fa-969eaa809e42,OnDemand,,,0.78,
,F0BCE0E40FE41E0F61DD5DAF956249CC-6,1762586995,FCRequestMetrics:/n-matmul-2048,31,31,,,658.95,n-matmul-2048,false,b9ed45a41c5d,,c-690ef139-0cf1abd9-bfec9b76d480,1762586994473,Sync,661.04,1762586994472,21.0.3.8,false,2048,36.02,InvokeFunction,,,LATEST,1-690ef172-0c49fa-86f4e7402bc7,OnDemand,,,1.19,
,F0BCE0E40FE41E0F61DD5DAF956249CC-6,1762586995,FCRequestMetrics:/n-matmul-2048,32,32,,,682.29,n-matmul-2048,false,b9ed45a41c5d,,c-690ef139-0cf1abd9-bfec9b76d480,1762586995136,Sync,950.06,1762586994869,21.0.3.8,false,2048,38.50,InvokeFunction,,,LATEST,1-690ef172-0c49fa-19df69fd7b95,OnDemand,,,267.00,
,C1124F392E96F7157640100E932BDA24-3,1762586995,FCRequestMetrics:/n-matmul-2048,32,32,,,855.90,n-matmul-2048,false,67bba880de6a,,c-690ef15e-0cf1abd9-14d01dd57fb0,1762586994750,Sync,1485.18,1762586994121,21.0.3.8,false,2048,39.04,InvokeFunction,,,LATEST,1-690ef172-0c49fa-e3bdaa238427,OnDemand,,,628.56,
,91973BCA72DE9462DCC25EF55C6AC5B5-7,1762586995,FCRequestMetrics:/n-matmul-2048,14,14,,,669.04,n-matmul-2048,false,74deffaed995,,c-690ef14e-0cf1abd9-32bbbd8baf97,1762586994813,Sync,671.08,1762586994812,21.0.3.8,false,2048,36.38,InvokeFunction,,,LATEST,1-690ef172-0c49fa-a415cb199968,OnDemand,,,1.23,
,B1BC54E0839163A3A2719B2791B845EA-8,1762586995,FCRequestMetrics:/n-matmul-2048,28,28,,,712.30,n-matmul-2048,false,c5eb2abfaa5d,,c-690ef14c-0cf1abd9-28e65fb7d593,1762586994836,Sync,714.16,1762586994835,21.0.3.5,false,2048,34.31,InvokeFunction,,,LATEST,1-690ef172-0c49fa-a59a03af4411,OnDemand,,,1.05,
,EB19AA8F9B61C51C3FCBC98D949BD1C2-7,1762586995,FCRequestMetrics:/n-matmul-2048,28,28,,,652.51,n-matmul-2048,false,211d8375abf1,,c-690ef12d-0cf1abd9-78e04fcb7549,1762586994835,Sync,654.72,1762586994834,21.0.3.8,false,2048,36.20,InvokeFunction,,,LATEST,1-690ef172-0c49fa-4f36d293f58e,OnDemand,,,1.32,
,E08BA4ABFB8C4109D958EF35CCDE9E75-7,1762586995,FCRequestMetrics:/n-matmul-2048,28,28,,,656.03,n-matmul-2048,false,f6ea6fba0d1f,,c-690ef12a-0cf1abd9-0e59ac1cec40,1762586994835,Sync,658.22,1762586994834,21.0.3.6,false,2048,34.45,InvokeFunction,,,LATEST,1-690ef172-0c49fa-218c5c2b26ce,OnDemand,,,1.10,
,B2D19E9889F3DDE524F4ACFCF2A5FEBF-3,1762586995,FCRequestMetrics:/n-matmul-2048,14,14,,,768.62,n-matmul-2048,false,95f39cca25aa,,c-690ef10b-0cf1abd9-336379de3020,1762586994809,Sync,770.91,1762586994807,21.0.3.8,false,2048,40.52,InvokeFunction,,,LATEST,1-690ef172-0c49fa-1b46b676c9b0,OnDemand,,,1.32,
,2ECD84792EE924A03BABF1E3B673BF9D-A,1762586995,FCRequestMetrics:/n-matmul-2048,14,14,,,673.68,n-matmul-2048,false,203a62c08916,,c-690ef155-0cf1abd9-fdccf7e0f65d,1762586994808,Sync,675.32,1762586994807,21.0.3.8,false,2048,28.71,InvokeFunction,,,LATEST,1-690ef172-0c49fa-d48f9767c9b5,OnDemand,,,0.86,
,C38D529AEE78E8BFEBBDDADEDE13D41B-2,1762586995,FCRequestMetrics:/n-matmul-2048,14,14,,,664.02,n-matmul-2048,false,965073b71ef9,,c-690ef12c-0cf1abd9-ee855b82b2d6,1762586994814,Sync,666.13,1762586994812,21.0.3.7,false,2048,30.59,InvokeFunction,,,LATEST,1-690ef172-0c49fa-925a17f06c4e,OnDemand,,,1.14,
,A91AC64A0F8E1976F88383B363514050-5,1762586995,FCRequestMetrics:/n-matmul-2048,20,20,,,681.58,n-matmul-2048,false,cc3f8c782a21,,c-690ef151-0cf1abd9-7fe4e69dd5c1,1762586994594,Sync,683.74,1762586994593,21.0.3.8,false,2048,28.75,InvokeFunction,,,LATEST,1-690ef172-0c49fa-43195cd61546,OnDemand,,,1.14,
,A91AC64A0F8E1976F88383B363514050-5,1762586995,FCRequestMetrics:/n-matmul-2048,32,32,,,646.74,n-matmul-2048,false,cc3f8c782a21,,c-690ef151-0cf1abd9-7fe4e69dd5c1,1762586995289,Sync,1055.72,1762586994880,21.0.3.8,false,2048,36.58,InvokeFunction,,,LATEST,1-690ef172-0c49fa-dc9ef0904c9e,OnDemand,,,408.28,
,DDEEB29FD5ADFBB67E4F2FEB83463658-9,1762586995,FCRequestMetrics:/n-matmul-2048,31,31,,,669.06,n-matmul-2048,false,bc52147f2a7a,,c-690ef12c-0cf1abd9-69aaf8ca2a4b,1762586994502,Sync,671.08,1762586994500,21.0.3.8,false,2048,26.75,InvokeFunction,,,LATEST,1-690ef172-0c49fa-4f0ce6795739,OnDemand,,,1.35,
,DDEEB29FD5ADFBB67E4F2FEB83463658-9,1762586995,FCRequestMetrics:/n-matmul-2048,32,32,,,635.91,n-matmul-2048,false,bc52147f2a7a,,c-690ef12c-0cf1abd9-69aaf8ca2a4b,1762586995175,Sync,938.73,1762586994873,21.0.3.8,false,2048,34.60,InvokeFunction,,,LATEST,1-690ef172-0c49fa-9efb9c052b7d,OnDemand,,,302.10,
,211620C9A07558D2D8764497DA6068A4-2,1762586995,FCRequestMetrics:/n-matmul-2048,28,28,,,693.78,n-matmul-2048,false,e053c99a8bb6,,c-690ef10b-0cf1abd9-9de429f2e3c5,1762586994839,Sync,695.51,1762586994838,21.0.3.8,false,2048,28.78,InvokeFunction,,,LATEST,1-690ef172-0c49fa-3a081b7f867d,OnDemand,,,0.77,
,7B2CA077525D5F38D7687113836FF4D4-9,1762586995,FCRequestMetrics:/n-matmul-2048,31,31,,,702.10,n-matmul-2048,false,dd2888fed1c9,,c-690ef14f-0cf1abd9-cabc0eaa101b,1762586994485,Sync,704.32,1762586994484,21.0.3.8,false,2048,28.67,InvokeFunction,,,LATEST,1-690ef172-0c49fa-56d5d9868b20,OnDemand,,,1.40,
,5E9C37D1C997E792337F0D79C839D1F6-6,1762586995,FCRequestMetrics:/n-matmul-2048,14,14,,,705.01,n-matmul-2048,false,7be323259747,,c-690ef12d-0cf1abd9-4ddba8cb6fd4,1762586994829,Sync,706.67,1762586994828,21.0.3.8,false,2048,30.53,InvokeFunction,,,LATEST,1-690ef172-0c49fa-b1776e883c20,OnDemand,,,0.86,
,7C3B3344857E71889D56CDA44A54F6B2-6,1762586995,FCRequestMetrics:/n-matmul-2048,14,14,,,668.57,n-matmul-2048,false,687fca8d325c,,c-690ef12c-0cf1abd9-6ced060ffe1b,1762586994825,Sync,670.60,1762586994823,21.0.3.8,false,2048,26.66,InvokeFunction,,,LATEST,1-690ef172-0c49fa-025bfc642e64,OnDemand,,,1.14,
,D461B99DDC361457A1C9EC0902546FD1-4,1762586995,FCRequestMetrics:/n-matmul-2048,14,14,,,836.73,n-matmul-2048,false,ed2ed25159fc,,c-690ef14f-0cf1abd9-e247acd3fed5,1762586994817,Sync,839.44,1762586994816,21.0.3.8,false,2048,28.64,InvokeFunction,,,LATEST,1-690ef172-0c49fa-2195b0c2d232,OnDemand,,,1.10,
,510F8A150819018E635E267F62520B9B-5,1762586995,FCRequestMetrics:/n-matmul-2048,14,14,,,0.03,n-matmul-2048,true,c8577adbf622,,c-690ef10b-0cf1abd9-26ef2c508c1e,1762586994801,Sync,423.78,1762586994800,21.0.3.8,false,2048,2.39,InvokeFunction,,,LATEST,1-690ef172-0c49fa-0bece2c08e6f,OnDemand,,,1.15,,"{""errorType"":""FunctionAbnormalExitError""}"
,510F8A150819018E635E267F62520B9B-5,1762586995,FCRequestMetrics:/n-matmul-2048,32,32,,,673.22,n-matmul-2048,false,c8577adbf622,,c-690ef10b-0cf1abd9-26ef2c508c1e,1762586995225,Sync,1021.23,1762586994878,21.0.3.8,false,2048,30.48,InvokeFunction,,,LATEST,1-690ef172-0c49fa-7b37ac789b39,OnDemand,,,347.26,
,A5C7CD7E71BB55429480C147D0ABD6E0-5,1762586995,FCRequestMetrics:/n-matmul-2048,28,28,,,776.01,n-matmul-2048,false,b9c50fa7ffa2,,c-690ef10b-0cf1abd9-39e48c7dd1cd,1762586994860,Sync,787.58,1762586994849,21.0.3.8,false,2048,26.69,InvokeFunction,,,LATEST,1-690ef172-0c49fa-9b859af5f38d,OnDemand,,,10.81,
,BF6FA9AF6994B690E2E5555B14FF4940-8,1762586995,FCRequestMetrics:/n-matmul-2048,28,28,,,0.03,n-matmul-2048,true,21ba44532db0,,c-690ef12f-0cf1abd9-72da07858f04,1762586994887,Sync,441.70,1762586994853,21.0.3.8,false,2048,4.14,InvokeFunction,,,LATEST,1-690ef172-0c49fa-0257c68ed7ce,OnDemand,,,34.32,,"{""errorType"":""FunctionAbnormalExitError""}"
,BF6FA9AF6994B690E2E5555B14FF4940-8,1762586995,FCRequestMetrics:/n-matmul-2048,32,32,,,674.87,n-matmul-2048,false,21ba44532db0,,c-690ef12f-0cf1abd9-72da07858f04,1762586995297,Sync,1091.36,1762586994881,21.0.3.8,false,2048,28.49,InvokeFunction,,,LATEST,1-690ef172-0c49fa-3d769080f6cd,OnDemand,,,415.75,
,943CF4692F491FB15BAF1EAB0CB8860A-3,1762586995,FCRequestMetrics:/n-matmul-2048,14,14,,,0.02,n-matmul-2048,true,bfd14e2c48c1,,c-690ef14e-0cf1abd9-da3a9c4be72b,1762586994794,Sync,421.71,1762586994793,21.0.3.8,false,2048,2.23,InvokeFunction,,,LATEST,1-690ef172-0c0a43-9767f8016e6c,OnDemand,,,0.64,,"{""errorType"":""FunctionAbnormalExitError""}"
,943CF4692F491FB15BAF1EAB0CB8860A-3,1762586995,FCRequestMetrics:/n-matmul-2048,32,32,,,702.29,n-matmul-2048,false,bfd14e2c48c1,,c-690ef14e-0cf1abd9-da3a9c4be72b,1762586995216,Sync,1044.97,1762586994874,21.0.3.8,false,2048,26.68,InvokeFunction,,,LATEST,1-690ef172-0c49fa-92ca734c5e07,OnDemand,,,341.90,
,D5A4CD99F058D411C58A3919BEB264F4-4,1762586995,FCRequestMetrics:/n-matmul-2048,28,28,,,0.02,n-matmul-2048,true,a1586973fec8,,c-690ef10b-0cf1abd9-90463d425ca7,1762586994884,Sync,449.09,1762586994850,21.0.3.8,false,2048,2.27,InvokeFunction,,,LATEST,1-690ef172-0c49fa-1b96fc24de65,OnDemand,,,33.56,,"{""errorType"":""FunctionAbnormalExitError""}"
,D5A4CD99F058D411C58A3919BEB264F4-4,1762586995,FCRequestMetrics:/n-matmul-2048,32,32,,,678.16,n-matmul-2048,false,a1586973fec8,,c-690ef10b-0cf1abd9-90463d425ca7,1762586995302,Sync,1099.19,1762586994881,21.0.3.8,false,2048,28.52,InvokeFunction,,,LATEST,1-690ef172-0c49fa-674a26f8e93f,OnDemand,,,420.24,
,9A02C87DA0F400C9E40F40EF2DF6006D-3,1762586995,FCRequestMetrics:/n-matmul-2048,32,32,,,0.03,n-matmul-2048,true,3ea4534df15d,,c-690ef10b-0cf1abd9-31fefea0e1fd,1762586995111,Sync,676.00,1762586994868,21.0.3.8,false,2048,4.24,InvokeFunction,,,LATEST,1-690ef172-0c49fa-284a1fd2fa9f,OnDemand,,,242.22,,"{""errorType"":""FunctionAbnormalExitError""}"
,636547988E635DCC4C08253D0766BAEB-3,1762586996,FCRequestMetrics:/n-matmul-2048,32,32,,,826.55,n-matmul-2048,false,3da1c5559a3b,,c-690ef156-0cf1abd9-a60f14769352,1762586995445,Sync,1469.53,1762586994803,21.0.3.8,false,2048,39.05,InvokeFunction,,,LATEST,1-690ef172-0c49fa-b93369a162e1,OnDemand,,,641.99,
,2523AFCDD5BD8A2B2953E48983230929-5,1762586996,FCRequestMetrics:/n-matmul-2048,32,32,,,784.72,n-matmul-2048,false,01d6f783bdb1,,c-690ef10b-0cf1abd9-dd39c218e942,1762586995238,Sync,1144.80,1762586994878,21.0.3.8,false,2048,40.77,InvokeFunction,,,LATEST,1-690ef172-0c49fa-4975be2ac67f,OnDemand,,,359.37,
,2523AFCDD5BD8A2B2953E48983230929-5,1762586996,FCRequestMetrics:/n-matmul-2048,8,8,,,785.28,n-matmul-2048,false,01d6f783bdb1,,c-690ef10b-0cf1abd9-dd39c218e942,1762586996065,Sync,787.43,1762586996063,21.0.3.8,false,2048,43.63,InvokeFunction,,,LATEST,1-690ef174-0c49fa-22a39de184bb,OnDemand,,,1.43,
,18363E7E93F59FF8F193127D52D86051-7,1762586996,FCRequestMetrics:/n-matmul-2048,32,32,,,656.13,n-matmul-2048,false,3f9c9a307fd4,,c-690ef130-0cf1abd9-454ab669b866,1762586995489,Sync,1301.54,1762586994845,21.0.3.8,false,2048,36.97,InvokeFunction,,,LATEST,1-690ef172-0c49fa-58b0812f3e58,OnDemand,,,644.60,
,18363E7E93F59FF8F193127D52D86051-7,1762586996,FCRequestMetrics:/n-matmul-2048,8,8,,,787.25,n-matmul-2048,false,3f9c9a307fd4,,c-690ef130-0cf1abd9-454ab669b866,1762586996186,Sync,789.09,1762586996185,21.0.3.8,false,2048,38.30,InvokeFunction,,,LATEST,1-690ef174-0c49fa-f59ca1b1df66,OnDemand,,,1.15,
,46B19270B472A6D217A2E559E7E7C97B-5,1762586996,FCRequestMetrics:/n-matmul-2048,32,32,,,662.21,n-matmul-2048,false,869d26b39717,,c-690ef10b-0cf1abd9-b6750c057b8f,1762586995477,Sync,1295.43,1762586994845,21.0.3.8,false,2048,36.75,InvokeFunction,,,LATEST,1-690ef172-0c49fa-5abec9baaa67,OnDemand,,,632.50,
,C1124F392E96F7157640100E932BDA24-3,1762586996,FCRequestMetrics:/n-matmul-2048,9,9,,,858.89,n-matmul-2048,false,67bba880de6a,,c-690ef15e-0cf1abd9-14d01dd57fb0,1762586995665,Sync,860.36,1762586995664,21.0.3.8,false,2048,42.52,InvokeFunction,,,LATEST,1-690ef174-0c0a43-2e873c3c55fb,OnDemand,,,0.53,
,91973BCA72DE9462DCC25EF55C6AC5B5-7,1762586996,FCRequestMetrics:/n-matmul-2048,32,32,,,784.54,n-matmul-2048,false,74deffaed995,,c-690ef14e-0cf1abd9-32bbbd8baf97,1762586995486,Sync,1173.01,1762586995098,21.0.3.8,false,2048,40.70,InvokeFunction,,,LATEST,1-690ef173-0c0a43-72eb2a24ee06,OnDemand,,,387.82,
,2ECD84792EE924A03BABF1E3B673BF9D-A,1762586996,FCRequestMetrics:/n-matmul-2048,32,32,,,672.24,n-matmul-2048,false,203a62c08916,,c-690ef155-0cf1abd9-fdccf7e0f65d,1762586995485,Sync,1064.59,1762586995093,21.0.3.8,false,2048,36.34,InvokeFunction,,,LATEST,1-690ef173-0c0a43-8d0a6de8ff9d,OnDemand,,,391.60,
,2ECD84792EE924A03BABF1E3B673BF9D-A,1762586996,FCRequestMetrics:/n-matmul-2048,8,8,,,655.53,n-matmul-2048,false,203a62c08916,,c-690ef155-0cf1abd9-fdccf7e0f65d,1762586996181,Sync,657.82,1762586996179,21.0.3.8,false,2048,38.81,InvokeFunction,,,LATEST,1-690ef174-0c49fa-d74a465f81d7,OnDemand,,,1.37,
,C38D529AEE78E8BFEBBDDADEDE13D41B-2,1762586996,FCRequestMetrics:/n-matmul-2048,32,32,,,674.06,n-matmul-2048,false,965073b71ef9,,c-690ef12c-0cf1abd9-ee855b82b2d6,1762586995481,Sync,1088.99,1762586995072,21.0.3.7,false,2048,38.46,InvokeFunction,,,LATEST,1-690ef173-0c0a43-fc25d7ee8a6d,OnDemand,,,409.04,
,C38D529AEE78E8BFEBBDDADEDE13D41B-2,1762586996,FCRequestMetrics:/n-matmul-2048,8,8,,,770.12,n-matmul-2048,false,965073b71ef9,,c-690ef12c-0cf1abd9-ee855b82b2d6,1762586996166,Sync,772.08,1762586996165,21.0.3.7,false,2048,42.80,InvokeFunction,,,LATEST,1-690ef174-0c49fa-81d25ddc033a,OnDemand,,,1.24,
,7B2CA077525D5F38D7687113836FF4D4-9,1762586996,FCRequestMetrics:/n-matmul-2048,32,32,,,926.06,n-matmul-2048,false,dd2888fed1c9,,c-690ef14f-0cf1abd9-cabc0eaa101b,1762586995191,Sync,1244.94,1762586994873,21.0.3.8,false,2048,36.19,InvokeFunction,,,LATEST,1-690ef172-0c49fa-9dd48584ad7d,OnDemand,,,318.17,
,CFD93EE32B19E972234D28D1C13E1AA8-2,1762586996,FCRequestMetrics:/n-matmul-2048,9,9,,,0.06,n-matmul-2048,true,7a537213662e,,c-690ef15f-0cf1abd9-fd32f0b49b00,1762586996129,Sync,659.07,1762586996128,21.0.3.8,false,2048,2.21,InvokeFunction,,,LATEST,1-690ef174-0c0a43-edfff70a1df1,OnDemand,,,0.60,,"{""errorType"":""FunctionAbnormalExitError""}"
,46B19270B472A6D217A2E559E7E7C97B-5,1762586997,FCRequestMetrics:/n-matmul-2048,8,8,,,801.68,n-matmul-2048,false,869d26b39717,,c-690ef10b-0cf1abd9-b6750c057b8f,1762586996198,Sync,802.94,1762586996198,21.0.3.8,false,2048,38.50,InvokeFunction,,,LATEST,1-690ef174-0c0a43-c314093f3749,OnDemand,,,0.53,
,F0BCE0E40FE41E0F61DD5DAF956249CC-6,1762586997,FCRequestMetrics:/n-matmul-2048,9,9,,,819.38,n-matmul-2048,false,b9ed45a41c5d,,c-690ef139-0cf1abd9-bfec9b76d480,1762586996768,Sync,821.07,1762586996767,21.0.3.8,false,2048,40.38,InvokeFunction,,,LATEST,1-690ef174-0c49fa-e4e142136f1c,OnDemand,,,0.94,
,636547988E635DCC4C08253D0766BAEB-5,1762586997,FCRequestMetrics:/n-matmul-2048,9,9,,,792.51,n-matmul-2048,false,3da1c5559a3b,,c-690ef156-0cf1abd9-a60f14769352,1762586996299,Sync,794.68,1762586996297,21.0.3.8,false,2048,41.82,InvokeFunction,,,LATEST,1-690ef174-0c49fa-75b21f9d4e31,OnDemand,,,1.40,
,91973BCA72DE9462DCC25EF55C6AC5B5-7,1762586997,FCRequestMetrics:/n-matmul-2048,9,9,,,1166.74,n-matmul-2048,false,74deffaed995,,c-690ef14e-0cf1abd9-32bbbd8baf97,1762586996312,Sync,1168.47,1762586996311,21.0.3.8,false,2048,43.71,InvokeFunction,,,LATEST,1-690ef174-0c49fa-d8f6e00647c6,OnDemand,,,0.95,
,B1BC54E0839163A3A2719B2791B845EA-8,1762586997,FCRequestMetrics:/n-matmul-2048,9,9,,,647.56,n-matmul-2048,false,c5eb2abfaa5d,,c-690ef14c-0cf1abd9-28e65fb7d593,1762586996776,Sync,649.44,1762586996775,21.0.3.5,false,2048,36.66,InvokeFunction,,,LATEST,1-690ef174-0c49fa-848f07245f8a,OnDemand,,,1.12,
,B2D19E9889F3DDE524F4ACFCF2A5FEBF-3,1762586997,FCRequestMetrics:/n-matmul-2048,9,9,,,784.66,n-matmul-2048,false,95f39cca25aa,,c-690ef10b-0cf1abd9-336379de3020,1762586996776,Sync,786.83,1762586996775,21.0.3.8,false,2048,43.86,InvokeFunction,,,LATEST,1-690ef174-0c0a43-632f2f1a0e3d,OnDemand,,,0.50,
,00E67D373DA9C60BEF759D13208EAAD9-7,1762586997,FCRequestMetrics:/n-matmul-2048,9,9,,,793.61,n-matmul-2048,false,9013ed408e73,,c-690ef10b-0cf1abd9-dbc16e7d233d,1762586996765,Sync,795.49,1762586996764,21.0.3.8,false,2048,42.14,InvokeFunction,,,LATEST,1-690ef174-0c49fa-7b78abb7515b,OnDemand,,,1.07,
,2ECD84792EE924A03BABF1E3B673BF9D-A,1762586997,FCRequestMetrics:/n-matmul-2048,26,26,,,793.89,n-matmul-2048,false,203a62c08916,,c-690ef155-0cf1abd9-fdccf7e0f65d,1762586996893,Sync,795.85,1762586996892,21.0.3.8,false,2048,40.34,InvokeFunction,,,LATEST,1-690ef174-0c49fa-c9e7d6e9a594,OnDemand,,,1.17,
,C38D529AEE78E8BFEBBDDADEDE13D41B-2,1762586997,FCRequestMetrics:/n-matmul-2048,25,25,,,803.62,n-matmul-2048,false,965073b71ef9,,c-690ef12c-0cf1abd9-ee855b82b2d6,1762586997040,Sync,810.38,1762586997039,21.0.3.7,false,2048,45.57,InvokeFunction,,,LATEST,1-690ef175-0c0a43-9b97d61e426c,OnDemand,,,0.52,
,A91AC64A0F8E1976F88383B363514050-5,1762586997,FCRequestMetrics:/n-matmul-2048,9,9,,,688.34,n-matmul-2048,false,cc3f8c782a21,,c-690ef151-0cf1abd9-7fe4e69dd5c1,1762586996764,Sync,689.64,1762586996763,21.0.3.8,false,2048,38.91,InvokeFunction,,,LATEST,1-690ef174-0c0a43-77e8130751f8,OnDemand,,,0.44,
,DDEEB29FD5ADFBB67E4F2FEB83463658-9,1762586997,FCRequestMetrics:/n-matmul-2048,9,9,,,785.65,n-matmul-2048,false,bc52147f2a7a,,c-690ef12c-0cf1abd9-69aaf8ca2a4b,1762586996769,Sync,786.83,1762586996768,21.0.3.8,false,2048,39.02,InvokeFunction,,,LATEST,1-690ef174-0c0a43-d5a86430e697,OnDemand,,,0.42,
,7B2CA077525D5F38D7687113836FF4D4-9,1762586997,FCRequestMetrics:/n-matmul-2048,8,8,,,892.80,n-matmul-2048,false,dd2888fed1c9,,c-690ef14f-0cf1abd9-cabc0eaa101b,1762586996201,Sync,894.23,1762586996200,21.0.3.8,false,2048,40.21,InvokeFunction,,,LATEST,1-690ef174-0c0a43-23a6c7596d5c,OnDemand,,,0.51,
,7B2CA077525D5F38D7687113836FF4D4-9,1762586997,FCRequestMetrics:/n-matmul-2048,25,25,,,805.96,n-matmul-2048,false,dd2888fed1c9,,c-690ef14f-0cf1abd9-cabc0eaa101b,1762586997135,Sync,808.23,1762586997133,21.0.3.8,false,2048,43.45,InvokeFunction,,,LATEST,1-690ef175-0c49fa-c22d952aa9bd,OnDemand,,,1.40,
,D461B99DDC361457A1C9EC0902546FD1-4,1762586997,FCRequestMetrics:/n-matmul-2048,9,9,,,653.67,n-matmul-2048,false,ed2ed25159fc,,c-690ef14f-0cf1abd9-e247acd3fed5,1762586996772,Sync,654.96,1762586996771,21.0.3.8,false,2048,36.22,InvokeFunction,,,LATEST,1-690ef174-0c0a43-d0182180e670,OnDemand,,,0.50,
,510F8A150819018E635E267F62520B9B-5,1762586997,FCRequestMetrics:/n-matmul-2048,9,9,,,650.98,n-matmul-2048,false,c8577adbf622,,c-690ef10b-0cf1abd9-26ef2c508c1e,1762586996766,Sync,652.68,1762586996764,21.0.3.8,false,2048,38.50,InvokeFunction,,,LATEST,1-690ef174-0c49fa-36bdc9903fa7,OnDemand,,,0.88,
,A5C7CD7E71BB55429480C147D0ABD6E0-5,1762586997,FCRequestMetrics:/n-matmul-2048,9,9,,,647.04,n-matmul-2048,false,b9c50fa7ffa2,,c-690ef10b-0cf1abd9-39e48c7dd1cd,1762586996774,Sync,648.33,1762586996773,21.0.3.8,false,2048,34.26,InvokeFunction,,,LATEST,1-690ef174-0c0a43-f34db1c512cb,OnDemand,,,0.54,
,BF6FA9AF6994B690E2E5555B14FF4940-8,1762586997,FCRequestMetrics:/n-matmul-2048,9,9,,,655.50,n-matmul-2048,false,21ba44532db0,,c-690ef12f-0cf1abd9-72da07858f04,1762586996760,Sync,656.86,1762586996759,21.0.3.8,false,2048,36.18,InvokeFunction,,,LATEST,1-690ef174-0c0a43-9a50c5924685,OnDemand,,,0.56,
,943CF4692F491FB15BAF1EAB0CB8860A-3,1762586997,FCRequestMetrics:/n-matmul-2048,9,9,,,805.61,n-matmul-2048,false,bfd14e2c48c1,,c-690ef14e-0cf1abd9-da3a9c4be72b,1762586996764,Sync,807.06,1762586996763,21.0.3.8,false,2048,34.53,InvokeFunction,,,LATEST,1-690ef174-0c0a43-54528106b29e,OnDemand,,,0.54,
,D5A4CD99F058D411C58A3919BEB264F4-4,1762586997,FCRequestMetrics:/n-matmul-2048,9,9,,,644.13,n-matmul-2048,false,a1586973fec8,,c-690ef10b-0cf1abd9-90463d425ca7,1762586996760,Sync,646.55,1762586996758,21.0.3.8,false,2048,36.07,InvokeFunction,,,LATEST,1-690ef174-0c49fa-8bbfd98dd28d,OnDemand,,,1.54,
,CFD93EE32B19E972234D28D1C13E1AA8-2,1762586997,FCRequestMetrics:/n-matmul-2048,16,16,,,729.71,n-matmul-2048,false,7a537213662e,,c-690ef15f-0cf1abd9-fd32f0b49b00,1762586997231,Sync,731.52,1762586997230,21.0.3.8,false,2048,26.60,InvokeFunction,,,LATEST,1-690ef175-0c49fa-ce808512c9a4,OnDemand,,,0.90,
,B10148BC96FECE49F2FC2439520A3175-4,1762586997,FCRequestMetrics:/n-matmul-2048,9,9,,,0.09,n-matmul-2048,true,9ae0a7a16fc1,,c-690ef12e-0cf1abd9-86b866453e74,1762586996772,Sync,397.01,1762586996771,21.0.3.7,false,2048,2.07,InvokeFunction,,,LATEST,1-690ef174-0c49fa-ce6c1bd3409a,OnDemand,,,1.12,,"{""errorType"":""FunctionAbnormalExitError""}"
,C1124F392E96F7157640100E932BDA24-2,1762586997,FCRequestMetrics:/n-matmul-2048,25,25,,,0.05,n-matmul-2048,true,67bba880de6a,,c-690ef15e-0cf1abd9-14d01dd57fb0,1762586996555,Sync,459.04,1762586996554,21.0.3.8,false,2048,2.30,InvokeFunction,,,LATEST,1-690ef175-0c0a43-577313009b3b,OnDemand,,,0.57,,"{""errorType"":""FunctionAbnormalExitError""}"
,B63107B9394C762ADF436F322BAA4B65-2,1762586997,FCRequestMetrics:/n-matmul-2048,9,9,,,0.03,n-matmul-2048,true,1ccfa60657e6,,c-690ef10b-0cf1abd9-672e1c9f5eed,1762586996775,Sync,401.65,1762586996773,21.0.3.8,false,2048,2.18,InvokeFunction,,,LATEST,1-690ef174-0c49fa-a04a784d435c,OnDemand,,,1.32,,"{""errorType"":""FunctionAbnormalExitError""}"
,82C12ED6E643926156E0217F8DC83EE9-4,1762586997,FCRequestMetrics:/n-matmul-2048,9,9,,,0.04,n-matmul-2048,true,a9b6a74eafdc,,c-690ef12d-0cf1abd9-2948faf88166,1762586996775,Sync,421.46,1762586996774,21.0.3.8,false,2048,4.20,InvokeFunction,,,LATEST,1-690ef174-0c0a43-4b92fd86fbc6,OnDemand,,,0.44,,"{""errorType"":""FunctionAbnormalExitError""}"
,DC91F31EAE4326850C248390B5A5E361-4,1762586997,FCRequestMetrics:/n-matmul-2048,9,9,,,0.04,n-matmul-2048,true,cf01fd95e6f6,,c-690ef150-0cf1abd9-91e7929a8b40,1762586996768,Sync,448.87,1762586996767,21.0.3.8,false,2048,2.21,InvokeFunction,,,LATEST,1-690ef174-0c49fa-5266829ade49,OnDemand,,,0.94,,"{""errorType"":""FunctionAbnormalExitError""}"
,2523AFCDD5BD8A2B2953E48983230929-4,1762586997,FCRequestMetrics:/n-matmul-2048,26,26,,,0.03,n-matmul-2048,true,01d6f783bdb1,,c-690ef10b-0cf1abd9-dd39c218e942,1762586996877,Sync,436.27,1762586996876,21.0.3.8,false,2048,4.04,InvokeFunction,,,LATEST,1-690ef174-0c49fa-66b0f910b590,OnDemand,,,1.43,,"{""errorType"":""FunctionAbnormalExitError""}"
,18363E7E93F59FF8F193127D52D86051-7,1762586997,FCRequestMetrics:/n-matmul-2048,26,26,,,0.02,n-matmul-2048,true,3f9c9a307fd4,,c-690ef130-0cf1abd9-454ab669b866,1762586996979,Sync,429.24,1762586996978,21.0.3.8,false,2048,2.32,InvokeFunction,,,LATEST,1-690ef174-0c49fa-dd00e5effb7a,OnDemand,,,1.41,,"{""errorType"":""FunctionAbnormalExitError""}"
,46B19270B472A6D217A2E559E7E7C97B-4,1762586997,FCRequestMetrics:/n-matmul-2048,26,26,,,0.02,n-matmul-2048,true,869d26b39717,,c-690ef10b-0cf1abd9-b6750c057b8f,1762586997015,Sync,412.49,1762586997013,21.0.3.8,false,2048,2.20,InvokeFunction,,,LATEST,1-690ef175-0c49fa-da46a3b74a20,OnDemand,,,1.42,,"{""errorType"":""FunctionAbnormalExitError""}"
,636547988E635DCC4C08253D0766BAEB-4,1762586997,FCRequestMetrics:/n-matmul-2048,25,25,,,0.03,n-matmul-2048,true,3da1c5559a3b,,c-690ef156-0cf1abd9-a60f14769352,1762586997147,Sync,412.65,1762586997147,21.0.3.8,false,2048,2.23,InvokeFunction,,,LATEST,1-690ef175-0c0a43-fb53b0cbe0a4,OnDemand,,,0.53,,"{""errorType"":""FunctionAbnormalExitError""}"
,91973BCA72DE9462DCC25EF55C6AC5B5-6,1762586997,FCRequestMetrics:/n-matmul-2048,12,12,,,0.02,n-matmul-2048,true,74deffaed995,,c-690ef14e-0cf1abd9-32bbbd8baf97,1762586997493,Sync,451.97,1762586997492,21.0.3.8,false,2048,4.26,InvokeFunction,,,LATEST,1-690ef175-0c0a43-293a8db74712,OnDemand,,,0.52,,"{""errorType"":""FunctionAbnormalExitError""}"
,A91AC64A0F8E1976F88383B363514050-5,1762586998,FCRequestMetrics:/n-matmul-2048,12,12,,,802.52,n-matmul-2048,false,cc3f8c782a21,,c-690ef151-0cf1abd9-7fe4e69dd5c1,1762586997456,Sync,803.89,1762586997455,21.0.3.8,false,2048,40.62,InvokeFunction,,,LATEST,1-690ef175-0c0a43-d353c02d166e,OnDemand,,,0.58,
,B1BC54E0839163A3A2719B2791B845EA-A,1762586998,FCRequestMetrics:/n-matmul-2048,12,12,,,791.96,n-matmul-2048,false,c5eb2abfaa5d,,c-690ef14c-0cf1abd9-28e65fb7d593,1762586997457,Sync,794.91,1762586997456,21.0.3.5,false,2048,38.52,InvokeFunction,,,LATEST,1-690ef175-0c49fa-acdd176704e1,OnDemand,,,0.84,
,DDEEB29FD5ADFBB67E4F2FEB83463658-9,1762586998,FCRequestMetrics:/n-matmul-2048,16,16,,,826.56,n-matmul-2048,false,bc52147f2a7a,,c-690ef12c-0cf1abd9-69aaf8ca2a4b,1762586997783,Sync,828.10,1762586997782,21.0.3.8,false,2048,42.30,InvokeFunction,,,LATEST,1-690ef175-0c0a43-5c9531b113ff,OnDemand,,,0.65,
,211620C9A07558D2D8764497DA6068A4-2,1762586998,FCRequestMetrics:/n-matmul-2048,16,16,,,657.35,n-matmul-2048,false,e053c99a8bb6,,c-690ef10b-0cf1abd9-9de429f2e3c5,1762586997798,Sync,658.62,1762586997798,21.0.3.8,false,2048,36.21,InvokeFunction,,,LATEST,1-690ef175-0c0a43-9ca536e67429,OnDemand,,,0.48,
,5E9C37D1C997E792337F0D79C839D1F6-6,1762586998,FCRequestMetrics:/n-matmul-2048,16,16,,,659.44,n-matmul-2048,false,7be323259747,,c-690ef12d-0cf1abd9-4ddba8cb6fd4,1762586997798,Sync,660.78,1762586997797,21.0.3.8,false,2048,38.02,InvokeFunction,,,LATEST,1-690ef175-0c0a43-ef69c519e5c6,OnDemand,,,0.47,
,7C3B3344857E71889D56CDA44A54F6B2-6,1762586998,FCRequestMetrics:/n-matmul-2048,16,16,,,657.18,n-matmul-2048,false,687fca8d325c,,c-690ef12c-0cf1abd9-6ced060ffe1b,1762586997799,Sync,658.53,1762586997798,21.0.3.8,false,2048,34.25,InvokeFunction,,,LATEST,1-690ef175-0c0a43-95b713458733,OnDemand,,,0.42,
,D461B99DDC361457A1C9EC0902546FD1-4,1762586998,FCRequestMetrics:/n-matmul-2048,12,12,,,642.35,n-matmul-2048,false,ed2ed25159fc,,c-690ef14f-0cf1abd9-e247acd3fed5,1762586997445,Sync,647.97,1762586997443,21.0.3.8,false,2048,38.34,InvokeFunction,,,LATEST,1-690ef175-0c49fa-950ec3529d2a,OnDemand,,,1.21,
,510F8A150819018E635E267F62520B9B-5,1762586998,FCRequestMetrics:/n-matmul-2048,12,12,,,658.98,n-matmul-2048,false,c8577adbf622,,c-690ef10b-0cf1abd9-26ef2c508c1e,1762586997466,Sync,660.74,1762586997465,21.0.3.8,false,2048,40.88,InvokeFunction,,,LATEST,1-690ef175-0c0a43-92be4cea80da,OnDemand,,,0.91,
,510F8A150819018E635E267F62520B9B-5,1762586998,FCRequestMetrics:/n-matmul-2048,30,30,,,790.88,n-matmul-2048,false,c8577adbf622,,c-690ef10b-0cf1abd9-26ef2c508c1e,1762586998133,Sync,793.07,1762586998131,21.0.3.8,false,2048,42.09,InvokeFunction,,,LATEST,1-690ef176-0c49fa-a272d81b8477,OnDemand,,,1.46,
,A5C7CD7E71BB55429480C147D0ABD6E0-5,1762586998,FCRequestMetrics:/n-matmul-2048,12,12,,,790.48,n-matmul-2048,false,b9c50fa7ffa2,,c-690ef10b-0cf1abd9-39e48c7dd1cd,1762586997466,Sync,792.58,1762586997465,21.0.3.8,false,2048,38.73,InvokeFunction,,,LATEST,1-690ef175-0c49fa-6aa8ae13fb06,OnDemand,,,1.36,
,BF6FA9AF6994B690E2E5555B14FF4940-8,1762586998,FCRequestMetrics:/n-matmul-2048,12,12,,,792.43,n-matmul-2048,false,21ba44532db0,,c-690ef12f-0cf1abd9-72da07858f04,1762586997521,Sync,794.61,1762586997519,21.0.3.8,false,2048,40.57,InvokeFunction,,,LATEST,1-690ef175-0c49fa-a2e699e6c53c,OnDemand,,,1.38,
,943CF4692F491FB15BAF1EAB0CB8860A-3,1762586998,FCRequestMetrics:/n-matmul-2048,18,18,,,783.90,n-matmul-2048,false,bfd14e2c48c1,,c-690ef14e-0cf1abd9-da3a9c4be72b,1762586997601,Sync,785.85,1762586997599,21.0.3.8,false,2048,38.48,InvokeFunction,,,LATEST,1-690ef175-0c49fa-cdf23dc754f8,OnDemand,,,1.21,
,D5A4CD99F058D411C58A3919BEB264F4-4,1762586998,FCRequestMetrics:/n-matmul-2048,16,16,,,656.27,n-matmul-2048,false,a1586973fec8,,c-690ef10b-0cf1abd9-90463d425ca7,1762586997787,Sync,657.50,1762586997787,21.0.3.8,false,2048,38.38,InvokeFunction,,,LATEST,1-690ef175-0c0a43-2d47bc931772,OnDemand,,,0.46,
,E08BA4ABFB8C4109D958EF35CCDE9E75-9,1762586998,FCRequestMetrics:/n-matmul-2048,16,16,,,801.73,n-matmul-2048,false,f6ea6fba0d1f,,c-690ef12a-0cf1abd9-0e59ac1cec40,1762586997800,Sync,803.43,1762586997799,21.0.3.6,false,2048,38.80,InvokeFunction,,,LATEST,1-690ef175-0c49fa-8511217f33b6,OnDemand,,,0.94,
,9A02C87DA0F400C9E40F40EF2DF6006D-3,1762586998,FCRequestMetrics:/n-matmul-2048,16,16,,,674.10,n-matmul-2048,false,3ea4534df15d,,c-690ef10b-0cf1abd9-31fefea0e1fd,1762586997797,Sync,675.30,1762586997797,21.0.3.8,false,2048,28.53,InvokeFunction,,,LATEST,1-690ef175-0c0a43-f833226549dc,OnDemand,,,0.48,
,CFD93EE32B19E972234D28D1C13E1AA8-2,1762586998,FCRequestMetrics:/n-matmul-2048,26,26,,,717.42,n-matmul-2048,false,7a537213662e,,c-690ef15f-0cf1abd9-fd32f0b49b00,1762586998011,Sync,718.85,1762586998011,21.0.3.8,false,2048,34.48,InvokeFunction,,,LATEST,1-690ef176-0c0a43-0059d6cea88f,OnDemand,,,0.49,
,B10148BC96FECE49F2FC2439520A3175-4,1762586998,FCRequestMetrics:/n-matmul-2048,16,16,,,689.59,n-matmul-2048,false,9ae0a7a16fc1,,c-690ef12e-0cf1abd9-86b866453e74,1762586997796,Sync,690.93,1762586997795,21.0.3.7,false,2048,28.62,InvokeFunction,,,LATEST,1-690ef175-0c0a43-97258ce03e9e,OnDemand,,,0.43,
,C1124F392E96F7157640100E932BDA24-2,1762586998,FCRequestMetrics:/n-matmul-2048,16,16,,,816.43,n-matmul-2048,false,67bba880de6a,,c-690ef15e-0cf1abd9-14d01dd57fb0,1762586997262,Sync,826.69,1762586997261,21.0.3.8,false,2048,28.64,InvokeFunction,,,LATEST,1-690ef175-0c49fa-e545cdd152bd,OnDemand,,,1.11,
,B63107B9394C762ADF436F322BAA4B65-2,1762586998,FCRequestMetrics:/n-matmul-2048,16,16,,,673.79,n-matmul-2048,false,1ccfa60657e6,,c-690ef10b-0cf1abd9-672e1c9f5eed,1762586997796,Sync,675.48,1762586997795,21.0.3.8,false,2048,28.71,InvokeFunction,,,LATEST,1-690ef175-0c49fa-e0a82af91310,OnDemand,,,0.90,
,82C12ED6E643926156E0217F8DC83EE9-4,1762586998,FCRequestMetrics:/n-matmul-2048,16,16,,,730.47,n-matmul-2048,false,a9b6a74eafdc,,c-690ef12d-0cf1abd9-2948faf88166,1762586997795,Sync,732.36,1762586997793,21.0.3.8,false,2048,27.13,InvokeFunction,,,LATEST,1-690ef175-0c49fa-ea4f07b94608,OnDemand,,,1.12,
,DC91F31EAE4326850C248390B5A5E361-4,1762586998,FCRequestMetrics:/n-matmul-2048,16,16,,,904.67,n-matmul-2048,false,cf01fd95e6f6,,c-690ef150-0cf1abd9-91e7929a8b40,1762586997793,Sync,906.84,1762586997792,21.0.3.8,false,2048,29.29,InvokeFunction,,,LATEST,1-690ef175-0c49fa-8485bf114cb9,OnDemand,,,1.15,
,2523AFCDD5BD8A2B2953E48983230929-4,1762586998,FCRequestMetrics:/n-matmul-2048,16,16,,,683.47,n-matmul-2048,false,01d6f783bdb1,,c-690ef10b-0cf1abd9-dd39c218e942,1762586997793,Sync,685.52,1762586997791,21.0.3.8,false,2048,26.46,InvokeFunction,,,LATEST,1-690ef175-0c49fa-cfe42d5846a8,OnDemand,,,1.31,
,18363E7E93F59FF8F193127D52D86051-7,1762586998,FCRequestMetrics:/n-matmul-2048,16,16,,,691.37,n-matmul-2048,false,3f9c9a307fd4,,c-690ef130-0cf1abd9-454ab669b866,1762586997786,Sync,692.64,1762586997785,21.0.3.8,false,2048,34.52,InvokeFunction,,,LATEST,1-690ef175-0c0a43-5d7642098f60,OnDemand,,,0.50,
,46B19270B472A6D217A2E559E7E7C97B-4,1762586998,FCRequestMetrics:/n-matmul-2048,12,12,,,684.05,n-matmul-2048,false,869d26b39717,,c-690ef10b-0cf1abd9-b6750c057b8f,1762586997462,Sync,685.37,1762586997462,21.0.3.8,false,2048,26.90,InvokeFunction,,,LATEST,1-690ef175-0c0a43-c128dac24aa3,OnDemand,,,0.50,
,46B19270B472A6D217A2E559E7E7C97B-4,1762586998,FCRequestMetrics:/n-matmul-2048,27,27,,,650.44,n-matmul-2048,false,869d26b39717,,c-690ef10b-0cf1abd9-b6750c057b8f,1762586998167,Sync,651.76,1762586998166,21.0.3.8,false,2048,34.41,InvokeFunction,,,LATEST,1-690ef176-0c0a43-0e132f6300cb,OnDemand,,,0.60,
,636547988E635DCC4C08253D0766BAEB-4,1762586998,FCRequestMetrics:/n-matmul-2048,18,18,,,675.76,n-matmul-2048,false,3da1c5559a3b,,c-690ef156-0cf1abd9-a60f14769352,1762586997628,Sync,677.63,1762586997627,21.0.3.8,false,2048,26.70,InvokeFunction,,,LATEST,1-690ef175-0c49fa-10b29e3fa92c,OnDemand,,,1.16,
,91973BCA72DE9462DCC25EF55C6AC5B5-6,1762586998,FCRequestMetrics:/n-matmul-2048,32,32,,,660.24,n-matmul-2048,false,74deffaed995,,c-690ef14e-0cf1abd9-32bbbd8baf97,1762586997983,Sync,662.26,1762586997982,21.0.3.8,false,2048,26.66,InvokeFunction,,,LATEST,1-690ef175-0c49fa-36805b49f589,OnDemand,,,1.12,
,00E67D373DA9C60BEF759D13208EAAD9-6,1762586998,FCRequestMetrics:/n-matmul-2048,18,18,,,0.03,n-matmul-2048,true,9013ed408e73,,c-690ef10b-0cf1abd9-dbc16e7d233d,1762586997609,Sync,424.67,1762586997609,21.0.3.8,false,2048,2.22,InvokeFunction,,,LATEST,1-690ef175-0c0a43-0337ba296953,OnDemand,,,0.47,,"{""errorType"":""FunctionAbnormalExitError""}"
,F0BCE0E40FE41E0F61DD5DAF956249CC-8,1762586998,FCRequestMetrics:/n-matmul-2048,18,18,,,0.03,n-matmul-2048,true,b9ed45a41c5d,,c-690ef139-0cf1abd9-bfec9b76d480,1762586997595,Sync,438.29,1762586997594,21.0.3.8,false,2048,4.11,InvokeFunction,,,LATEST,1-690ef175-0c0a43-f5b7a29bc51f,OnDemand,,,0.56,,"{""errorType"":""FunctionAbnormalExitError""}"
,B2D19E9889F3DDE524F4ACFCF2A5FEBF-2,1762586998,FCRequestMetrics:/n-matmul-2048,18,18,,,0.03,n-matmul-2048,true,95f39cca25aa,,c-690ef10b-0cf1abd9-336379de3020,1762586997601,Sync,438.05,1762586997601,21.0.3.8,false,2048,4.08,InvokeFunction,,,LATEST,1-690ef175-0c0a43-00dd97a822de,OnDemand,,,0.50,,"{""errorType"":""FunctionAbnormalExitError""}"
,2ECD84792EE924A03BABF1E3B673BF9D-9,1762586998,FCRequestMetrics:/n-matmul-2048,16,16,,,0.03,n-matmul-2048,true,203a62c08916,,c-690ef155-0cf1abd9-fdccf7e0f65d,1762586997731,Sync,446.88,1762586997729,21.0.3.8,false,2048,4.28,InvokeFunction,,,LATEST,1-690ef175-0c49fa-3255b09b643e,OnDemand,,,1.52,,"{""errorType"":""FunctionAbnormalExitError""}"
,EB19AA8F9B61C51C3FCBC98D949BD1C2-8,1762586998,FCRequestMetrics:/n-matmul-2048,16,16,,,808.74,n-matmul-2048,false,211d8375abf1,,c-690ef12d-0cf1abd9-78e04fcb7549,1762586997800,Sync,810.48,1762586997799,21.0.3.8,false,2048,40.36,InvokeFunction,,,LATEST,1-690ef175-0c49fa-bfbaf9de3b3f,OnDemand,,,0.87,
,C38D529AEE78E8BFEBBDDADEDE13D41B-2,1762586998,FCRequestMetrics:/n-matmul-2048,32,32,,,0.03,n-matmul-2048,true,965073b71ef9,,c-690ef12c-0cf1abd9-ee855b82b2d6,1762586997890,Sync,452.39,1762586997889,21.0.3.7,false,2048,6.13,InvokeFunction,,,LATEST,1-690ef175-0c0a43-9df8a1e053d6,OnDemand,,,0.67,,"{""errorType"":""FunctionAbnormalExitError""}"
,A91AC64A0F8E1976F88383B363514050-5,1762586998,FCRequestMetrics:/n-matmul-2048,27,27,,,0.03,n-matmul-2048,true,cc3f8c782a21,,c-690ef151-0cf1abd9-7fe4e69dd5c1,1762586998292,Sync,421.36,1762586998290,21.0.3.8,false,2048,4.23,InvokeFunction,,,LATEST,1-690ef176-0c49fa-a616eda5b70f,OnDemand,,,1.49,,"{""errorType"":""FunctionAbnormalExitError""}"
,B1BC54E0839163A3A2719B2791B845EA-B,1762586998,FCRequestMetrics:/n-matmul-2048,27,27,,,0.02,n-matmul-2048,true,c5eb2abfaa5d,,c-690ef14c-0cf1abd9-28e65fb7d593,1762586998299,Sync,670.97,1762586998298,21.0.3.5,false,2048,2.15,InvokeFunction,,,LATEST,1-690ef176-0c0a43-526e4a1589b2,OnDemand,,,0.55,,"{""errorType"":""FunctionAbnormalExitError""}"
,211620C9A07558D2D8764497DA6068A4-2,1762586999,FCRequestMetrics:/n-matmul-2048,26,26,,,653.38,n-matmul-2048,false,e053c99a8bb6,,c-690ef10b-0cf1abd9-9de429f2e3c5,1762586998517,Sync,654.63,1762586998516,21.0.3.8,false,2048,38.59,InvokeFunction,,,LATEST,1-690ef176-0c0a43-1e72dce85131,OnDemand,,,0.48,
,5E9C37D1C997E792337F0D79C839D1F6-6,1762586999,FCRequestMetrics:/n-matmul-2048,26,26,,,823.25,n-matmul-2048,false,7be323259747,,c-690ef12d-0cf1abd9-4ddba8cb6fd4,1762586998513,Sync,826.92,1762586998511,21.0.3.8,false,2048,42.38,InvokeFunction,,,LATEST,1-690ef176-0c49fa-b0d6369fd2ec,OnDemand,,,1.36,
,7C3B3344857E71889D56CDA44A54F6B2-6,1762586999,FCRequestMetrics:/n-matmul-2048,26,26,,,643.99,n-matmul-2048,false,687fca8d325c,,c-690ef12c-0cf1abd9-6ced060ffe1b,1762586998517,Sync,645.80,1762586998516,21.0.3.8,false,2048,36.44,InvokeFunction,,,LATEST,1-690ef176-0c49fa-cd5edf3809df,OnDemand,,,1.14,
,A5C7CD7E71BB55429480C147D0ABD6E0-5,1762586999,FCRequestMetrics:/n-matmul-2048,27,27,,,787.34,n-matmul-2048,false,b9c50fa7ffa2,,c-690ef10b-0cf1abd9-39e48c7dd1cd,1762586998299,Sync,789.07,1762586998298,21.0.3.8,false,2048,42.45,InvokeFunction,,,LATEST,1-690ef176-0c49fa-1beed8e3c06f,OnDemand,,,0.94,
,BF6FA9AF6994B690E2E5555B14FF4940-8,1762586999,FCRequestMetrics:/n-matmul-2048,25,25,,,788.15,n-matmul-2048,false,21ba44532db0,,c-690ef12f-0cf1abd9-72da07858f04,1762586998354,Sync,790.30,1762586998353,21.0.3.8,false,2048,43.81,InvokeFunction,,,LATEST,1-690ef176-0c49fa-d0e90d420386,OnDemand,,,1.38,
,943CF4692F491FB15BAF1EAB0CB8860A-3,1762586999,FCRequestMetrics:/n-matmul-2048,25,25,,,916.39,n-matmul-2048,false,bfd14e2c48c1,,c-690ef14e-0cf1abd9-da3a9c4be72b,1762586998426,Sync,918.46,1762586998424,21.0.3.8,false,2048,41.28,InvokeFunction,,,LATEST,1-690ef176-0c49fa-5b62630fa159,OnDemand,,,1.27,
,D5A4CD99F058D411C58A3919BEB264F4-4,1762586999,FCRequestMetrics:/n-matmul-2048,26,26,,,782.45,n-matmul-2048,false,a1586973fec8,,c-690ef10b-0cf1abd9-90463d425ca7,1762586998527,Sync,783.72,1762586998526,21.0.3.8,false,2048,39.80,InvokeFunction,,,LATEST,1-690ef176-0c0a43-c49e71ad7376,OnDemand,,,0.54,
,D461B99DDC361457A1C9EC0902546FD1-6,1762586999,FCRequestMetrics:/n-matmul-2048,24,24,,,958.57,n-matmul-2048,false,ed2ed25159fc,,c-690ef14f-0cf1abd9-e247acd3fed5,1762586998811,Sync,960.29,1762586998810,21.0.3.8,false,2048,40.14,InvokeFunction,,,LATEST,1-690ef176-0c49fa-4e2bec187425,OnDemand,,,0.78,
,E08BA4ABFB8C4109D958EF35CCDE9E75-9,1762586999,FCRequestMetrics:/n-matmul-2048,23,23,,,814.02,n-matmul-2048,false,f6ea6fba0d1f,,c-690ef12a-0cf1abd9-0e59ac1cec40,1762586998685,Sync,816.16,1762586998684,21.0.3.6,false,2048,42.15,InvokeFunction,,,LATEST,1-690ef176-0c49fa-e87fbabba6f4,OnDemand,,,1.24,
,9A02C87DA0F400C9E40F40EF2DF6006D-3,1762586999,FCRequestMetrics:/n-matmul-2048,26,26,,,649.43,n-matmul-2048,false,3ea4534df15d,,c-690ef10b-0cf1abd9-31fefea0e1fd,1762586998497,Sync,650.79,1762586998496,21.0.3.8,false,2048,36.43,InvokeFunction,,,LATEST,1-690ef176-0c0a43-642970307a25,OnDemand,,,0.46,
,B10148BC96FECE49F2FC2439520A3175-4,1762586999,FCRequestMetrics:/n-matmul-2048,26,26,,,680.27,n-matmul-2048,false,9ae0a7a16fc1,,c-690ef12e-0cf1abd9-86b866453e74,1762586998496,Sync,681.49,1762586998495,21.0.3.7,false,2048,36.20,InvokeFunction,,,LATEST,1-690ef176-0c0a43-9370d9284727,OnDemand,,,0.54,
,C1124F392E96F7157640100E932BDA24-2,1762586999,FCRequestMetrics:/n-matmul-2048,25,25,,,1070.38,n-matmul-2048,false,67bba880de6a,,c-690ef15e-0cf1abd9-14d01dd57fb0,1762586998107,Sync,1075.23,1762586998105,21.0.3.8,false,2048,36.46,InvokeFunction,,,LATEST,1-690ef176-0c49fa-d52011a82a74,OnDemand,,,1.11,
,B63107B9394C762ADF436F322BAA4B65-2,1762586999,FCRequestMetrics:/n-matmul-2048,26,26,,,653.50,n-matmul-2048,false,1ccfa60657e6,,c-690ef10b-0cf1abd9-672e1c9f5eed,1762586998506,Sync,655.55,1762586998505,21.0.3.8,false,2048,36.32,InvokeFunction,,,LATEST,1-690ef176-0c49fa-f493cd99aba7,OnDemand,,,1.37,
,82C12ED6E643926156E0217F8DC83EE9-4,1762586999,FCRequestMetrics:/n-matmul-2048,25,25,,,660.18,n-matmul-2048,false,a9b6a74eafdc,,c-690ef12d-0cf1abd9-2948faf88166,1762586998590,Sync,662.36,1762586998589,21.0.3.8,false,2048,34.31,InvokeFunction,,,LATEST,1-690ef176-0c49fa-8dca817e36ba,OnDemand,,,1.41,
,DC91F31EAE4326850C248390B5A5E361-4,1762586999,FCRequestMetrics:/n-matmul-2048,24,24,,,630.23,n-matmul-2048,false,cf01fd95e6f6,,c-690ef150-0cf1abd9-91e7929a8b40,1762586998806,Sync,632.01,1762586998805,21.0.3.8,false,2048,36.44,InvokeFunction,,,LATEST,1-690ef176-0c49fa-6b2d07f1de51,OnDemand,,,0.99,
,2523AFCDD5BD8A2B2953E48983230929-4,1762586999,FCRequestMetrics:/n-matmul-2048,26,26,,,645.64,n-matmul-2048,false,01d6f783bdb1,,c-690ef10b-0cf1abd9-dd39c218e942,1762586998496,Sync,646.82,1762586998496,21.0.3.8,false,2048,34.36,InvokeFunction,,,LATEST,1-690ef176-0c0a43-ca7957a22702,OnDemand,,,0.50,
,2523AFCDD5BD8A2B2953E48983230929-4,1762586999,FCRequestMetrics:/n-matmul-2048,32,32,,,649.17,n-matmul-2048,false,01d6f783bdb1,,c-690ef10b-0cf1abd9-dd39c218e942,1762586999146,Sync,668.02,1762586999128,21.0.3.8,false,2048,36.73,InvokeFunction,,,LATEST,1-690ef177-0c49fa-d9c7e1c1777c,OnDemand,,,18.18,
,18363E7E93F59FF8F193127D52D86051-7,1762586999,FCRequestMetrics:/n-matmul-2048,26,26,,,662.52,n-matmul-2048,false,3f9c9a307fd4,,c-690ef130-0cf1abd9-454ab669b866,1762586998484,Sync,663.91,1762586998483,21.0.3.8,false,2048,42.22,InvokeFunction,,,LATEST,1-690ef176-0c0a43-23b8c2814807,OnDemand,,,0.53,
,18363E7E93F59FF8F193127D52D86051-7,1762586999,FCRequestMetrics:/n-matmul-2048,32,32,,,648.33,n-matmul-2048,false,3f9c9a307fd4,,c-690ef130-0cf1abd9-454ab669b866,1762586999164,Sync,897.14,1762586998916,21.0.3.8,false,2048,44.21,InvokeFunction,,,LATEST,1-690ef176-0c49fa-4ffa7b9ebe97,OnDemand,,,247.43,
,46B19270B472A6D217A2E559E7E7C97B-4,1762586999,FCRequestMetrics:/n-matmul-2048,24,24,,,777.87,n-matmul-2048,false,869d26b39717,,c-690ef10b-0cf1abd9-b6750c057b8f,1762586998822,Sync,779.45,1762586998821,21.0.3.8,false,2048,38.88,InvokeFunction,,,LATEST,1-690ef176-0c49fa-13dc8fbdc0d3,OnDemand,,,0.82,
,636547988E635DCC4C08253D0766BAEB-4,1762586999,FCRequestMetrics:/n-matmul-2048,24,24,,,637.49,n-matmul-2048,false,3da1c5559a3b,,c-690ef156-0cf1abd9-a60f14769352,1762586998808,Sync,639.37,1762586998807,21.0.3.8,false,2048,34.45,InvokeFunction,,,LATEST,1-690ef176-0c49fa-857aca0c0efe,OnDemand,,,0.93,
,91973BCA72DE9462DCC25EF55C6AC5B5-6,1762586999,FCRequestMetrics:/n-matmul-2048,23,23,,,642.13,n-matmul-2048,false,74deffaed995,,c-690ef14e-0cf1abd9-32bbbd8baf97,1762586998650,Sync,644.00,1762586998649,21.0.3.8,false,2048,34.41,InvokeFunction,,,LATEST,1-690ef176-0c0a43-33165d7b85bf,OnDemand,,,0.55,
,00E67D373DA9C60BEF759D13208EAAD9-6,1762586999,FCRequestMetrics:/n-matmul-2048,24,24,,,687.60,n-matmul-2048,false,9013ed408e73,,c-690ef10b-0cf1abd9-dbc16e7d233d,1762586998813,Sync,689.33,1762586998812,21.0.3.8,false,2048,27.32,InvokeFunction,,,LATEST,1-690ef176-0c49fa-20d6760d32c3,OnDemand,,,0.92,
,F0BCE0E40FE41E0F61DD5DAF956249CC-8,1762586999,FCRequestMetrics:/n-matmul-2048,24,24,,,694.01,n-matmul-2048,false,b9ed45a41c5d,,c-690ef139-0cf1abd9-bfec9b76d480,1762586998815,Sync,695.39,1762586998814,21.0.3.8,false,2048,26.77,InvokeFunction,,,LATEST,1-690ef176-0c0a43-2c3a8b302a72,OnDemand,,,0.55,
,B2D19E9889F3DDE524F4ACFCF2A5FEBF-2,1762586999,FCRequestMetrics:/n-matmul-2048,24,24,,,677.64,n-matmul-2048,false,95f39cca25aa,,c-690ef10b-0cf1abd9-336379de3020,1762586998811,Sync,679.03,1762586998810,21.0.3.8,false,2048,26.62,InvokeFunction,,,LATEST,1-690ef176-0c0a43-ff86d82b9050,OnDemand,,,0.56,
,2ECD84792EE924A03BABF1E3B673BF9D-9,1762586999,FCRequestMetrics:/n-matmul-2048,27,27,,,1028.71,n-matmul-2048,false,203a62c08916,,c-690ef155-0cf1abd9-fdccf7e0f65d,1762586998189,Sync,1030.07,1762586998189,21.0.3.8,false,2048,28.72,InvokeFunction,,,LATEST,1-690ef176-0c0a43-8e8182558eae,OnDemand,,,0.59,
,EB19AA8F9B61C51C3FCBC98D949BD1C2-8,1762586999,FCRequestMetrics:/n-matmul-2048,23,23,,,827.60,n-matmul-2048,false,211d8375abf1,,c-690ef12d-0cf1abd9-78e04fcb7549,1762586998651,Sync,831.47,1762586998650,21.0.3.8,false,2048,43.73,InvokeFunction,,,LATEST,1-690ef176-0c49fa-1a65f8a5e3c3,OnDemand,,,1.19,
,510F8A150819018E635E267F62520B9B-5,1762586999,FCRequestMetrics:/n-matmul-2048,31,31,,,0.03,n-matmul-2048,true,c8577adbf622,,c-690ef10b-0cf1abd9-26ef2c508c1e,1762586998936,Sync,406.52,1762586998936,21.0.3.8,false,2048,6.22,InvokeFunction,,,LATEST,1-690ef176-0c0a43-55135bc28e1c,OnDemand,,,0.58,,"{""errorType"":""FunctionAbnormalExitError""}"
,C38D529AEE78E8BFEBBDDADEDE13D41B-2,1762586999,FCRequestMetrics:/n-matmul-2048,25,25,,,689.73,n-matmul-2048,false,965073b71ef9,,c-690ef12c-0cf1abd9-ee855b82b2d6,1762586998346,Sync,694.79,1762586998344,21.0.3.7,false,2048,26.69,InvokeFunction,,,LATEST,1-690ef176-0c49fa-033cb4162f96,OnDemand,,,1.26,
,C38D529AEE78E8BFEBBDDADEDE13D41B-2,1762586999,FCRequestMetrics:/n-matmul-2048,32,32,,,680.06,n-matmul-2048,false,965073b71ef9,,c-690ef12c-0cf1abd9-ee855b82b2d6,1762586999046,Sync,900.68,1762586998826,21.0.3.7,false,2048,34.67,InvokeFunction,,,LATEST,1-690ef176-0c49fa-c2a0484ab168,OnDemand,,,219.76,
,A91AC64A0F8E1976F88383B363514050-5,1762586999,FCRequestMetrics:/n-matmul-2048,24,24,,,711.27,n-matmul-2048,false,cc3f8c782a21,,c-690ef151-0cf1abd9-7fe4e69dd5c1,1762586998739,Sync,713.52,1762586998738,21.0.3.8,false,2048,26.68,InvokeFunction,,,LATEST,1-690ef176-0c49fa-9a6ef6ba1a49,OnDemand,,,1.45,
,B1BC54E0839163A3A2719B2791B845EA-B,1762586999,FCRequestMetrics:/n-matmul-2048,31,31,,,1013.49,n-matmul-2048,false,c5eb2abfaa5d,,c-690ef14c-0cf1abd9-28e65fb7d593,1762586998979,Sync,1165.38,1762586998828,21.0.3.5,false,2048,29.16,InvokeFunction,,,LATEST,1-690ef176-0c49fa-e87c5db5fa26,OnDemand,,,151.13,
,DDEEB29FD5ADFBB67E4F2FEB83463658-8,1762586999,FCRequestMetrics:/n-matmul-2048,23,23,,,0.02,n-matmul-2048,true,bc52147f2a7a,,c-690ef12c-0cf1abd9-69aaf8ca2a4b,1762586998643,Sync,444.97,1762586998641,21.0.3.8,false,2048,2.09,InvokeFunction,,,LATEST,1-690ef176-0c49fa-6d33dba1c68f,OnDemand,,,1.29,,"{""errorType"":""FunctionAbnormalExitError""}"
,DDEEB29FD5ADFBB67E4F2FEB83463658-8,1762586999,FCRequestMetrics:/n-matmul-2048,32,32,,,690.70,n-matmul-2048,false,bc52147f2a7a,,c-690ef12c-0cf1abd9-69aaf8ca2a4b,1762586999088,Sync,956.53,1762586998823,21.0.3.8,false,2048,28.78,InvokeFunction,,,LATEST,1-690ef176-0c49fa-4c5478714fb7,OnDemand,,,265.18,
,A5C7CD7E71BB55429480C147D0ABD6E0-4,1762586999,FCRequestMetrics:/n-matmul-2048,32,32,,,0.03,n-matmul-2048,true,b9c50fa7ffa2,,c-690ef10b-0cf1abd9-39e48c7dd1cd,1762586999091,Sync,420.27,1762586999081,21.0.3.8,false,2048,2.31,InvokeFunction,,,LATEST,1-690ef177-0c49fa-874e499e812d,OnDemand,,,9.49,,"{""errorType"":""FunctionAbnormalExitError""}"
,BF6FA9AF6994B690E2E5555B14FF4940-8,1762586999,FCRequestMetrics:/n-matmul-2048,32,32,,,0.03,n-matmul-2048,true,21ba44532db0,,c-690ef12f-0cf1abd9-72da07858f04,1762586999147,Sync,607.36,1762586998964,21.0.3.8,false,2048,4.23,InvokeFunction,,,LATEST,1-690ef176-0c49fa-b366338e42de,OnDemand,,,183.55,,"{""errorType"":""FunctionAbnormalExitError""}"
,7B2CA077525D5F38D7687113836FF4D4-A,1762586999,FCRequestMetrics:/n-matmul-2048,24,24,,,0.04,n-matmul-2048,true,dd2888fed1c9,,c-690ef14f-0cf1abd9-cabc0eaa101b,1762586998816,Sync,850.11,1762586998815,21.0.3.8,false,2048,4.12,InvokeFunction,,,LATEST,1-690ef176-0c49fa-42e3a8dd6a1a,OnDemand,,,0.91,,"{""errorType"":""FunctionAbnormalExitError""}"
,CFD93EE32B19E972234D28D1C13E1AA8-2,1762587000,FCRequestMetrics:/n-matmul-2048,32,32,,,1291.33,n-matmul-2048,false,7a537213662e,,c-690ef15f-0cf1abd9-fd32f0b49b00,1762586998744,Sync,1295.10,1762586998742,21.0.3.8,false,2048,36.79,InvokeFunction,,,LATEST,1-690ef177-0c49fa-63b6ac8d8590,OnDemand,,,0.95,
,C1124F392E96F7157640100E932BDA24-2,1762587000,FCRequestMetrics:/n-matmul-2048,15,15,,,841.46,n-matmul-2048,false,67bba880de6a,,c-690ef15e-0cf1abd9-14d01dd57fb0,1762586999216,Sync,843.47,1762586999215,21.0.3.8,false,2048,40.27,InvokeFunction,,,LATEST,1-690ef177-0c49fa-e2877618b5af,OnDemand,,,1.20,
,2523AFCDD5BD8A2B2953E48983230929-4,1762587000,FCRequestMetrics:/n-matmul-2048,14,14,,,787.69,n-matmul-2048,false,01d6f783bdb1,,c-690ef10b-0cf1abd9-dd39c218e942,1762586999811,Sync,790.04,1762586999809,21.0.3.8,false,2048,38.33,InvokeFunction,,,LATEST,1-690ef177-0c49fa-37c206a13480,OnDemand,,,1.44,
,18363E7E93F59FF8F193127D52D86051-7,1762587000,FCRequestMetrics:/n-matmul-2048,14,14,,,797.02,n-matmul-2048,false,3f9c9a307fd4,,c-690ef130-0cf1abd9-454ab669b866,1762586999820,Sync,799.05,1762586999818,21.0.3.8,false,2048,46.26,InvokeFunction,,,LATEST,1-690ef177-0c49fa-72367e7aa6b7,OnDemand,,,1.17,
,46B19270B472A6D217A2E559E7E7C97B-4,1762587000,FCRequestMetrics:/n-matmul-2048,15,15,,,781.72,n-matmul-2048,false,869d26b39717,,c-690ef10b-0cf1abd9-b6750c057b8f,1762586999641,Sync,784.17,1762586999639,21.0.3.8,false,2048,42.32,InvokeFunction,,,LATEST,1-690ef177-0c49fa-2b6756d904ee,OnDemand,,,1.39,
,00E67D373DA9C60BEF759D13208EAAD9-6,1762587000,FCRequestMetrics:/n-matmul-2048,15,15,,,641.07,n-matmul-2048,false,9013ed408e73,,c-690ef10b-0cf1abd9-dbc16e7d233d,1762586999835,Sync,642.42,1762586999835,21.0.3.8,false,2048,34.03,InvokeFunction,,,LATEST,1-690ef177-0c0a43-d64711e5e942,OnDemand,,,0.53,
,F0BCE0E40FE41E0F61DD5DAF956249CC-8,1762587000,FCRequestMetrics:/n-matmul-2048,15,15,,,651.20,n-matmul-2048,false,b9ed45a41c5d,,c-690ef139-0cf1abd9-bfec9b76d480,1762586999597,Sync,653.19,1762586999595,21.0.3.8,false,2048,34.52,InvokeFunction,,,LATEST,1-690ef177-0c49fa-299d056dca86,OnDemand,,,1.19,
,510F8A150819018E635E267F62520B9B-5,1762587000,FCRequestMetrics:/n-matmul-2048,23,23,,,696.34,n-matmul-2048,false,c8577adbf622,,c-690ef10b-0cf1abd9-26ef2c508c1e,1762586999388,Sync,698.58,1762586999387,21.0.3.8,false,2048,28.64,InvokeFunction,,,LATEST,1-690ef177-0c49fa-a8af05b9d96c,OnDemand,,,1.48,
,510F8A150819018E635E267F62520B9B-5,1762587000,FCRequestMetrics:/n-matmul-2048,16,16,,,649.77,n-matmul-2048,false,c8577adbf622,,c-690ef10b-0cf1abd9-26ef2c508c1e,1762587000218,Sync,652.01,1762587000216,21.0.3.8,false,2048,36.42,InvokeFunction,,,LATEST,1-690ef178-0c49fa-a8a5b46c916b,OnDemand,,,1.52,
,C38D529AEE78E8BFEBBDDADEDE13D41B-2,1762587000,FCRequestMetrics:/n-matmul-2048,14,14,,,784.22,n-matmul-2048,false,965073b71ef9,,c-690ef12c-0cf1abd9-ee855b82b2d6,1762586999769,Sync,786.08,1762586999767,21.0.3.7,false,2048,38.84,InvokeFunction,,,LATEST,1-690ef177-0c49fa-c1d94f3f6cc4,OnDemand,,,1.15,
,A91AC64A0F8E1976F88383B363514050-5,1762587000,FCRequestMetrics:/n-matmul-2048,23,23,,,1030.41,n-matmul-2048,false,cc3f8c782a21,,c-690ef151-0cf1abd9-7fe4e69dd5c1,1762586999484,Sync,1032.49,1762586999483,21.0.3.8,false,2048,34.46,InvokeFunction,,,LATEST,1-690ef177-0c49fa-0fa71acd6788,OnDemand,,,1.23,
,DDEEB29FD5ADFBB67E4F2FEB83463658-8,1762587000,FCRequestMetrics:/n-matmul-2048,14,14,,,697.07,n-matmul-2048,false,bc52147f2a7a,,c-690ef12c-0cf1abd9-69aaf8ca2a4b,1762586999830,Sync,698.65,1762586999829,21.0.3.8,false,2048,36.15,InvokeFunction,,,LATEST,1-690ef177-0c49fa-c29aba930f83,OnDemand,,,0.92,
,943CF4692F491FB15BAF1EAB0CB8860A-5,1762587000,FCRequestMetrics:/n-matmul-2048,23,23,,,0.04,n-matmul-2048,true,bfd14e2c48c1,,c-690ef14e-0cf1abd9-da3a9c4be72b,1762586999351,Sync,688.82,1762586999350,21.0.3.8,false,2048,2.23,InvokeFunction,,,LATEST,1-690ef177-0c49fa-4b06e0009827,OnDemand,,,1.26,,"{""errorType"":""FunctionAbnormalExitError""}"
,943CF4692F491FB15BAF1EAB0CB8860A-5,1762587000,FCRequestMetrics:/n-matmul-2048,17,17,,,880.37,n-matmul-2048,false,bfd14e2c48c1,,c-690ef14e-0cf1abd9-da3a9c4be72b,1762587000072,Sync,881.78,1762587000071,21.0.3.8,false,2048,28.46,InvokeFunction,,,LATEST,1-690ef178-0c0a43-874fe321f062,OnDemand,,,0.63,
,5E9C37D1C997E792337F0D79C839D1F6-8,1762587000,FCRequestMetrics:/n-matmul-2048,23,23,,,804.87,n-matmul-2048,false,7be323259747,,c-690ef12d-0cf1abd9-4ddba8cb6fd4,1762586999424,Sync,807.13,1762586999422,21.0.3.8,false,2048,45.45,InvokeFunction,,,LATEST,1-690ef177-0c49fa-236961737480,OnDemand,,,1.46,
,BF6FA9AF6994B690E2E5555B14FF4940-8,1762587000,FCRequestMetrics:/n-matmul-2048,15,15,,,681.69,n-matmul-2048,false,21ba44532db0,,c-690ef12f-0cf1abd9-72da07858f04,1762586999574,Sync,683.90,1762586999573,21.0.3.8,false,2048,26.74,InvokeFunction,,,LATEST,1-690ef177-0c49fa-49c09d4b80f7,OnDemand,,,1.42,
,7B2CA077525D5F38D7687113836FF4D4-A,1762587000,FCRequestMetrics:/n-matmul-2048,15,15,,,700.96,n-matmul-2048,false,dd2888fed1c9,,c-690ef14f-0cf1abd9-cabc0eaa101b,1762586999835,Sync,703.03,1762586999834,21.0.3.8,false,2048,28.64,InvokeFunction,,,LATEST,1-690ef177-0c49fa-60f4edad8211,OnDemand,,,1.25,
,E08BA4ABFB8C4109D958EF35CCDE9E75-8,1762587000,FCRequestMetrics:/n-matmul-2048,15,15,,,0.03,n-matmul-2048,true,f6ea6fba0d1f,,c-690ef12a-0cf1abd9-0e59ac1cec40,1762586999839,Sync,442.77,1762586999838,21.0.3.6,false,2048,2.20,InvokeFunction,,,LATEST,1-690ef177-0c49fa-9249b96485e9,OnDemand,,,0.77,,"{""errorType"":""FunctionAbnormalExitError""}"
,D461B99DDC361457A1C9EC0902546FD1-6,1762587000,FCRequestMetrics:/n-matmul-2048,14,14,,,0.03,n-matmul-2048,true,ed2ed25159fc,,c-690ef14f-0cf1abd9-e247acd3fed5,1762586999831,Sync,561.34,1762586999830,21.0.3.8,false,2048,4.29,InvokeFunction,,,LATEST,1-690ef177-0c49fa-07cd1300d4c4,OnDemand,,,0.91,,"{""errorType"":""FunctionAbnormalExitError""}"
,510F8A150819018E635E267F62520B9B-5,1762587001,FCRequestMetrics:/n-matmul-2048,0,0,,,665.83,n-matmul-2048,false,c8577adbf622,,c-690ef10b-0cf1abd9-26ef2c508c1e,1762587001202,Sync,668.16,1762587001200,21.0.3.8,false,2048,38.69,InvokeFunction,,,LATEST,1-690ef179-0c49fa-476f10aed38f,OnDemand,,,1.57,
,943CF4692F491FB15BAF1EAB0CB8860A-5,1762587001,FCRequestMetrics:/n-matmul-2048,0,0,,,677.63,n-matmul-2048,false,bfd14e2c48c1,,c-690ef14e-0cf1abd9-da3a9c4be72b,1762587001181,Sync,679.86,1762587001180,21.0.3.8,false,2048,36.19,InvokeFunction,,,LATEST,1-690ef179-0c49fa-95bda39cc432,OnDemand,,,1.53,
,510F8A150819018E635E267F62520B9B-5,1762587002,FCRequestMetrics:/n-matmul-2048,2,2,,,830.85,n-matmul-2048,false,c8577adbf622,,c-690ef10b-0cf1abd9-26ef2c508c1e,1762587001879,Sync,832.93,1762587001878,21.0.3.8,false,2048,40.41,InvokeFunction,,,LATEST,1-690ef179-0c49fa-d9aa273d8963,OnDemand,,,1.35,
,C38D529AEE78E8BFEBBDDADEDE13D41B-2,1762587002,FCRequestMetrics:/n-matmul-2048,3,3,,,797.23,n-matmul-2048,false,965073b71ef9,,c-690ef12c-0cf1abd9-ee855b82b2d6,1762587002200,Sync,799.62,1762587002198,21.0.3.7,false,2048,42.13,InvokeFunction,,,LATEST,1-690ef17a-0c49fa-528289f649e6,OnDemand,,,1.60,
,DDEEB29FD5ADFBB67E4F2FEB83463658-8,1762587002,FCRequestMetrics:/n-matmul-2048,6,6,,,675.57,n-matmul-2048,false,bc52147f2a7a,,c-690ef12c-0cf1abd9-69aaf8ca2a4b,1762587002305,Sync,677.13,1762587002304,21.0.3.8,false,2048,38.48,InvokeFunction,,,LATEST,1-690ef17a-0c0a43-0c07e4f7b6fd,OnDemand,,,0.63,
,943CF4692F491FB15BAF1EAB0CB8860A-5,1762587002,FCRequestMetrics:/n-matmul-2048,1,1,,,800.68,n-matmul-2048,false,bfd14e2c48c1,,c-690ef14e-0cf1abd9-da3a9c4be72b,1762587002098,Sync,802.12,1762587002097,21.0.3.8,false,2048,40.52,InvokeFunction,,,LATEST,1-690ef17a-0c0a43-6bdc613ea8c3,OnDemand,,,0.65,
,7B2CA077525D5F38D7687113836FF4D4-A,1762587002,FCRequestMetrics:/n-matmul-2048,3,3,,,659.45,n-matmul-2048,false,dd2888fed1c9,,c-690ef14f-0cf1abd9-cabc0eaa101b,1762587002199,Sync,660.89,1762587002198,21.0.3.8,false,2048,36.22,InvokeFunction,,,LATEST,1-690ef17a-0c0a43-e57c0ccf75ea,OnDemand,,,0.61,
,18363E7E93F59FF8F193127D52D86051-8,1762587002,FCRequestMetrics:/n-matmul-2048,1,1,,,0.05,n-matmul-2048,true,3f9c9a307fd4,,c-690ef130-0cf1abd9-454ab669b866,1762587002102,Sync,431.62,1762587002102,21.0.3.8,false,2048,2.22,InvokeFunction,,,LATEST,1-690ef17a-0c0a43-9ed8f20d824e,OnDemand,,,0.54,,"{""errorType"":""FunctionAbnormalExitError""}"
,2523AFCDD5BD8A2B2953E48983230929-6,1762587002,FCRequestMetrics:/n-matmul-2048,3,3,,,0.04,n-matmul-2048,true,01d6f783bdb1,,c-690ef10b-0cf1abd9-dd39c218e942,1762587002135,Sync,428.99,1762587002133,21.0.3.8,false,2048,2.23,InvokeFunction,,,LATEST,1-690ef17a-0c49fa-1bcb69111f96,OnDemand,,,1.41,,"{""errorType"":""FunctionAbnormalExitError""}"
,A91AC64A0F8E1976F88383B363514050-5,1762587003,FCRequestMetrics:/n-matmul-2048,7,7,,,1239.48,n-matmul-2048,false,cc3f8c782a21,,c-690ef151-0cf1abd9-7fe4e69dd5c1,1762587002383,Sync,1241.52,1762587002382,21.0.3.8,false,2048,36.37,InvokeFunction,,,LATEST,1-690ef17a-0c49fa-8c04f7d59e6d,OnDemand,,,1.18,
,DDEEB29FD5ADFBB67E4F2FEB83463658-8,1762587003,FCRequestMetrics:/n-matmul-2048,6,6,,,781.54,n-matmul-2048,false,bc52147f2a7a,,c-690ef12c-0cf1abd9-69aaf8ca2a4b,1762587003125,Sync,786.86,1762587003123,21.0.3.8,false,2048,40.35,InvokeFunction,,,LATEST,1-690ef17b-0c49fa-26652c60a9b7,OnDemand,,,1.33,
,943CF4692F491FB15BAF1EAB0CB8860A-5,1762587003,FCRequestMetrics:/n-matmul-2048,5,5,,,786.62,n-matmul-2048,false,bfd14e2c48c1,,c-690ef14e-0cf1abd9-da3a9c4be72b,1762587002937,Sync,787.93,1762587002936,21.0.3.8,false,2048,43.97,InvokeFunction,,,LATEST,1-690ef17a-0c0a43-de2964d20e9f,OnDemand,,,0.63,
,7B2CA077525D5F38D7687113836FF4D4-A,1762587003,FCRequestMetrics:/n-matmul-2048,5,5,,,687.28,n-matmul-2048,false,dd2888fed1c9,,c-690ef14f-0cf1abd9-cabc0eaa101b,1762587002945,Sync,688.64,1762587002944,21.0.3.8,false,2048,38.43,InvokeFunction,,,LATEST,1-690ef17a-0c0a43-439de2bea30f,OnDemand,,,0.56,
,18363E7E93F59FF8F193127D52D86051-8,1762587003,FCRequestMetrics:/n-matmul-2048,6,6,,,702.86,n-matmul-2048,false,3f9c9a307fd4,,c-690ef130-0cf1abd9-454ab669b866,1762587003125,Sync,704.15,1762587003124,21.0.3.8,false,2048,29.20,InvokeFunction,,,LATEST,1-690ef17b-0c0a43-2ba158a03743,OnDemand,,,0.52,
,2523AFCDD5BD8A2B2953E48983230929-6,1762587003,FCRequestMetrics:/n-matmul-2048,5,5,,,725.46,n-matmul-2048,false,01d6f783bdb1,,c-690ef10b-0cf1abd9-dd39c218e942,1762587002750,Sync,727.61,1762587002749,21.0.3.8,false,2048,26.61,InvokeFunction,,,LATEST,1-690ef17a-0c49fa-f51b0b73aad9,OnDemand,,,1.25,
,510F8A150819018E635E267F62520B9B-5,1762587003,FCRequestMetrics:/n-matmul-2048,5,5,,,0.03,n-matmul-2048,true,c8577adbf622,,c-690ef10b-0cf1abd9-26ef2c508c1e,1762587002748,Sync,414.75,1762587002747,21.0.3.8,false,2048,4.26,InvokeFunction,,,LATEST,1-690ef17a-0c0a43-14156db4bd9b,OnDemand,,,0.69,,"{""errorType"":""FunctionAbnormalExitError""}"
,C38D529AEE78E8BFEBBDDADEDE13D41B-4,1762587003,FCRequestMetrics:/n-matmul-2048,5,5,,,0.03,n-matmul-2048,true,965073b71ef9,,c-690ef12c-0cf1abd9-ee855b82b2d6,1762587003008,Sync,434.25,1762587003007,21.0.3.7,false,2048,2.16,InvokeFunction,,,LATEST,1-690ef17b-0c49fa-ec00220b6e2f,OnDemand,,,1.24,,"{""errorType"":""FunctionAbnormalExitError""}"
,7B2CA077525D5F38D7687113836FF4D4-A,1762587004,FCRequestMetrics:/n-matmul-2048,5,5,,,804.39,n-matmul-2048,false,dd2888fed1c9,,c-690ef14f-0cf1abd9-cabc0eaa101b,1762587003665,Sync,806.61,1762587003664,21.0.3.8,false,2048,40.93,InvokeFunction,,,LATEST,1-690ef17b-0c49fa-89f095ac16e7,OnDemand,,,1.28,
,E08BA4ABFB8C4109D958EF35CCDE9E75-8,1762587004,FCRequestMetrics:/n-matmul-2048,6,6,,,676.83,n-matmul-2048,false,f6ea6fba0d1f,,c-690ef12a-0cf1abd9-0e59ac1cec40,1762587004263,Sync,678.96,1762587004261,21.0.3.6,false,2048,28.67,InvokeFunction,,,LATEST,1-690ef17c-0c49fa-dcdab00878cd,OnDemand,,,1.30,
,D461B99DDC361457A1C9EC0902546FD1-6,1762587004,FCRequestMetrics:/n-matmul-2048,6,6,,,686.58,n-matmul-2048,false,ed2ed25159fc,,c-690ef14f-0cf1abd9-e247acd3fed5,1762587004254,Sync,688.41,1762587004253,21.0.3.8,false,2048,28.61,InvokeFunction,,,LATEST,1-690ef17c-0c49fa-7ec3ab8d2441,OnDemand,,,1.11,
,A91AC64A0F8E1976F88383B363514050-7,1762587004,FCRequestMetrics:/n-matmul-2048,5,5,,,798.67,n-matmul-2048,false,cc3f8c782a21,,c-690ef151-0cf1abd9-7fe4e69dd5c1,1762587003672,Sync,800.27,1762587003671,21.0.3.8,false,2048,38.65,InvokeFunction,,,LATEST,1-690ef17b-0c0a43-dd1f76b1beea,OnDemand,,,0.61,
,00E67D373DA9C60BEF759D13208EAAD9-8,1762587004,FCRequestMetrics:/n-matmul-2048,6,6,,,648.52,n-matmul-2048,false,9013ed408e73,,c-690ef10b-0cf1abd9-dbc16e7d233d,1762587004250,Sync,649.93,1762587004249,21.0.3.8,false,2048,36.38,InvokeFunction,,,LATEST,1-690ef17c-0c0a43-d2e413fdbb5a,OnDemand,,,0.51,
,CFD93EE32B19E972234D28D1C13E1AA8-4,1762587004,FCRequestMetrics:/n-matmul-2048,6,6,,,654.41,n-matmul-2048,false,7a537213662e,,c-690ef15f-0cf1abd9-fd32f0b49b00,1762587004233,Sync,655.65,1762587004232,21.0.3.8,false,2048,36.60,InvokeFunction,,,LATEST,1-690ef17c-0c0a43-2c2015c8e9e6,OnDemand,,,0.49,
,18363E7E93F59FF8F193127D52D86051-8,1762587004,FCRequestMetrics:/n-matmul-2048,5,5,,,671.84,n-matmul-2048,false,3f9c9a307fd4,,c-690ef130-0cf1abd9-454ab669b866,1762587003868,Sync,673.17,1762587003867,21.0.3.8,false,2048,36.61,InvokeFunction,,,LATEST,1-690ef17b-0c0a43-14d22110f871,OnDemand,,,0.60,
,2523AFCDD5BD8A2B2953E48983230929-6,1762587004,FCRequestMetrics:/n-matmul-2048,7,7,,,667.10,n-matmul-2048,false,01d6f783bdb1,,c-690ef10b-0cf1abd9-dd39c218e942,1762587003518,Sync,669.58,1762587003516,21.0.3.8,false,2048,34.38,InvokeFunction,,,LATEST,1-690ef17b-0c49fa-c748619ba83e,OnDemand,,,1.54,
,2523AFCDD5BD8A2B2953E48983230929-6,1762587004,FCRequestMetrics:/n-matmul-2048,6,6,,,643.53,n-matmul-2048,false,01d6f783bdb1,,c-690ef10b-0cf1abd9-dd39c218e942,1762587004228,Sync,645.82,1762587004226,21.0.3.8,false,2048,36.48,InvokeFunction,,,LATEST,1-690ef17c-0c49fa-a04c169b762a,OnDemand,,,1.48,
,F0BCE0E40FE41E0F61DD5DAF956249CC-9,1762587004,FCRequestMetrics:/n-matmul-2048,6,6,,,629.94,n-matmul-2048,false,b9ed45a41c5d,,c-690ef139-0cf1abd9-bfec9b76d480,1762587004265,Sync,631.52,1762587004265,21.0.3.8,false,2048,36.34,InvokeFunction,,,LATEST,1-690ef17c-0c0a43-a4065b9711de,OnDemand,,,0.51,
,510F8A150819018E635E267F62520B9B-5,1762587004,FCRequestMetrics:/n-matmul-2048,6,6,,,671.57,n-matmul-2048,false,c8577adbf622,,c-690ef10b-0cf1abd9-26ef2c508c1e,1762587004248,Sync,673.53,1762587004247,21.0.3.8,false,2048,28.75,InvokeFunction,,,LATEST,1-690ef17c-0c49fa-6bfad52fe5f9,OnDemand,,,1.12,
,C38D529AEE78E8BFEBBDDADEDE13D41B-4,1762587004,FCRequestMetrics:/n-matmul-2048,6,6,,,668.66,n-matmul-2048,false,965073b71ef9,,c-690ef12c-0cf1abd9-ee855b82b2d6,1762587004247,Sync,670.10,1762587004247,21.0.3.7,false,2048,28.77,InvokeFunction,,,LATEST,1-690ef17c-0c0a43-39753fd3cadb,OnDemand,,,0.62,
,943CF4692F491FB15BAF1EAB0CB8860A-4,1762587004,FCRequestMetrics:/n-matmul-2048,5,5,,,0.02,n-matmul-2048,true,bfd14e2c48c1,,c-690ef14e-0cf1abd9-da3a9c4be72b,1762587003764,Sync,496.68,1762587003763,21.0.3.8,false,2048,4.11,InvokeFunction,,,LATEST,1-690ef17b-0c0a43-b4d67947d269,OnDemand,,,0.63,,"{""errorType"":""FunctionAbnormalExitError""}"
,943CF4692F491FB15BAF1EAB0CB8860A-4,1762587004,FCRequestMetrics:/n-matmul-2048,6,6,,,671.49,n-matmul-2048,false,bfd14e2c48c1,,c-690ef14e-0cf1abd9-da3a9c4be72b,1762587004261,Sync,672.72,1762587004261,21.0.3.8,false,2048,26.62,InvokeFunction,,,LATEST,1-690ef17c-0c0a43-e8f93a50e3d7,OnDemand,,,0.54,
,DDEEB29FD5ADFBB67E4F2FEB83463658-9,1762587004,FCRequestMetrics:/n-matmul-2048,5,5,,,0.04,n-matmul-2048,true,bc52147f2a7a,,c-690ef12c-0cf1abd9-69aaf8ca2a4b,1762587003951,Sync,432.81,1762587003949,21.0.3.8,false,2048,4.09,InvokeFunction,,,LATEST,1-690ef17b-0c49fa-eeec15a1505b,OnDemand,,,1.25,,"{""errorType"":""FunctionAbnormalExitError""}"
,BF6FA9AF6994B690E2E5555B14FF4940-9,1762587004,FCRequestMetrics:/n-matmul-2048,6,6,,,645.78,n-matmul-2048,false,21ba44532db0,,c-690ef12f-0cf1abd9-72da07858f04,1762587004265,Sync,647.80,1762587004264,21.0.3.8,false,2048,34.38,InvokeFunction,,,LATEST,1-690ef17c-0c49fa-969b682f5b6e,OnDemand,,,1.14,
,46B19270B472A6D217A2E559E7E7C97B-6,1762587004,FCRequestMetrics:/n-matmul-2048,6,6,,,0.05,n-matmul-2048,true,869d26b39717,,c-690ef10b-0cf1abd9-b6750c057b8f,1762587004254,Sync,430.40,1762587004252,21.0.3.8,false,2048,2.35,InvokeFunction,,,LATEST,1-690ef17c-0c49fa-7d4187c700a8,OnDemand,,,1.18,,"{""errorType"":""FunctionAbnormalExitError""}"
,00E67D373DA9C60BEF759D13208EAAD9-8,1762587005,FCRequestMetrics:/n-matmul-2048,12,12,,,795.04,n-matmul-2048,false,9013ed408e73,,c-690ef10b-0cf1abd9-dbc16e7d233d,1762587004912,Sync,797.17,1762587004910,21.0.3.8,false,2048,37.85,InvokeFunction,,,LATEST,1-690ef17c-0c49fa-635ba76aa6e2,OnDemand,,,1.21,
,C1124F392E96F7157640100E932BDA24-4,1762587005,FCRequestMetrics:/n-matmul-2048,6,6,,,791.49,n-matmul-2048,false,67bba880de6a,,c-690ef15e-0cf1abd9-14d01dd57fb0,1762587004262,Sync,796.10,1762587004261,21.0.3.8,false,2048,43.18,InvokeFunction,,,LATEST,1-690ef17c-0c49fa-fb0d858e49b4,OnDemand,,,0.98,
,18363E7E93F59FF8F193127D52D86051-8,1762587005,FCRequestMetrics:/n-matmul-2048,12,12,,,660.01,n-matmul-2048,false,3f9c9a307fd4,,c-690ef130-0cf1abd9-454ab669b866,1762587004840,Sync,662.26,1762587004838,21.0.3.8,false,2048,38.75,InvokeFunction,,,LATEST,1-690ef17c-0c49fa-3c4e8b7b571a,OnDemand,,,1.55,
,510F8A150819018E635E267F62520B9B-5,1762587005,FCRequestMetrics:/n-matmul-2048,12,12,,,688.71,n-matmul-2048,false,c8577adbf622,,c-690ef10b-0cf1abd9-26ef2c508c1e,1762587004927,Sync,689.97,1762587004926,21.0.3.8,false,2048,36.33,InvokeFunction,,,LATEST,1-690ef17c-0c0a43-dd3363035d69,OnDemand,,,0.51,
,C38D529AEE78E8BFEBBDDADEDE13D41B-4,1762587005,FCRequestMetrics:/n-matmul-2048,9,9,,,635.40,n-matmul-2048,false,965073b71ef9,,c-690ef12c-0cf1abd9-ee855b82b2d6,1762587004935,Sync,636.71,1762587004934,21.0.3.7,false,2048,36.24,InvokeFunction,,,LATEST,1-690ef17c-0c0a43-7834650ec08d,OnDemand,,,0.54,
,943CF4692F491FB15BAF1EAB0CB8860A-4,1762587005,FCRequestMetrics:/n-matmul-2048,9,9,,,653.59,n-matmul-2048,false,bfd14e2c48c1,,c-690ef14e-0cf1abd9-da3a9c4be72b,1762587004939,Sync,660.51,1762587004938,21.0.3.8,false,2048,34.39,InvokeFunction,,,LATEST,1-690ef17c-0c0a43-b11edac832be,OnDemand,,,0.50,
,46B19270B472A6D217A2E559E7E7C97B-6,1762587005,FCRequestMetrics:/n-matmul-2048,11,11,,,684.32,n-matmul-2048,false,869d26b39717,,c-690ef10b-0cf1abd9-b6750c057b8f,1762587004778,Sync,685.75,1762587004777,21.0.3.8,false,2048,28.57,InvokeFunction,,,LATEST,1-690ef17c-0c0a43-8be0150ba525,OnDemand,,,0.68,
,D461B99DDC361457A1C9EC0902546FD1-7,1762587005,FCRequestMetrics:/n-matmul-2048,9,9,,,657.64,n-matmul-2048,false,ed2ed25159fc,,c-690ef14f-0cf1abd9-e247acd3fed5,1762587004952,Sync,659.47,1762587004951,21.0.3.8,false,2048,36.47,InvokeFunction,,,LATEST,1-690ef17c-0c49fa-5590f17c82fb,OnDemand,,,1.17,
,A91AC64A0F8E1976F88383B363514050-6,1762587005,FCRequestMetrics:/n-matmul-2048,12,12,,,0.05,n-matmul-2048,true,cc3f8c782a21,,c-690ef151-0cf1abd9-7fe4e69dd5c1,1762587004850,Sync,558.74,1762587004849,21.0.3.8,false,2048,2.20,InvokeFunction,,,LATEST,1-690ef17c-0c49fa-2e4e8db93742,OnDemand,,,1.47,,"{""errorType"":""FunctionAbnormalExitError""}"
,00E67D373DA9C60BEF759D13208EAAD9-8,1762587006,FCRequestMetrics:/n-matmul-2048,0,0,,,0.04,n-matmul-2048,true,9013ed408e73,,c-690ef10b-0cf1abd9-dbc16e7d233d,1762587005925,Sync,420.50,1762587005923,21.0.3.8,false,2048,2.13,InvokeFunction,,,LATEST,1-690ef17d-0c49fa-c48d100b0764,OnDemand,,,1.50,,"{""errorType"":""FunctionAbnormalExitError""}"
,00E67D373DA9C60BEF759D13208EAAD9-8,1762587007,FCRequestMetrics:/n-matmul-2048,0,0,,,684.01,n-matmul-2048,false,9013ed408e73,,c-690ef10b-0cf1abd9-dbc16e7d233d,1762587007227,Sync,685.56,1762587007226,21.0.3.8,false,2048,26.72,InvokeFunction,,,LATEST,1-690ef17f-0c0a43-edfb14645e2b,OnDemand,,,0.69,
,943CF4692F491FB15BAF1EAB0CB8860A-4,1762587008,FCRequestMetrics:/n-matmul-2048,2,2,,,779.35,n-matmul-2048,false,bfd14e2c48c1,,c-690ef14e-0cf1abd9-da3a9c4be72b,1762587007895,Sync,781.17,1762587007894,21.0.3.8,false,2048,38.78,InvokeFunction,,,LATEST,1-690ef17f-0c49fa-83173cecbdd0,OnDemand,,,0.93,
,D461B99DDC361457A1C9EC0902546FD1-7,1762587008,FCRequestMetrics:/n-matmul-2048,2,2,,,671.70,n-matmul-2048,false,ed2ed25159fc,,c-690ef14f-0cf1abd9-e247acd3fed5,1762587007895,Sync,674.17,1762587007893,21.0.3.8,false,2048,38.73,InvokeFunction,,,LATEST,1-690ef17f-0c49fa-a3139c1727cf,OnDemand,,,1.53,
,510F8A150819018E635E267F62520B9B-7,1762587008,FCRequestMetrics:/n-matmul-2048,1,1,,,784.02,n-matmul-2048,false,c8577adbf622,,c-690ef10b-0cf1abd9-26ef2c508c1e,1762587007326,Sync,785.52,1762587007326,21.0.3.8,false,2048,40.67,InvokeFunction,,,LATEST,1-690ef17f-0c0a43-27aa798cf0c8,OnDemand,,,0.58,
,18363E7E93F59FF8F193127D52D86051-B,1762587008,FCRequestMetrics:/n-matmul-2048,2,2,,,796.29,n-matmul-2048,false,3f9c9a307fd4,,c-690ef130-0cf1abd9-454ab669b866,1762587007899,Sync,798.06,1762587007898,21.0.3.8,false,2048,40.96,InvokeFunction,,,LATEST,1-690ef17f-0c49fa-e3468329f62d,OnDemand,,,0.99,
,C38D529AEE78E8BFEBBDDADEDE13D41B-5,1762587008,FCRequestMetrics:/n-matmul-2048,2,2,,,650.03,n-matmul-2048,false,965073b71ef9,,c-690ef12c-0cf1abd9-ee855b82b2d6,1762587007899,Sync,652.26,1762587007897,21.0.3.7,false,2048,38.70,InvokeFunction,,,LATEST,1-690ef17f-0c49fa-1a3d6cf57263,OnDemand,,,1.40,
,510F8A150819018E635E267F62520B9B-7,1762587009,FCRequestMetrics:/n-matmul-2048,4,4,,,796.50,n-matmul-2048,false,c8577adbf622,,c-690ef10b-0cf1abd9-26ef2c508c1e,1762587008322,Sync,798.60,1762587008320,21.0.3.8,false,2048,43.98,InvokeFunction,,,LATEST,1-690ef180-0c49fa-3568c8e71be9,OnDemand,,,1.31,
,00E67D373DA9C60BEF759D13208EAAD9-8,1762587009,FCRequestMetrics:/n-matmul-2048,5,5,,,646.99,n-matmul-2048,false,9013ed408e73,,c-690ef10b-0cf1abd9-dbc16e7d233d,1762587008430,Sync,648.38,1762587008430,21.0.3.8,false,2048,33.97,InvokeFunction,,,LATEST,1-690ef180-0c0a43-93cf13992ba5,OnDemand,,,0.64,
,00E67D373DA9C60BEF759D13208EAAD9-8,1762587010,FCRequestMetrics:/n-matmul-2048,1,1,,,629.52,n-matmul-2048,false,9013ed408e73,,c-690ef10b-0cf1abd9-dbc16e7d233d,1762587010129,Sync,631.84,1762587010127,21.0.3.8,false,2048,36.05,InvokeFunction,,,LATEST,1-690ef182-0c49fa-c1a26b5fd170,OnDemand,,,1.48,
,510F8A150819018E635E267F62520B9B-6,1762587010,FCRequestMetrics:/n-matmul-2048,0,0,,,0.03,n-matmul-2048,true,c8577adbf622,,c-690ef10b-0cf1abd9-26ef2c508c1e,1762587009947,Sync,416.06,1762587009946,21.0.3.8,false,2048,4.15,InvokeFunction,,,LATEST,1-690ef181-0c49fa-22e85e5c7d5f,OnDemand,,,0.93,,"{""errorType"":""FunctionAbnormalExitError""}"
,00E67D373DA9C60BEF759D13208EAAD9-A,1762587011,FCRequestMetrics:/n-matmul-2048,2,2,,,795.20,n-matmul-2048,false,9013ed408e73,,c-690ef10b-0cf1abd9-dbc16e7d233d,1762587010800,Sync,797.87,1762587010798,21.0.3.8,false,2048,37.57,InvokeFunction,,,LATEST,1-690ef182-0c49fa-59166d8afb8e,OnDemand,,,1.89,
,943CF4692F491FB15BAF1EAB0CB8860A-5,1762587011,FCRequestMetrics:/n-matmul-2048,3,3,,,791.59,n-matmul-2048,false,bfd14e2c48c1,,c-690ef14e-0cf1abd9-da3a9c4be72b,1762587010953,Sync,793.82,1762587010952,21.0.3.8,false,2048,42.25,InvokeFunction,,,LATEST,1-690ef182-0c49fa-f0de6b57b622,OnDemand,,,1.45,
,C38D529AEE78E8BFEBBDDADEDE13D41B-5,1762587011,FCRequestMetrics:/n-matmul-2048,4,4,,,794.73,n-matmul-2048,false,965073b71ef9,,c-690ef12c-0cf1abd9-ee855b82b2d6,1762587011044,Sync,796.69,1762587011043,21.0.3.7,false,2048,40.00,InvokeFunction,,,LATEST,1-690ef183-0c0a43-4a75af9d90cb,OnDemand,,,0.56,
,510F8A150819018E635E267F62520B9B-6,1762587011,FCRequestMetrics:/n-matmul-2048,1,1,,,681.94,n-matmul-2048,false,c8577adbf622,,c-690ef10b-0cf1abd9-26ef2c508c1e,1762587010602,Sync,683.91,1762587010601,21.0.3.8,false,2048,28.63,InvokeFunction,,,LATEST,1-690ef182-0c49fa-6a30b3bba300,OnDemand,,,1.07,
,D461B99DDC361457A1C9EC0902546FD1-8,1762587011,FCRequestMetrics:/n-matmul-2048,4,4,,,808.82,n-matmul-2048,false,ed2ed25159fc,,c-690ef14f-0cf1abd9-e247acd3fed5,1762587011047,Sync,814.67,1762587011043,21.0.3.8,false,2048,40.82,InvokeFunction,,,LATEST,1-690ef183-0c0a43-7fd672f7d9ad,OnDemand,,,0.64,
,18363E7E93F59FF8F193127D52D86051-A,1762587011,FCRequestMetrics:/n-matmul-2048,2,2,,,0.05,n-matmul-2048,true,3f9c9a307fd4,,c-690ef130-0cf1abd9-454ab669b866,1762587010886,Sync,413.22,1762587010885,21.0.3.8,false,2048,4.43,InvokeFunction,,,LATEST,1-690ef182-0c0a43-94a5ae7dc391,OnDemand,,,0.56,,"{""errorType"":""FunctionAbnormalExitError""}"
,46B19270B472A6D217A2E559E7E7C97B-8,1762587012,FCRequestMetrics:/n-matmul-2048,4,4,,,664.39,n-matmul-2048,false,869d26b39717,,c-690ef10b-0cf1abd9-b6750c057b8f,1762587011726,Sync,665.77,1762587011725,21.0.3.8,false,2048,28.51,InvokeFunction,,,LATEST,1-690ef183-0c0a43-bb7c394cee39,OnDemand,,,0.54,
,510F8A150819018E635E267F62520B9B-6,1762587012,FCRequestMetrics:/n-matmul-2048,4,4,,,649.99,n-matmul-2048,false,c8577adbf622,,c-690ef10b-0cf1abd9-26ef2c508c1e,1762587011724,Sync,651.68,1762587011723,21.0.3.8,false,2048,36.48,InvokeFunction,,,LATEST,1-690ef183-0c49fa-a901e8587097,OnDemand,,,0.92,
,A91AC64A0F8E1976F88383B363514050-7,1762587012,FCRequestMetrics:/n-matmul-2048,4,4,,,693.46,n-matmul-2048,false,cc3f8c782a21,,c-690ef151-0cf1abd9-7fe4e69dd5c1,1762587011727,Sync,695.53,1762587011725,21.0.3.8,false,2048,26.70,InvokeFunction,,,LATEST,1-690ef183-0c49fa-ea1d7f858fcd,OnDemand,,,1.14,
,18363E7E93F59FF8F193127D52D86051-A,1762587012,FCRequestMetrics:/n-matmul-2048,4,4,,,773.71,n-matmul-2048,false,3f9c9a307fd4,,c-690ef130-0cf1abd9-454ab669b866,1762587011480,Sync,775.68,1762587011479,21.0.3.8,false,2048,26.75,InvokeFunction,,,LATEST,1-690ef183-0c49fa-a87a0c842040,OnDemand,,,1.14,
,00E67D373DA9C60BEF759D13208EAAD9-9,1762587012,FCRequestMetrics:/n-matmul-2048,4,4,,,0.05,n-matmul-2048,true,9013ed408e73,,c-690ef10b-0cf1abd9-dbc16e7d233d,1762587011637,Sync,427.47,1762587011636,21.0.3.8,false,2048,2.23,InvokeFunction,,,LATEST,1-690ef183-0c49fa-52f0e538735e,OnDemand,,,0.93,,"{""errorType"":""FunctionAbnormalExitError""}"
,943CF4692F491FB15BAF1EAB0CB8860A-5,1762587012,FCRequestMetrics:/n-matmul-2048,8,8,,,0.03,n-matmul-2048,true,bfd14e2c48c1,,c-690ef14e-0cf1abd9-da3a9c4be72b,1762587011770,Sync,423.03,1762587011769,21.0.3.8,false,2048,2.27,InvokeFunction,,,LATEST,1-690ef183-0c49fa-ee5a16bf5dad,OnDemand,,,1.11,,"{""errorType"":""FunctionAbnormalExitError""}"
,C1124F392E96F7157640100E932BDA24-6,1762587012,FCRequestMetrics:/n-matmul-2048,8,8,,,0.04,n-matmul-2048,true,67bba880de6a,,c-690ef15e-0cf1abd9-14d01dd57fb0,1762587011745,Sync,536.22,1762587011744,21.0.3.8,false,2048,4.09,InvokeFunction,,,LATEST,1-690ef183-0c49fa-8f930ac3a2eb,OnDemand,,,0.91,,"{""errorType"":""FunctionAbnormalExitError""}"
,C1124F392E96F7157640100E932BDA24-6,1762587012,FCRequestMetrics:/n-matmul-2048,5,5,,,688.29,n-matmul-2048,false,67bba880de6a,,c-690ef15e-0cf1abd9-14d01dd57fb0,1762587012299,Sync,689.70,1762587012299,21.0.3.8,false,2048,26.40,InvokeFunction,,,LATEST,1-690ef184-0c0a43-9c51c47c22d7,OnDemand,,,0.58,
,46B19270B472A6D217A2E559E7E7C97B-8,1762587013,FCRequestMetrics:/n-matmul-2048,4,4,,,675.60,n-matmul-2048,false,869d26b39717,,c-690ef10b-0cf1abd9-b6750c057b8f,1762587012422,Sync,678.07,1762587012421,21.0.3.8,false,2048,37.98,InvokeFunction,,,LATEST,1-690ef184-0c49fa-97feb9917400,OnDemand,,,1.25,
,A91AC64A0F8E1976F88383B363514050-7,1762587013,FCRequestMetrics:/n-matmul-2048,2,2,,,651.69,n-matmul-2048,false,cc3f8c782a21,,c-690ef151-0cf1abd9-7fe4e69dd5c1,1762587012930,Sync,653.18,1762587012929,21.0.3.8,false,2048,34.55,InvokeFunction,,,LATEST,1-690ef184-0c0a43-7f0f6fad47fc,OnDemand,,,0.65,
,A91AC64A0F8E1976F88383B363514050-A,1762587016,FCRequestMetrics:/n-matmul-2048,0,0,,,787.04,n-matmul-2048,false,cc3f8c782a21,,c-690ef151-0cf1abd9-7fe4e69dd5c1,1762587015693,Sync,788.45,1762587015693,21.0.3.8,false,2048,38.95,InvokeFunction,,,LATEST,1-690ef187-0c0a43-25ae097428bc,OnDemand,,,0.59,
,A91AC64A0F8E1976F88383B363514050-A,1762587017,FCRequestMetrics:/n-matmul-2048,0,0,,,785.11,n-matmul-2048,false,cc3f8c782a21,,c-690ef151-0cf1abd9-7fe4e69dd5c1,1762587017156,Sync,786.60,1762587017155,21.0.3.8,false,2048,42.43,InvokeFunction,,,LATEST,1-690ef189-0c0a43-cf67270f0f68,OnDemand,,,0.69,
,A91AC64A0F8E1976F88383B363514050-9,1762587019,FCRequestMetrics:/n-matmul-2048,0,0,,,0.04,n-matmul-2048,true,cc3f8c782a21,,c-690ef151-0cf1abd9-7fe4e69dd5c1,1762587018572,Sync,430.70,1762587018571,21.0.3.8,false,2048,2.34,InvokeFunction,,,LATEST,1-690ef18a-0c0a43-688e1a8fb4d1,OnDemand,,,0.65,,"{""errorType"":""FunctionAbnormalExitError""}"
,A91AC64A0F8E1976F88383B363514050-9,1762587021,FCRequestMetrics:/n-matmul-2048,0,0,,,801.14,n-matmul-2048,false,cc3f8c782a21,,c-690ef151-0cf1abd9-7fe4e69dd5c1,1762587020725,Sync,802.89,1762587020724,21.0.3.8,false,2048,26.58,InvokeFunction,,,LATEST,1-690ef18c-0c49fa-c668cd3f893d,OnDemand,,,0.90,
,A91AC64A0F8E1976F88383B363514050-9,1762587022,FCRequestMetrics:/n-matmul-2048,1,1,,,640.99,n-matmul-2048,false,cc3f8c782a21,,c-690ef151-0cf1abd9-7fe4e69dd5c1,1762587021558,Sync,642.77,1762587021557,21.0.3.8,false,2048,34.18,InvokeFunction,,,LATEST,1-690ef18d-0c49fa-f7dc82046810,OnDemand,,,1.01,
,46B19270B472A6D217A2E559E7E7C97B-A,1762587022,FCRequestMetrics:/n-matmul-2048,1,1,,,636.01,n-matmul-2048,false,869d26b39717,,c-690ef10b-0cf1abd9-b6750c057b8f,1762587021497,Sync,637.51,1762587021496,21.0.3.8,false,2048,38.29,InvokeFunction,,,LATEST,1-690ef18d-0c0a43-146b684bf71f,OnDemand,,,0.66,
,C1124F392E96F7157640100E932BDA24-A,1762587022,FCRequestMetrics:/n-matmul-2048,2,2,,,670.77,n-matmul-2048,false,67bba880de6a,,c-690ef15e-0cf1abd9-14d01dd57fb0,1762587021918,Sync,676.49,1762587021913,21.0.3.8,false,2048,26.33,InvokeFunction,,,LATEST,1-690ef18d-0c49fa-7de606b3e60b,OnDemand,,,0.98,
,C1124F392E96F7157640100E932BDA24-A,1762587026,FCRequestMetrics:/n-matmul-2048,0,0,,,711.41,n-matmul-2048,false,67bba880de6a,,c-690ef15e-0cf1abd9-14d01dd57fb0,1762587025965,Sync,713.53,1762587025963,21.0.3.8,false,2048,35.21,InvokeFunction,,,LATEST,1-690ef191-0c49fa-9acce35ac993,OnDemand,,,1.27,
,A91AC64A0F8E1976F88383B363514050-C,1762587026,FCRequestMetrics:/n-matmul-2048,1,1,,,628.16,n-matmul-2048,false,cc3f8c782a21,,c-690ef151-0cf1abd9-7fe4e69dd5c1,1762587026148,Sync,629.66,1762587026147,21.0.3.8,false,2048,36.18,InvokeFunction,,,LATEST,1-690ef192-0c0a43-935067419db1,OnDemand,,,0.61,
,A91AC64A0F8E1976F88383B363514050-C,1762587027,FCRequestMetrics:/n-matmul-2048,3,3,,,803.78,n-matmul-2048,false,cc3f8c782a21,,c-690ef151-0cf1abd9-7fe4e69dd5c1,1762587026888,Sync,805.25,1762587026887,21.0.3.8,false,2048,38.36,InvokeFunction,,,LATEST,1-690ef192-0c0a43-be6317087131,OnDemand,,,0.63,
,C1124F392E96F7157640100E932BDA24-D,1762587027,FCRequestMetrics:/n-matmul-2048,3,3,,,658.13,n-matmul-2048,false,67bba880de6a,,c-690ef15e-0cf1abd9-14d01dd57fb0,1762587026702,Sync,660.19,1762587026701,21.0.3.8,false,2048,35.14,InvokeFunction,,,LATEST,1-690ef192-0c49fa-9be2b0ef975d,OnDemand,,,1.11,
,510F8A150819018E635E267F62520B9B-9,1762587027,FCRequestMetrics:/n-matmul-2048,3,3,,,658.80,n-matmul-2048,false,c8577adbf622,,c-690ef10b-0cf1abd9-26ef2c508c1e,1762587026672,Sync,660.08,1762587026671,21.0.3.8,false,2048,36.40,InvokeFunction,,,LATEST,1-690ef192-0c0a43-6d4490caba20,OnDemand,,,0.54,
,18363E7E93F59FF8F193127D52D86051-D,1762587027,FCRequestMetrics:/n-matmul-2048,3,3,,,673.78,n-matmul-2048,false,3f9c9a307fd4,,c-690ef130-0cf1abd9-454ab669b866,1762587026912,Sync,677.77,1762587026908,21.0.3.8,false,2048,26.62,InvokeFunction,,,LATEST,1-690ef192-0c49fa-c97c2408bfdb,OnDemand,,,1.23,
,46B19270B472A6D217A2E559E7E7C97B-C,1762587027,FCRequestMetrics:/n-matmul-2048,2,2,,,0.04,n-matmul-2048,true,869d26b39717,,c-690ef10b-0cf1abd9-b6750c057b8f,1762587026626,Sync,431.62,1762587026625,21.0.3.8,false,2048,4.06,InvokeFunction,,,LATEST,1-690ef192-0c0a43-cd41d4ffc209,OnDemand,,,0.60,,"{""errorType"":""FunctionAbnormalExitError""}"
,00E67D373DA9C60BEF759D13208EAAD9-B,1762587027,FCRequestMetrics:/n-matmul-2048,5,5,,,717.93,n-matmul-2048,false,9013ed408e73,,c-690ef10b-0cf1abd9-dbc16e7d233d,1762587027043,Sync,719.59,1762587027041,21.0.3.8,false,2048,28.69,InvokeFunction,,,LATEST,1-690ef193-0c49fa-0d753a619744,OnDemand,,,0.80,
,943CF4692F491FB15BAF1EAB0CB8860A-8,1762587027,FCRequestMetrics:/n-matmul-2048,5,5,,,678.39,n-matmul-2048,false,bfd14e2c48c1,,c-690ef14e-0cf1abd9-da3a9c4be72b,1762587027040,Sync,679.78,1762587027039,21.0.3.8,false,2048,29.09,InvokeFunction,,,LATEST,1-690ef193-0c0a43-b9a6c914666c,OnDemand,,,0.58,
,C38D529AEE78E8BFEBBDDADEDE13D41B-7,1762587027,FCRequestMetrics:/n-matmul-2048,5,5,,,0.04,n-matmul-2048,true,965073b71ef9,,c-690ef12c-0cf1abd9-ee855b82b2d6,1762587027044,Sync,409.62,1762587027043,21.0.3.7,false,2048,4.21,InvokeFunction,,,LATEST,1-690ef193-0c49fa-3dd17326f1dd,OnDemand,,,1.10,,"{""errorType"":""FunctionAbnormalExitError""}"
,D461B99DDC361457A1C9EC0902546FD1-C,1762587027,FCRequestMetrics:/n-matmul-2048,5,5,,,0.03,n-matmul-2048,true,ed2ed25159fc,,c-690ef14f-0cf1abd9-e247acd3fed5,1762587027044,Sync,424.84,1762587027043,21.0.3.8,false,2048,4.07,InvokeFunction,,,LATEST,1-690ef193-0c0a43-879818ed43f9,OnDemand,,,0.52,,"{""errorType"":""FunctionAbnormalExitError""}"
,BF6FA9AF6994B690E2E5555B14FF4940-B,1762587028,FCRequestMetrics:/n-matmul-2048,10,10,,,669.93,n-matmul-2048,false,21ba44532db0,,c-690ef12f-0cf1abd9-72da07858f04,1762587028051,Sync,671.64,1762587028049,21.0.3.8,false,2048,34.63,InvokeFunction,,,LATEST,1-690ef194-0c49fa-807b4c4f3247,OnDemand,,,0.94,
,E08BA4ABFB8C4109D958EF35CCDE9E75-B,1762587028,FCRequestMetrics:/n-matmul-2048,9,9,,,681.88,n-matmul-2048,false,f6ea6fba0d1f,,c-690ef12a-0cf1abd9-0e59ac1cec40,1762587027988,Sync,683.62,1762587027986,21.0.3.6,false,2048,26.46,InvokeFunction,,,LATEST,1-690ef193-0c49fa-a14af06316b5,OnDemand,,,0.90,
,510F8A150819018E635E267F62520B9B-9,1762587028,FCRequestMetrics:/n-matmul-2048,8,8,,,714.99,n-matmul-2048,false,c8577adbf622,,c-690ef10b-0cf1abd9-26ef2c508c1e,1762587027360,Sync,716.20,1762587027359,21.0.3.8,false,2048,36.92,InvokeFunction,,,LATEST,1-690ef193-0c0a43-537e03c800b0,OnDemand,,,0.52,
,18363E7E93F59FF8F193127D52D86051-D,1762587028,FCRequestMetrics:/n-matmul-2048,5,5,,,675.53,n-matmul-2048,false,3f9c9a307fd4,,c-690ef130-0cf1abd9-454ab669b866,1762587027636,Sync,677.49,1762587027635,21.0.3.8,false,2048,34.43,InvokeFunction,,,LATEST,1-690ef193-0c49fa-05b352815706,OnDemand,,,1.19,
,46B19270B472A6D217A2E559E7E7C97B-C,1762587028,FCRequestMetrics:/n-matmul-2048,7,7,,,746.20,n-matmul-2048,false,869d26b39717,,c-690ef10b-0cf1abd9-b6750c057b8f,1762587027893,Sync,747.72,1762587027892,21.0.3.8,false,2048,26.67,InvokeFunction,,,LATEST,1-690ef193-0c0a43-ff3994f13203,OnDemand,,,0.50,
,00E67D373DA9C60BEF759D13208EAAD9-B,1762587028,FCRequestMetrics:/n-matmul-2048,6,6,,,643.52,n-matmul-2048,false,9013ed408e73,,c-690ef10b-0cf1abd9-dbc16e7d233d,1762587027797,Sync,645.13,1762587027796,21.0.3.8,false,2048,36.53,InvokeFunction,,,LATEST,1-690ef193-0c49fa-4def74323401,OnDemand,,,0.93,
,943CF4692F491FB15BAF1EAB0CB8860A-8,1762587028,FCRequestMetrics:/n-matmul-2048,5,5,,,639.89,n-matmul-2048,false,bfd14e2c48c1,,c-690ef14e-0cf1abd9-da3a9c4be72b,1762587027734,Sync,641.06,1762587027733,21.0.3.8,false,2048,35.99,InvokeFunction,,,LATEST,1-690ef193-0c0a43-5c287f2f46ec,OnDemand,,,0.53,
,C38D529AEE78E8BFEBBDDADEDE13D41B-7,1762587028,FCRequestMetrics:/n-matmul-2048,5,5,,,678.87,n-matmul-2048,false,965073b71ef9,,c-690ef12c-0cf1abd9-ee855b82b2d6,1762587027693,Sync,680.46,1762587027692,21.0.3.7,false,2048,28.57,InvokeFunction,,,LATEST,1-690ef193-0c0a43-2660aad0d7c9,OnDemand,,,0.59,
,D461B99DDC361457A1C9EC0902546FD1-C,1762587028,FCRequestMetrics:/n-matmul-2048,5,5,,,680.21,n-matmul-2048,false,ed2ed25159fc,,c-690ef14f-0cf1abd9-e247acd3fed5,1762587027587,Sync,682.23,1762587027586,21.0.3.8,false,2048,26.63,InvokeFunction,,,LATEST,1-690ef193-0c49fa-018b26441fa9,OnDemand,,,1.26,
,A91AC64A0F8E1976F88383B363514050-B,1762587028,FCRequestMetrics:/n-matmul-2048,6,6,,,0.04,n-matmul-2048,true,cc3f8c782a21,,c-690ef151-0cf1abd9-7fe4e69dd5c1,1762587027759,Sync,414.96,1762587027758,21.0.3.8,false,2048,2.16,InvokeFunction,,,LATEST,1-690ef193-0c0a43-5703825094b1,OnDemand,,,0.54,,"{""errorType"":""FunctionAbnormalExitError""}"
,C1124F392E96F7157640100E932BDA24-D,1762587028,FCRequestMetrics:/n-matmul-2048,7,7,,,0.05,n-matmul-2048,true,67bba880de6a,,c-690ef15e-0cf1abd9-14d01dd57fb0,1762587027888,Sync,445.28,1762587027887,21.0.3.8,false,2048,2.37,InvokeFunction,,,LATEST,1-690ef193-0c49fa-a5a321c9a1ff,OnDemand,,,0.84,,"{""errorType"":""FunctionAbnormalExitError""}"
,BF6FA9AF6994B690E2E5555B14FF4940-D,1762587032,FCRequestMetrics:/n-matmul-2048,0,0,,,636.02,n-matmul-2048,false,21ba44532db0,,c-690ef12f-0cf1abd9-72da07858f04,1762587031419,Sync,637.78,1762587031417,21.0.3.8,false,2048,26.28,InvokeFunction,,,LATEST,1-690ef197-0c49fa-90da32bf57b6,OnDemand,,,0.94,
,F0BCE0E40FE41E0F61DD5DAF956249CC-D,1762587033,FCRequestMetrics:/n-matmul-2048,10,10,,,668.90,n-matmul-2048,false,b9ed45a41c5d,,c-690ef139-0cf1abd9-bfec9b76d480,1762587033143,Sync,673.48,1762587033139,21.0.3.8,false,2048,36.22,InvokeFunction,,,LATEST,1-690ef199-0c49fa-cc9d20f418b1,OnDemand,,,0.94,
,E08BA4ABFB8C4109D958EF35CCDE9E75-D,1762587033,FCRequestMetrics:/n-matmul-2048,1,1,,,633.00,n-matmul-2048,false,f6ea6fba0d1f,,c-690ef12a-0cf1abd9-0e59ac1cec40,1762587032903,Sync,634.38,1762587032902,21.0.3.6,false,2048,27.77,InvokeFunction,,,LATEST,1-690ef198-0c0a43-1e2ed3ba2b7d,OnDemand,,,0.59,
,18363E7E93F59FF8F193127D52D86051-F,1762587033,FCRequestMetrics:/n-matmul-2048,5,5,,,661.60,n-matmul-2048,false,3f9c9a307fd4,,c-690ef130-0cf1abd9-454ab669b866,1762587033121,Sync,663.56,1762587033119,21.0.3.8,false,2048,34.53,InvokeFunction,,,LATEST,1-690ef199-0c49fa-eea2a5968db9,OnDemand,,,1.17,
,46B19270B472A6D217A2E559E7E7C97B-F,1762587033,FCRequestMetrics:/n-matmul-2048,2,2,,,648.16,n-matmul-2048,false,869d26b39717,,c-690ef10b-0cf1abd9-b6750c057b8f,1762587033009,Sync,650.86,1762587033008,21.0.3.8,false,2048,34.23,InvokeFunction,,,LATEST,1-690ef199-0c0a43-29db20e95f76,OnDemand,,,0.60,
,00E67D373DA9C60BEF759D13208EAAD9-D,1762587033,FCRequestMetrics:/n-matmul-2048,2,2,,,652.31,n-matmul-2048,false,9013ed408e73,,c-690ef10b-0cf1abd9-dbc16e7d233d,1762587033023,Sync,653.99,1762587033022,21.0.3.8,false,2048,38.82,InvokeFunction,,,LATEST,1-690ef199-0c0a43-7fa30a2dc24f,OnDemand,,,0.54,
,943CF4692F491FB15BAF1EAB0CB8860A-9,1762587033,FCRequestMetrics:/n-matmul-2048,2,2,,,647.30,n-matmul-2048,false,bfd14e2c48c1,,c-690ef14e-0cf1abd9-da3a9c4be72b,1762587033026,Sync,649.24,1762587033024,21.0.3.8,false,2048,38.47,InvokeFunction,,,LATEST,1-690ef199-0c49fa-2ff171c20669,OnDemand,,,1.01,
,C38D529AEE78E8BFEBBDDADEDE13D41B-8,1762587033,FCRequestMetrics:/n-matmul-2048,5,5,,,638.55,n-matmul-2048,false,965073b71ef9,,c-690ef12c-0cf1abd9-ee855b82b2d6,1762587033061,Sync,640.71,1762587033060,21.0.3.7,false,2048,36.47,InvokeFunction,,,LATEST,1-690ef199-0c49fa-2a7d8690b6e5,OnDemand,,,1.24,
,D461B99DDC361457A1C9EC0902546FD1-E,1762587033,FCRequestMetrics:/n-matmul-2048,5,5,,,687.89,n-matmul-2048,false,ed2ed25159fc,,c-690ef14f-0cf1abd9-e247acd3fed5,1762587033121,Sync,689.34,1762587033121,21.0.3.8,false,2048,26.54,InvokeFunction,,,LATEST,1-690ef199-0c0a43-bb3bd72fdcc7,OnDemand,,,0.55,
,A91AC64A0F8E1976F88383B363514050-C,1762587033,FCRequestMetrics:/n-matmul-2048,5,5,,,668.37,n-matmul-2048,false,cc3f8c782a21,,c-690ef151-0cf1abd9-7fe4e69dd5c1,1762587033123,Sync,669.91,1762587033122,21.0.3.8,false,2048,28.57,InvokeFunction,,,LATEST,1-690ef199-0c0a43-8fdd4c3a9aaa,OnDemand,,,0.49,
,BF6FA9AF6994B690E2E5555B14FF4940-D,1762587033,FCRequestMetrics:/n-matmul-2048,0,0,,,0.04,n-matmul-2048,true,21ba44532db0,,c-690ef12f-0cf1abd9-72da07858f04,1762587032829,Sync,416.88,1762587032827,21.0.3.8,false,2048,2.18,InvokeFunction,,,LATEST,1-690ef198-0c49fa-a9923af28224,OnDemand,,,1.44,,"{""errorType"":""FunctionAbnormalExitError""}"
,C1124F392E96F7157640100E932BDA24-E,1762587033,FCRequestMetrics:/n-matmul-2048,5,5,,,670.27,n-matmul-2048,false,67bba880de6a,,c-690ef15e-0cf1abd9-14d01dd57fb0,1762587033060,Sync,671.73,1762587033060,21.0.3.8,false,2048,26.75,InvokeFunction,,,LATEST,1-690ef199-0c0a43-5e362b886ec8,OnDemand,,,0.54,
,510F8A150819018E635E267F62520B9B-B,1762587033,FCRequestMetrics:/n-matmul-2048,10,10,,,0.04,n-matmul-2048,true,c8577adbf622,,c-690ef10b-0cf1abd9-26ef2c508c1e,1762587033139,Sync,403.48,1762587033139,21.0.3.8,false,2048,4.06,InvokeFunction,,,LATEST,1-690ef199-0c0a43-9c563c44526c,OnDemand,,,0.52,,"{""errorType"":""FunctionAbnormalExitError""}"
,CFD93EE32B19E972234D28D1C13E1AA8-6,1762587033,FCRequestMetrics:/n-matmul-2048,10,10,,,0.05,n-matmul-2048,true,7a537213662e,,c-690ef15f-0cf1abd9-fd32f0b49b00,1762587033162,Sync,446.44,1762587033161,21.0.3.8,false,2048,2.21,InvokeFunction,,,LATEST,1-690ef199-0c0a43-c4a9e3fbb78e,OnDemand,,,0.60,,"{""errorType"":""FunctionAbnormalExitError""}"
,BF6FA9AF6994B690E2E5555B14FF4940-D,1762587034,FCRequestMetrics:/n-matmul-2048,13,13,,,679.99,n-matmul-2048,false,21ba44532db0,,c-690ef12f-0cf1abd9-72da07858f04,1762587033334,Sync,682.00,1762587033333,21.0.3.8,false,2048,26.63,InvokeFunction,,,LATEST,1-690ef199-0c49fa-03baf2008e18,OnDemand,,,1.23,
,F0BCE0E40FE41E0F61DD5DAF956249CC-C,1762587034,FCRequestMetrics:/n-matmul-2048,0,0,,,0.04,n-matmul-2048,true,b9ed45a41c5d,,c-690ef139-0cf1abd9-bfec9b76d480,1762587034521,Sync,412.04,1762587034521,21.0.3.8,false,2048,2.08,InvokeFunction,,,LATEST,1-690ef19a-0c0a43-d57b4e6f6aa2,OnDemand,,,0.56,,"{""errorType"":""FunctionAbnormalExitError""}"
,C38D529AEE78E8BFEBBDDADEDE13D41B-8,1762587035,FCRequestMetrics:/n-matmul-2048,3,3,,,789.03,n-matmul-2048,false,965073b71ef9,,c-690ef12c-0cf1abd9-ee855b82b2d6,1762587034909,Sync,790.43,1762587034908,21.0.3.7,false,2048,40.84,InvokeFunction,,,LATEST,1-690ef19a-0c0a43-ee3f52435f00,OnDemand,,,0.60,
,D461B99DDC361457A1C9EC0902546FD1-E,1762587035,FCRequestMetrics:/n-matmul-2048,2,2,,,661.46,n-matmul-2048,false,ed2ed25159fc,,c-690ef14f-0cf1abd9-e247acd3fed5,1762587034692,Sync,663.14,1762587034691,21.0.3.8,false,2048,39.46,InvokeFunction,,,LATEST,1-690ef19a-0c49fa-da29a4401b19,OnDemand,,,0.93,
,A91AC64A0F8E1976F88383B363514050-C,1762587035,FCRequestMetrics:/n-matmul-2048,3,3,,,672.32,n-matmul-2048,false,cc3f8c782a21,,c-690ef151-0cf1abd9-7fe4e69dd5c1,1762587034852,Sync,674.93,1762587034851,21.0.3.8,false,2048,36.41,InvokeFunction,,,LATEST,1-690ef19a-0c0a43-b036cbf75e0b,OnDemand,,,0.65,
,BF6FA9AF6994B690E2E5555B14FF4940-D,1762587035,FCRequestMetrics:/n-matmul-2048,0,0,,,640.08,n-matmul-2048,false,21ba44532db0,,c-690ef12f-0cf1abd9-72da07858f04,1762587034503,Sync,641.51,1762587034503,21.0.3.8,false,2048,34.50,InvokeFunction,,,LATEST,1-690ef19a-0c0a43-7d49cb37435b,OnDemand,,,0.68,
,BF6FA9AF6994B690E2E5555B14FF4940-D,1762587035,FCRequestMetrics:/n-matmul-2048,6,6,,,777.07,n-matmul-2048,false,21ba44532db0,,c-690ef12f-0cf1abd9-72da07858f04,1762587035202,Sync,778.69,1762587035201,21.0.3.8,false,2048,38.91,InvokeFunction,,,LATEST,1-690ef19b-0c0a43-a527ae943710,OnDemand,,,0.66,
,C1124F392E96F7157640100E932BDA24-E,1762587035,FCRequestMetrics:/n-matmul-2048,3,3,,,673.85,n-matmul-2048,false,67bba880de6a,,c-690ef15e-0cf1abd9-14d01dd57fb0,1762587034876,Sync,675.15,1762587034876,21.0.3.8,false,2048,34.74,InvokeFunction,,,LATEST,1-690ef19a-0c0a43-bf89173df229,OnDemand,,,0.46,
,18363E7E93F59FF8F193127D52D86051-E,1762587035,FCRequestMetrics:/n-matmul-2048,3,3,,,0.04,n-matmul-2048,true,3f9c9a307fd4,,c-690ef130-0cf1abd9-454ab669b866,1762587034874,Sync,403.52,1762587034873,21.0.3.8,false,2048,2.09,InvokeFunction,,,LATEST,1-690ef19a-0c49fa-c44fe9a62a0a,OnDemand,,,1.27,,"{""errorType"":""FunctionAbnormalExitError""}"
,BF6FA9AF6994B690E2E5555B14FF4940-E,1762587039,FCRequestMetrics:/n-matmul-2048,0,0,,,820.57,n-matmul-2048,false,21ba44532db0,,c-690ef12f-0cf1abd9-72da07858f04,1762587038383,Sync,823.73,1762587038383,21.0.3.8,false,2048,42.22,InvokeFunction,,,LATEST,1-690ef19e-0c0a43-d72996fc3821,OnDemand,,,0.62,
,BF6FA9AF6994B690E2E5555B14FF4940-F,1762587043,FCRequestMetrics:/n-matmul-2048,0,0,,,0.05,n-matmul-2048,true,21ba44532db0,,c-690ef12f-0cf1abd9-72da07858f04,1762587043164,Sync,412.93,1762587043163,21.0.3.8,false,2048,2.22,InvokeFunction,,,LATEST,1-690ef1a3-0c0a43-22d199f49e22,OnDemand,,,0.58,,"{""errorType"":""FunctionAbnormalExitError""}"
,C38D529AEE78E8BFEBBDDADEDE13D41B-C,1762587044,FCRequestMetrics:/n-matmul-2048,1,1,,,785.51,n-matmul-2048,false,965073b71ef9,,c-690ef12c-0cf1abd9-ee855b82b2d6,1762587044195,Sync,786.94,1762587044194,21.0.3.7,false,2048,44.12,InvokeFunction,,,LATEST,1-690ef1a4-0c0a43-30102be35963,OnDemand,,,0.64,
,BF6FA9AF6994B690E2E5555B14FF4940-F,1762587044,FCRequestMetrics:/n-matmul-2048,0,0,,,694.10,n-matmul-2048,false,21ba44532db0,,c-690ef12f-0cf1abd9-72da07858f04,1762587043836,Sync,696.05,1762587043834,21.0.3.8,false,2048,28.69,InvokeFunction,,,LATEST,1-690ef1a3-0c49fa-b90d37bb2ce0,OnDemand,,,1.25,
,18363E7E93F59FF8F193127D52D86051-F,1762587045,FCRequestMetrics:/n-matmul-2048,4,4,,,675.28,n-matmul-2048,false,3f9c9a307fd4,,c-690ef130-0cf1abd9-454ab669b866,1762587044467,Sync,677.04,1762587044466,21.0.3.8,false,2048,28.75,InvokeFunction,,,LATEST,1-690ef1a4-0c49fa-698d77fcddc9,OnDemand,,,0.94,
,C1124F392E96F7157640100E932BDA24-11,1762587045,FCRequestMetrics:/n-matmul-2048,2,2,,,676.27,n-matmul-2048,false,67bba880de6a,,c-690ef15e-0cf1abd9-14d01dd57fb0,1762587044334,Sync,677.64,1762587044333,21.0.3.8,false,2048,34.65,InvokeFunction,,,LATEST,1-690ef1a4-0c0a43-f395ce4a113e,OnDemand,,,0.68,
,C1124F392E96F7157640100E932BDA24-11,1762587045,FCRequestMetrics:/n-matmul-2048,20,20,,,638.81,n-matmul-2048,false,67bba880de6a,,c-690ef15e-0cf1abd9-14d01dd57fb0,1762587045021,Sync,640.07,1762587045021,21.0.3.8,false,2048,37.02,InvokeFunction,,,LATEST,1-690ef1a5-0c0a43-0116b6507e5e,OnDemand,,,0.53,
,46B19270B472A6D217A2E559E7E7C97B-11,1762587045,FCRequestMetrics:/n-matmul-2048,6,6,,,660.04,n-matmul-2048,false,869d26b39717,,c-690ef10b-0cf1abd9-b6750c057b8f,1762587044723,Sync,661.33,1762587044722,21.0.3.8,false,2048,34.39,InvokeFunction,,,LATEST,1-690ef1a4-0c0a43-e63b565c9727,OnDemand,,,0.52,
,00E67D373DA9C60BEF759D13208EAAD9-F,1762587045,FCRequestMetrics:/n-matmul-2048,6,6,,,637.53,n-matmul-2048,false,9013ed408e73,,c-690ef10b-0cf1abd9-dbc16e7d233d,1762587044723,Sync,642.22,1762587044719,21.0.3.8,false,2048,38.71,InvokeFunction,,,LATEST,1-690ef1a4-0c49fa-f56985eeac7b,OnDemand,,,1.12,
,943CF4692F491FB15BAF1EAB0CB8860A-C,1762587045,FCRequestMetrics:/n-matmul-2048,6,6,,,659.40,n-matmul-2048,false,bfd14e2c48c1,,c-690ef14e-0cf1abd9-da3a9c4be72b,1762587044722,Sync,660.61,1762587044721,21.0.3.8,false,2048,38.48,InvokeFunction,,,LATEST,1-690ef1a4-0c0a43-559434131e2f,OnDemand,,,0.46,
,D461B99DDC361457A1C9EC0902546FD1-10,1762587045,FCRequestMetrics:/n-matmul-2048,4,4,,,651.97,n-matmul-2048,false,ed2ed25159fc,,c-690ef14f-0cf1abd9-e247acd3fed5,1762587044455,Sync,656.41,1762587044451,21.0.3.8,false,2048,39.18,InvokeFunction,,,LATEST,1-690ef1a4-0c0a43-2debd1b257f4,OnDemand,,,0.52,
,2523AFCDD5BD8A2B2953E48983230929-A,1762587045,FCRequestMetrics:/n-matmul-2048,11,11,,,646.10,n-matmul-2048,false,01d6f783bdb1,,c-690ef10b-0cf1abd9-dd39c218e942,1762587044805,Sync,648.33,1762587044804,21.0.3.8,false,2048,36.05,InvokeFunction,,,LATEST,1-690ef1a4-0c0a43-cf99d67f14d0,OnDemand,,,0.52,
,636547988E635DCC4C08253D0766BAEB-7,1762587045,FCRequestMetrics:/n-matmul-2048,20,20,,,662.45,n-matmul-2048,false,3da1c5559a3b,,c-690ef156-0cf1abd9-a60f14769352,1762587045024,Sync,663.99,1762587045023,21.0.3.8,false,2048,34.52,InvokeFunction,,,LATEST,1-690ef1a5-0c0a43-7675d2afa005,OnDemand,,,0.48,
,B2D19E9889F3DDE524F4ACFCF2A5FEBF-6,1762587045,FCRequestMetrics:/n-matmul-2048,14,14,,,692.43,n-matmul-2048,false,95f39cca25aa,,c-690ef10b-0cf1abd9-336379de3020,1762587044926,Sync,696.08,1762587044923,21.0.3.8,false,2048,26.50,InvokeFunction,,,LATEST,1-690ef1a4-0c49fa-6b4aaf733e8e,OnDemand,,,0.90,
,E08BA4ABFB8C4109D958EF35CCDE9E75-13,1762587045,FCRequestMetrics:/n-matmul-2048,11,11,,,697.22,n-matmul-2048,false,f6ea6fba0d1f,,c-690ef12a-0cf1abd9-0e59ac1cec40,1762587044805,Sync,698.94,1762587044804,21.0.3.6,false,2048,28.05,InvokeFunction,,,LATEST,1-690ef1a4-0c49fa-8a0b0de7c635,OnDemand,,,0.94,
,B1BC54E0839163A3A2719B2791B845EA-F,1762587045,FCRequestMetrics:/n-matmul-2048,14,14,,,672.47,n-matmul-2048,false,c5eb2abfaa5d,,c-690ef14c-0cf1abd9-28e65fb7d593,1762587044896,Sync,673.80,1762587044896,21.0.3.5,false,2048,28.86,InvokeFunction,,,LATEST,1-690ef1a4-0c0a43-c61ccace9664,OnDemand,,,0.51,
,A91AC64A0F8E1976F88383B363514050-10,1762587045,FCRequestMetrics:/n-matmul-2048,2,2,,,654.46,n-matmul-2048,false,cc3f8c782a21,,c-690ef151-0cf1abd9-7fe4e69dd5c1,1762587044409,Sync,656.73,1762587044408,21.0.3.8,false,2048,36.21,InvokeFunction,,,LATEST,1-690ef1a4-0c49fa-8d72cdeebb65,OnDemand,,,1.03,
,510F8A150819018E635E267F62520B9B-C,1762587045,FCRequestMetrics:/n-matmul-2048,11,11,,,678.58,n-matmul-2048,false,c8577adbf622,,c-690ef10b-0cf1abd9-26ef2c508c1e,1762587044803,Sync,680.74,1762587044801,21.0.3.8,false,2048,28.69,InvokeFunction,,,LATEST,1-690ef1a4-0c49fa-5f9e39a3d516,OnDemand,,,1.22,
,BF6FA9AF6994B690E2E5555B14FF4940-F,1762587045,FCRequestMetrics:/n-matmul-2048,5,5,,,648.82,n-matmul-2048,false,21ba44532db0,,c-690ef12f-0cf1abd9-72da07858f04,1762587044600,Sync,650.77,1762587044599,21.0.3.8,false,2048,36.01,InvokeFunction,,,LATEST,1-690ef1a4-0c49fa-abd5bcafff7b,OnDemand,,,1.22,
,CFD93EE32B19E972234D28D1C13E1AA8-7,1762587045,FCRequestMetrics:/n-matmul-2048,6,6,,,675.05,n-matmul-2048,false,7a537213662e,,c-690ef15f-0cf1abd9-fd32f0b49b00,1762587044725,Sync,676.81,1762587044724,21.0.3.8,false,2048,26.61,InvokeFunction,,,LATEST,1-690ef1a4-0c49fa-6a3fe8d20ad4,OnDemand,,,0.91,
,DDEEB29FD5ADFBB67E4F2FEB83463658-B,1762587045,FCRequestMetrics:/n-matmul-2048,14,14,,,679.58,n-matmul-2048,false,bc52147f2a7a,,c-690ef12c-0cf1abd9-69aaf8ca2a4b,1762587044894,Sync,680.92,1762587044894,21.0.3.8,false,2048,26.79,InvokeFunction,,,LATEST,1-690ef1a4-0c0a43-39887a4b1531,OnDemand,,,0.51,
,A5C7CD7E71BB55429480C147D0ABD6E0-6,1762587045,FCRequestMetrics:/n-matmul-2048,14,14,,,683.71,n-matmul-2048,false,b9c50fa7ffa2,,c-690ef10b-0cf1abd9-39e48c7dd1cd,1762587044924,Sync,685.51,1762587044923,21.0.3.8,false,2048,26.55,InvokeFunction,,,LATEST,1-690ef1a4-0c49fa-8e464800f824,OnDemand,,,0.92,
,F0BCE0E40FE41E0F61DD5DAF956249CC-E,1762587045,FCRequestMetrics:/n-matmul-2048,6,6,,,690.69,n-matmul-2048,false,b9ed45a41c5d,,c-690ef139-0cf1abd9-bfec9b76d480,1762587044720,Sync,692.29,1762587044719,21.0.3.8,false,2048,26.66,InvokeFunction,,,LATEST,1-690ef1a4-0c0a43-0ae4f2edb29e,OnDemand,,,0.64,
,5E9C37D1C997E792337F0D79C839D1F6-C,1762587045,FCRequestMetrics:/n-matmul-2048,14,14,,,0.04,n-matmul-2048,true,7be323259747,,c-690ef12d-0cf1abd9-4ddba8cb6fd4,1762587044897,Sync,400.84,1762587044896,21.0.3.8,false,2048,6.02,InvokeFunction,,,LATEST,1-690ef1a4-0c49fa-8f9ccf17ca31,OnDemand,,,0.89,,"{""errorType"":""FunctionAbnormalExitError""}"
,7B2CA077525D5F38D7687113836FF4D4-D,1762587045,FCRequestMetrics:/n-matmul-2048,14,14,,,0.05,n-matmul-2048,true,dd2888fed1c9,,c-690ef14f-0cf1abd9-cabc0eaa101b,1762587044859,Sync,444.68,1762587044858,21.0.3.8,false,2048,4.04,InvokeFunction,,,LATEST,1-690ef1a4-0c49fa-3aca3d72a995,OnDemand,,,1.16,,"{""errorType"":""FunctionAbnormalExitError""}"
,18363E7E93F59FF8F193127D52D86051-11,1762587045,FCRequestMetrics:/n-matmul-2048,20,20,,,645.90,n-matmul-2048,false,3f9c9a307fd4,,c-690ef130-0cf1abd9-454ab669b866,1762587045152,Sync,647.22,1762587045151,21.0.3.8,false,2048,36.68,InvokeFunction,,,LATEST,1-690ef1a5-0c0a43-d22735e243aa,OnDemand,,,0.54,
,EB19AA8F9B61C51C3FCBC98D949BD1C2-B,1762587045,FCRequestMetrics:/n-matmul-2048,20,20,,,0.05,n-matmul-2048,true,211d8375abf1,,c-690ef12d-0cf1abd9-78e04fcb7549,1762587044980,Sync,422.06,1762587044979,21.0.3.8,false,2048,4.24,InvokeFunction,,,LATEST,1-690ef1a4-0c0a43-c7ac8eebce72,OnDemand,,,0.55,,"{""errorType"":""FunctionAbnormalExitError""}"
,C38D529AEE78E8BFEBBDDADEDE13D41B-B,1762587045,FCRequestMetrics:/n-matmul-2048,20,20,,,0.02,n-matmul-2048,true,965073b71ef9,,c-690ef12c-0cf1abd9-ee855b82b2d6,1762587045003,Sync,437.56,1762587045002,21.0.3.7,false,2048,4.16,InvokeFunction,,,LATEST,1-690ef1a5-0c0a43-ecc22b4b1038,OnDemand,,,0.54,,"{""errorType"":""FunctionAbnormalExitError""}"
,46B19270B472A6D217A2E559E7E7C97B-11,1762587046,FCRequestMetrics:/n-matmul-2048,19,19,,,709.49,n-matmul-2048,false,869d26b39717,,c-690ef10b-0cf1abd9-b6750c057b8f,1762587045403,Sync,711.56,1762587045402,21.0.3.8,false,2048,31.60,InvokeFunction,,,LATEST,1-690ef1a5-0c49fa-3da9b4fbbfd6,OnDemand,,,1.40,
,636547988E635DCC4C08253D0766BAEB-7,1762587046,FCRequestMetrics:/n-matmul-2048,5,5,,,659.92,n-matmul-2048,false,3da1c5559a3b,,c-690ef156-0cf1abd9-a60f14769352,1762587045833,Sync,661.93,1762587045832,21.0.3.8,false,2048,33.75,InvokeFunction,,,LATEST,1-690ef1a5-0c49fa-7d8ea06b6ff1,OnDemand,,,1.33,
,B2D19E9889F3DDE524F4ACFCF2A5FEBF-6,1762587046,FCRequestMetrics:/n-matmul-2048,6,6,,,660.77,n-matmul-2048,false,95f39cca25aa,,c-690ef10b-0cf1abd9-336379de3020,1762587045642,Sync,662.06,1762587045641,21.0.3.8,false,2048,34.51,InvokeFunction,,,LATEST,1-690ef1a5-0c0a43-b806c6580066,OnDemand,,,0.55,
,B2D19E9889F3DDE524F4ACFCF2A5FEBF-6,1762587046,FCRequestMetrics:/n-matmul-2048,6,6,,,645.30,n-matmul-2048,false,95f39cca25aa,,c-690ef10b-0cf1abd9-336379de3020,1762587046336,Sync,647.27,1762587046335,21.0.3.8,false,2048,34.55,InvokeFunction,,,LATEST,1-690ef1a6-0c49fa-4f2407480acf,OnDemand,,,1.21,
,B1BC54E0839163A3A2719B2791B845EA-F,1762587046,FCRequestMetrics:/n-matmul-2048,7,7,,,681.42,n-matmul-2048,false,c5eb2abfaa5d,,c-690ef14c-0cf1abd9-28e65fb7d593,1762587046003,Sync,683.16,1762587046002,21.0.3.5,false,2048,36.46,InvokeFunction,,,LATEST,1-690ef1a6-0c49fa-decae8bb771e,OnDemand,,,0.89,
,DDEEB29FD5ADFBB67E4F2FEB83463658-B,1762587046,FCRequestMetrics:/n-matmul-2048,7,7,,,650.24,n-matmul-2048,false,bc52147f2a7a,,c-690ef12c-0cf1abd9-69aaf8ca2a4b,1762587045965,Sync,651.46,1762587045964,21.0.3.8,false,2048,34.61,InvokeFunction,,,LATEST,1-690ef1a5-0c0a43-de0f1a8e9c2f,OnDemand,,,0.48,
,A5C7CD7E71BB55429480C147D0ABD6E0-6,1762587046,FCRequestMetrics:/n-matmul-2048,7,7,,,650.42,n-matmul-2048,false,b9c50fa7ffa2,,c-690ef10b-0cf1abd9-39e48c7dd1cd,1762587045937,Sync,654.96,1762587045933,21.0.3.8,false,2048,34.14,InvokeFunction,,,LATEST,1-690ef1a5-0c0a43-da1dc8421610,OnDemand,,,0.55,
,5E9C37D1C997E792337F0D79C839D1F6-C,1762587046,FCRequestMetrics:/n-matmul-2048,20,20,,,713.67,n-matmul-2048,false,7be323259747,,c-690ef12d-0cf1abd9-4ddba8cb6fd4,1762587045319,Sync,715.86,1762587045318,21.0.3.8,false,2048,28.81,InvokeFunction,,,LATEST,1-690ef1a5-0c49fa-561a5680ac68,OnDemand,,,1.42,
,5E9C37D1C997E792337F0D79C839D1F6-C,1762587046,FCRequestMetrics:/n-matmul-2048,9,9,,,643.16,n-matmul-2048,false,7be323259747,,c-690ef12d-0cf1abd9-4ddba8cb6fd4,1762587046042,Sync,644.82,1762587046041,21.0.3.8,false,2048,36.27,InvokeFunction,,,LATEST,1-690ef1a6-0c49fa-ee3ec3e3387f,OnDemand,,,0.86,
,7B2CA077525D5F38D7687113836FF4D4-D,1762587046,FCRequestMetrics:/n-matmul-2048,20,20,,,691.60,n-matmul-2048,false,dd2888fed1c9,,c-690ef14f-0cf1abd9-cabc0eaa101b,1762587045308,Sync,693.80,1762587045307,21.0.3.8,false,2048,28.59,InvokeFunction,,,LATEST,1-690ef1a5-0c49fa-fd81336bdaae,OnDemand,,,1.21,
,18363E7E93F59FF8F193127D52D86051-11,1762587046,FCRequestMetrics:/n-matmul-2048,5,5,,,656.39,n-matmul-2048,false,3f9c9a307fd4,,c-690ef130-0cf1abd9-454ab669b866,1762587045812,Sync,658.35,1762587045810,21.0.3.8,false,2048,38.90,InvokeFunction,,,LATEST,1-690ef1a5-0c49fa-fe6aa20208bb,OnDemand,,,1.24,
,C1124F392E96F7157640100E932BDA24-10,1762587046,FCRequestMetrics:/n-matmul-2048,6,6,,,0.04,n-matmul-2048,true,67bba880de6a,,c-690ef15e-0cf1abd9-14d01dd57fb0,1762587045842,Sync,431.02,1762587045841,21.0.3.8,false,2048,2.23,InvokeFunction,,,LATEST,1-690ef1a5-0c0a43-2b313b3b8a6f,OnDemand,,,0.57,,"{""errorType"":""FunctionAbnormalExitError""}"
,B1BC54E0839163A3A2719B2791B845EA-F,1762587047,FCRequestMetrics:/n-matmul-2048,2,2,,,654.08,n-matmul-2048,false,c5eb2abfaa5d,,c-690ef14c-0cf1abd9-28e65fb7d593,1762587046793,Sync,655.44,1762587046792,21.0.3.5,false,2048,36.48,InvokeFunction,,,LATEST,1-690ef1a6-0c0a43-bc878c58cb87,OnDemand,,,0.62,
,DDEEB29FD5ADFBB67E4F2FEB83463658-B,1762587047,FCRequestMetrics:/n-matmul-2048,4,4,,,787.37,n-matmul-2048,false,bc52147f2a7a,,c-690ef12c-0cf1abd9-69aaf8ca2a4b,1762587046913,Sync,789.38,1762587046912,21.0.3.8,false,2048,38.98,InvokeFunction,,,LATEST,1-690ef1a6-0c49fa-d038937bc3cf,OnDemand,,,1.26,
,A5C7CD7E71BB55429480C147D0ABD6E0-6,1762587047,FCRequestMetrics:/n-matmul-2048,5,5,,,653.68,n-matmul-2048,false,b9c50fa7ffa2,,c-690ef10b-0cf1abd9-39e48c7dd1cd,1762587046937,Sync,659.54,1762587046937,21.0.3.8,false,2048,36.48,InvokeFunction,,,LATEST,1-690ef1a6-0c0a43-a7cdb013c6e6,OnDemand,,,0.55,
,5E9C37D1C997E792337F0D79C839D1F6-C,1762587047,FCRequestMetrics:/n-matmul-2048,2,2,,,643.09,n-matmul-2048,false,7be323259747,,c-690ef12d-0cf1abd9-4ddba8cb6fd4,1762587046779,Sync,644.82,1762587046778,21.0.3.8,false,2048,38.49,InvokeFunction,,,LATEST,1-690ef1a6-0c49fa-b15dd5c39d0e,OnDemand,,,1.01,
,18363E7E93F59FF8F193127D52D86051-11,1762587047,FCRequestMetrics:/n-matmul-2048,7,7,,,793.34,n-matmul-2048,false,3f9c9a307fd4,,c-690ef130-0cf1abd9-454ab669b866,1762587047147,Sync,794.64,1762587047146,21.0.3.8,false,2048,40.84,InvokeFunction,,,LATEST,1-690ef1a7-0c0a43-0bdc159717d6,OnDemand,,,0.51,
,C1124F392E96F7157640100E932BDA24-10,1762587047,FCRequestMetrics:/n-matmul-2048,6,6,,,675.71,n-matmul-2048,false,67bba880de6a,,c-690ef15e-0cf1abd9-14d01dd57fb0,1762587046338,Sync,677.25,1762587046337,21.0.3.8,false,2048,28.42,InvokeFunction,,,LATEST,1-690ef1a6-0c49fa-b115e5dbaa11,OnDemand,,,0.75,
,C1124F392E96F7157640100E932BDA24-10,1762587047,FCRequestMetrics:/n-matmul-2048,5,5,,,645.42,n-matmul-2048,false,67bba880de6a,,c-690ef15e-0cf1abd9-14d01dd57fb0,1762587047025,Sync,647.27,1762587047024,21.0.3.8,false,2048,36.46,InvokeFunction,,,LATEST,1-690ef1a7-0c49fa-8f7bbdd988bd,OnDemand,,,1.13,
,B2D19E9889F3DDE524F4ACFCF2A5FEBF-5,1762587047,FCRequestMetrics:/n-matmul-2048,5,5,,,0.03,n-matmul-2048,true,95f39cca25aa,,c-690ef10b-0cf1abd9-336379de3020,1762587047005,Sync,432.09,1762587047004,21.0.3.8,false,2048,2.23,InvokeFunction,,,LATEST,1-690ef1a7-0c0a43-0b8cf41fa9b7,OnDemand,,,0.54,,"{""errorType"":""FunctionAbnormalExitError""}"
,636547988E635DCC4C08253D0766BAEB-7,1762587047,FCRequestMetrics:/n-matmul-2048,6,6,,,0.04,n-matmul-2048,true,3da1c5559a3b,,c-690ef156-0cf1abd9-a60f14769352,1762587047057,Sync,428.49,1762587047056,21.0.3.8,false,2048,2.19,InvokeFunction,,,LATEST,1-690ef1a7-0c49fa-de623df264ce,OnDemand,,,1.37,,"{""errorType"":""FunctionAbnormalExitError""}"
,46B19270B472A6D217A2E559E7E7C97B-13,1762587047,FCRequestMetrics:/n-matmul-2048,7,7,,,0.04,n-matmul-2048,true,869d26b39717,,c-690ef10b-0cf1abd9-b6750c057b8f,1762587047205,Sync,403.36,1762587047204,21.0.3.8,false,2048,2.19,InvokeFunction,,,LATEST,1-690ef1a7-0c49fa-d78485926b41,OnDemand,,,1.10,,"{""errorType"":""FunctionAbnormalExitError""}"
,E08BA4ABFB8C4109D958EF35CCDE9E75-12,1762587047,FCRequestMetrics:/n-matmul-2048,9,9,,,0.04,n-matmul-2048,true,f6ea6fba0d1f,,c-690ef12a-0cf1abd9-0e59ac1cec40,1762587047342,Sync,407.48,1762587047341,21.0.3.6,false,2048,4.06,InvokeFunction,,,LATEST,1-690ef1a7-0c49fa-c21f6263073c,OnDemand,,,1.17,,"{""errorType"":""FunctionAbnormalExitError""}"
,2523AFCDD5BD8A2B2953E48983230929-B,1762587047,FCRequestMetrics:/n-matmul-2048,9,9,,,0.05,n-matmul-2048,true,01d6f783bdb1,,c-690ef10b-0cf1abd9-dd39c218e942,1762587047381,Sync,433.03,1762587047380,21.0.3.8,false,2048,2.20,InvokeFunction,,,LATEST,1-690ef1a7-0c49fa-4f30f53ff9c0,OnDemand,,,0.92,,"{""errorType"":""FunctionAbnormalExitError""}"
,B1BC54E0839163A3A2719B2791B845EA-E,1762587047,FCRequestMetrics:/n-matmul-2048,16,16,,,0.02,n-matmul-2048,true,c5eb2abfaa5d,,c-690ef14c-0cf1abd9-28e65fb7d593,1762587047455,Sync,422.73,1762587047454,21.0.3.5,false,2048,4.23,InvokeFunction,,,LATEST,1-690ef1a7-0c49fa-7005e9520277,OnDemand,,,0.98,,"{""errorType"":""FunctionAbnormalExitError""}"
,943CF4692F491FB15BAF1EAB0CB8860A-F,1762587047,FCRequestMetrics:/n-matmul-2048,16,16,,,0.04,n-matmul-2048,true,bfd14e2c48c1,,c-690ef14e-0cf1abd9-da3a9c4be72b,1762587047456,Sync,421.66,1762587047455,21.0.3.8,false,2048,4.23,InvokeFunction,,,LATEST,1-690ef1a7-0c0a43-886894375b2e,OnDemand,,,0.52,,"{""errorType"":""FunctionAbnormalExitError""}"
,D461B99DDC361457A1C9EC0902546FD1-12,1762587047,FCRequestMetrics:/n-matmul-2048,16,16,,,0.06,n-matmul-2048,true,ed2ed25159fc,,c-690ef14f-0cf1abd9-e247acd3fed5,1762587047462,Sync,426.11,1762587047461,21.0.3.8,false,2048,2.24,InvokeFunction,,,LATEST,1-690ef1a7-0c0a43-d3b9868dde16,OnDemand,,,0.53,,"{""errorType"":""FunctionAbnormalExitError""}"
,00E67D373DA9C60BEF759D13208EAAD9-11,1762587047,FCRequestMetrics:/n-matmul-2048,16,16,,,0.05,n-matmul-2048,true,9013ed408e73,,c-690ef10b-0cf1abd9-dbc16e7d233d,1762587047458,Sync,438.83,1762587047457,21.0.3.8,false,2048,4.32,InvokeFunction,,,LATEST,1-690ef1a7-0c0a43-2336147a5ae3,OnDemand,,,0.52,,"{""errorType"":""FunctionAbnormalExitError""}"
,D5A4CD99F058D411C58A3919BEB264F4-7,1762587047,FCRequestMetrics:/n-matmul-2048,16,16,,,0.05,n-matmul-2048,true,a1586973fec8,,c-690ef10b-0cf1abd9-90463d425ca7,1762587047474,Sync,423.37,1762587047473,21.0.3.8,false,2048,4.09,InvokeFunction,,,LATEST,1-690ef1a7-0c49fa-2f7fa1bac4c3,OnDemand,,,1.34,,"{""errorType"":""FunctionAbnormalExitError""}"
,A91AC64A0F8E1976F88383B363514050-10,1762587048,FCRequestMetrics:/n-matmul-2048,16,16,,,639.21,n-matmul-2048,false,cc3f8c782a21,,c-690ef151-0cf1abd9-7fe4e69dd5c1,1762587047465,Sync,641.15,1762587047464,21.0.3.8,false,2048,29.11,InvokeFunction,,,LATEST,1-690ef1a7-0c49fa-636b1ea4a79a,OnDemand,,,1.14,
,510F8A150819018E635E267F62520B9B-C,1762587048,FCRequestMetrics:/n-matmul-2048,9,9,,,655.16,n-matmul-2048,false,c8577adbf622,,c-690ef10b-0cf1abd9-26ef2c508c1e,1762587047352,Sync,656.37,1762587047351,21.0.3.8,false,2048,36.08,InvokeFunction,,,LATEST,1-690ef1a7-0c0a43-af80488b0216,OnDemand,,,0.49,
,BF6FA9AF6994B690E2E5555B14FF4940-F,1762587048,FCRequestMetrics:/n-matmul-2048,16,16,,,781.07,n-matmul-2048,false,21ba44532db0,,c-690ef12f-0cf1abd9-72da07858f04,1762587047460,Sync,783.20,1762587047459,21.0.3.8,false,2048,40.44,InvokeFunction,,,LATEST,1-690ef1a7-0c49fa-bb20bbe6dded,OnDemand,,,1.36,
,CFD93EE32B19E972234D28D1C13E1AA8-7,1762587048,FCRequestMetrics:/n-matmul-2048,9,9,,,662.08,n-matmul-2048,false,7a537213662e,,c-690ef15f-0cf1abd9-fd32f0b49b00,1762587047385,Sync,663.69,1762587047384,21.0.3.8,false,2048,34.38,InvokeFunction,,,LATEST,1-690ef1a7-0c49fa-41e1eb5f71d2,OnDemand,,,0.82,
,211620C9A07558D2D8764497DA6068A4-5,1762587048,FCRequestMetrics:/n-matmul-2048,16,16,,,669.97,n-matmul-2048,false,e053c99a8bb6,,c-690ef10b-0cf1abd9-9de429f2e3c5,1762587047509,Sync,676.44,1762587047503,21.0.3.8,false,2048,38.38,InvokeFunction,,,LATEST,1-690ef1a7-0c49fa-7e55b03f35b1,OnDemand,,,1.35,
,7C3B3344857E71889D56CDA44A54F6B2-9,1762587048,FCRequestMetrics:/n-matmul-2048,16,16,,,663.57,n-matmul-2048,false,687fca8d325c,,c-690ef12c-0cf1abd9-6ced060ffe1b,1762587047511,Sync,671.02,1762587047504,21.0.3.8,false,2048,36.28,InvokeFunction,,,LATEST,1-690ef1a7-0c49fa-5e2ae0357de8,OnDemand,,,0.89,
,F0BCE0E40FE41E0F61DD5DAF956249CC-E,1762587048,FCRequestMetrics:/n-matmul-2048,9,9,,,651.35,n-matmul-2048,false,b9ed45a41c5d,,c-690ef139-0cf1abd9-bfec9b76d480,1762587047384,Sync,654.51,1762587047383,21.0.3.8,false,2048,34.22,InvokeFunction,,,LATEST,1-690ef1a7-0c0a43-a268a758d143,OnDemand,,,0.48,
,5E9C37D1C997E792337F0D79C839D1F6-C,1762587048,FCRequestMetrics:/n-matmul-2048,9,9,,,787.79,n-matmul-2048,false,7be323259747,,c-690ef12d-0cf1abd9-4ddba8cb6fd4,1762587047433,Sync,789.28,1762587047432,21.0.3.8,false,2048,40.69,InvokeFunction,,,LATEST,1-690ef1a7-0c49fa-dfe702f44385,OnDemand,,,0.77,
,7B2CA077525D5F38D7687113836FF4D4-D,1762587048,FCRequestMetrics:/n-matmul-2048,9,9,,,662.37,n-matmul-2048,false,dd2888fed1c9,,c-690ef14f-0cf1abd9-cabc0eaa101b,1762587047342,Sync,664.45,1762587047340,21.0.3.8,false,2048,36.53,InvokeFunction,,,LATEST,1-690ef1a7-0c49fa-fd39149923fd,OnDemand,,,1.27,
,EB19AA8F9B61C51C3FCBC98D949BD1C2-B,1762587048,FCRequestMetrics:/n-matmul-2048,16,16,,,687.67,n-matmul-2048,false,211d8375abf1,,c-690ef12d-0cf1abd9-78e04fcb7549,1762587047455,Sync,689.32,1762587047454,21.0.3.8,false,2048,28.65,InvokeFunction,,,LATEST,1-690ef1a7-0c49fa-1002572e8796,OnDemand,,,0.73,
,C38D529AEE78E8BFEBBDDADEDE13D41B-B,1762587048,FCRequestMetrics:/n-matmul-2048,9,9,,,686.39,n-matmul-2048,false,965073b71ef9,,c-690ef12c-0cf1abd9-ee855b82b2d6,1762587047383,Sync,687.87,1762587047382,21.0.3.7,false,2048,26.53,InvokeFunction,,,LATEST,1-690ef1a7-0c0a43-e2418d0e813c,OnDemand,,,0.51,
,9A02C87DA0F400C9E40F40EF2DF6006D-5,1762587048,FCRequestMetrics:/n-matmul-2048,16,16,,,655.43,n-matmul-2048,false,3ea4534df15d,,c-690ef10b-0cf1abd9-31fefea0e1fd,1762587047507,Sync,657.37,1762587047506,21.0.3.8,false,2048,36.66,InvokeFunction,,,LATEST,1-690ef1a7-0c49fa-c3e2acb8b1a9,OnDemand,,,1.10,
,B63107B9394C762ADF436F322BAA4B65-6,1762587048,FCRequestMetrics:/n-matmul-2048,16,16,,,751.62,n-matmul-2048,false,1ccfa60657e6,,c-690ef10b-0cf1abd9-672e1c9f5eed,1762587047506,Sync,752.95,1762587047505,21.0.3.8,false,2048,35.89,InvokeFunction,,,LATEST,1-690ef1a7-0c0a43-976c8c3409e0,OnDemand,,,0.52,
,B10148BC96FECE49F2FC2439520A3175-7,1762587048,FCRequestMetrics:/n-matmul-2048,16,16,,,682.84,n-matmul-2048,false,9ae0a7a16fc1,,c-690ef12e-0cf1abd9-86b866453e74,1762587047484,Sync,684.11,1762587047483,21.0.3.7,false,2048,36.28,InvokeFunction,,,LATEST,1-690ef1a7-0c0a43-acd50affbd4a,OnDemand,,,0.52,
,82C12ED6E643926156E0217F8DC83EE9-7,1762587048,FCRequestMetrics:/n-matmul-2048,16,16,,,676.17,n-matmul-2048,false,a9b6a74eafdc,,c-690ef12d-0cf1abd9-2948faf88166,1762587047478,Sync,677.54,1762587047478,21.0.3.8,false,2048,34.48,InvokeFunction,,,LATEST,1-690ef1a7-0c0a43-deb4241b23b2,OnDemand,,,0.52,
,DC91F31EAE4326850C248390B5A5E361-7,1762587048,FCRequestMetrics:/n-matmul-2048,16,16,,,648.19,n-matmul-2048,false,cf01fd95e6f6,,c-690ef150-0cf1abd9-91e7929a8b40,1762587047474,Sync,650.20,1762587047473,21.0.3.8,false,2048,37.98,InvokeFunction,,,LATEST,1-690ef1a7-0c49fa-85890400cd78,OnDemand,,,1.15,
,B2D19E9889F3DDE524F4ACFCF2A5FEBF-5,1762587048,FCRequestMetrics:/n-matmul-2048,16,16,,,679.32,n-matmul-2048,false,95f39cca25aa,,c-690ef10b-0cf1abd9-336379de3020,1762587047438,Sync,680.55,1762587047438,21.0.3.8,false,2048,26.98,InvokeFunction,,,LATEST,1-690ef1a7-0c0a43-b84806991a47,OnDemand,,,0.50,
,636547988E635DCC4C08253D0766BAEB-7,1762587048,FCRequestMetrics:/n-matmul-2048,16,16,,,683.58,n-matmul-2048,false,3da1c5559a3b,,c-690ef156-0cf1abd9-a60f14769352,1762587047494,Sync,684.77,1762587047493,21.0.3.8,false,2048,28.79,InvokeFunction,,,LATEST,1-690ef1a7-0c0a43-b170cd7460e0,OnDemand,,,0.50,
,91973BCA72DE9462DCC25EF55C6AC5B5-A,1762587048,FCRequestMetrics:/n-matmul-2048,16,16,,,637.45,n-matmul-2048,false,74deffaed995,,c-690ef14e-0cf1abd9-32bbbd8baf97,1762587047476,Sync,640.06,1762587047475,21.0.3.8,false,2048,34.57,InvokeFunction,,,LATEST,1-690ef1a7-0c49fa-5fd2be041718,OnDemand,,,1.33,
,2ECD84792EE924A03BABF1E3B673BF9D-E,1762587048,FCRequestMetrics:/n-matmul-2048,16,16,,,670.47,n-matmul-2048,false,203a62c08916,,c-690ef155-0cf1abd9-fdccf7e0f65d,1762587047483,Sync,672.24,1762587047482,21.0.3.8,false,2048,28.63,InvokeFunction,,,LATEST,1-690ef1a7-0c0a43-b9f44b408648,OnDemand,,,0.46,
,BF6FA9AF6994B690E2E5555B14FF4940-12,1762587049,FCRequestMetrics:/n-matmul-2048,0,0,,,784.55,n-matmul-2048,false,21ba44532db0,,c-690ef12f-0cf1abd9-72da07858f04,1762587049139,Sync,785.84,1762587049138,21.0.3.8,false,2048,42.90,InvokeFunction,,,LATEST,1-690ef1a9-0c0a43-0484394db150,OnDemand,,,0.53,
,B63107B9394C762ADF436F322BAA4B65-6,1762587049,FCRequestMetrics:/n-matmul-2048,0,0,,,641.74,n-matmul-2048,false,1ccfa60657e6,,c-690ef10b-0cf1abd9-672e1c9f5eed,1762587049139,Sync,643.22,1762587049138,21.0.3.8,false,2048,27.97,InvokeFunction,,,LATEST,1-690ef1a9-0c0a43-276554278bfb,OnDemand,,,0.69,
,5E9C37D1C997E792337F0D79C839D1F6-B,1762587049,FCRequestMetrics:/n-matmul-2048,2,2,,,0.03,n-matmul-2048,true,7be323259747,,c-690ef12d-0cf1abd9-4ddba8cb6fd4,1762587049411,Sync,395.56,1762587049410,21.0.3.8,false,2048,4.20,InvokeFunction,,,LATEST,1-690ef1a9-0c49fa-11f66ec8c7ff,OnDemand,,,1.13,,"{""errorType"":""FunctionAbnormalExitError""}"
,5E9C37D1C997E792337F0D79C839D1F6-B,1762587050,FCRequestMetrics:/n-matmul-2048,3,3,,,664.90,n-matmul-2048,false,7be323259747,,c-690ef12d-0cf1abd9-4ddba8cb6fd4,1762587049823,Sync,666.21,1762587049822,21.0.3.8,false,2048,26.61,InvokeFunction,,,LATEST,1-690ef1a9-0c0a43-99064de8f6c6,OnDemand,,,0.63,
,BF6FA9AF6994B690E2E5555B14FF4940-11,1762587050,FCRequestMetrics:/n-matmul-2048,1,1,,,0.03,n-matmul-2048,true,21ba44532db0,,c-690ef12f-0cf1abd9-72da07858f04,1762587050297,Sync,413.31,1762587050296,21.0.3.8,false,2048,4.07,InvokeFunction,,,LATEST,1-690ef1aa-0c0a43-c9bfce32ae06,OnDemand,,,0.58,,"{""errorType"":""FunctionAbnormalExitError""}"
,B63107B9394C762ADF436F322BAA4B65-5,1762587050,FCRequestMetrics:/n-matmul-2048,1,1,,,0.04,n-matmul-2048,true,1ccfa60657e6,,c-690ef10b-0cf1abd9-672e1c9f5eed,1762587050316,Sync,439.98,1762587050315,21.0.3.8,false,2048,4.18,InvokeFunction,,,LATEST,1-690ef1aa-0c0a43-f47c47146e9d,OnDemand,,,0.56,,"{""errorType"":""FunctionAbnormalExitError""}"
,211620C9A07558D2D8764497DA6068A4-7,1762587050,FCRequestMetrics:/n-matmul-2048,3,3,,,0.04,n-matmul-2048,true,e053c99a8bb6,,c-690ef10b-0cf1abd9-9de429f2e3c5,1762587050470,Sync,440.71,1762587050469,21.0.3.8,false,2048,4.20,InvokeFunction,,,LATEST,1-690ef1aa-0c0a43-9b385c5f78f6,OnDemand,,,0.63,,"{""errorType"":""FunctionAbnormalExitError""}"
,7C3B3344857E71889D56CDA44A54F6B2-A,1762587050,FCRequestMetrics:/n-matmul-2048,3,3,,,0.05,n-matmul-2048,true,687fca8d325c,,c-690ef12c-0cf1abd9-6ced060ffe1b,1762587050489,Sync,440.90,1762587050487,21.0.3.8,false,2048,2.09,InvokeFunction,,,LATEST,1-690ef1aa-0c49fa-ea40eaeea7c6,OnDemand,,,1.02,,"{""errorType"":""FunctionAbnormalExitError""}"
,B10148BC96FECE49F2FC2439520A3175-7,1762587051,FCRequestMetrics:/n-matmul-2048,6,6,,,630.80,n-matmul-2048,false,9ae0a7a16fc1,,c-690ef12e-0cf1abd9-86b866453e74,1762587050539,Sync,632.20,1762587050538,21.0.3.7,false,2048,27.90,InvokeFunction,,,LATEST,1-690ef1aa-0c0a43-b77e2398b69c,OnDemand,,,0.52,
,82C12ED6E643926156E0217F8DC83EE9-7,1762587051,FCRequestMetrics:/n-matmul-2048,6,6,,,667.58,n-matmul-2048,false,a9b6a74eafdc,,c-690ef12d-0cf1abd9-2948faf88166,1762587050577,Sync,669.77,1762587050575,21.0.3.8,false,2048,26.08,InvokeFunction,,,LATEST,1-690ef1aa-0c49fa-88986c48d7a9,OnDemand,,,1.36,
,DC91F31EAE4326850C248390B5A5E361-7,1762587051,FCRequestMetrics:/n-matmul-2048,6,6,,,655.64,n-matmul-2048,false,cf01fd95e6f6,,c-690ef150-0cf1abd9-91e7929a8b40,1762587050617,Sync,657.62,1762587050616,21.0.3.8,false,2048,34.69,InvokeFunction,,,LATEST,1-690ef1aa-0c49fa-a85aee5610ec,OnDemand,,,1.13,
,B2D19E9889F3DDE524F4ACFCF2A5FEBF-5,1762587051,FCRequestMetrics:/n-matmul-2048,6,6,,,640.65,n-matmul-2048,false,95f39cca25aa,,c-690ef10b-0cf1abd9-336379de3020,1762587050620,Sync,641.98,1762587050619,21.0.3.8,false,2048,34.40,InvokeFunction,,,LATEST,1-690ef1aa-0c0a43-5f6c3920e3c4,OnDemand,,,0.48,
,636547988E635DCC4C08253D0766BAEB-7,1762587051,FCRequestMetrics:/n-matmul-2048,3,3,,,648.63,n-matmul-2048,false,3da1c5559a3b,,c-690ef156-0cf1abd9-a60f14769352,1762587050488,Sync,650.32,1762587050487,21.0.3.8,false,2048,36.48,InvokeFunction,,,LATEST,1-690ef1aa-0c49fa-1c0336db6faa,OnDemand,,,0.95,
,91973BCA72DE9462DCC25EF55C6AC5B5-A,1762587051,FCRequestMetrics:/n-matmul-2048,13,13,,,623.76,n-matmul-2048,false,74deffaed995,,c-690ef14e-0cf1abd9-32bbbd8baf97,1762587050689,Sync,625.58,1762587050688,21.0.3.8,false,2048,26.11,InvokeFunction,,,LATEST,1-690ef1aa-0c49fa-d59f7a8c8349,OnDemand,,,0.89,
,2ECD84792EE924A03BABF1E3B673BF9D-E,1762587051,FCRequestMetrics:/n-matmul-2048,6,6,,,668.63,n-matmul-2048,false,203a62c08916,,c-690ef155-0cf1abd9-fdccf7e0f65d,1762587050579,Sync,669.93,1762587050578,21.0.3.8,false,2048,36.53,InvokeFunction,,,LATEST,1-690ef1aa-0c0a43-748b469164f5,OnDemand,,,0.45,
,5E9C37D1C997E792337F0D79C839D1F6-B,1762587051,FCRequestMetrics:/n-matmul-2048,3,3,,,642.84,n-matmul-2048,false,7be323259747,,c-690ef12d-0cf1abd9-4ddba8cb6fd4,1762587050530,Sync,644.05,1762587050529,21.0.3.8,false,2048,34.57,InvokeFunction,,,LATEST,1-690ef1aa-0c0a43-2e7d44d85c70,OnDemand,,,0.48,
,EB19AA8F9B61C51C3FCBC98D949BD1C2-D,1762587051,FCRequestMetrics:/n-matmul-2048,6,6,,,651.97,n-matmul-2048,false,211d8375abf1,,c-690ef12d-0cf1abd9-78e04fcb7549,1762587050594,Sync,654.22,1762587050593,21.0.3.8,false,2048,36.54,InvokeFunction,,,LATEST,1-690ef1aa-0c0a43-a655b94922c4,OnDemand,,,0.44,
,9A02C87DA0F400C9E40F40EF2DF6006D-6,1762587051,FCRequestMetrics:/n-matmul-2048,6,6,,,640.17,n-matmul-2048,false,3ea4534df15d,,c-690ef10b-0cf1abd9-31fefea0e1fd,1762587050550,Sync,641.48,1762587050549,21.0.3.8,false,2048,28.26,InvokeFunction,,,LATEST,1-690ef1aa-0c0a43-74a742451ba4,OnDemand,,,0.54,
,BF6FA9AF6994B690E2E5555B14FF4940-11,1762587051,FCRequestMetrics:/n-matmul-2048,13,13,,,670.16,n-matmul-2048,false,21ba44532db0,,c-690ef12f-0cf1abd9-72da07858f04,1762587050907,Sync,671.36,1762587050906,21.0.3.8,false,2048,26.80,InvokeFunction,,,LATEST,1-690ef1aa-0c0a43-9f36f4b8aca8,OnDemand,,,0.56,
,B63107B9394C762ADF436F322BAA4B65-5,1762587051,FCRequestMetrics:/n-matmul-2048,13,13,,,677.53,n-matmul-2048,false,1ccfa60657e6,,c-690ef10b-0cf1abd9-672e1c9f5eed,1762587050784,Sync,679.48,1762587050783,21.0.3.8,false,2048,26.70,InvokeFunction,,,LATEST,1-690ef1aa-0c49fa-5e3819687d44,OnDemand,,,1.13,
,7C3B3344857E71889D56CDA44A54F6B2-A,1762587051,FCRequestMetrics:/n-matmul-2048,12,12,,,672.00,n-matmul-2048,false,687fca8d325c,,c-690ef12c-0cf1abd9-6ced060ffe1b,1762587051129,Sync,673.43,1762587051128,21.0.3.8,false,2048,30.79,InvokeFunction,,,LATEST,1-690ef1ab-0c0a43-81535f61b96c,OnDemand,,,0.64,
,BF6FA9AF6994B690E2E5555B14FF4940-11,1762587052,FCRequestMetrics:/n-matmul-2048,1,1,,,640.78,n-matmul-2048,false,21ba44532db0,,c-690ef12f-0cf1abd9-72da07858f04,1762587052246,Sync,642.80,1762587052245,21.0.3.8,false,2048,34.45,InvokeFunction,,,LATEST,1-690ef1ac-0c49fa-b31bd59d305e,OnDemand,,,1.28,
,7C3B3344857E71889D56CDA44A54F6B2-A,1762587052,FCRequestMetrics:/n-matmul-2048,0,0,,,638.81,n-matmul-2048,false,687fca8d325c,,c-690ef12c-0cf1abd9-6ced060ffe1b,1762587051977,Sync,640.13,1762587051976,21.0.3.8,false,2048,38.61,InvokeFunction,,,LATEST,1-690ef1ab-0c0a43-156bcda18d99,OnDemand,,,0.60,
,BF6FA9AF6994B690E2E5555B14FF4940-11,1762587053,FCRequestMetrics:/n-matmul-2048,2,2,,,650.90,n-matmul-2048,false,21ba44532db0,,c-690ef12f-0cf1abd9-72da07858f04,1762587052927,Sync,652.69,1762587052926,21.0.3.8,false,2048,36.64,InvokeFunction,,,LATEST,1-690ef1ac-0c49fa-dab30be90c05,OnDemand,,,0.99,
,B63107B9394C762ADF436F322BAA4B65-5,1762587053,FCRequestMetrics:/n-matmul-2048,2,2,,,645.28,n-matmul-2048,false,1ccfa60657e6,,c-690ef10b-0cf1abd9-672e1c9f5eed,1762587053305,Sync,647.49,1762587053304,21.0.3.8,false,2048,34.20,InvokeFunction,,,LATEST,1-690ef1ad-0c49fa-0e7d4feab888,OnDemand,,,1.41,
,7C3B3344857E71889D56CDA44A54F6B2-A,1762587053,FCRequestMetrics:/n-matmul-2048,1,1,,,628.30,n-matmul-2048,false,687fca8d325c,,c-690ef12c-0cf1abd9-6ced060ffe1b,1762587052750,Sync,629.73,1762587052749,21.0.3.8,false,2048,40.58,InvokeFunction,,,LATEST,1-690ef1ac-0c0a43-e3eb4d95a761,OnDemand,,,0.61,
,B63107B9394C762ADF436F322BAA4B65-6,1762587059,FCRequestMetrics:/n-matmul-2048,0,0,,,779.16,n-matmul-2048,false,1ccfa60657e6,,c-690ef10b-0cf1abd9-672e1c9f5eed,1762587058914,Sync,781.37,1762587058912,21.0.3.8,false,2048,38.72,InvokeFunction,,,LATEST,1-690ef1b2-0c49fa-1ba9d9ba17f8,OnDemand,,,1.33,
,BF6FA9AF6994B690E2E5555B14FF4940-13,1762587060,FCRequestMetrics:/n-matmul-2048,1,1,,,669.02,n-matmul-2048,false,21ba44532db0,,c-690ef12f-0cf1abd9-72da07858f04,1762587059616,Sync,674.09,1762587059612,21.0.3.8,false,2048,36.35,InvokeFunction,,,LATEST,1-690ef1b3-0c0a43-55e8ea364615,OnDemand,,,0.71,
,B63107B9394C762ADF436F322BAA4B65-6,1762587060,FCRequestMetrics:/n-matmul-2048,2,2,,,798.58,n-matmul-2048,false,1ccfa60657e6,,c-690ef10b-0cf1abd9-672e1c9f5eed,1762587059725,Sync,799.91,1762587059725,21.0.3.8,false,2048,41.76,InvokeFunction,,,LATEST,1-690ef1b3-0c0a43-229e7c0e585c,OnDemand,,,0.63,
,7C3B3344857E71889D56CDA44A54F6B2-C,1762587060,FCRequestMetrics:/n-matmul-2048,2,2,,,644.65,n-matmul-2048,false,687fca8d325c,,c-690ef12c-0cf1abd9-6ced060ffe1b,1762587059731,Sync,648.24,1762587059728,21.0.3.8,false,2048,40.34,InvokeFunction,,,LATEST,1-690ef1b3-0c49fa-8d37aec2f80f,OnDemand,,,1.17,
,91973BCA72DE9462DCC25EF55C6AC5B5-D,1762587060,FCRequestMetrics:/n-matmul-2048,2,2,,,0.07,n-matmul-2048,true,74deffaed995,,c-690ef14e-0cf1abd9-32bbbd8baf97,1762587059735,Sync,426.80,1762587059734,21.0.3.8,false,2048,2.20,InvokeFunction,,,LATEST,1-690ef1b3-0c49fa-3844d5254941,OnDemand,,,1.41,,"{""errorType"":""FunctionAbnormalExitError""}"
,B63107B9394C762ADF436F322BAA4B65-8,1762587062,FCRequestMetrics:/n-matmul-2048,0,0,,,0.09,n-matmul-2048,true,1ccfa60657e6,,c-690ef10b-0cf1abd9-672e1c9f5eed,1762587061985,Sync,411.54,1762587061984,21.0.3.8,false,2048,2.21,InvokeFunction,,,LATEST,1-690ef1b5-0c0a43-ff08a06cd55b,OnDemand,,,0.67,,"{""errorType"":""FunctionAbnormalExitError""}"
,B63107B9394C762ADF436F322BAA4B65-9,1762587070,FCRequestMetrics:/n-matmul-2048,0,0,,,674.59,n-matmul-2048,false,1ccfa60657e6,,c-690ef10b-0cf1abd9-672e1c9f5eed,1762587069448,Sync,676.03,1762587069447,21.0.3.8,false,2048,28.50,InvokeFunction,,,LATEST,1-690ef1bd-0c0a43-aba0d2d9e292,OnDemand,,,0.58,
,B63107B9394C762ADF436F322BAA4B65-B,1762587075,FCRequestMetrics:/n-matmul-2048,0,0,,,641.42,n-matmul-2048,false,1ccfa60657e6,,c-690ef10b-0cf1abd9-672e1c9f5eed,1762587074403,Sync,642.90,1762587074402,21.0.3.8,false,2048,36.10,InvokeFunction,,,LATEST,1-690ef1c2-0c0a43-dadd06e450bd,OnDemand,,,0.72,
,B63107B9394C762ADF436F322BAA4B65-B,1762587075,FCRequestMetrics:/n-matmul-2048,0,0,,,643.70,n-matmul-2048,false,1ccfa60657e6,,c-690ef10b-0cf1abd9-672e1c9f5eed,1762587075339,Sync,645.10,1762587075339,21.0.3.8,false,2048,38.57,InvokeFunction,,,LATEST,1-690ef1c3-0c0a43-9834dc8073be,OnDemand,,,0.63,
,B63107B9394C762ADF436F322BAA4B65-E,1762587091,FCRequestMetrics:/n-matmul-2048,0,0,,,656.49,n-matmul-2048,false,1ccfa60657e6,,c-690ef10b-0cf1abd9-672e1c9f5eed,1762587091103,Sync,663.75,1762587091097,21.0.3.8,false,2048,38.36,InvokeFunction,,,LATEST,1-690ef1d3-0c0a43-90f7115824cf,OnDemand,,,0.66,
,7C3B3344857E71889D56CDA44A54F6B2-E,1762587092,FCRequestMetrics:/n-matmul-2048,1,1,,,0.06,n-matmul-2048,true,687fca8d325c,,c-690ef12c-0cf1abd9-6ced060ffe1b,1762587091586,Sync,419.17,1762587091584,21.0.3.8,false,2048,6.29,InvokeFunction,,,LATEST,1-690ef1d3-0c49fa-0a17ec29a1ca,OnDemand,,,1.25,,"{""errorType"":""FunctionAbnormalExitError""}"
,BF6FA9AF6994B690E2E5555B14FF4940-15,1762587092,FCRequestMetrics:/n-matmul-2048,1,1,,,0.04,n-matmul-2048,true,21ba44532db0,,c-690ef12f-0cf1abd9-72da07858f04,1762587091597,Sync,424.56,1762587091596,21.0.3.8,false,2048,2.22,InvokeFunction,,,LATEST,1-690ef1d3-0c49fa-a6ec74c19772,OnDemand,,,1.13,,"{""errorType"":""FunctionAbnormalExitError""}"
,BF6FA9AF6994B690E2E5555B14FF4940-15,1762587092,FCRequestMetrics:/n-matmul-2048,0,0,,,679.58,n-matmul-2048,false,21ba44532db0,,c-690ef12f-0cf1abd9-72da07858f04,1762587092212,Sync,680.96,1762587092211,21.0.3.8,false,2048,28.77,InvokeFunction,,,LATEST,1-690ef1d4-0c0a43-37e19bb1155d,OnDemand,,,0.69,
,7C3B3344857E71889D56CDA44A54F6B2-E,1762587093,FCRequestMetrics:/n-matmul-2048,1,1,,,663.95,n-matmul-2048,false,687fca8d325c,,c-690ef12c-0cf1abd9-6ced060ffe1b,1762587092464,Sync,665.42,1762587092463,21.0.3.8,false,2048,28.72,InvokeFunction,,,LATEST,1-690ef1d4-0c0a43-46e91cccdf5f,OnDemand,,,0.65,
,F898A01EEA6FFC9C575701D6D0948E55-2,1762587795,FCRequestMetrics:/n-matmul-512,0,0,1150.63,1762587791078,2978.62,n-matmul-512,false,7a16d098497d,ColdStart,c-690ef48f-0cf1abd9-9a6242cc8b28,1762587792232,Sync,5296.59,1762587789918,21.0.3.8,true,512,59.99,InvokeFunction,49.52,1762587791079,LATEST,1-690ef48f-0c49fa-1f1cf5430117,OnDemand,1100.43,1762587791128,1160.39,
,447511FEAA2C196192B29D0355E78B1D-2,1762587795,FCRequestMetrics:/n-matmul-512,0,0,1133.71,1762587791078,3180.40,n-matmul-512,false,2be5f8bcaa9a,ColdStart,c-690ef48f-0cf1abd9-405aaa419009,1762587792217,Sync,5465.22,1762587789933,21.0.3.9,true,512,52.20,InvokeFunction,46.05,1762587791079,LATEST,1-690ef48f-0c49fa-fd2735adf95d,OnDemand,1087.01,1762587791125,1144.95,
,3638871BA5BA6CB81D64084B08F55201-1,1762587795,FCRequestMetrics:/n-matmul-512,3,3,1455.81,1762587791072,2890.92,n-matmul-512,false,d9ddc014a95e,ColdStart,c-690ef48f-0cf1abd9-ec0c220edbce,1762587792530,Sync,5827.51,1762587789596,21.0.3.8,true,512,73.59,InvokeFunction,83.87,1762587791075,LATEST,1-690ef48f-0c0a43-c542bdb1993d,OnDemand,1368.93,1762587791159,1475.79,
,A0E18646E4ED1862BB7852A818D6BD84-2,1762587795,FCRequestMetrics:/n-matmul-512,2,2,1323.38,1762587791078,3270.32,n-matmul-512,false,455c2c4df2d2,ColdStart,c-690ef48f-0cf1abd9-fff0447ff1dc,1762587792405,Sync,5936.97,1762587789740,21.0.3.8,true,512,83.17,InvokeFunction,50.21,1762587791079,LATEST,1-690ef48f-0c49fa-26a464a57255,OnDemand,1272.56,1762587791129,1338.16,
,F031090DB7497FBE9C5AA393E7E68561-1,1762587795,FCRequestMetrics:/n-matmul-512,3,3,1431.76,1762587791075,3194.70,n-matmul-512,false,ac449c8e7f33,ColdStart,c-690ef48f-0cf1abd9-a7a4b84ee62d,1762587792510,Sync,6084.95,1762587789620,21.0.3.9,true,512,35.73,InvokeFunction,77.93,1762587791075,LATEST,1-690ef48f-0c0a43-eed8eb8c37d5,OnDemand,1353.72,1762587791153,1454.51,
,3801AF28D1F06D15DE702CA3D1A78840-2,1762587795,FCRequestMetrics:/n-matmul-512,5,5,1608.02,1762587791090,3237.78,n-matmul-512,false,85f7f63caa28,ColdStart,c-690ef48f-0cf1abd9-8d9a75cfa22a,1762587792702,Sync,6480.37,1762587789461,21.0.3.8,true,512,58.68,InvokeFunction,44.95,1762587791090,LATEST,1-690ef48f-0c49fa-59b23f825c01,OnDemand,1562.99,1762587791135,1628.96,
,B50B6C7E4A9EFD8ADCDAE8E71A8A357B-2,1762587795,FCRequestMetrics:/n-matmul-512,5,5,1631.57,1762587791069,3048.53,n-matmul-512,false,0c3cf93849f8,ColdStart,c-690ef48f-0cf1abd9-ad135b628654,1762587792704,Sync,6339.62,1762587789413,21.0.3.8,true,512,71.82,InvokeFunction,64.80,1762587791070,LATEST,1-690ef48f-0c49fa-4666a498640d,OnDemand,1565.95,1762587791134,1655.47,
,148C1B09986999E20AA0FF04F10942D0-1,1762587795,FCRequestMetrics:/n-matmul-512,5,5,1608.10,1762587791090,3174.69,n-matmul-512,false,aa1e2085073a,ColdStart,c-690ef48f-0cf1abd9-2b72cdd5c5c2,1762587792703,Sync,6417.59,1762587789461,21.0.3.10,true,512,36.73,InvokeFunction,40.66,1762587791090,LATEST,1-690ef48f-0c0a43-bf5abb0f6599,OnDemand,1567.33,1762587791131,1628.75,
,1C05D5B02F01F46143D999E67440A343-2,1762587795,FCRequestMetrics:/n-matmul-512,5,5,1589.25,1762587791069,3074.86,n-matmul-512,false,ded09bee0b2d,ColdStart,c-690ef48f-0cf1abd9-2bb86706a2c4,1762587792664,Sync,6287.37,1762587789453,21.0.3.9,true,512,40.55,InvokeFunction,81.60,1762587791070,LATEST,1-690ef48f-0c49fa-9e0234049892,OnDemand,1506.83,1762587791151,1615.53,
,78CD85FE04C684FD432ABFF362CBF50C-2,1762587795,FCRequestMetrics:/n-matmul-512,5,5,1572.81,1762587791078,3314.69,n-matmul-512,false,6999fff919fb,ColdStart,c-690ef48f-0cf1abd9-6c6d9044c534,1762587792654,Sync,6478.68,1762587789490,21.0.3.9,true,512,26.81,InvokeFunction,52.03,1762587791079,LATEST,1-690ef48f-0c0a43-a99cc82cf184,OnDemand,1520.22,1762587791131,1587.88,
,B1B3EF35016788C3424F79DCBD83BB05-2,1762587795,FCRequestMetrics:/n-matmul-512,10,10,1712.95,1762587791074,3126.44,n-matmul-512,false,8e7a4967c312,ColdStart,c-690ef48f-0cf1abd9-e1933dd451ba,1762587792790,Sync,6563.12,1762587789354,21.0.3.10,true,512,26.67,InvokeFunction,74.03,1762587791074,LATEST,1-690ef48f-0c49fa-c9a9d695afd2,OnDemand,1638.80,1762587791148,1720.03,
,22262E23B35913584F104007F60CDE44-0,1762587796,FCRequestMetrics:/n-matmul-512,10,10,1705.34,1762587791089,3205.79,n-matmul-512,false,5c984f724ebf,ColdStart,c-690ef48f-0cf1abd9-4d671f684c9c,1762587792797,Sync,6639.30,1762587789365,21.0.3.9,true,512,45.77,InvokeFunction,36.87,1762587791090,LATEST,1-690ef48f-0c49fa-14e049da7b0e,OnDemand,1667.64,1762587791127,1724.27,
,D57BF307AB3C1DBB07F853EA29DFAA8E-0,1762587796,FCRequestMetrics:/n-matmul-512,12,12,1878.08,1762587791069,3469.37,n-matmul-512,false,4a02a8b2ccf7,ColdStart,c-690ef48f-0cf1abd9-3378a67d936f,1762587792950,Sync,7249.13,1762587789172,21.0.3.10,true,512,26.50,InvokeFunction,70.89,1762587791070,LATEST,1-690ef48f-0c49fa-38715ead2f00,OnDemand,1806.63,1762587791140,1896.98,
,F07C00865CBCDDD3603F2861EC1005E7-2,1762587796,FCRequestMetrics:/n-matmul-512,15,15,1969.88,1762587791078,3238.05,n-matmul-512,false,23ed8e688827,ColdStart,c-690ef48f-0cf1abd9-c9d277f8db04,1762587793052,Sync,7201.57,1762587789090,21.0.3.10,true,512,26.93,InvokeFunction,56.08,1762587791079,LATEST,1-690ef48f-0c49fa-11e6f1188c14,OnDemand,1912.91,1762587791135,1988.25,
,A58D23371A460570694E59E83C205D35-2,1762587796,FCRequestMetrics:/n-matmul-512,12,12,1961.54,1762587791069,3382.18,n-matmul-512,false,f5099c18cdf1,ColdStart,c-690ef48f-0cf1abd9-aa29b9d0aa99,1762587793033,Sync,7332.28,1762587789084,21.0.3.11,true,512,27.21,InvokeFunction,60.48,1762587791070,LATEST,1-690ef48f-0c49fa-a70d6bb709d8,OnDemand,1900.03,1762587791130,1984.97,
,F91A17FDEE204113BD7FCEE97E77B19D-2,1762587796,FCRequestMetrics:/n-matmul-512,15,15,1979.16,1762587791069,3274.99,n-matmul-512,false,b4a55f945517,ColdStart,c-690ef48f-0cf1abd9-f3db6505083a,1762587793050,Sync,7259.99,1762587789066,21.0.3.12,true,512,26.85,InvokeFunction,74.82,1762587791070,LATEST,1-690ef48f-0c49fa-b1aacf160cf3,OnDemand,1903.78,1762587791144,2003.25,
,6CCFB4E4193C923DA012941FDF8BA7C1-1,1762587796,FCRequestMetrics:/n-matmul-512,12,12,1869.01,1762587791078,3443.60,n-matmul-512,false,1ea218c34989,ColdStart,c-690ef48f-0cf1abd9-4c65696b73c9,1762587792949,Sync,7197.16,1762587789199,21.0.3.11,true,512,24.90,InvokeFunction,49.97,1762587791079,LATEST,1-690ef48f-0c0a43-b676f6430b1f,OnDemand,1818.25,1762587791129,1878.98,
,7FDD645C18A05AFCA1EE540844E336B4-2,1762587796,FCRequestMetrics:/n-matmul-512,15,15,1977.97,1762587791078,3272.84,n-matmul-512,false,005047e6f771,ColdStart,c-690ef48f-0cf1abd9-a4e85c44b759,1762587793058,Sync,7251.59,1762587789081,21.0.3.12,true,512,29.08,InvokeFunction,54.01,1762587791079,LATEST,1-690ef48f-0c49fa-939fb9e33406,OnDemand,1923.17,1762587791133,1996.99,
,7F41C0AC9649E78CE4E6389BA04F93F7-2,1762587796,FCRequestMetrics:/n-matmul-512,18,18,2134.25,1762587791072,3186.62,n-matmul-512,false,2f9a827ac39a,ColdStart,c-690ef48f-0cf1abd9-d481ef5b70cb,1762587793208,Sync,7477.04,1762587788918,21.0.3.11,true,512,26.69,InvokeFunction,70.64,1762587791074,LATEST,1-690ef48f-0c0a43-6e6c5d76d789,OnDemand,2061.38,1762587791145,2153.84,
,32144092075796B61E66CC5CB449FE74-2,1762587796,FCRequestMetrics:/n-matmul-512,18,18,2082.35,1762587791073,3050.16,n-matmul-512,false,4e09d5ee1757,ColdStart,c-690ef48f-0cf1abd9-c9b2724f454d,1762587793157,Sync,7238.83,1762587788970,21.0.3.12,true,512,27.34,InvokeFunction,87.02,1762587791075,LATEST,1-690ef48f-0c0a43-eb432d628983,OnDemand,1993.20,1762587791162,2103.08,
,4D57B9EBA87590C7398CF6540746C6BE-2,1762587796,FCRequestMetrics:/n-matmul-512,18,18,1168.67,1762587792050,3042.58,n-matmul-512,false,cf9fc6279e9f,ColdStart,c-690ef490-0cf1abd9-f9b75dacbfca,1762587793221,Sync,5385.35,1762587790879,21.0.3.10,true,512,26.99,InvokeFunction,2.64,1762587792050,LATEST,1-690ef490-0c0a43-86223310347f,OnDemand,1165.82,1762587792053,1171.33,
,805D0B9C50B0CFD3CF77F88B01A3CC36-2,1762587796,FCRequestMetrics:/n-matmul-512,21,21,1188.75,1762587792061,3053.02,n-matmul-512,false,4277c8c89afa,ColdStart,c-690ef490-0cf1abd9-df579b907295,1762587793253,Sync,5439.09,1762587790867,21.0.3.12,true,512,26.89,InvokeFunction,8.57,1762587792061,LATEST,1-690ef490-0c49fa-c7470136b55c,OnDemand,1180.06,1762587792070,1193.98,
,CA067C7B13641001A367D67FE1936091-2,1762587796,FCRequestMetrics:/n-matmul-512,22,22,1463.91,1762587792063,3373.01,n-matmul-512,false,5046f6076057,ColdStart,c-690ef490-0cf1abd9-851ce87263d1,1762587793533,Sync,6312.92,1762587790596,21.0.3.11,true,512,24.77,InvokeFunction,5.45,1762587792063,LATEST,1-690ef490-0c0a43-5c051b7f6469,OnDemand,1458.29,1762587792069,1467.22,
,7780C0688E26C68EB0D69712BCDE475F-0,1762587796,FCRequestMetrics:/n-matmul-512,23,23,1730.16,1762587792061,3145.16,n-matmul-512,false,333740b1eaee,ColdStart,c-690ef490-0cf1abd9-b30a2e13f5eb,1762587793793,Sync,6615.14,1762587790324,21.0.3.12,true,512,27.14,InvokeFunction,12.55,1762587792061,LATEST,1-690ef490-0c0a43-a39820408f67,OnDemand,1717.39,1762587792074,1737.00,
,A6333F63464BC687DF1965DBFE05F1DB-2,1762587796,FCRequestMetrics:/n-matmul-512,23,23,1767.05,1762587792060,3085.26,n-matmul-512,false,3e88eb377bf5,ColdStart,c-690ef490-0cf1abd9-507f1daf6985,1762587793838,Sync,6639.92,1762587790284,21.0.3.11,true,512,27.29,InvokeFunction,13.13,1762587792060,LATEST,1-690ef490-0c0a43-8fbf98cfa3f1,OnDemand,1753.39,1762587792073,1775.62,
,1F1FFC412871BA58DE9DD242432C9C35-2,1762587798,FCRequestMetrics:/n-matmul-512,25,25,,,3226.19,n-matmul-512,false,a2dfb552053b,,c-690ef492-0cf1abd9-8c97f365993b,1762587794878,Sync,3243.39,1762587794862,21.0.3.8,false,512,82.98,InvokeFunction,,,LATEST,1-690ef494-0c0a43-a0b651647254,OnDemand,,,15.21,
,3BDEEDD6F6C1B51E5137A970AE75BAA4-2,1762587798,FCRequestMetrics:/n-matmul-512,26,26,,,3114.18,n-matmul-512,false,3b2b33dbd196,,c-690ef492-0cf1abd9-bbdff8eda83c,1762587795187,Sync,3400.42,1762587794901,21.0.3.9,false,512,26.50,InvokeFunction,,,LATEST,1-690ef494-0c49fa-5b8a9decbdc7,OnDemand,,,285.27,
,6448458DC5EEDA4B01194355EB33D0AF-2,1762587798,FCRequestMetrics:/n-matmul-512,27,27,,,3466.15,n-matmul-512,false,e9af6d91c5a8,,c-690ef492-0cf1abd9-8e96e2aae5ad,1762587795344,Sync,3589.39,1762587795223,21.0.3.10,false,512,27.22,InvokeFunction,,,LATEST,1-690ef494-0c49fa-324ddab5f98c,OnDemand,,,120.72,
,7C823A060900EA64C601C711AE9A8E7B-2,1762587798,FCRequestMetrics:/n-matmul-512,28,28,,,3350.01,n-matmul-512,false,a9c1f9cad0fa,,c-690ef492-0cf1abd9-41b4dd0accbf,1762587795408,Sync,3659.19,1762587795103,21.0.3.11,false,512,27.17,InvokeFunction,,,LATEST,1-690ef494-0c0a43-34050a98cdc5,OnDemand,,,304.22,
,F898A01EEA6FFC9C575701D6D0948E55-3,1762587798,FCRequestMetrics:/n-matmul-512,25,25,,,2849.74,n-matmul-512,false,7a16d098497d,,c-690ef48f-0cf1abd9-9a6242cc8b28,1762587795218,Sync,3900.61,1762587794167,21.0.3.8,false,512,67.32,InvokeFunction,,,LATEST,1-690ef492-0c49fa-f51e68b3b1c1,OnDemand,,,1049.98,
,447511FEAA2C196192B29D0355E78B1D-4,1762587798,FCRequestMetrics:/n-matmul-512,25,25,,,2948.76,n-matmul-512,false,2be5f8bcaa9a,,c-690ef48f-0cf1abd9-405aaa419009,1762587795403,Sync,4183.73,1762587794169,21.0.3.9,false,512,59.51,InvokeFunction,,,LATEST,1-690ef492-0c49fa-ddf03d3beae9,OnDemand,,,1233.98,
,3638871BA5BA6CB81D64084B08F55201-4,1762587798,FCRequestMetrics:/n-matmul-512,25,25,,,3044.97,n-matmul-512,false,d9ddc014a95e,,c-690ef48f-0cf1abd9-ec0c220edbce,1762587795427,Sync,4303.78,1762587794169,21.0.3.8,false,512,81.39,InvokeFunction,,,LATEST,1-690ef492-0c0a43-1b15a02ec8bd,OnDemand,,,1257.82,
,A0E18646E4ED1862BB7852A818D6BD84-3,1762587798,FCRequestMetrics:/n-matmul-512,25,25,,,2977.02,n-matmul-512,false,455c2c4df2d2,,c-690ef48f-0cf1abd9-fff0447ff1dc,1762587795682,Sync,4496.29,1762587794169,21.0.3.8,false,512,90.16,InvokeFunction,,,LATEST,1-690ef492-0c0a43-b1a037cbd889,OnDemand,,,1511.78,
,F031090DB7497FBE9C5AA393E7E68561-4,1762587798,FCRequestMetrics:/n-matmul-512,25,25,,,3049.22,n-matmul-512,false,ac449c8e7f33,,c-690ef48f-0cf1abd9-a7a4b84ee62d,1762587795713,Sync,4592.11,1762587794171,21.0.3.9,false,512,43.43,InvokeFunction,,,LATEST,1-690ef492-0c49fa-365240679349,OnDemand,,,1538.09,
,B50B6C7E4A9EFD8ADCDAE8E71A8A357B-3,1762587798,FCRequestMetrics:/n-matmul-512,25,25,,,3065.00,n-matmul-512,false,0c3cf93849f8,,c-690ef48f-0cf1abd9-ad135b628654,1762587795757,Sync,3664.77,1762587795158,21.0.3.8,false,512,79.30,InvokeFunction,,,LATEST,1-690ef493-0c49fa-2e66244e41d6,OnDemand,,,598.64,
,22262E23B35913584F104007F60CDE44-4,1762587798,FCRequestMetrics:/n-matmul-512,25,25,,,2973.09,n-matmul-512,false,5c984f724ebf,,c-690ef48f-0cf1abd9-4d671f684c9c,1762587796010,Sync,3264.36,1762587795719,21.0.3.9,false,512,52.75,InvokeFunction,,,LATEST,1-690ef493-0c49fa-e510454d95e7,OnDemand,,,290.25,
,1C05D5B02F01F46143D999E67440A343-4,1762587798,FCRequestMetrics:/n-matmul-512,25,25,,,2999.79,n-matmul-512,false,ded09bee0b2d,,c-690ef48f-0cf1abd9-2bb86706a2c4,1762587795744,Sync,3587.61,1762587795157,21.0.3.9,false,512,48.07,InvokeFunction,,,LATEST,1-690ef493-0c0a43-b83dfa3d6978,OnDemand,,,586.78,
,B1B3EF35016788C3424F79DCBD83BB05-4,1762587798,FCRequestMetrics:/n-matmul-512,25,25,,,2899.20,n-matmul-512,false,8e7a4967c312,,c-690ef48f-0cf1abd9-e1933dd451ba,1762587795921,Sync,3567.44,1762587795254,21.0.3.10,false,512,34.48,InvokeFunction,,,LATEST,1-690ef493-0c49fa-f9645148d95f,OnDemand,,,667.06,
,BD1D69C9267D95E53B2A79C6CB35D41D-0,1762587799,FCRequestMetrics:/n-matmul-512,28,28,,,3748.89,n-matmul-512,false,987841b3d4f5,,c-690ef492-0cf1abd9-b72bb88bbd36,1762587795470,Sync,4000.96,1762587795225,21.0.3.12,false,512,27.21,InvokeFunction,,,LATEST,1-690ef494-0c49fa-897cdd73f57a,OnDemand,,,244.57,
,3801AF28D1F06D15DE702CA3D1A78840-4,1762587799,FCRequestMetrics:/n-matmul-512,25,25,,,3110.39,n-matmul-512,false,85f7f63caa28,,c-690ef48f-0cf1abd9-8d9a75cfa22a,1762587795946,Sync,3617.66,1762587795440,21.0.3.8,false,512,66.58,InvokeFunction,,,LATEST,1-690ef493-0c49fa-5c1050393a8a,OnDemand,,,506.19,
,148C1B09986999E20AA0FF04F10942D0-3,1762587799,FCRequestMetrics:/n-matmul-512,25,25,,,3125.66,n-matmul-512,false,aa1e2085073a,,c-690ef48f-0cf1abd9-2b72cdd5c5c2,1762587795887,Sync,3844.89,1762587795169,21.0.3.10,false,512,44.45,InvokeFunction,,,LATEST,1-690ef493-0c49fa-ae7b7c2d2961,OnDemand,,,717.27,
,78CD85FE04C684FD432ABFF362CBF50C-4,1762587799,FCRequestMetrics:/n-matmul-512,25,25,,,3120.23,n-matmul-512,false,6999fff919fb,,c-690ef48f-0cf1abd9-6c6d9044c534,1762587795972,Sync,3629.86,1762587795463,21.0.3.9,false,512,34.49,InvokeFunction,,,LATEST,1-690ef493-0c0a43-489a9458f5d5,OnDemand,,,508.56,
,D57BF307AB3C1DBB07F853EA29DFAA8E-4,1762587799,FCRequestMetrics:/n-matmul-512,27,27,,,3014.98,n-matmul-512,false,4a02a8b2ccf7,,c-690ef48f-0cf1abd9-3378a67d936f,1762587796425,Sync,3254.29,1762587796187,21.0.3.10,false,512,34.01,InvokeFunction,,,LATEST,1-690ef494-0c0a43-8ef91737bcc6,OnDemand,,,237.56,
,F07C00865CBCDDD3603F2861EC1005E7-4,1762587799,FCRequestMetrics:/n-matmul-512,26,26,,,3140.72,n-matmul-512,false,23ed8e688827,,c-690ef48f-0cf1abd9-c9d277f8db04,1762587796295,Sync,3642.43,1762587795794,21.0.3.10,false,512,34.80,InvokeFunction,,,LATEST,1-690ef493-0c49fa-9c371e95b955,OnDemand,,,500.83,
,A58D23371A460570694E59E83C205D35-4,1762587799,FCRequestMetrics:/n-matmul-512,27,27,,,3155.07,n-matmul-512,false,f5099c18cdf1,,c-690ef48f-0cf1abd9-aa29b9d0aa99,1762587796421,Sync,3388.74,1762587796188,21.0.3.11,false,512,34.43,InvokeFunction,,,LATEST,1-690ef494-0c0a43-56be6454d1b7,OnDemand,,,231.70,
,F91A17FDEE204113BD7FCEE97E77B19D-4,1762587799,FCRequestMetrics:/n-matmul-512,26,26,,,2970.05,n-matmul-512,false,b4a55f945517,,c-690ef48f-0cf1abd9-f3db6505083a,1762587796329,Sync,3343.79,1762587795956,21.0.3.12,false,512,34.69,InvokeFunction,,,LATEST,1-690ef493-0c49fa-83837a496bfb,OnDemand,,,372.73,
,6CCFB4E4193C923DA012941FDF8BA7C1-3,1762587799,FCRequestMetrics:/n-matmul-512,27,27,,,3007.70,n-matmul-512,false,1ea218c34989,,c-690ef48f-0cf1abd9-4c65696b73c9,1762587796399,Sync,3226.16,1762587796181,21.0.3.11,false,512,32.61,InvokeFunction,,,LATEST,1-690ef494-0c49fa-83c404c97686,OnDemand,,,217.54,
,7FDD645C18A05AFCA1EE540844E336B4-4,1762587799,FCRequestMetrics:/n-matmul-512,27,27,,,3182.35,n-matmul-512,false,005047e6f771,,c-690ef48f-0cf1abd9-a4e85c44b759,1762587796337,Sync,3538.33,1762587795982,21.0.3.12,false,512,36.62,InvokeFunction,,,LATEST,1-690ef493-0c49fa-aaf9dcfcdb49,OnDemand,,,354.55,
,7F41C0AC9649E78CE4E6389BA04F93F7-4,1762587799,FCRequestMetrics:/n-matmul-512,27,27,,,3062.09,n-matmul-512,false,2f9a827ac39a,,c-690ef48f-0cf1abd9-d481ef5b70cb,1762587796401,Sync,3281.48,1762587796184,21.0.3.11,false,512,34.55,InvokeFunction,,,LATEST,1-690ef494-0c0a43-9b50833db023,OnDemand,,,216.88,
,32144092075796B61E66CC5CB449FE74-4,1762587799,FCRequestMetrics:/n-matmul-512,26,26,,,3065.35,n-matmul-512,false,4e09d5ee1757,,c-690ef48f-0cf1abd9-c9b2724f454d,1762587796211,Sync,3532.93,1762587795744,21.0.3.12,false,512,34.25,InvokeFunction,,,LATEST,1-690ef493-0c0a43-d206f8c60323,OnDemand,,,466.52,
,4D57B9EBA87590C7398CF6540746C6BE-4,1762587799,FCRequestMetrics:/n-matmul-512,26,26,,,2891.49,n-matmul-512,false,cf9fc6279e9f,,c-690ef490-0cf1abd9-f9b75dacbfca,1762587796268,Sync,3378.30,1762587795782,21.0.3.10,false,512,34.30,InvokeFunction,,,LATEST,1-690ef493-0c49fa-071ea3d85608,OnDemand,,,485.93,
,805D0B9C50B0CFD3CF77F88B01A3CC36-4,1762587799,FCRequestMetrics:/n-matmul-512,26,26,,,2889.28,n-matmul-512,false,4277c8c89afa,,c-690ef490-0cf1abd9-df579b907295,1762587796310,Sync,3279.94,1762587795922,21.0.3.12,false,512,34.53,InvokeFunction,,,LATEST,1-690ef493-0c0a43-f51f7017e0a3,OnDemand,,,387.93,
,CA067C7B13641001A367D67FE1936091-4,1762587799,FCRequestMetrics:/n-matmul-512,30,30,,,3002.78,n-matmul-512,false,5046f6076057,,c-690ef490-0cf1abd9-851ce87263d1,1762587796912,Sync,3612.82,1762587796303,21.0.3.11,false,512,32.72,InvokeFunction,,,LATEST,1-690ef494-0c0a43-332c50cf2811,OnDemand,,,608.93,
,7780C0688E26C68EB0D69712BCDE475F-4,1762587799,FCRequestMetrics:/n-matmul-512,30,30,,,2829.75,n-matmul-512,false,333740b1eaee,,c-690ef490-0cf1abd9-b30a2e13f5eb,1762587796943,Sync,3430.01,1762587796347,21.0.3.12,false,512,34.34,InvokeFunction,,,LATEST,1-690ef494-0c49fa-4354dbdb944b,OnDemand,,,596.20,
,A6333F63464BC687DF1965DBFE05F1DB-4,1762587799,FCRequestMetrics:/n-matmul-512,30,30,,,3004.33,n-matmul-512,false,3e88eb377bf5,,c-690ef490-0cf1abd9-507f1daf6985,1762587796927,Sync,3601.89,1762587796330,21.0.3.11,false,512,34.23,InvokeFunction,,,LATEST,1-690ef494-0c49fa-6be91a67fd89,OnDemand,,,596.62,
,F898A01EEA6FFC9C575701D6D0948E55-3,1762587800,FCRequestMetrics:/n-matmul-512,30,30,,,2844.41,n-matmul-512,false,7a16d098497d,,c-690ef48f-0cf1abd9-9a6242cc8b28,1762587798071,Sync,4480.90,1762587796436,21.0.3.8,false,512,70.99,InvokeFunction,,,LATEST,1-690ef494-0c0a43-c2ab76e87080,OnDemand,,,1635.56,
,447511FEAA2C196192B29D0355E78B1D-4,1762587801,FCRequestMetrics:/n-matmul-512,30,30,,,2810.19,n-matmul-512,false,2be5f8bcaa9a,,c-690ef48f-0cf1abd9-405aaa419009,1762587798356,Sync,4727.64,1762587796439,21.0.3.9,false,512,63.10,InvokeFunction,,,LATEST,1-690ef494-0c0a43-e67d9951d556,OnDemand,,,1916.38,
,3638871BA5BA6CB81D64084B08F55201-4,1762587801,FCRequestMetrics:/n-matmul-512,30,30,,,3124.82,n-matmul-512,false,d9ddc014a95e,,c-690ef48f-0cf1abd9-ec0c220edbce,1762587798477,Sync,5145.44,1762587796457,21.0.3.8,false,512,83.21,InvokeFunction,,,LATEST,1-690ef494-0c49fa-ab328c6462c8,OnDemand,,,2019.59,
,A0E18646E4ED1862BB7852A818D6BD84-3,1762587801,FCRequestMetrics:/n-matmul-512,30,30,,,3140.38,n-matmul-512,false,455c2c4df2d2,,c-690ef48f-0cf1abd9-fff0447ff1dc,1762587798669,Sync,5347.61,1762587796463,21.0.3.8,false,512,92.64,InvokeFunction,,,LATEST,1-690ef494-0c49fa-f75c8b7f8843,OnDemand,,,2206.34,
,F031090DB7497FBE9C5AA393E7E68561-4,1762587801,FCRequestMetrics:/n-matmul-512,30,30,,,3230.37,n-matmul-512,false,ac449c8e7f33,,c-690ef48f-0cf1abd9-a7a4b84ee62d,1762587798766,Sync,5049.61,1762587796948,21.0.3.9,false,512,45.43,InvokeFunction,,,LATEST,1-690ef494-0c0a43-51c3c2e0fa65,OnDemand,,,1818.23,
,B50B6C7E4A9EFD8ADCDAE8E71A8A357B-3,1762587801,FCRequestMetrics:/n-matmul-512,30,30,,,3084.24,n-matmul-512,false,0c3cf93849f8,,c-690ef48f-0cf1abd9-ad135b628654,1762587798826,Sync,4931.13,1762587796980,21.0.3.8,false,512,81.59,InvokeFunction,,,LATEST,1-690ef494-0c0a43-32b57f4fc9ad,OnDemand,,,1846.10,
,22262E23B35913584F104007F60CDE44-4,1762587801,FCRequestMetrics:/n-matmul-512,30,30,,,2871.07,n-matmul-512,false,5c984f724ebf,,c-690ef48f-0cf1abd9-4d671f684c9c,1762587798988,Sync,3752.86,1762587798109,21.0.3.9,false,512,54.72,InvokeFunction,,,LATEST,1-690ef496-0c49fa-047da1b5974e,OnDemand,,,879.54,
,148C1B09986999E20AA0FF04F10942D0-3,1762587801,FCRequestMetrics:/n-matmul-512,30,30,,,2849.27,n-matmul-512,false,aa1e2085073a,,c-690ef48f-0cf1abd9-2b72cdd5c5c2,1762587799039,Sync,3639.53,1762587798249,21.0.3.10,false,512,46.54,InvokeFunction,,,LATEST,1-690ef496-0c49fa-d613bb288dbe,OnDemand,,,789.53,
,1C05D5B02F01F46143D999E67440A343-4,1762587801,FCRequestMetrics:/n-matmul-512,30,30,,,3032.40,n-matmul-512,false,ded09bee0b2d,,c-690ef48f-0cf1abd9-2bb86706a2c4,1762587798748,Sync,5232.44,1762587796549,21.0.3.9,false,512,50.05,InvokeFunction,,,LATEST,1-690ef494-0c0a43-f2b801850e2d,OnDemand,,,2199.13,
,B1B3EF35016788C3424F79DCBD83BB05-4,1762587801,FCRequestMetrics:/n-matmul-512,30,30,,,3058.86,n-matmul-512,false,8e7a4967c312,,c-690ef48f-0cf1abd9-e1933dd451ba,1762587798825,Sync,4921.66,1762587796963,21.0.3.10,false,512,36.57,InvokeFunction,,,LATEST,1-690ef494-0c0a43-77a2edb98226,OnDemand,,,1861.74,
,D57BF307AB3C1DBB07F853EA29DFAA8E-4,1762587802,FCRequestMetrics:/n-matmul-512,30,30,,,2881.71,n-matmul-512,false,4a02a8b2ccf7,,c-690ef48f-0cf1abd9-3378a67d936f,1762587799445,Sync,4074.81,1762587798253,21.0.3.10,false,512,35.93,InvokeFunction,,,LATEST,1-690ef496-0c49fa-48cdbaf241e1,OnDemand,,,1192.26,
,A58D23371A460570694E59E83C205D35-4,1762587802,FCRequestMetrics:/n-matmul-512,30,30,,,3003.53,n-matmul-512,false,f5099c18cdf1,,c-690ef48f-0cf1abd9-aa29b9d0aa99,1762587799580,Sync,4287.95,1762587798296,21.0.3.11,false,512,36.40,InvokeFunction,,,LATEST,1-690ef496-0c49fa-9caa3f84ddf0,OnDemand,,,1283.50,
,F91A17FDEE204113BD7FCEE97E77B19D-4,1762587802,FCRequestMetrics:/n-matmul-512,30,30,,,3112.57,n-matmul-512,false,b4a55f945517,,c-690ef48f-0cf1abd9-f3db6505083a,1762587799304,Sync,4168.19,1762587798249,21.0.3.12,false,512,36.93,InvokeFunction,,,LATEST,1-690ef496-0c0a43-9b3d512ef7d5,OnDemand,,,1054.60,
,6CCFB4E4193C923DA012941FDF8BA7C1-3,1762587802,FCRequestMetrics:/n-matmul-512,30,30,,,3274.11,n-matmul-512,false,1ea218c34989,,c-690ef48f-0cf1abd9-4c65696b73c9,1762587799411,Sync,4435.10,1762587798251,21.0.3.11,false,512,34.79,InvokeFunction,,,LATEST,1-690ef496-0c0a43-e1f34c4a4a32,OnDemand,,,1159.83,
,7FDD645C18A05AFCA1EE540844E336B4-4,1762587802,FCRequestMetrics:/n-matmul-512,30,30,,,3111.74,n-matmul-512,false,005047e6f771,,c-690ef48f-0cf1abd9-a4e85c44b759,1762587799523,Sync,4340.96,1762587798295,21.0.3.12,false,512,38.56,InvokeFunction,,,LATEST,1-690ef496-0c0a43-6de9be37b292,OnDemand,,,1227.85,
,7F41C0AC9649E78CE4E6389BA04F93F7-4,1762587802,FCRequestMetrics:/n-matmul-512,30,30,,,2956.20,n-matmul-512,false,2f9a827ac39a,,c-690ef48f-0cf1abd9-d481ef5b70cb,1762587799470,Sync,4170.28,1762587798257,21.0.3.11,false,512,36.63,InvokeFunction,,,LATEST,1-690ef496-0c49fa-7dc5668abd33,OnDemand,,,1212.36,
,32144092075796B61E66CC5CB449FE74-4,1762587802,FCRequestMetrics:/n-matmul-512,30,30,,,2983.89,n-matmul-512,false,4e09d5ee1757,,c-690ef48f-0cf1abd9-c9b2724f454d,1762587799284,Sync,4021.74,1762587798247,21.0.3.12,false,512,36.48,InvokeFunction,,,LATEST,1-690ef496-0c0a43-15fcffc42b39,OnDemand,,,1036.77,
,4D57B9EBA87590C7398CF6540746C6BE-4,1762587802,FCRequestMetrics:/n-matmul-512,30,30,,,2836.57,n-matmul-512,false,cf9fc6279e9f,,c-690ef490-0cf1abd9-f9b75dacbfca,1762587799164,Sync,3760.15,1762587798241,21.0.3.10,false,512,36.64,InvokeFunction,,,LATEST,1-690ef496-0c49fa-ac44dafd32ab,OnDemand,,,922.54,
,805D0B9C50B0CFD3CF77F88B01A3CC36-4,1762587802,FCRequestMetrics:/n-matmul-512,30,30,,,3159.59,n-matmul-512,false,4277c8c89afa,,c-690ef490-0cf1abd9-df579b907295,1762587799205,Sync,4123.18,1762587798243,21.0.3.12,false,512,36.45,InvokeFunction,,,LATEST,1-690ef496-0c0a43-c9b1bf7984d4,OnDemand,,,962.36,
,CA067C7B13641001A367D67FE1936091-4,1762587802,FCRequestMetrics:/n-matmul-512,30,30,,,3067.77,n-matmul-512,false,5046f6076057,,c-690ef490-0cf1abd9-851ce87263d1,1762587799919,Sync,4689.83,1762587798300,21.0.3.11,false,512,34.93,InvokeFunction,,,LATEST,1-690ef496-0c0a43-4db31cf683c0,OnDemand,,,1619.01,
,7780C0688E26C68EB0D69712BCDE475F-4,1762587802,FCRequestMetrics:/n-matmul-512,30,30,,,2981.44,n-matmul-512,false,333740b1eaee,,c-690ef490-0cf1abd9-b30a2e13f5eb,1762587799781,Sync,4465.50,1762587798298,21.0.3.12,false,512,36.55,InvokeFunction,,,LATEST,1-690ef496-0c49fa-5c1ac414f697,OnDemand,,,1483.15,
,1F1FFC412871BA58DE9DD242432C9C35-3,1762587802,FCRequestMetrics:/n-matmul-512,30,30,,,3971.76,n-matmul-512,false,a2dfb552053b,,c-690ef492-0cf1abd9-8c97f365993b,1762587798111,Sync,4987.00,1762587797097,21.0.3.8,false,512,90.34,InvokeFunction,,,LATEST,1-690ef496-0c49fa-3bb6ec922664,OnDemand,,,1013.55,
,3801AF28D1F06D15DE702CA3D1A78840-6,1762587802,FCRequestMetrics:/n-matmul-512,30,30,,,3080.09,n-matmul-512,false,85f7f63caa28,,c-690ef48f-0cf1abd9-8d9a75cfa22a,1762587799061,Sync,3905.67,1762587798236,21.0.3.8,false,512,68.48,InvokeFunction,,,LATEST,1-690ef496-0c49fa-4534fa84a4a6,OnDemand,,,824.92,
,3BDEEDD6F6C1B51E5137A970AE75BAA4-4,1762587802,FCRequestMetrics:/n-matmul-512,30,30,,,3928.68,n-matmul-512,false,3b2b33dbd196,,c-690ef492-0cf1abd9-bbdff8eda83c,1762587798306,Sync,5135.21,1762587797107,21.0.3.9,false,512,33.95,InvokeFunction,,,LATEST,1-690ef496-0c49fa-9c7be6fd99a4,OnDemand,,,1198.55,
,78CD85FE04C684FD432ABFF362CBF50C-5,1762587802,FCRequestMetrics:/n-matmul-512,30,30,,,3277.38,n-matmul-512,false,6999fff919fb,,c-690ef48f-0cf1abd9-6c6d9044c534,1762587799097,Sync,4138.10,1762587798237,21.0.3.9,false,512,36.30,InvokeFunction,,,LATEST,1-690ef496-0c49fa-895d3d1db4b7,OnDemand,,,859.98,
,6448458DC5EEDA4B01194355EB33D0AF-4,1762587802,FCRequestMetrics:/n-matmul-512,30,30,,,3939.67,n-matmul-512,false,e9af6d91c5a8,,c-690ef492-0cf1abd9-8e96e2aae5ad,1762587798817,Sync,5599.79,1762587797158,21.0.3.10,false,512,34.41,InvokeFunction,,,LATEST,1-690ef496-0c49fa-1032450cc5f1,OnDemand,,,1659.36,
,BD1D69C9267D95E53B2A79C6CB35D41D-4,1762587802,FCRequestMetrics:/n-matmul-512,30,30,,,3710.36,n-matmul-512,false,987841b3d4f5,,c-690ef492-0cf1abd9-b72bb88bbd36,1762587799230,Sync,5766.03,1762587797175,21.0.3.12,false,512,34.29,InvokeFunction,,,LATEST,1-690ef496-0c0a43-eebbeac01f98,OnDemand,,,2054.03,
,7C823A060900EA64C601C711AE9A8E7B-4,1762587802,FCRequestMetrics:/n-matmul-512,30,30,,,4047.62,n-matmul-512,false,a9c1f9cad0fa,,c-690ef492-0cf1abd9-41b4dd0accbf,1762587798766,Sync,5668.79,1762587797152,21.0.3.11,false,512,34.45,InvokeFunction,,,LATEST,1-690ef496-0c0a43-7d2890941009,OnDemand,,,1613.63,
,F07C00865CBCDDD3603F2861EC1005E7-6,1762587802,FCRequestMetrics:/n-matmul-512,30,30,,,3392.75,n-matmul-512,false,23ed8e688827,,c-690ef48f-0cf1abd9-c9d277f8db04,1762587799441,Sync,4582.54,1762587798252,21.0.3.10,false,512,36.93,InvokeFunction,,,LATEST,1-690ef496-0c49fa-8c2bc4172754,OnDemand,,,1188.82,
,A6333F63464BC687DF1965DBFE05F1DB-4,1762587803,FCRequestMetrics:/n-matmul-512,30,30,,,3092.82,n-matmul-512,false,3e88eb377bf5,,c-690ef490-0cf1abd9-507f1daf6985,1762587799935,Sync,4727.24,1762587798302,21.0.3.11,false,512,36.50,InvokeFunction,,,LATEST,1-690ef496-0c49fa-b131ed223f03,OnDemand,,,1633.10,
,F898A01EEA6FFC9C575701D6D0948E55-6,1762587803,FCRequestMetrics:/n-matmul-512,30,30,,,2902.30,n-matmul-512,false,7a16d098497d,,c-690ef48f-0cf1abd9-9a6242cc8b28,1762587800921,Sync,5504.46,1762587798323,21.0.3.8,false,512,74.40,InvokeFunction,,,LATEST,1-690ef496-0c49fa-4ffe87980cce,OnDemand,,,2597.72,
,447511FEAA2C196192B29D0355E78B1D-6,1762587804,FCRequestMetrics:/n-matmul-512,30,30,,,3177.10,n-matmul-512,false,2be5f8bcaa9a,,c-690ef48f-0cf1abd9-405aaa419009,1762587801169,Sync,6024.51,1762587798323,21.0.3.9,false,512,66.51,InvokeFunction,,,LATEST,1-690ef496-0c0a43-0ecec26b3979,OnDemand,,,2846.25,
,3638871BA5BA6CB81D64084B08F55201-6,1762587804,FCRequestMetrics:/n-matmul-512,30,30,,,2846.38,n-matmul-512,false,d9ddc014a95e,,c-690ef48f-0cf1abd9-ec0c220edbce,1762587801606,Sync,6129.40,1762587798324,21.0.3.8,false,512,85.18,InvokeFunction,,,LATEST,1-690ef496-0c49fa-ec69abf403c6,OnDemand,,,3281.55,
,1C05D5B02F01F46143D999E67440A343-6,1762587804,FCRequestMetrics:/n-matmul-512,30,30,,,2790.88,n-matmul-512,false,ded09bee0b2d,,c-690ef48f-0cf1abd9-2bb86706a2c4,1762587801784,Sync,6250.37,1762587798326,21.0.3.9,false,512,51.55,InvokeFunction,,,LATEST,1-690ef496-0c0a43-40989bf3d369,OnDemand,,,3458.08,
,B1B3EF35016788C3424F79DCBD83BB05-6,1762587804,FCRequestMetrics:/n-matmul-512,30,30,,,2991.90,n-matmul-512,false,8e7a4967c312,,c-690ef48f-0cf1abd9-e1933dd451ba,1762587801888,Sync,6549.36,1762587798331,21.0.3.10,false,512,37.98,InvokeFunction,,,LATEST,1-690ef496-0c49fa-e46a80d4f5d8,OnDemand,,,3556.56,
,148C1B09986999E20AA0FF04F10942D0-6,1762587804,FCRequestMetrics:/n-matmul-512,30,30,,,3000.88,n-matmul-512,false,aa1e2085073a,,c-690ef48f-0cf1abd9-2b72cdd5c5c2,1762587801894,Sync,6564.37,1762587798333,21.0.3.10,false,512,51.47,InvokeFunction,,,LATEST,1-690ef496-0c49fa-78f0ab47fa1a,OnDemand,,,3560.88,
,A0E18646E4ED1862BB7852A818D6BD84-6,1762587804,FCRequestMetrics:/n-matmul-512,30,30,,,3101.75,n-matmul-512,false,455c2c4df2d2,,c-690ef48f-0cf1abd9-fff0447ff1dc,1762587801814,Sync,6589.00,1762587798327,21.0.3.8,false,512,97.54,InvokeFunction,,,LATEST,1-690ef496-0c0a43-1531439686d6,OnDemand,,,3486.20,
,F031090DB7497FBE9C5AA393E7E68561-6,1762587804,FCRequestMetrics:/n-matmul-512,30,30,,,2877.74,n-matmul-512,false,ac449c8e7f33,,c-690ef48f-0cf1abd9-a7a4b84ee62d,1762587802001,Sync,6544.73,1762587798335,21.0.3.9,false,512,47.11,InvokeFunction,,,LATEST,1-690ef496-0c0a43-37c52cd74553,OnDemand,,,3665.21,
,B50B6C7E4A9EFD8ADCDAE8E71A8A357B-6,1762587804,FCRequestMetrics:/n-matmul-512,30,30,,,3070.21,n-matmul-512,false,0c3cf93849f8,,c-690ef48f-0cf1abd9-ad135b628654,1762587801914,Sync,6651.24,1762587798334,21.0.3.8,false,512,84.75,InvokeFunction,,,LATEST,1-690ef496-0c0a43-292916542522,OnDemand,,,3579.60,
,22262E23B35913584F104007F60CDE44-6,1762587805,FCRequestMetrics:/n-matmul-512,30,30,,,3133.09,n-matmul-512,false,5c984f724ebf,,c-690ef48f-0cf1abd9-4d671f684c9c,1762587801866,Sync,6671.30,1762587798329,21.0.3.9,false,512,58.05,InvokeFunction,,,LATEST,1-690ef496-0c49fa-d3a70df5171a,OnDemand,,,3536.65,
,32144092075796B61E66CC5CB449FE74-6,1762587805,FCRequestMetrics:/n-matmul-512,30,30,,,2826.07,n-matmul-512,false,4e09d5ee1757,,c-690ef48f-0cf1abd9-c9b2724f454d,1762587802272,Sync,6753.36,1762587798346,21.0.3.12,false,512,37.89,InvokeFunction,,,LATEST,1-690ef496-0c49fa-cbe2ca2dd602,OnDemand,,,3925.93,
,3801AF28D1F06D15DE702CA3D1A78840-6,1762587805,FCRequestMetrics:/n-matmul-512,30,30,,,2876.64,n-matmul-512,false,85f7f63caa28,,c-690ef48f-0cf1abd9-8d9a75cfa22a,1762587802144,Sync,6682.69,1762587798339,21.0.3.8,false,512,70.18,InvokeFunction,,,LATEST,1-690ef496-0c0a43-7f6837f7f684,OnDemand,,,3805.10,
,4D57B9EBA87590C7398CF6540746C6BE-6,1762587805,FCRequestMetrics:/n-matmul-512,30,30,,,3131.71,n-matmul-512,false,cf9fc6279e9f,,c-690ef490-0cf1abd9-f9b75dacbfca,1762587802004,Sync,6800.18,1762587798336,21.0.3.10,false,512,41.32,InvokeFunction,,,LATEST,1-690ef496-0c0a43-e86a836440d2,OnDemand,,,3667.67,
,7F41C0AC9649E78CE4E6389BA04F93F7-6,1762587805,FCRequestMetrics:/n-matmul-512,30,30,,,2763.70,n-matmul-512,false,2f9a827ac39a,,c-690ef48f-0cf1abd9-d481ef5b70cb,1762587802432,Sync,6845.94,1762587798351,21.0.3.11,false,512,38.10,InvokeFunction,,,LATEST,1-690ef496-0c49fa-32f25e2df84a,OnDemand,,,4080.78,
,805D0B9C50B0CFD3CF77F88B01A3CC36-6,1762587805,FCRequestMetrics:/n-matmul-512,30,30,,,2941.19,n-matmul-512,false,4277c8c89afa,,c-690ef490-0cf1abd9-df579b907295,1762587802369,Sync,6962.04,1762587798349,21.0.3.12,false,512,38.17,InvokeFunction,,,LATEST,1-690ef496-0c0a43-7b1bca069077,OnDemand,,,4019.97,
,78CD85FE04C684FD432ABFF362CBF50C-5,1762587805,FCRequestMetrics:/n-matmul-512,30,30,,,3168.92,n-matmul-512,false,6999fff919fb,,c-690ef48f-0cf1abd9-6c6d9044c534,1762587802379,Sync,7200.15,1762587798348,21.0.3.9,false,512,39.76,InvokeFunction,,,LATEST,1-690ef496-0c49fa-b2b4b290cc13,OnDemand,,,4030.33,
,D57BF307AB3C1DBB07F853EA29DFAA8E-6,1762587805,FCRequestMetrics:/n-matmul-512,30,30,,,3202.13,n-matmul-512,false,4a02a8b2ccf7,,c-690ef48f-0cf1abd9-3378a67d936f,1762587802333,Sync,7187.70,1762587798348,21.0.3.10,false,512,39.27,InvokeFunction,,,LATEST,1-690ef496-0c49fa-21c078fbed44,OnDemand,,,3984.57,
,A58D23371A460570694E59E83C205D35-6,1762587805,FCRequestMetrics:/n-matmul-512,30,30,,,2964.98,n-matmul-512,false,f5099c18cdf1,,c-690ef48f-0cf1abd9-aa29b9d0aa99,1762587802587,Sync,7199.67,1762587798353,21.0.3.11,false,512,38.00,InvokeFunction,,,LATEST,1-690ef496-0c0a43-499ff26deaf5,OnDemand,,,4233.79,
,F91A17FDEE204113BD7FCEE97E77B19D-6,1762587805,FCRequestMetrics:/n-matmul-512,30,30,,,3157.90,n-matmul-512,false,b4a55f945517,,c-690ef48f-0cf1abd9-f3db6505083a,1762587802420,Sync,7229.86,1762587798349,21.0.3.12,false,512,40.01,InvokeFunction,,,LATEST,1-690ef496-0c0a43-0ca7dfe6e3de,OnDemand,,,4070.15,
,CA067C7B13641001A367D67FE1936091-6,1762587805,FCRequestMetrics:/n-matmul-512,30,30,,,2694.35,n-matmul-512,false,5046f6076057,,c-690ef490-0cf1abd9-851ce87263d1,1762587802993,Sync,7194.77,1762587798493,21.0.3.11,false,512,36.33,InvokeFunction,,,LATEST,1-690ef496-0c0a43-75ac2ced7249,OnDemand,,,4499.47,
,6CCFB4E4193C923DA012941FDF8BA7C1-6,1762587805,FCRequestMetrics:/n-matmul-512,30,30,,,3119.96,n-matmul-512,false,1ea218c34989,,c-690ef48f-0cf1abd9-4c65696b73c9,1762587802690,Sync,7386.66,1762587798424,21.0.3.11,false,512,36.24,InvokeFunction,,,LATEST,1-690ef496-0c49fa-1bc54fec33ad,OnDemand,,,4265.52,
,7780C0688E26C68EB0D69712BCDE475F-6,1762587805,FCRequestMetrics:/n-matmul-512,30,30,,,3156.10,n-matmul-512,false,333740b1eaee,,c-690ef490-0cf1abd9-b30a2e13f5eb,1762587802766,Sync,7495.21,1762587798428,21.0.3.12,false,512,39.57,InvokeFunction,,,LATEST,1-690ef496-0c0a43-428b7d024343,OnDemand,,,4338.03,
,F898A01EEA6FFC9C575701D6D0948E55-9,1762587805,FCRequestMetrics:/n-matmul-512,30,30,,,0.03,n-matmul-512,true,7a16d098497d,,c-690ef48f-0cf1abd9-9a6242cc8b28,1762587803830,Sync,6435.54,1762587798707,21.0.3.8,false,512,35.25,InvokeFunction,,,LATEST,1-690ef496-0c0a43-88cbcca43b26,OnDemand,,,5122.78,,"{""errorType"":""FunctionAbnormalExitError""}"
,1F1FFC412871BA58DE9DD242432C9C35-6,1762587805,FCRequestMetrics:/n-matmul-512,30,30,,,3012.06,n-matmul-512,false,a2dfb552053b,,c-690ef492-0cf1abd9-8c97f365993b,1762587802087,Sync,7700.82,1762587797400,21.0.3.8,false,512,92.35,InvokeFunction,,,LATEST,1-690ef496-0c0a43-fc53a88a8a21,OnDemand,,,4687.01,
,447511FEAA2C196192B29D0355E78B1D-9,1762587805,FCRequestMetrics:/n-matmul-512,30,30,,,0.02,n-matmul-512,true,2be5f8bcaa9a,,c-690ef48f-0cf1abd9-405aaa419009,1762587804352,Sync,6867.50,1762587798863,21.0.3.9,false,512,27.40,InvokeFunction,,,LATEST,1-690ef496-0c49fa-e731d1441526,OnDemand,,,5488.89,,"{""errorType"":""FunctionAbnormalExitError""}"
,3638871BA5BA6CB81D64084B08F55201-9,1762587805,FCRequestMetrics:/n-matmul-512,30,30,,,0.08,n-matmul-512,true,d9ddc014a95e,,c-690ef48f-0cf1abd9-ec0c220edbce,1762587804460,Sync,6538.18,1762587799023,21.0.3.8,false,512,49.19,InvokeFunction,,,LATEST,1-690ef497-0c49fa-03ab86bc9d1a,OnDemand,,,5437.46,,"{""errorType"":""FunctionAbnormalExitError""}"
,3BDEEDD6F6C1B51E5137A970AE75BAA4-6,1762587805,FCRequestMetrics:/n-matmul-512,30,30,,,3227.64,n-matmul-512,false,3b2b33dbd196,,c-690ef492-0cf1abd9-bbdff8eda83c,1762587802247,Sync,7964.28,1762587797513,21.0.3.9,false,512,36.12,InvokeFunction,,,LATEST,1-690ef496-0c49fa-133eabcbcfef,OnDemand,,,4733.48,
,1C05D5B02F01F46143D999E67440A343-9,1762587805,FCRequestMetrics:/n-matmul-512,30,30,,,0.03,n-matmul-512,true,ded09bee0b2d,,c-690ef48f-0cf1abd9-2bb86706a2c4,1762587804579,Sync,6666.08,1762587799060,21.0.3.9,false,512,15.87,InvokeFunction,,,LATEST,1-690ef497-0c49fa-d620cfef968f,OnDemand,,,5519.37,,"{""errorType"":""FunctionAbnormalExitError""}"
,6448458DC5EEDA4B01194355EB33D0AF-6,1762587805,FCRequestMetrics:/n-matmul-512,30,30,,,3111.46,n-matmul-512,false,e9af6d91c5a8,,c-690ef492-0cf1abd9-8e96e2aae5ad,1762587802760,Sync,8235.55,1762587797637,21.0.3.10,false,512,36.67,InvokeFunction,,,LATEST,1-690ef496-0c0a43-c59a738970e2,OnDemand,,,5123.12,
,BD1D69C9267D95E53B2A79C6CB35D41D-7,1762587805,FCRequestMetrics:/n-matmul-512,30,30,,,3019.94,n-matmul-512,false,987841b3d4f5,,c-690ef492-0cf1abd9-b72bb88bbd36,1762587802949,Sync,8252.29,1762587797718,21.0.3.12,false,512,36.11,InvokeFunction,,,LATEST,1-690ef496-0c49fa-391ba08a8e7d,OnDemand,,,5231.09,
,7C823A060900EA64C601C711AE9A8E7B-6,1762587805,FCRequestMetrics:/n-matmul-512,30,30,,,3101.75,n-matmul-512,false,a9c1f9cad0fa,,c-690ef492-0cf1abd9-41b4dd0accbf,1762587802824,Sync,8269.05,1762587797657,21.0.3.11,false,512,36.36,InvokeFunction,,,LATEST,1-690ef496-0c49fa-bf4a56b0c353,OnDemand,,,5166.03,
,7FDD645C18A05AFCA1EE540844E336B4-6,1762587806,FCRequestMetrics:/n-matmul-512,30,30,,,3454.45,n-matmul-512,false,005047e6f771,,c-690ef48f-0cf1abd9-a4e85c44b759,1762587802639,Sync,7695.44,1762587798399,21.0.3.12,false,512,40.19,InvokeFunction,,,LATEST,1-690ef496-0c49fa-2cd01145942f,OnDemand,,,4239.61,
,A6333F63464BC687DF1965DBFE05F1DB-6,1762587806,FCRequestMetrics:/n-matmul-512,30,30,,,3126.97,n-matmul-512,false,3e88eb377bf5,,c-690ef490-0cf1abd9-507f1daf6985,1762587803032,Sync,7636.66,1762587798523,21.0.3.11,false,512,37.80,InvokeFunction,,,LATEST,1-690ef496-0c0a43-9b000f1be627,OnDemand,,,4508.79,
,F07C00865CBCDDD3603F2861EC1005E7-6,1762587806,FCRequestMetrics:/n-matmul-512,30,30,,,3387.49,n-matmul-512,false,23ed8e688827,,c-690ef48f-0cf1abd9-c9d277f8db04,1762587802838,Sync,7797.89,1762587798428,21.0.3.10,false,512,39.98,InvokeFunction,,,LATEST,1-690ef496-0c49fa-c5ebdaa6ab14,OnDemand,,,4409.42,
,A0E18646E4ED1862BB7852A818D6BD84-9,1762587806,FCRequestMetrics:/n-matmul-512,30,30,,,0.04,n-matmul-512,true,455c2c4df2d2,,c-690ef48f-0cf1abd9-fff0447ff1dc,1762587804919,Sync,6858.50,1762587799243,21.0.3.8,false,512,58.54,InvokeFunction,,,LATEST,1-690ef497-0c0a43-76a8328717c9,OnDemand,,,5676.00,,"{""errorType"":""FunctionAbnormalExitError""}"
,B50B6C7E4A9EFD8ADCDAE8E71A8A357B-9,1762587806,FCRequestMetrics:/n-matmul-512,30,30,,,0.03,n-matmul-512,true,0c3cf93849f8,,c-690ef48f-0cf1abd9-ad135b628654,1762587804989,Sync,6786.14,1762587799328,21.0.3.8,false,512,46.94,InvokeFunction,,,LATEST,1-690ef497-0c0a43-0f8bb21a0e20,OnDemand,,,5660.86,,"{""errorType"":""FunctionAbnormalExitError""}"
,4D57B9EBA87590C7398CF6540746C6BE-9,1762587806,FCRequestMetrics:/n-matmul-512,30,30,,,0.02,n-matmul-512,true,cf9fc6279e9f,,c-690ef490-0cf1abd9-f9b75dacbfca,1762587805139,Sync,6829.82,1762587799584,21.0.3.10,false,512,2.18,InvokeFunction,,,LATEST,1-690ef497-0c49fa-92faca1f5e8f,OnDemand,,,5555.53,,"{""errorType"":""FunctionAbnormalExitError""}"
,148C1B09986999E20AA0FF04F10942D0-9,1762587806,FCRequestMetrics:/n-matmul-512,30,30,,,0.03,n-matmul-512,true,aa1e2085073a,,c-690ef48f-0cf1abd9-2b72cdd5c5c2,1762587804901,Sync,7111.82,1762587799201,21.0.3.10,false,512,12.06,InvokeFunction,,,LATEST,1-690ef497-0c49fa-c91ce260fa88,OnDemand,,,5699.61,,"{""errorType"":""FunctionAbnormalExitError""}"
,B1B3EF35016788C3424F79DCBD83BB05-9,1762587806,FCRequestMetrics:/n-matmul-512,30,30,,,0.03,n-matmul-512,true,8e7a4967c312,,c-690ef48f-0cf1abd9-e1933dd451ba,1762587804886,Sync,7379.31,1762587799135,21.0.3.10,false,512,2.10,InvokeFunction,,,LATEST,1-690ef497-0c0a43-2238e32420ba,OnDemand,,,5751.08,,"{""errorType"":""FunctionAbnormalExitError""}"
,F031090DB7497FBE9C5AA393E7E68561-9,1762587806,FCRequestMetrics:/n-matmul-512,30,30,,,0.02,n-matmul-512,true,ac449c8e7f33,,c-690ef48f-0cf1abd9-a7a4b84ee62d,1762587804887,Sync,7853.00,1762587799099,21.0.3.9,false,512,11.38,InvokeFunction,,,LATEST,1-690ef497-0c49fa-f5d7909ce933,OnDemand,,,5787.17,,"{""errorType"":""FunctionAbnormalExitError""}"
,3801AF28D1F06D15DE702CA3D1A78840-9,1762587806,FCRequestMetrics:/n-matmul-512,30,30,,,0.03,n-matmul-512,true,85f7f63caa28,,c-690ef48f-0cf1abd9-8d9a75cfa22a,1762587805035,Sync,7567.94,1762587799381,21.0.3.8,false,512,34.24,InvokeFunction,,,LATEST,1-690ef497-0c49fa-2e69e482c2da,OnDemand,,,5653.30,,"{""errorType"":""FunctionAbnormalExitError""}"
,22262E23B35913584F104007F60CDE44-9,1762587807,FCRequestMetrics:/n-matmul-512,30,30,,,0.03,n-matmul-512,true,5c984f724ebf,,c-690ef48f-0cf1abd9-4d671f684c9c,1762587805006,Sync,7689.55,1762587799357,21.0.3.9,false,512,20.45,InvokeFunction,,,LATEST,1-690ef497-0c0a43-8e6c2d47bc4f,OnDemand,,,5647.59,,"{""errorType"":""FunctionAbnormalExitError""}"
,D57BF307AB3C1DBB07F853EA29DFAA8E-9,1762587807,FCRequestMetrics:/n-matmul-512,30,30,,,0.03,n-matmul-512,true,4a02a8b2ccf7,,c-690ef48f-0cf1abd9-3378a67d936f,1762587805543,Sync,7474.70,1762587799626,21.0.3.10,false,512,2.39,InvokeFunction,,,LATEST,1-690ef497-0c49fa-bf42687bea2f,OnDemand,,,5917.27,,"{""errorType"":""FunctionAbnormalExitError""}"
,78CD85FE04C684FD432ABFF362CBF50C-8,1762587807,FCRequestMetrics:/n-matmul-512,30,30,,,0.02,n-matmul-512,true,6999fff919fb,,c-690ef48f-0cf1abd9-6c6d9044c534,1762587805554,Sync,7512.19,1762587799656,21.0.3.9,false,512,2.07,InvokeFunction,,,LATEST,1-690ef497-0c0a43-90d3cd933807,OnDemand,,,5896.97,,"{""errorType"":""FunctionAbnormalExitError""}"
,32144092075796B61E66CC5CB449FE74-9,1762587807,FCRequestMetrics:/n-matmul-512,30,30,,,0.03,n-matmul-512,true,4e09d5ee1757,,c-690ef48f-0cf1abd9-c9b2724f454d,1762587805103,Sync,7670.01,1762587799551,21.0.3.12,false,512,2.25,InvokeFunction,,,LATEST,1-690ef497-0c49fa-d92d8d4cedb8,OnDemand,,,5551.86,,"{""errorType"":""FunctionAbnormalExitError""}"
,805D0B9C50B0CFD3CF77F88B01A3CC36-8,1762587807,FCRequestMetrics:/n-matmul-512,30,30,,,0.03,n-matmul-512,true,4277c8c89afa,,c-690ef490-0cf1abd9-df579b907295,1762587805315,Sync,7810.62,1762587799598,21.0.3.12,false,512,2.09,InvokeFunction,,,LATEST,1-690ef497-0c0a43-81441354d519,OnDemand,,,5716.33,,"{""errorType"":""FunctionAbnormalExitError""}"
,7F41C0AC9649E78CE4E6389BA04F93F7-9,1762587807,FCRequestMetrics:/n-matmul-512,30,30,,,0.03,n-matmul-512,true,2f9a827ac39a,,c-690ef48f-0cf1abd9-d481ef5b70cb,1762587805199,Sync,7643.55,1762587799589,21.0.3.11,false,512,2.22,InvokeFunction,,,LATEST,1-690ef497-0c49fa-a3ee14ab5e6f,OnDemand,,,5609.23,,"{""errorType"":""FunctionAbnormalExitError""}"
,CA067C7B13641001A367D67FE1936091-9,1762587807,FCRequestMetrics:/n-matmul-512,30,30,,,0.03,n-matmul-512,true,5046f6076057,,c-690ef490-0cf1abd9-851ce87263d1,1762587805691,Sync,7402.28,1762587799971,21.0.3.11,false,512,2.34,InvokeFunction,,,LATEST,1-690ef497-0c49fa-56a7876a844b,OnDemand,,,5719.73,,"{""errorType"":""FunctionAbnormalExitError""}"
,7780C0688E26C68EB0D69712BCDE475F-9,1762587807,FCRequestMetrics:/n-matmul-512,30,30,,,0.03,n-matmul-512,true,333740b1eaee,,c-690ef490-0cf1abd9-b30a2e13f5eb,1762587805936,Sync,6737.01,1762587800730,21.0.3.12,false,512,2.11,InvokeFunction,,,LATEST,1-690ef498-0c0a43-f6ae8afcf593,OnDemand,,,5206.19,,"{""errorType"":""FunctionAbnormalExitError""}"
,F91A17FDEE204113BD7FCEE97E77B19D-9,1762587807,FCRequestMetrics:/n-matmul-512,30,30,,,0.06,n-matmul-512,true,b4a55f945517,,c-690ef48f-0cf1abd9-f3db6505083a,1762587805581,Sync,7458.11,1762587799955,21.0.3.12,false,512,2.36,InvokeFunction,,,LATEST,1-690ef497-0c0a43-cf44fb588335,OnDemand,,,5626.61,,"{""errorType"":""FunctionAbnormalExitError""}"
,A58D23371A460570694E59E83C205D35-8,1762587807,FCRequestMetrics:/n-matmul-512,30,30,,,0.03,n-matmul-512,true,f5099c18cdf1,,c-690ef48f-0cf1abd9-aa29b9d0aa99,1762587805559,Sync,7742.82,1762587799820,21.0.3.11,false,512,2.13,InvokeFunction,,,LATEST,1-690ef497-0c49fa-81cd3d4de4fd,OnDemand,,,5738.97,,"{""errorType"":""FunctionAbnormalExitError""}"
,6CCFB4E4193C923DA012941FDF8BA7C1-9,1762587807,FCRequestMetrics:/n-matmul-512,30,30,,,0.03,n-matmul-512,true,1ea218c34989,,c-690ef48f-0cf1abd9-4c65696b73c9,1762587805814,Sync,6886.47,1762587800722,21.0.3.11,false,512,2.22,InvokeFunction,,,LATEST,1-690ef498-0c49fa-252aeeb75f3f,OnDemand,,,5091.77,,"{""errorType"":""FunctionAbnormalExitError""}"
,A6333F63464BC687DF1965DBFE05F1DB-9,1762587807,FCRequestMetrics:/n-matmul-512,31,31,,,0.02,n-matmul-512,true,3e88eb377bf5,,c-690ef490-0cf1abd9-507f1daf6985,1762587806168,Sync,6955.95,1762587800738,21.0.3.11,false,512,2.13,InvokeFunction,,,LATEST,1-690ef498-0c49fa-2bf253c4b5ce,OnDemand,,,5430.37,,"{""errorType"":""FunctionAbnormalExitError""}"
,7FDD645C18A05AFCA1EE540844E336B4-9,1762587807,FCRequestMetrics:/n-matmul-512,31,31,,,0.03,n-matmul-512,true,005047e6f771,,c-690ef48f-0cf1abd9-a4e85c44b759,1762587806101,Sync,7207.94,1762587800730,21.0.3.12,false,512,4.21,InvokeFunction,,,LATEST,1-690ef498-0c49fa-b2f58555ee3f,OnDemand,,,5371.53,,"{""errorType"":""FunctionAbnormalExitError""}"
,F07C00865CBCDDD3603F2861EC1005E7-9,1762587807,FCRequestMetrics:/n-matmul-512,31,31,,,0.03,n-matmul-512,true,23ed8e688827,,c-690ef48f-0cf1abd9-c9d277f8db04,1762587806239,Sync,7103.43,1762587800736,21.0.3.10,false,512,2.14,InvokeFunction,,,LATEST,1-690ef498-0c49fa-9c8d4d3fd7ad,OnDemand,,,5503.38,,"{""errorType"":""FunctionAbnormalExitError""}"
,F898A01EEA6FFC9C575701D6D0948E55-9,1762587808,FCRequestMetrics:/n-matmul-512,30,30,,,3273.69,n-matmul-512,false,7a16d098497d,,c-690ef48f-0cf1abd9-9a6242cc8b28,1762587805148,Sync,8836.68,1762587799589,21.0.3.8,false,512,24.88,InvokeFunction,,,LATEST,1-690ef497-0c0a43-bdcbf4c60f24,OnDemand,,,5558.86,
,1F1FFC412871BA58DE9DD242432C9C35-6,1762587808,FCRequestMetrics:/n-matmul-512,31,31,,,3275.38,n-matmul-512,false,a2dfb552053b,,c-690ef492-0cf1abd9-8c97f365993b,1762587805104,Sync,8791.67,1762587799590,21.0.3.8,false,512,97.49,InvokeFunction,,,LATEST,1-690ef498-0c0a43-5f7b7cc5cca8,OnDemand,,,5513.60,
,3638871BA5BA6CB81D64084B08F55201-9,1762587808,FCRequestMetrics:/n-matmul-512,30,30,,,2730.03,n-matmul-512,false,d9ddc014a95e,,c-690ef48f-0cf1abd9-ec0c220edbce,1762587805562,Sync,8345.23,1762587799948,21.0.3.8,false,512,29.16,InvokeFunction,,,LATEST,1-690ef497-0c0a43-00664c3b5426,OnDemand,,,5614.24,
,3BDEEDD6F6C1B51E5137A970AE75BAA4-6,1762587808,FCRequestMetrics:/n-matmul-512,31,31,,,3469.69,n-matmul-512,false,3b2b33dbd196,,c-690ef492-0cf1abd9-bbdff8eda83c,1762587805481,Sync,9352.96,1762587799599,21.0.3.9,false,512,39.27,InvokeFunction,,,LATEST,1-690ef498-0c49fa-506d81efc02f,OnDemand,,,5882.27,
,1C05D5B02F01F46143D999E67440A343-9,1762587808,FCRequestMetrics:/n-matmul-512,30,30,,,2827.00,n-matmul-512,false,ded09bee0b2d,,c-690ef48f-0cf1abd9-2bb86706a2c4,1762587805728,Sync,8553.65,1762587800003,21.0.3.9,false,512,26.71,InvokeFunction,,,LATEST,1-690ef498-0c49fa-ce0bc3cdf983,OnDemand,,,5725.73,
,ED99555BBD66FF347A8C8145C62ABE99-2,1762587808,FCRequestMetrics:/n-matmul-512,30,30,1089.90,1762587804139,3388.22,n-matmul-512,false,4bed96722f41,ColdStart,c-690ef49c-0cf1abd9-8088ae7c339c,1762587805231,Sync,9667.71,1762587798954,21.0.3.8,true,512,82.83,InvokeFunction,47.10,1762587804139,LATEST,1-690ef498-0c0a43-e9157c218bbd,OnDemand,1042.68,1762587804186,5185.29,
,9DDF92507C03E777F745C0AA5C83C458-1,1762587808,FCRequestMetrics:/n-matmul-512,35,35,,,3140.98,n-matmul-512,false,ab20715057dd,,c-690ef49e-0cf1abd9-a4d3e4836d71,1762587805742,Sync,4251.96,1762587804633,21.0.3.8,false,512,83.09,InvokeFunction,,,LATEST,1-690ef49e-0c49fa-caa06d189d0c,OnDemand,,,1108.99,
,447511FEAA2C196192B29D0355E78B1D-9,1762587809,FCRequestMetrics:/n-matmul-512,30,30,,,3351.70,n-matmul-512,false,2be5f8bcaa9a,,c-690ef48f-0cf1abd9-405aaa419009,1762587805733,Sync,8499.90,1762587800585,21.0.3.9,false,512,28.74,InvokeFunction,,,LATEST,1-690ef498-0c49fa-12b7eec05ac8,OnDemand,,,5146.93,
,A0E18646E4ED1862BB7852A818D6BD84-9,1762587809,FCRequestMetrics:/n-matmul-512,31,31,,,3279.34,n-matmul-512,false,455c2c4df2d2,,c-690ef48f-0cf1abd9-fff0447ff1dc,1762587806104,Sync,8654.03,1762587800730,21.0.3.8,false,512,28.79,InvokeFunction,,,LATEST,1-690ef498-0c49fa-6e88e0f24309,OnDemand,,,5373.69,
,6448458DC5EEDA4B01194355EB33D0AF-6,1762587809,FCRequestMetrics:/n-matmul-512,34,34,,,3712.73,n-matmul-512,false,e9af6d91c5a8,,c-690ef492-0cf1abd9-8e96e2aae5ad,1762587805877,Sync,9981.99,1762587799608,21.0.3.10,false,512,39.80,InvokeFunction,,,LATEST,1-690ef498-0c49fa-7e187aa3adb8,OnDemand,,,6268.20,
,BD1D69C9267D95E53B2A79C6CB35D41D-7,1762587809,FCRequestMetrics:/n-matmul-512,35,35,,,3557.20,n-matmul-512,false,987841b3d4f5,,c-690ef492-0cf1abd9-b72bb88bbd36,1762587805974,Sync,9921.20,1762587799611,21.0.3.12,false,512,37.81,InvokeFunction,,,LATEST,1-690ef498-0c0a43-d9f7de64d986,OnDemand,,,6362.06,
,B50B6C7E4A9EFD8ADCDAE8E71A8A357B-9,1762587809,FCRequestMetrics:/n-matmul-512,31,31,,,3210.93,n-matmul-512,false,0c3cf93849f8,,c-690ef48f-0cf1abd9-ad135b628654,1762587806122,Sync,8594.28,1762587800739,21.0.3.8,false,512,26.82,InvokeFunction,,,LATEST,1-690ef498-0c0a43-3fdf88997da8,OnDemand,,,5382.23,
,7C823A060900EA64C601C711AE9A8E7B-6,1762587809,FCRequestMetrics:/n-matmul-512,35,35,,,3766.38,n-matmul-512,false,a9c1f9cad0fa,,c-690ef492-0cf1abd9-41b4dd0accbf,1762587805931,Sync,10087.54,1762587799612,21.0.3.11,false,512,38.14,InvokeFunction,,,LATEST,1-690ef498-0c49fa-e94cc79ddd3b,OnDemand,,,6319.13,
,4D57B9EBA87590C7398CF6540746C6BE-9,1762587809,FCRequestMetrics:/n-matmul-512,31,31,,,3116.89,n-matmul-512,false,cf9fc6279e9f,,c-690ef490-0cf1abd9-f9b75dacbfca,1762587806416,Sync,8791.57,1762587800742,21.0.3.10,false,512,26.98,InvokeFunction,,,LATEST,1-690ef498-0c0a43-68bf0d2d063e,OnDemand,,,5673.02,
,148C1B09986999E20AA0FF04F10942D0-9,1762587809,FCRequestMetrics:/n-matmul-512,31,31,,,3205.67,n-matmul-512,false,aa1e2085073a,,c-690ef48f-0cf1abd9-2b72cdd5c5c2,1762587806315,Sync,8782.54,1762587800739,21.0.3.10,false,512,31.89,InvokeFunction,,,LATEST,1-690ef498-0c0a43-d630ad796605,OnDemand,,,5575.79,
,B1B3EF35016788C3424F79DCBD83BB05-9,1762587809,FCRequestMetrics:/n-matmul-512,31,31,,,2810.07,n-matmul-512,false,8e7a4967c312,,c-690ef48f-0cf1abd9-e1933dd451ba,1762587806517,Sync,8582.31,1762587800745,21.0.3.10,false,512,27.17,InvokeFunction,,,LATEST,1-690ef498-0c0a43-1eb69b783192,OnDemand,,,5771.44,
,414BD1893AE2054C5F533C4E4BFB2474-2,1762587809,FCRequestMetrics:/n-matmul-512,31,31,,,3590.93,n-matmul-512,false,e09eb6f846c4,,c-690ef49c-0cf1abd9-96967c00da02,1762587805957,Sync,7199.57,1762587802349,21.0.3.9,false,512,26.48,InvokeFunction,,,LATEST,1-690ef49b-0c0a43-fe9682f856f9,OnDemand,,,3607.84,
,FD6981321571EC68F9E27CDAD26BAC19-1,1762587809,FCRequestMetrics:/n-matmul-512,33,33,2067.90,1762587804081,3801.66,n-matmul-512,false,b2349f9a27e7,ColdStart,c-690ef49c-0cf1abd9-a2407a052b71,1762587806151,Sync,11977.41,1762587797976,21.0.3.12,true,512,28.60,InvokeFunction,99.15,1762587804081,LATEST,1-690ef498-0c0a43-2c11cac5be55,OnDemand,1968.68,1762587804180,6104.82,
,5D2FE67C0EB5779BF4214AF0D6312E51-0,1762587809,FCRequestMetrics:/n-matmul-512,32,32,1932.41,1762587804145,3573.03,n-matmul-512,false,19252a223023,ColdStart,c-690ef49c-0cf1abd9-daf5d7835f02,1762587806080,Sync,11545.29,1762587798111,21.0.3.10,true,512,27.10,InvokeFunction,30.79,1762587804145,LATEST,1-690ef498-0c49fa-a5f846f9cff1,OnDemand,1901.52,1762587804176,6034.35,
,F031090DB7497FBE9C5AA393E7E68561-9,1762587809,FCRequestMetrics:/n-matmul-512,34,34,,,2965.30,n-matmul-512,false,ac449c8e7f33,,c-690ef48f-0cf1abd9-a7a4b84ee62d,1762587806957,Sync,9175.86,1762587800753,21.0.3.9,false,512,26.77,InvokeFunction,,,LATEST,1-690ef498-0c49fa-c9f34ef03ece,OnDemand,,,6204.27,
,3801AF28D1F06D15DE702CA3D1A78840-9,1762587809,FCRequestMetrics:/n-matmul-512,34,34,,,3011.80,n-matmul-512,false,85f7f63caa28,,c-690ef48f-0cf1abd9-8d9a75cfa22a,1762587806954,Sync,9218.25,1762587800749,21.0.3.8,false,512,29.34,InvokeFunction,,,LATEST,1-690ef498-0c49fa-8335ca62944e,OnDemand,,,6205.22,
,60315181B24B66886819325A3EA49E6F-2,1762587809,FCRequestMetrics:/n-matmul-512,36,36,,,3116.60,n-matmul-512,false,0d1aec41c426,,c-690ef49e-0cf1abd9-079fb8593d22,1762587806357,Sync,10206.24,1762587799268,21.0.3.9,false,512,26.48,InvokeFunction,,,LATEST,1-690ef498-0c0a43-05a176226d0f,OnDemand,,,7088.71,
,3D753EA828DEDBBB0DF10FE8437E0EE2-1,1762587809,FCRequestMetrics:/n-matmul-512,37,37,,,3287.47,n-matmul-512,false,13a75e602ffd,,c-690ef49e-0cf1abd9-124626cd631e,1762587806612,Sync,10644.47,1762587799268,21.0.3.12,false,512,27.13,InvokeFunction,,,LATEST,1-690ef498-0c0a43-4a1b18b395a3,OnDemand,,,7343.01,
,1F1FFC412871BA58DE9DD242432C9C35-9,1762587809,FCRequestMetrics:/n-matmul-512,40,40,,,0.03,n-matmul-512,true,a2dfb552053b,,c-690ef492-0cf1abd9-8c97f365993b,1762587808386,Sync,6248.34,1762587803536,21.0.3.8,false,512,58.45,InvokeFunction,,,LATEST,1-690ef49c-0c49fa-1e14819b7834,OnDemand,,,4849.25,,"{""errorType"":""FunctionAbnormalExitError""}"
,B6CBE8EBA74250AA907E560C90566BB4-2,1762587810,FCRequestMetrics:/n-matmul-512,34,34,2196.93,1762587804077,3780.51,n-matmul-512,false,ab282a8889ea,ColdStart,c-690ef49c-0cf1abd9-bbfeef60bc24,1762587806277,Sync,11896.43,1762587798162,21.0.3.11,true,512,27.12,InvokeFunction,91.83,1762587804078,LATEST,1-690ef499-0c49fa-26b6778b728e,OnDemand,2104.42,1762587804170,5915.08,
,22262E23B35913584F104007F60CDE44-9,1762587810,FCRequestMetrics:/n-matmul-512,35,35,,,3076.86,n-matmul-512,false,5c984f724ebf,,c-690ef48f-0cf1abd9-4d671f684c9c,1762587807050,Sync,9372.39,1762587800755,21.0.3.9,false,512,29.11,InvokeFunction,,,LATEST,1-690ef498-0c0a43-f7236dc26495,OnDemand,,,6292.87,
,D57BF307AB3C1DBB07F853EA29DFAA8E-9,1762587810,FCRequestMetrics:/n-matmul-512,35,35,,,3119.43,n-matmul-512,false,4a02a8b2ccf7,,c-690ef48f-0cf1abd9-3378a67d936f,1762587807105,Sync,9475.26,1762587800758,21.0.3.10,false,512,29.23,InvokeFunction,,,LATEST,1-690ef498-0c0a43-9734c9f3d7fc,OnDemand,,,6344.54,
,78CD85FE04C684FD432ABFF362CBF50C-8,1762587810,FCRequestMetrics:/n-matmul-512,35,35,,,3512.39,n-matmul-512,false,6999fff919fb,,c-690ef48f-0cf1abd9-6c6d9044c534,1762587807172,Sync,9923.76,1762587800762,21.0.3.9,false,512,26.96,InvokeFunction,,,LATEST,1-690ef498-0c0a43-9445ad75f6bd,OnDemand,,,6410.49,
,32144092075796B61E66CC5CB449FE74-9,1762587810,FCRequestMetrics:/n-matmul-512,35,35,,,3088.90,n-matmul-512,false,4e09d5ee1757,,c-690ef48f-0cf1abd9-c9b2724f454d,1762587807224,Sync,9550.95,1762587800762,21.0.3.11,false,512,27.07,InvokeFunction,,,LATEST,1-690ef498-0c49fa-7d9dac5275e0,OnDemand,,,6461.00,
,805D0B9C50B0CFD3CF77F88B01A3CC36-8,1762587810,FCRequestMetrics:/n-matmul-512,36,36,,,3191.90,n-matmul-512,false,4277c8c89afa,,c-690ef490-0cf1abd9-df579b907295,1762587807411,Sync,9837.92,1762587800766,21.0.3.12,false,512,28.85,InvokeFunction,,,LATEST,1-690ef498-0c49fa-b8e3f1c22fe6,OnDemand,,,6644.80,
,7F41C0AC9649E78CE4E6389BA04F93F7-9,1762587810,FCRequestMetrics:/n-matmul-512,35,35,,,3037.72,n-matmul-512,false,2f9a827ac39a,,c-690ef48f-0cf1abd9-d481ef5b70cb,1762587807235,Sync,9510.83,1762587800763,21.0.3.12,false,512,29.08,InvokeFunction,,,LATEST,1-690ef498-0c0a43-688e508ef067,OnDemand,,,6471.82,
,CA067C7B13641001A367D67FE1936091-9,1762587810,FCRequestMetrics:/n-matmul-512,36,36,,,2959.12,n-matmul-512,false,5046f6076057,,c-690ef490-0cf1abd9-851ce87263d1,1762587807375,Sync,9571.11,1762587800764,21.0.3.11,false,512,26.76,InvokeFunction,,,LATEST,1-690ef498-0c0a43-88fb94166bd5,OnDemand,,,6611.15,
,7780C0688E26C68EB0D69712BCDE475F-9,1762587810,FCRequestMetrics:/n-matmul-512,36,36,,,2943.98,n-matmul-512,false,333740b1eaee,,c-690ef490-0cf1abd9-b30a2e13f5eb,1762587807469,Sync,9647.58,1762587800766,21.0.3.12,false,512,26.39,InvokeFunction,,,LATEST,1-690ef498-0c0a43-8d36c514e143,OnDemand,,,6701.36,
,F91A17FDEE204113BD7FCEE97E77B19D-9,1762587810,FCRequestMetrics:/n-matmul-512,36,36,,,3115.73,n-matmul-512,false,b4a55f945517,,c-690ef48f-0cf1abd9-f3db6505083a,1762587807415,Sync,9765.61,1762587800766,21.0.3.12,false,512,26.68,InvokeFunction,,,LATEST,1-690ef498-0c0a43-3bd00a94ca45,OnDemand,,,6648.29,
,A58D23371A460570694E59E83C205D35-8,1762587810,FCRequestMetrics:/n-matmul-512,36,36,,,3044.61,n-matmul-512,false,f5099c18cdf1,,c-690ef48f-0cf1abd9-aa29b9d0aa99,1762587807566,Sync,9843.43,1762587800768,21.0.3.11,false,512,27.10,InvokeFunction,,,LATEST,1-690ef498-0c49fa-549cd8219ab8,OnDemand,,,6797.77,
,A6333F63464BC687DF1965DBFE05F1DB-9,1762587810,FCRequestMetrics:/n-matmul-512,36,36,,,3095.91,n-matmul-512,false,3e88eb377bf5,,c-690ef490-0cf1abd9-507f1daf6985,1762587807696,Sync,10023.00,1762587800770,21.0.3.11,false,512,26.55,InvokeFunction,,,LATEST,1-690ef498-0c49fa-fcc79b84c281,OnDemand,,,6926.23,
,F07C00865CBCDDD3603F2861EC1005E7-9,1762587810,FCRequestMetrics:/n-matmul-512,36,36,,,3145.02,n-matmul-512,false,23ed8e688827,,c-690ef48f-0cf1abd9-c9d277f8db04,1762587807842,Sync,10216.96,1762587800771,21.0.3.10,false,512,26.91,InvokeFunction,,,LATEST,1-690ef498-0c49fa-bd130539739b,OnDemand,,,7070.94,
,C1D7342C162E0433E3DCC69A36E49279-1,1762587810,FCRequestMetrics:/n-matmul-512,37,37,2031.43,1762587804547,3521.84,n-matmul-512,false,c1850f6d6120,ColdStart,c-690ef49e-0cf1abd9-bea541164f91,1762587806585,Sync,12341.51,1762587797772,21.0.3.11,true,512,27.15,InvokeFunction,39.78,1762587804548,LATEST,1-690ef499-0c49fa-2882b100bbd3,OnDemand,1991.58,1762587804587,6775.85,
,EAD7BD32D52FA8C0EC561AB86D8BB129-2,1762587810,FCRequestMetrics:/n-matmul-512,37,37,,,3530.44,n-matmul-512,false,9697e733b066,,c-690ef49e-0cf1abd9-b7f83cb23224,1762587806564,Sync,10057.70,1762587800043,21.0.3.10,false,512,26.43,InvokeFunction,,,LATEST,1-690ef499-0c49fa-73f9ab4ea9b9,OnDemand,,,6520.68,
,3BDEEDD6F6C1B51E5137A970AE75BAA4-9,1762587810,FCRequestMetrics:/n-matmul-512,40,40,,,0.03,n-matmul-512,true,3b2b33dbd196,,c-690ef492-0cf1abd9-bbdff8eda83c,1762587808957,Sync,4357.57,1762587806176,21.0.3.9,false,512,2.05,InvokeFunction,,,LATEST,1-690ef49f-0c49fa-9c43a9d2ceb0,OnDemand,,,2781.69,,"{""errorType"":""FunctionAbnormalExitError""}"
,6CCFB4E4193C923DA012941FDF8BA7C1-9,1762587811,FCRequestMetrics:/n-matmul-512,36,36,,,3411.38,n-matmul-512,false,1ea218c34989,,c-690ef48f-0cf1abd9-4c65696b73c9,1762587807613,Sync,10254.89,1762587800771,21.0.3.11,false,512,26.56,InvokeFunction,,,LATEST,1-690ef498-0c49fa-92cd8c0e3931,OnDemand,,,6842.52,
,7FDD645C18A05AFCA1EE540844E336B4-9,1762587811,FCRequestMetrics:/n-matmul-512,37,37,,,3299.18,n-matmul-512,false,005047e6f771,,c-690ef48f-0cf1abd9-a4e85c44b759,1762587807941,Sync,10468.43,1762587800772,21.0.3.12,false,512,28.79,InvokeFunction,,,LATEST,1-690ef498-0c49fa-862b2c9a10d8,OnDemand,,,7168.29,
,F898A01EEA6FFC9C575701D6D0948E55-B,1762587811,FCRequestMetrics:/n-matmul-512,40,40,,,2917.11,n-matmul-512,false,7a16d098497d,,c-690ef48f-0cf1abd9-9a6242cc8b28,1762587808429,Sync,10262.05,1762587801086,21.0.3.8,false,512,32.44,InvokeFunction,,,LATEST,1-690ef499-0c49fa-833a44403c6f,OnDemand,,,7343.24,
,3638871BA5BA6CB81D64084B08F55201-B,1762587811,FCRequestMetrics:/n-matmul-512,40,40,,,2882.37,n-matmul-512,false,d9ddc014a95e,,c-690ef48f-0cf1abd9-ec0c220edbce,1762587808296,Sync,10122.54,1762587801062,21.0.3.8,false,512,36.25,InvokeFunction,,,LATEST,1-690ef499-0c0a43-4de8f4abe186,OnDemand,,,7234.36,
,1C05D5B02F01F46143D999E67440A343-B,1762587811,FCRequestMetrics:/n-matmul-512,40,40,,,2906.75,n-matmul-512,false,ded09bee0b2d,,c-690ef48f-0cf1abd9-2bb86706a2c4,1762587808560,Sync,10381.79,1762587801086,21.0.3.9,false,512,34.19,InvokeFunction,,,LATEST,1-690ef499-0c49fa-5e572a4d41dc,OnDemand,,,7473.60,
,BD1D69C9267D95E53B2A79C6CB35D41D-9,1762587811,FCRequestMetrics:/n-matmul-512,40,40,,,0.53,n-matmul-512,true,987841b3d4f5,,c-690ef492-0cf1abd9-b72bb88bbd36,1762587809540,Sync,2527.07,1762587808819,21.0.3.12,false,512,2.15,InvokeFunction,,,LATEST,1-690ef4a1-0c0a43-f51ad4fcb4df,OnDemand,,,721.46,,"{""errorType"":""FunctionAbnormalExitError""}"
,447511FEAA2C196192B29D0355E78B1D-B,1762587812,FCRequestMetrics:/n-matmul-512,40,40,,,3015.36,n-matmul-512,false,2be5f8bcaa9a,,c-690ef48f-0cf1abd9-405aaa419009,1762587809088,Sync,10888.54,1762587801216,21.0.3.9,false,512,36.27,InvokeFunction,,,LATEST,1-690ef499-0c0a43-c32e1ff02649,OnDemand,,,7872.39,
,ED99555BBD66FF347A8C8145C62ABE99-3,1762587812,FCRequestMetrics:/n-matmul-512,40,40,,,3943.62,n-matmul-512,false,4bed96722f41,,c-690ef49c-0cf1abd9-8088ae7c339c,1762587808625,Sync,7073.32,1762587805496,21.0.3.8,false,512,90.54,InvokeFunction,,,LATEST,1-690ef49e-0c0a43-33b101cd6f99,OnDemand,,,3128.55,
,A0E18646E4ED1862BB7852A818D6BD84-B,1762587812,FCRequestMetrics:/n-matmul-512,40,40,,,3453.62,n-matmul-512,false,455c2c4df2d2,,c-690ef48f-0cf1abd9-fff0447ff1dc,1762587809389,Sync,6127.34,1762587806717,21.0.3.8,false,512,36.09,InvokeFunction,,,LATEST,1-690ef49e-0c49fa-5e6556678eef,OnDemand,,,2671.90,
,B50B6C7E4A9EFD8ADCDAE8E71A8A357B-B,1762587812,FCRequestMetrics:/n-matmul-512,40,40,,,2926.18,n-matmul-512,false,0c3cf93849f8,,c-690ef48f-0cf1abd9-ad135b628654,1762587809336,Sync,9119.09,1762587803145,21.0.3.8,false,512,34.16,InvokeFunction,,,LATEST,1-690ef49b-0c0a43-4c20c17a27aa,OnDemand,,,6191.37,
,4D57B9EBA87590C7398CF6540746C6BE-B,1762587812,FCRequestMetrics:/n-matmul-512,40,40,,,2915.09,n-matmul-512,false,cf9fc6279e9f,,c-690ef490-0cf1abd9-f9b75dacbfca,1762587809537,Sync,5393.94,1762587807059,21.0.3.10,false,512,34.59,InvokeFunction,,,LATEST,1-690ef49f-0c0a43-a48a3a6b306c,OnDemand,,,2477.88,
,148C1B09986999E20AA0FF04F10942D0-B,1762587812,FCRequestMetrics:/n-matmul-512,40,40,,,2971.35,n-matmul-512,false,aa1e2085073a,,c-690ef48f-0cf1abd9-2b72cdd5c5c2,1762587809525,Sync,8442.39,1762587804055,21.0.3.10,false,512,38.33,InvokeFunction,,,LATEST,1-690ef49c-0c49fa-3feb633886c7,OnDemand,,,5470.15,
,B1B3EF35016788C3424F79DCBD83BB05-A,1762587812,FCRequestMetrics:/n-matmul-512,40,40,,,2964.75,n-matmul-512,false,8e7a4967c312,,c-690ef48f-0cf1abd9-e1933dd451ba,1762587809331,Sync,6020.81,1762587806276,21.0.3.10,false,512,34.45,InvokeFunction,,,LATEST,1-690ef49e-0c49fa-24fec835ce0c,OnDemand,,,3055.08,
,F031090DB7497FBE9C5AA393E7E68561-B,1762587812,FCRequestMetrics:/n-matmul-512,40,40,,,2984.91,n-matmul-512,false,ac449c8e7f33,,c-690ef48f-0cf1abd9-a7a4b84ee62d,1762587809933,Sync,5762.60,1762587807157,21.0.3.9,false,512,34.38,InvokeFunction,,,LATEST,1-690ef49f-0c49fa-7029dc04e660,OnDemand,,,2775.62,
,3801AF28D1F06D15DE702CA3D1A78840-B,1762587812,FCRequestMetrics:/n-matmul-512,40,40,,,3019.07,n-matmul-512,false,85f7f63caa28,,c-690ef48f-0cf1abd9-8d9a75cfa22a,1762587809970,Sync,3624.88,1762587809365,21.0.3.8,false,512,36.18,InvokeFunction,,,LATEST,1-690ef4a1-0c0a43-e9ae938e3439,OnDemand,,,604.76,
,9DDF92507C03E777F745C0AA5C83C458-4,1762587812,FCRequestMetrics:/n-matmul-512,40,40,,,3788.76,n-matmul-512,false,ab20715057dd,,c-690ef49e-0cf1abd9-a4d3e4836d71,1762587808898,Sync,4466.57,1762587808221,21.0.3.8,false,512,90.82,InvokeFunction,,,LATEST,1-690ef4a1-0c0a43-4ce488db2e75,OnDemand,,,676.45,
,6448458DC5EEDA4B01194355EB33D0AF-9,1762587812,FCRequestMetrics:/n-matmul-512,40,40,,,0.04,n-matmul-512,true,e9af6d91c5a8,,c-690ef492-0cf1abd9-8e96e2aae5ad,1762587809594,Sync,3518.98,1762587808818,21.0.3.10,false,512,2.37,InvokeFunction,,,LATEST,1-690ef4a1-0c49fa-7d9abe62787e,OnDemand,,,775.72,,"{""errorType"":""FunctionAbnormalExitError""}"
,7C823A060900EA64C601C711AE9A8E7B-9,1762587812,FCRequestMetrics:/n-matmul-512,40,40,,,0.03,n-matmul-512,true,a9c1f9cad0fa,,c-690ef492-0cf1abd9-41b4dd0accbf,1762587809706,Sync,3272.79,1762587808831,21.0.3.11,false,512,2.12,InvokeFunction,,,LATEST,1-690ef4a1-0c0a43-532cc49a12dd,OnDemand,,,873.13,,"{""errorType"":""FunctionAbnormalExitError""}"
,537821DDAFE9614566F0064DDB274514-1,1762587813,FCRequestMetrics:/n-matmul-512,40,40,,,3737.29,n-matmul-512,false,e7a61b8cb4fe,,c-690ef4a1-0cf1abd9-564b243bc6a8,1762587810214,Sync,4381.32,1762587809576,21.0.3.8,false,512,79.08,InvokeFunction,,,LATEST,1-690ef4a2-0c49fa-6b0dc7de21b0,OnDemand,,,637.59,
,9ADEFA90B0D30226FA9EC5C9D5AE07C5-2,1762587813,FCRequestMetrics:/n-matmul-512,40,40,,,3353.28,n-matmul-512,false,720d5821fc65,,c-690ef4a1-0cf1abd9-d2a0858351d9,1762587810209,Sync,4579.61,1762587808984,21.0.3.9,false,512,32.76,InvokeFunction,,,LATEST,1-690ef4a1-0c49fa-4bed141248d9,OnDemand,,,1224.76,
,414BD1893AE2054C5F533C4E4BFB2474-3,1762587813,FCRequestMetrics:/n-matmul-512,40,40,,,4177.65,n-matmul-512,false,e09eb6f846c4,,c-690ef49c-0cf1abd9-96967c00da02,1762587809552,Sync,4922.38,1762587808809,21.0.3.9,false,512,34.73,InvokeFunction,,,LATEST,1-690ef4a1-0c0a43-d949cb1c5907,OnDemand,,,742.69,
,FD6981321571EC68F9E27CDAD26BAC19-4,1762587813,FCRequestMetrics:/n-matmul-512,40,40,,,3753.39,n-matmul-512,false,b2349f9a27e7,,c-690ef49c-0cf1abd9-a2407a052b71,1762587809957,Sync,4691.41,1762587809020,21.0.3.12,false,512,36.42,InvokeFunction,,,LATEST,1-690ef4a1-0c0a43-c80a25c3e82a,OnDemand,,,936.94,
,5D2FE67C0EB5779BF4214AF0D6312E51-4,1762587813,FCRequestMetrics:/n-matmul-512,40,40,,,4208.51,n-matmul-512,false,19252a223023,,c-690ef49c-0cf1abd9-daf5d7835f02,1762587809665,Sync,4863.58,1762587809011,21.0.3.10,false,512,34.32,InvokeFunction,,,LATEST,1-690ef4a1-0c0a43-ac5ee9dff27a,OnDemand,,,653.96,
,B6CBE8EBA74250AA907E560C90566BB4-4,1762587813,FCRequestMetrics:/n-matmul-512,40,40,,,3730.47,n-matmul-512,false,ab282a8889ea,,c-690ef49c-0cf1abd9-bbfeef60bc24,1762587810083,Sync,4778.21,1762587809038,21.0.3.11,false,512,34.27,InvokeFunction,,,LATEST,1-690ef4a1-0c49fa-2bc84de567be,OnDemand,,,1034.47,
,22262E23B35913584F104007F60CDE44-B,1762587813,FCRequestMetrics:/n-matmul-512,40,40,,,3132.05,n-matmul-512,false,5c984f724ebf,,c-690ef48f-0cf1abd9-4d671f684c9c,1762587810131,Sync,3893.94,1762587809369,21.0.3.9,false,512,36.59,InvokeFunction,,,LATEST,1-690ef4a1-0c0a43-df3530482469,OnDemand,,,760.89,
,D57BF307AB3C1DBB07F853EA29DFAA8E-B,1762587813,FCRequestMetrics:/n-matmul-512,40,40,,,2959.18,n-matmul-512,false,4a02a8b2ccf7,,c-690ef48f-0cf1abd9-3378a67d936f,1762587810245,Sync,3820.15,1762587809385,21.0.3.10,false,512,36.03,InvokeFunction,,,LATEST,1-690ef4a1-0c0a43-2ac0669588cf,OnDemand,,,860.20,
,32144092075796B61E66CC5CB449FE74-B,1762587813,FCRequestMetrics:/n-matmul-512,40,40,,,3076.81,n-matmul-512,false,4e09d5ee1757,,c-690ef48f-0cf1abd9-c9b2724f454d,1762587810317,Sync,3681.83,1762587809713,21.0.3.11,false,512,34.45,InvokeFunction,,,LATEST,1-690ef4a1-0c49fa-6b0cac730347,OnDemand,,,604.04,
,805D0B9C50B0CFD3CF77F88B01A3CC36-A,1762587813,FCRequestMetrics:/n-matmul-512,40,40,,,2912.67,n-matmul-512,false,4277c8c89afa,,c-690ef490-0cf1abd9-df579b907295,1762587810607,Sync,3797.75,1762587809723,21.0.3.12,false,512,36.62,InvokeFunction,,,LATEST,1-690ef4a1-0c49fa-b0ccbf4a21e2,OnDemand,,,884.37,
,7F41C0AC9649E78CE4E6389BA04F93F7-B,1762587813,FCRequestMetrics:/n-matmul-512,40,40,,,2968.65,n-matmul-512,false,2f9a827ac39a,,c-690ef48f-0cf1abd9-d481ef5b70cb,1762587810277,Sync,3727.71,1762587809519,21.0.3.12,false,512,36.46,InvokeFunction,,,LATEST,1-690ef4a1-0c49fa-154f875ba183,OnDemand,,,758.16,
,CA067C7B13641001A367D67FE1936091-B,1762587813,FCRequestMetrics:/n-matmul-512,40,40,,,2990.94,n-matmul-512,false,5046f6076057,,c-690ef490-0cf1abd9-851ce87263d1,1762587810337,Sync,3615.48,1762587809713,21.0.3.11,false,512,34.55,InvokeFunction,,,LATEST,1-690ef4a1-0c0a43-4472795d4228,OnDemand,,,623.91,
,7780C0688E26C68EB0D69712BCDE475F-A,1762587813,FCRequestMetrics:/n-matmul-512,40,40,,,3029.27,n-matmul-512,false,333740b1eaee,,c-690ef490-0cf1abd9-b30a2e13f5eb,1762587810417,Sync,3730.21,1762587809717,21.0.3.12,false,512,33.90,InvokeFunction,,,LATEST,1-690ef4a1-0c49fa-919a1ff9b3aa,OnDemand,,,699.34,
,F91A17FDEE204113BD7FCEE97E77B19D-B,1762587813,FCRequestMetrics:/n-matmul-512,40,40,,,2980.49,n-matmul-512,false,b4a55f945517,,c-690ef48f-0cf1abd9-f3db6505083a,1762587810535,Sync,3794.87,1762587809721,21.0.3.12,false,512,34.48,InvokeFunction,,,LATEST,1-690ef4a1-0c0a43-fd14d964e2b1,OnDemand,,,812.98,
,A58D23371A460570694E59E83C205D35-B,1762587813,FCRequestMetrics:/n-matmul-512,40,40,,,2972.09,n-matmul-512,false,f5099c18cdf1,,c-690ef48f-0cf1abd9-aa29b9d0aa99,1762587810614,Sync,3864.12,1762587809723,21.0.3.11,false,512,34.09,InvokeFunction,,,LATEST,1-690ef4a1-0c49fa-771f63a76c10,OnDemand,,,891.34,
,A6333F63464BC687DF1965DBFE05F1DB-B,1762587813,FCRequestMetrics:/n-matmul-512,40,40,,,2885.17,n-matmul-512,false,3e88eb377bf5,,c-690ef490-0cf1abd9-507f1daf6985,1762587810796,Sync,3936.23,1762587809746,21.0.3.11,false,512,34.47,InvokeFunction,,,LATEST,1-690ef4a1-0c0a43-657ffce0767d,OnDemand,,,1049.79,
,60315181B24B66886819325A3EA49E6F-4,1762587813,FCRequestMetrics:/n-matmul-512,40,40,,,3618.97,n-matmul-512,false,0d1aec41c426,,c-690ef49e-0cf1abd9-079fb8593d22,1762587809479,Sync,4850.86,1762587808247,21.0.3.9,false,512,34.33,InvokeFunction,,,LATEST,1-690ef4a1-0c0a43-4db9738716c7,OnDemand,,,1230.81,
,C1D7342C162E0433E3DCC69A36E49279-4,1762587813,FCRequestMetrics:/n-matmul-512,43,43,,,3500.18,n-matmul-512,false,c1850f6d6120,,c-690ef49e-0cf1abd9-bea541164f91,1762587810117,Sync,5352.95,1762587808267,21.0.3.11,false,512,34.84,InvokeFunction,,,LATEST,1-690ef4a1-0c49fa-f1af1c9c6f42,OnDemand,,,1849.74,
,EAD7BD32D52FA8C0EC561AB86D8BB129-4,1762587813,FCRequestMetrics:/n-matmul-512,43,43,,,3654.48,n-matmul-512,false,9697e733b066,,c-690ef49e-0cf1abd9-b7f83cb23224,1762587810104,Sync,5493.34,1762587808266,21.0.3.10,false,512,33.93,InvokeFunction,,,LATEST,1-690ef4a1-0c0a43-fc6fe02e5d53,OnDemand,,,1838.07,
,3D753EA828DEDBBB0DF10FE8437E0EE2-4,1762587813,FCRequestMetrics:/n-matmul-512,42,42,,,3806.45,n-matmul-512,false,13a75e602ffd,,c-690ef49e-0cf1abd9-124626cd631e,1762587809919,Sync,5458.39,1762587808267,21.0.3.12,false,512,34.65,InvokeFunction,,,LATEST,1-690ef4a1-0c0a43-aacd8b65ffe2,OnDemand,,,1651.10,
,F898A01EEA6FFC9C575701D6D0948E55-B,1762587814,FCRequestMetrics:/n-matmul-512,42,42,,,3006.01,n-matmul-512,false,7a16d098497d,,c-690ef48f-0cf1abd9-9a6242cc8b28,1762587811352,Sync,4594.40,1762587809766,21.0.3.8,false,512,34.47,InvokeFunction,,,LATEST,1-690ef4a1-0c49fa-9d759b9276b7,OnDemand,,,1585.74,
,1F1FFC412871BA58DE9DD242432C9C35-9,1762587814,FCRequestMetrics:/n-matmul-512,40,40,,,4503.76,n-matmul-512,false,a2dfb552053b,,c-690ef492-0cf1abd9-8c97f365993b,1762587809791,Sync,5453.06,1762587808843,21.0.3.8,false,512,28.64,InvokeFunction,,,LATEST,1-690ef4a1-0c0a43-a7b2c659a0b6,OnDemand,,,946.20,
,3638871BA5BA6CB81D64084B08F55201-B,1762587814,FCRequestMetrics:/n-matmul-512,42,42,,,3041.34,n-matmul-512,false,d9ddc014a95e,,c-690ef48f-0cf1abd9-ec0c220edbce,1762587811187,Sync,4464.74,1762587809764,21.0.3.8,false,512,38.18,InvokeFunction,,,LATEST,1-690ef4a1-0c0a43-2a1b956de48e,OnDemand,,,1422.52,
,1C05D5B02F01F46143D999E67440A343-B,1762587814,FCRequestMetrics:/n-matmul-512,43,43,,,3030.04,n-matmul-512,false,ded09bee0b2d,,c-690ef48f-0cf1abd9-2bb86706a2c4,1762587811474,Sync,4736.38,1762587809768,21.0.3.9,false,512,36.11,InvokeFunction,,,LATEST,1-690ef4a1-0c49fa-8197aa2ff6eb,OnDemand,,,1705.12,
,646B33D459BD0A9244D32F781DAF3418-2,1762587814,FCRequestMetrics:/n-matmul-512,42,42,,,3943.06,n-matmul-512,false,5d92a283eb8a,,c-690ef4a1-0cf1abd9-de1abe369d37,1762587810646,Sync,4708.78,1762587809881,21.0.3.10,false,512,27.27,InvokeFunction,,,LATEST,1-690ef4a2-0c49fa-d86ed9c4e288,OnDemand,,,764.43,
,90D8D68606671C7D3CC9428DB5D1A5ED-1,1762587814,FCRequestMetrics:/n-matmul-512,43,43,,,4062.71,n-matmul-512,false,43290576c1e6,,c-690ef4a1-0cf1abd9-784f475cf818,1762587810853,Sync,4441.45,1762587810475,21.0.3.11,false,512,29.10,InvokeFunction,,,LATEST,1-690ef4a3-0c0a43-8b787fe35cf0,OnDemand,,,377.62,
,13AC9179567B6A88BE4E678F8CBCF027-1,1762587814,FCRequestMetrics:/n-matmul-512,44,44,,,3935.12,n-matmul-512,false,c1270f7ffdb8,,c-690ef4a1-0cf1abd9-661404bfd8df,1762587810908,Sync,4521.87,1762587810322,21.0.3.12,false,512,26.98,InvokeFunction,,,LATEST,1-690ef4a3-0c49fa-5f25a070c441,OnDemand,,,585.42,
,78CD85FE04C684FD432ABFF362CBF50C-A,1762587814,FCRequestMetrics:/n-matmul-512,40,40,,,3562.12,n-matmul-512,false,6999fff919fb,,c-690ef48f-0cf1abd9-6c6d9044c534,1762587810689,Sync,4522.08,1762587809730,21.0.3.9,false,512,34.52,InvokeFunction,,,LATEST,1-690ef4a1-0c0a43-d0693ee702ac,OnDemand,,,958.91,
,6CCFB4E4193C923DA012941FDF8BA7C1-B,1762587814,FCRequestMetrics:/n-matmul-512,40,40,,,3374.69,n-matmul-512,false,1ea218c34989,,c-690ef48f-0cf1abd9-4c65696b73c9,1762587811029,Sync,4641.11,1762587809764,21.0.3.11,false,512,34.11,InvokeFunction,,,LATEST,1-690ef4a1-0c0a43-ac99790c8348,OnDemand,,,1264.79,
,7FDD645C18A05AFCA1EE540844E336B4-B,1762587814,FCRequestMetrics:/n-matmul-512,42,42,,,3392.00,n-matmul-512,false,005047e6f771,,c-690ef48f-0cf1abd9-a4e85c44b759,1762587811244,Sync,4872.26,1762587809764,21.0.3.12,false,512,36.58,InvokeFunction,,,LATEST,1-690ef4a1-0c0a43-689abb4163a6,OnDemand,,,1479.29,
,F07C00865CBCDDD3603F2861EC1005E7-B,1762587814,FCRequestMetrics:/n-matmul-512,40,40,,,3438.66,n-matmul-512,false,23ed8e688827,,c-690ef48f-0cf1abd9-c9d277f8db04,1762587810991,Sync,4669.18,1762587809761,21.0.3.10,false,512,34.45,InvokeFunction,,,LATEST,1-690ef4a1-0c0a43-4c50fa062dae,OnDemand,,,1229.71,
,447511FEAA2C196192B29D0355E78B1D-B,1762587815,FCRequestMetrics:/n-matmul-512,45,45,,,2891.77,n-matmul-512,false,2be5f8bcaa9a,,c-690ef48f-0cf1abd9-405aaa419009,1762587812108,Sync,5230.33,1762587809771,21.0.3.9,false,512,38.05,InvokeFunction,,,LATEST,1-690ef4a1-0c0a43-2d3a0ab83c3d,OnDemand,,,2335.83,
,B50B6C7E4A9EFD8ADCDAE8E71A8A357B-B,1762587815,FCRequestMetrics:/n-matmul-512,45,45,,,3042.64,n-matmul-512,false,0c3cf93849f8,,c-690ef48f-0cf1abd9-ad135b628654,1762587812267,Sync,5537.14,1762587809773,21.0.3.8,false,512,36.32,InvokeFunction,,,LATEST,1-690ef4a1-0c0a43-e10f4f0b0271,OnDemand,,,2493.28,
,4D57B9EBA87590C7398CF6540746C6BE-B,1762587815,FCRequestMetrics:/n-matmul-512,45,45,,,3021.37,n-matmul-512,false,cf9fc6279e9f,,c-690ef490-0cf1abd9-f9b75dacbfca,1762587812455,Sync,5702.88,1762587809775,21.0.3.10,false,512,36.37,InvokeFunction,,,LATEST,1-690ef4a1-0c0a43-3b2ea5b14454,OnDemand,,,2680.01,
,148C1B09986999E20AA0FF04F10942D0-B,1762587815,FCRequestMetrics:/n-matmul-512,45,45,,,2896.91,n-matmul-512,false,aa1e2085073a,,c-690ef48f-0cf1abd9-2b72cdd5c5c2,1762587812501,Sync,5621.00,1762587809777,21.0.3.10,false,512,40.18,InvokeFunction,,,LATEST,1-690ef4a1-0c49fa-7166086ec209,OnDemand,,,2723.32,
,B1B3EF35016788C3424F79DCBD83BB05-A,1762587815,FCRequestMetrics:/n-matmul-512,45,45,,,3132.01,n-matmul-512,false,8e7a4967c312,,c-690ef48f-0cf1abd9-e1933dd451ba,1762587812299,Sync,5657.96,1762587809774,21.0.3.10,false,512,36.67,InvokeFunction,,,LATEST,1-690ef4a1-0c0a43-038a60eac76a,OnDemand,,,2525.12,
,F031090DB7497FBE9C5AA393E7E68561-B,1762587815,FCRequestMetrics:/n-matmul-512,45,45,,,2856.66,n-matmul-512,false,ac449c8e7f33,,c-690ef48f-0cf1abd9-a7a4b84ee62d,1762587812924,Sync,5999.63,1762587809782,21.0.3.9,false,512,36.03,InvokeFunction,,,LATEST,1-690ef4a1-0c49fa-327a535a5cdf,OnDemand,,,3141.18,
,3801AF28D1F06D15DE702CA3D1A78840-B,1762587815,FCRequestMetrics:/n-matmul-512,45,45,,,2984.67,n-matmul-512,false,85f7f63caa28,,c-690ef48f-0cf1abd9-8d9a75cfa22a,1762587812993,Sync,6198.14,1762587809784,21.0.3.8,false,512,38.50,InvokeFunction,,,LATEST,1-690ef4a1-0c49fa-7756a5ef0079,OnDemand,,,3208.35,
,3BDEEDD6F6C1B51E5137A970AE75BAA4-B,1762587815,FCRequestMetrics:/n-matmul-512,42,42,,,5121.76,n-matmul-512,false,3b2b33dbd196,,c-690ef492-0cf1abd9-bbdff8eda83c,1762587810536,Sync,6721.50,1762587808939,21.0.3.9,false,512,26.89,InvokeFunction,,,LATEST,1-690ef4a1-0c49fa-8d6b9e7d993b,OnDemand,,,1596.88,
,9DDF92507C03E777F745C0AA5C83C458-6,1762587815,FCRequestMetrics:/n-matmul-512,47,47,,,3003.48,n-matmul-512,false,ab20715057dd,,c-690ef49e-0cf1abd9-a4d3e4836d71,1762587812690,Sync,7404.54,1762587808290,21.0.3.8,false,512,92.62,InvokeFunction,,,LATEST,1-690ef4a1-0c0a43-b9c5dcfc79f1,OnDemand,,,4400.04,
,22262E23B35913584F104007F60CDE44-B,1762587816,FCRequestMetrics:/n-matmul-512,45,45,,,3048.16,n-matmul-512,false,5c984f724ebf,,c-690ef48f-0cf1abd9-4d671f684c9c,1762587813266,Sync,6528.74,1762587809787,21.0.3.9,false,512,38.53,InvokeFunction,,,LATEST,1-690ef4a1-0c49fa-0befe778e856,OnDemand,,,3479.64,
,D57BF307AB3C1DBB07F853EA29DFAA8E-B,1762587816,FCRequestMetrics:/n-matmul-512,45,45,,,2966.17,n-matmul-512,false,4a02a8b2ccf7,,c-690ef48f-0cf1abd9-3378a67d936f,1762587813208,Sync,6389.26,1762587809786,21.0.3.10,false,512,37.94,InvokeFunction,,,LATEST,1-690ef4a1-0c0a43-6822a7f9afd4,OnDemand,,,3421.97,
,32144092075796B61E66CC5CB449FE74-B,1762587816,FCRequestMetrics:/n-matmul-512,45,45,,,2932.64,n-matmul-512,false,4e09d5ee1757,,c-690ef48f-0cf1abd9-c9b2724f454d,1762587813398,Sync,6542.02,1762587809789,21.0.3.11,false,512,36.55,InvokeFunction,,,LATEST,1-690ef4a1-0c49fa-fc7239e4223a,OnDemand,,,3608.48,
,805D0B9C50B0CFD3CF77F88B01A3CC36-A,1762587816,FCRequestMetrics:/n-matmul-512,45,45,,,3119.22,n-matmul-512,false,4277c8c89afa,,c-690ef490-0cf1abd9-df579b907295,1762587813525,Sync,6853.51,1762587809791,21.0.3.12,false,512,38.63,InvokeFunction,,,LATEST,1-690ef4a1-0c49fa-cd7ddb7dc3c5,OnDemand,,,3733.34,
,7F41C0AC9649E78CE4E6389BA04F93F7-B,1762587816,FCRequestMetrics:/n-matmul-512,45,45,,,2849.56,n-matmul-512,false,2f9a827ac39a,,c-690ef48f-0cf1abd9-d481ef5b70cb,1762587813250,Sync,6313.31,1762587809787,21.0.3.12,false,512,38.26,InvokeFunction,,,LATEST,1-690ef4a1-0c0a43-8fd278835c29,OnDemand,,,3462.81,
,CA067C7B13641001A367D67FE1936091-B,1762587816,FCRequestMetrics:/n-matmul-512,45,45,,,3080.32,n-matmul-512,false,5046f6076057,,c-690ef490-0cf1abd9-851ce87263d1,1762587813332,Sync,6623.84,1762587809789,21.0.3.11,false,512,36.67,InvokeFunction,,,LATEST,1-690ef4a1-0c0a43-4f8fb2dc4a7d,OnDemand,,,3542.08,
,7780C0688E26C68EB0D69712BCDE475F-A,1762587816,FCRequestMetrics:/n-matmul-512,45,45,,,2983.60,n-matmul-512,false,333740b1eaee,,c-690ef490-0cf1abd9-b30a2e13f5eb,1762587813453,Sync,6647.63,1762587809790,21.0.3.12,false,512,36.14,InvokeFunction,,,LATEST,1-690ef4a1-0c49fa-0cb204f96afd,OnDemand,,,3663.03,
,F91A17FDEE204113BD7FCEE97E77B19D-B,1762587816,FCRequestMetrics:/n-matmul-512,45,45,,,2979.12,n-matmul-512,false,b4a55f945517,,c-690ef48f-0cf1abd9-f3db6505083a,1762587813519,Sync,6709.03,1762587809790,21.0.3.12,false,512,36.17,InvokeFunction,,,LATEST,1-690ef4a1-0c0a43-c6120b726a2c,OnDemand,,,3728.76,
,A58D23371A460570694E59E83C205D35-B,1762587816,FCRequestMetrics:/n-matmul-512,45,45,,,2932.91,n-matmul-512,false,f5099c18cdf1,,c-690ef48f-0cf1abd9-aa29b9d0aa99,1762587813590,Sync,6732.02,1762587809791,21.0.3.11,false,512,36.05,InvokeFunction,,,LATEST,1-690ef4a1-0c0a43-2817c815655f,OnDemand,,,3798.28,
,A6333F63464BC687DF1965DBFE05F1DB-B,1762587816,FCRequestMetrics:/n-matmul-512,45,45,,,2975.75,n-matmul-512,false,3e88eb377bf5,,c-690ef490-0cf1abd9-507f1daf6985,1762587813687,Sync,6870.72,1762587809793,21.0.3.11,false,512,36.74,InvokeFunction,,,LATEST,1-690ef4a1-0c49fa-4e52078290f8,OnDemand,,,3894.01,
,270B9EACE82C5E95387DFC3023475A37-2,1762587816,FCRequestMetrics:/n-matmul-512,45,45,1418.20,1762587810987,3849.60,n-matmul-512,false,fe7ebaee4797,ColdStart,c-690ef4a4-0cf1abd9-3aa2f2400266,1762587812409,Sync,9494.26,1762587806766,21.0.3.8,true,512,85.15,InvokeFunction,78.21,1762587810987,LATEST,1-690ef4a1-0c49fa-ce049083f346,OnDemand,1339.91,1762587811065,4220.79,
,8A4C9F8EC0081A54D335C35B65D1357D-2,1762587816,FCRequestMetrics:/n-matmul-512,46,46,,,3708.64,n-matmul-512,false,1c5ca9e1c7f9,,c-690ef4a4-0cf1abd9-274debaa5e8f,1762587812435,Sync,4193.46,1762587811955,21.0.3.9,false,512,27.38,InvokeFunction,,,LATEST,1-690ef4a5-0c49fa-7b1cdd77d818,OnDemand,,,479.28,
,5F3A1644AB2A1C8B074AB8754A10A293-2,1762587816,FCRequestMetrics:/n-matmul-512,47,47,,,3385.76,n-matmul-512,false,69f1f8b4cc9d,,c-690ef4a4-0cf1abd9-06b3493bf27e,1762587812833,Sync,5684.81,1762587810536,21.0.3.10,false,512,27.11,InvokeFunction,,,LATEST,1-690ef4a4-0c0a43-3d185fb20fe7,OnDemand,,,2296.45,
,6C268265BE6071088D6F784688423FBC-2,1762587816,FCRequestMetrics:/n-matmul-512,48,48,2147.66,1762587810989,3686.07,n-matmul-512,false,f3794d0f4bed,ColdStart,c-690ef4a4-0cf1abd9-3f60d30fa7e2,1762587813138,Sync,8520.71,1762587808305,21.0.3.11,true,512,30.97,InvokeFunction,82.82,1762587810989,LATEST,1-690ef4a4-0c0a43-2f78d1ce712b,OnDemand,2064.75,1762587811072,2683.43,
,2C250D9B2FF86C019F81DAC520815883-2,1762587816,FCRequestMetrics:/n-matmul-512,49,49,,,3536.03,n-matmul-512,false,52c1693be583,,c-690ef4a4-0cf1abd9-b2b9a6cf3285,1762587813230,Sync,4910.82,1762587811856,21.0.3.12,false,512,27.27,InvokeFunction,,,LATEST,1-690ef4a5-0c0a43-0e7ae338e2f2,OnDemand,,,1373.65,
,A0E18646E4ED1862BB7852A818D6BD84-D,1762587816,FCRequestMetrics:/n-matmul-512,45,45,,,3347.88,n-matmul-512,false,455c2c4df2d2,,c-690ef48f-0cf1abd9-fff0447ff1dc,1762587812847,Sync,6414.78,1762587809781,21.0.3.8,false,512,38.11,InvokeFunction,,,LATEST,1-690ef4a1-0c0a43-ab3835449887,OnDemand,,,3065.91,
,ED99555BBD66FF347A8C8145C62ABE99-6,1762587816,FCRequestMetrics:/n-matmul-512,45,45,,,3462.64,n-matmul-512,false,4bed96722f41,,c-690ef49c-0cf1abd9-8088ae7c339c,1762587812573,Sync,6951.39,1762587809085,21.0.3.8,false,512,92.37,InvokeFunction,,,LATEST,1-690ef4a1-0c49fa-01181e37eaa7,OnDemand,,,3487.80,
,BD1D69C9267D95E53B2A79C6CB35D41D-B,1762587816,FCRequestMetrics:/n-matmul-512,45,45,,,5422.39,n-matmul-512,false,987841b3d4f5,,c-690ef492-0cf1abd9-b72bb88bbd36,1762587811348,Sync,7763.58,1762587809008,21.0.3.12,false,512,26.78,InvokeFunction,,,LATEST,1-690ef4a1-0c49fa-c0fd9bec62e7,OnDemand,,,2339.87,
,FD6981321571EC68F9E27CDAD26BAC19-6,1762587816,FCRequestMetrics:/n-matmul-512,47,47,,,3047.78,n-matmul-512,false,b2349f9a27e7,,c-690ef49c-0cf1abd9-a2407a052b71,1762587813715,Sync,7670.59,1762587809093,21.0.3.12,false,512,38.26,InvokeFunction,,,LATEST,1-690ef4a1-0c0a43-353146b02a2e,OnDemand,,,4621.25,
,60315181B24B66886819325A3EA49E6F-6,1762587816,FCRequestMetrics:/n-matmul-512,48,48,,,3324.48,n-matmul-512,false,0d1aec41c426,,c-690ef49e-0cf1abd9-079fb8593d22,1762587813102,Sync,8130.66,1762587808299,21.0.3.9,false,512,36.43,InvokeFunction,,,LATEST,1-690ef4a1-0c49fa-7280d92efa25,OnDemand,,,4802.39,
,7C823A060900EA64C601C711AE9A8E7B-B,1762587816,FCRequestMetrics:/n-matmul-512,45,45,,,4855.97,n-matmul-512,false,a9c1f9cad0fa,,c-690ef492-0cf1abd9-41b4dd0accbf,1762587812107,Sync,7892.44,1762587809071,21.0.3.10,false,512,26.71,InvokeFunction,,,LATEST,1-690ef4a1-0c49fa-cc520be47290,OnDemand,,,3034.53,
,C1D7342C162E0433E3DCC69A36E49279-6,1762587816,FCRequestMetrics:/n-matmul-512,50,50,,,3154.17,n-matmul-512,false,c1850f6d6120,,c-690ef49e-0cf1abd9-bea541164f91,1762587813624,Sync,8475.52,1762587808303,21.0.3.11,false,512,36.62,InvokeFunction,,,LATEST,1-690ef4a1-0c49fa-0d9585146c20,OnDemand,,,5320.61,
,3D753EA828DEDBBB0DF10FE8437E0EE2-6,1762587816,FCRequestMetrics:/n-matmul-512,50,50,,,3151.61,n-matmul-512,false,13a75e602ffd,,c-690ef49e-0cf1abd9-124626cd631e,1762587813728,Sync,8577.74,1762587808303,21.0.3.12,false,512,36.75,InvokeFunction,,,LATEST,1-690ef4a1-0c0a43-9908f92e1f22,OnDemand,,,5425.33,
,EAD7BD32D52FA8C0EC561AB86D8BB129-6,1762587816,FCRequestMetrics:/n-matmul-512,50,50,,,3108.01,n-matmul-512,false,9697e733b066,,c-690ef49e-0cf1abd9-b7f83cb23224,1762587813762,Sync,7844.82,1762587809026,21.0.3.10,false,512,35.73,InvokeFunction,,,LATEST,1-690ef4a2-0c0a43-d4f4f5b3c4c9,OnDemand,,,4735.98,
,3638871BA5BA6CB81D64084B08F55201-D,1762587817,FCRequestMetrics:/n-matmul-512,47,47,,,2773.17,n-matmul-512,false,d9ddc014a95e,,c-690ef48f-0cf1abd9-ec0c220edbce,1762587814232,Sync,7212.78,1762587809794,21.0.3.8,false,512,39.98,InvokeFunction,,,LATEST,1-690ef4a1-0c0a43-73e116e4d443,OnDemand,,,4437.62,
,F898A01EEA6FFC9C575701D6D0948E55-D,1762587817,FCRequestMetrics:/n-matmul-512,47,47,,,2883.34,n-matmul-512,false,7a16d098497d,,c-690ef48f-0cf1abd9-9a6242cc8b28,1762587814365,Sync,7452.28,1762587809797,21.0.3.8,false,512,37.47,InvokeFunction,,,LATEST,1-690ef4a1-0c49fa-85bbe8a10a18,OnDemand,,,4567.76,
,1C05D5B02F01F46143D999E67440A343-D,1762587817,FCRequestMetrics:/n-matmul-512,47,47,,,2881.48,n-matmul-512,false,ded09bee0b2d,,c-690ef48f-0cf1abd9-2bb86706a2c4,1762587814509,Sync,7592.16,1762587809799,21.0.3.9,false,512,37.95,InvokeFunction,,,LATEST,1-690ef4a1-0c49fa-921a13a95633,OnDemand,,,4709.17,
,537821DDAFE9614566F0064DDB274514-4,1762587817,FCRequestMetrics:/n-matmul-512,48,48,,,3159.43,n-matmul-512,false,e7a61b8cb4fe,,c-690ef4a1-0cf1abd9-564b243bc6a8,1762587813963,Sync,8098.77,1762587809024,21.0.3.8,false,512,86.64,InvokeFunction,,,LATEST,1-690ef4a1-0c49fa-1c72eb09de20,OnDemand,,,4938.05,
,9ADEFA90B0D30226FA9EC5C9D5AE07C5-4,1762587817,FCRequestMetrics:/n-matmul-512,47,47,,,3692.69,n-matmul-512,false,720d5821fc65,,c-690ef4a1-0cf1abd9-d2a0858351d9,1762587813567,Sync,8245.17,1762587809015,21.0.3.9,false,512,40.22,InvokeFunction,,,LATEST,1-690ef4a1-0c0a43-d9d1b2c0051a,OnDemand,,,4551.44,
,646B33D459BD0A9244D32F781DAF3418-4,1762587817,FCRequestMetrics:/n-matmul-512,50,50,,,3115.95,n-matmul-512,false,5d92a283eb8a,,c-690ef4a1-0cf1abd9-de1abe369d37,1762587814593,Sync,7754.32,1762587809956,21.0.3.10,false,512,34.74,InvokeFunction,,,LATEST,1-690ef4a2-0c49fa-fd2f62f3c917,OnDemand,,,4637.29,
,414BD1893AE2054C5F533C4E4BFB2474-5,1762587817,FCRequestMetrics:/n-matmul-512,47,47,,,3440.94,n-matmul-512,false,e09eb6f846c4,,c-690ef49c-0cf1abd9-96967c00da02,1762587813734,Sync,8082.30,1762587809094,21.0.3.9,false,512,36.78,InvokeFunction,,,LATEST,1-690ef4a1-0c0a43-beb9bed6e0d6,OnDemand,,,4640.22,
,13AC9179567B6A88BE4E678F8CBCF027-3,1762587817,FCRequestMetrics:/n-matmul-512,50,50,,,3030.35,n-matmul-512,false,c1270f7ffdb8,,c-690ef4a1-0cf1abd9-661404bfd8df,1762587814847,Sync,8182.79,1762587809696,21.0.3.12,false,512,34.16,InvokeFunction,,,LATEST,1-690ef4a2-0c0a43-820105dd766f,OnDemand,,,5151.32,
,5D2FE67C0EB5779BF4214AF0D6312E51-6,1762587817,FCRequestMetrics:/n-matmul-512,48,48,,,3162.86,n-matmul-512,false,19252a223023,,c-690ef49c-0cf1abd9-daf5d7835f02,1762587813877,Sync,7944.04,1762587809097,21.0.3.10,false,512,36.39,InvokeFunction,,,LATEST,1-690ef4a1-0c0a43-78f0c9f4a6b2,OnDemand,,,4780.33,
,B6CBE8EBA74250AA907E560C90566BB4-6,1762587817,FCRequestMetrics:/n-matmul-512,47,47,,,3275.62,n-matmul-512,false,ab282a8889ea,,c-690ef49c-0cf1abd9-bbfeef60bc24,1762587813820,Sync,8001.10,1762587809095,21.0.3.11,false,512,36.11,InvokeFunction,,,LATEST,1-690ef4a1-0c49fa-f3eb33f7102d,OnDemand,,,4724.49,
,6448458DC5EEDA4B01194355EB33D0AF-B,1762587817,FCRequestMetrics:/n-matmul-512,45,45,,,4978.94,n-matmul-512,false,e9af6d91c5a8,,c-690ef492-0cf1abd9-8e96e2aae5ad,1762587812339,Sync,8223.32,1762587809096,21.0.3.11,false,512,27.09,InvokeFunction,,,LATEST,1-690ef4a1-0c0a43-6feac80609f0,OnDemand,,,3242.74,
,78CD85FE04C684FD432ABFF362CBF50C-C,1762587817,FCRequestMetrics:/n-matmul-512,47,47,,,3470.13,n-matmul-512,false,6999fff919fb,,c-690ef48f-0cf1abd9-6c6d9044c534,1762587814255,Sync,7931.08,1762587809794,21.0.3.9,false,512,36.71,InvokeFunction,,,LATEST,1-690ef4a1-0c49fa-17617c0a63eb,OnDemand,,,4459.98,
,6CCFB4E4193C923DA012941FDF8BA7C1-D,1762587817,FCRequestMetrics:/n-matmul-512,47,47,,,3564.45,n-matmul-512,false,1ea218c34989,,c-690ef48f-0cf1abd9-4c65696b73c9,1762587814408,Sync,8177.09,1762587809796,21.0.3.11,false,512,36.35,InvokeFunction,,,LATEST,1-690ef4a1-0c0a43-ee160adaf41a,OnDemand,,,4611.64,
,F07C00865CBCDDD3603F2861EC1005E7-D,1762587817,FCRequestMetrics:/n-matmul-512,47,47,,,3451.60,n-matmul-512,false,23ed8e688827,,c-690ef48f-0cf1abd9-c9d277f8db04,1762587814433,Sync,8087.67,1762587809797,21.0.3.10,false,512,36.76,InvokeFunction,,,LATEST,1-690ef4a1-0c0a43-e41c9313c488,OnDemand,,,4634.99,
,447511FEAA2C196192B29D0355E78B1D-D,1762587818,FCRequestMetrics:/n-matmul-512,50,50,,,3205.98,n-matmul-512,false,2be5f8bcaa9a,,c-690ef48f-0cf1abd9-405aaa419009,1762587815006,Sync,8408.07,1762587809804,21.0.3.9,false,512,39.90,InvokeFunction,,,LATEST,1-690ef4a1-0c0a43-36152012356b,OnDemand,,,5200.72,
,B50B6C7E4A9EFD8ADCDAE8E71A8A357B-D,1762587818,FCRequestMetrics:/n-matmul-512,50,50,,,3030.48,n-matmul-512,false,0c3cf93849f8,,c-690ef48f-0cf1abd9-ad135b628654,1762587815314,Sync,7614.73,1762587810730,21.0.3.8,false,512,37.82,InvokeFunction,,,LATEST,1-690ef4a2-0c49fa-bbcc313525d6,OnDemand,,,4583.06,
,148C1B09986999E20AA0FF04F10942D0-D,1762587818,FCRequestMetrics:/n-matmul-512,50,50,,,2938.63,n-matmul-512,false,aa1e2085073a,,c-690ef48f-0cf1abd9-2b72cdd5c5c2,1762587815401,Sync,7595.35,1762587810746,21.0.3.10,false,512,43.61,InvokeFunction,,,LATEST,1-690ef4a2-0c49fa-070fe33aa1b2,OnDemand,,,4655.52,
,B1B3EF35016788C3424F79DCBD83BB05-D,1762587818,FCRequestMetrics:/n-matmul-512,50,50,,,3035.58,n-matmul-512,false,8e7a4967c312,,c-690ef48f-0cf1abd9-e1933dd451ba,1762587815436,Sync,7716.65,1762587810755,21.0.3.10,false,512,39.80,InvokeFunction,,,LATEST,1-690ef4a2-0c49fa-bc294d12fa75,OnDemand,,,4680.18,
,F031090DB7497FBE9C5AA393E7E68561-D,1762587818,FCRequestMetrics:/n-matmul-512,50,50,,,2777.03,n-matmul-512,false,ac449c8e7f33,,c-690ef48f-0cf1abd9-a7a4b84ee62d,1762587815785,Sync,7245.50,1762587811317,21.0.3.9,false,512,37.86,InvokeFunction,,,LATEST,1-690ef4a3-0c0a43-61b20e894da0,OnDemand,,,4467.63,
,4D57B9EBA87590C7398CF6540746C6BE-D,1762587818,FCRequestMetrics:/n-matmul-512,50,50,,,3135.67,n-matmul-512,false,cf9fc6279e9f,,c-690ef490-0cf1abd9-f9b75dacbfca,1762587815481,Sync,7860.06,1762587810757,21.0.3.10,false,512,40.34,InvokeFunction,,,LATEST,1-690ef4a2-0c49fa-9a7849e9c7b0,OnDemand,,,4723.65,
,1F1FFC412871BA58DE9DD242432C9C35-A,1762587818,FCRequestMetrics:/n-matmul-512,49,49,,,4254.82,n-matmul-512,false,a2dfb552053b,,c-690ef492-0cf1abd9-8c97f365993b,1762587814299,Sync,9288.86,1762587809266,21.0.3.8,false,512,36.53,InvokeFunction,,,LATEST,1-690ef4a1-0c0a43-8ef594a4d428,OnDemand,,,5032.89,
,9DDF92507C03E777F745C0AA5C83C458-6,1762587818,FCRequestMetrics:/n-matmul-512,50,50,,,2856.96,n-matmul-512,false,ab20715057dd,,c-690ef49e-0cf1abd9-a4d3e4836d71,1762587815697,Sync,8022.08,1762587810533,21.0.3.8,false,512,97.75,InvokeFunction,,,LATEST,1-690ef4a4-0c0a43-9cf358a7740b,OnDemand,,,5164.00,
,90D8D68606671C7D3CC9428DB5D1A5ED-3,1762587818,FCRequestMetrics:/n-matmul-512,50,50,,,3223.69,n-matmul-512,false,43290576c1e6,,c-690ef4a1-0cf1abd9-784f475cf818,1762587814919,Sync,7611.32,1762587810533,21.0.3.11,false,512,36.12,InvokeFunction,,,LATEST,1-690ef4a3-0c0a43-0076973bccb0,OnDemand,,,4386.16,
,7FDD645C18A05AFCA1EE540844E336B4-D,1762587818,FCRequestMetrics:/n-matmul-512,48,48,,,3468.75,n-matmul-512,false,005047e6f771,,c-690ef48f-0cf1abd9-a4e85c44b759,1762587814640,Sync,8307.69,1762587809803,21.0.3.12,false,512,38.76,InvokeFunction,,,LATEST,1-690ef4a1-0c49fa-d40b89716099,OnDemand,,,4836.76,
,3638871BA5BA6CB81D64084B08F55201-F,1762587818,FCRequestMetrics:/n-matmul-512,50,50,,,0.03,n-matmul-512,true,d9ddc014a95e,,c-690ef48f-0cf1abd9-ec0c220edbce,1762587817011,Sync,6487.78,1762587811660,21.0.3.8,false,512,4.37,InvokeFunction,,,LATEST,1-690ef4a3-0c49fa-d77d3bb42a33,OnDemand,,,5350.37,,"{""errorType"":""FunctionAbnormalExitError""}"
,F898A01EEA6FFC9C575701D6D0948E55-10,1762587818,FCRequestMetrics:/n-matmul-512,50,50,,,0.02,n-matmul-512,true,7a16d098497d,,c-690ef48f-0cf1abd9-9a6242cc8b28,1762587817252,Sync,6408.34,1762587812077,21.0.3.8,false,512,2.11,InvokeFunction,,,LATEST,1-690ef4a4-0c49fa-1a4f7112a924,OnDemand,,,5175.63,,"{""errorType"":""FunctionAbnormalExitError""}"
,1C05D5B02F01F46143D999E67440A343-10,1762587818,FCRequestMetrics:/n-matmul-512,50,50,,,0.02,n-matmul-512,true,ded09bee0b2d,,c-690ef48f-0cf1abd9-2bb86706a2c4,1762587817395,Sync,6044.16,1762587812338,21.0.3.9,false,512,2.15,InvokeFunction,,,LATEST,1-690ef4a4-0c49fa-97682cf90d9d,OnDemand,,,5057.41,,"{""errorType"":""FunctionAbnormalExitError""}"
,3801AF28D1F06D15DE702CA3D1A78840-D,1762587819,FCRequestMetrics:/n-matmul-512,50,50,,,3037.00,n-matmul-512,false,85f7f63caa28,,c-690ef48f-0cf1abd9-8d9a75cfa22a,1762587815986,Sync,7705.95,1762587811317,21.0.3.8,false,512,41.63,InvokeFunction,,,LATEST,1-690ef4a3-0c0a43-4f4a94619e24,OnDemand,,,4667.86,
,7F41C0AC9649E78CE4E6389BA04F93F7-D,1762587819,FCRequestMetrics:/n-matmul-512,50,50,,,3106.12,n-matmul-512,false,2f9a827ac39a,,c-690ef48f-0cf1abd9-d481ef5b70cb,1762587816103,Sync,7876.83,1762587811333,21.0.3.12,false,512,40.32,InvokeFunction,,,LATEST,1-690ef4a3-0c0a43-996148916fc6,OnDemand,,,4769.77,
,D57BF307AB3C1DBB07F853EA29DFAA8E-D,1762587819,FCRequestMetrics:/n-matmul-512,50,50,,,3091.31,n-matmul-512,false,4a02a8b2ccf7,,c-690ef48f-0cf1abd9-3378a67d936f,1762587816179,Sync,7938.06,1762587811333,21.0.3.10,false,512,39.61,InvokeFunction,,,LATEST,1-690ef4a3-0c0a43-5d7a762ed825,OnDemand,,,4845.58,
,A0E18646E4ED1862BB7852A818D6BD84-D,1762587819,FCRequestMetrics:/n-matmul-512,50,50,,,3081.94,n-matmul-512,false,455c2c4df2d2,,c-690ef48f-0cf1abd9-fff0447ff1dc,1762587816199,Sync,7946.82,1762587811334,21.0.3.8,false,512,39.79,InvokeFunction,,,LATEST,1-690ef4a3-0c0a43-3325c5aff2ae,OnDemand,,,4864.19,
,22262E23B35913584F104007F60CDE44-D,1762587819,FCRequestMetrics:/n-matmul-512,50,50,,,2987.69,n-matmul-512,false,5c984f724ebf,,c-690ef48f-0cf1abd9-4d671f684c9c,1762587816318,Sync,7971.61,1762587811335,21.0.3.9,false,512,40.09,InvokeFunction,,,LATEST,1-690ef4a3-0c0a43-288b22d4d8ab,OnDemand,,,4982.70,
,32144092075796B61E66CC5CB449FE74-D,1762587819,FCRequestMetrics:/n-matmul-512,50,50,,,3059.56,n-matmul-512,false,4e09d5ee1757,,c-690ef48f-0cf1abd9-c9b2724f454d,1762587816334,Sync,8053.90,1762587811341,21.0.3.11,false,512,39.62,InvokeFunction,,,LATEST,1-690ef4a3-0c0a43-93e2279fd28d,OnDemand,,,4993.44,
,CA067C7B13641001A367D67FE1936091-D,1762587819,FCRequestMetrics:/n-matmul-512,50,50,,,3091.65,n-matmul-512,false,5046f6076057,,c-690ef490-0cf1abd9-851ce87263d1,1762587816416,Sync,8166.05,1762587811342,21.0.3.11,false,512,39.80,InvokeFunction,,,LATEST,1-690ef4a3-0c0a43-58fd5605cad4,OnDemand,,,5073.50,
,A6333F63464BC687DF1965DBFE05F1DB-D,1762587819,FCRequestMetrics:/n-matmul-512,50,50,,,3041.48,n-matmul-512,false,3e88eb377bf5,,c-690ef490-0cf1abd9-507f1daf6985,1762587816667,Sync,8199.74,1762587811509,21.0.3.11,false,512,39.98,InvokeFunction,,,LATEST,1-690ef4a3-0c49fa-5164df722e2b,OnDemand,,,5157.21,
,805D0B9C50B0CFD3CF77F88B01A3CC36-D,1762587819,FCRequestMetrics:/n-matmul-512,50,50,,,3029.72,n-matmul-512,false,4277c8c89afa,,c-690ef490-0cf1abd9-df579b907295,1762587816648,Sync,8220.87,1762587811458,21.0.3.12,false,512,40.09,InvokeFunction,,,LATEST,1-690ef4a3-0c0a43-4b9051de9b8d,OnDemand,,,5190.43,
,3BDEEDD6F6C1B51E5137A970AE75BAA4-B,1762587819,FCRequestMetrics:/n-matmul-512,50,50,,,3603.70,n-matmul-512,false,3b2b33dbd196,,c-690ef492-0cf1abd9-bbdff8eda83c,1762587815668,Sync,8372.22,1762587810900,21.0.3.9,false,512,34.41,InvokeFunction,,,LATEST,1-690ef4a3-0c0a43-89e6a0506eef,OnDemand,,,4767.25,
,A58D23371A460570694E59E83C205D35-D,1762587819,FCRequestMetrics:/n-matmul-512,50,50,,,3220.49,n-matmul-512,false,f5099c18cdf1,,c-690ef48f-0cf1abd9-aa29b9d0aa99,1762587816526,Sync,8399.44,1762587811348,21.0.3.11,false,512,37.69,InvokeFunction,,,LATEST,1-690ef4a3-0c0a43-cbd693c29a72,OnDemand,,,5177.84,
,ED99555BBD66FF347A8C8145C62ABE99-6,1762587819,FCRequestMetrics:/n-matmul-512,50,50,,,3295.42,n-matmul-512,false,4bed96722f41,,c-690ef49c-0cf1abd9-8088ae7c339c,1762587816046,Sync,8400.00,1762587810942,21.0.3.8,false,512,93.95,InvokeFunction,,,LATEST,1-690ef4a3-0c49fa-91c99e5a4848,OnDemand,,,5103.25,
,7780C0688E26C68EB0D69712BCDE475F-D,1762587819,FCRequestMetrics:/n-matmul-512,50,50,,,3499.99,n-matmul-512,false,333740b1eaee,,c-690ef490-0cf1abd9-b30a2e13f5eb,1762587816440,Sync,8598.52,1762587811343,21.0.3.12,false,512,39.30,InvokeFunction,,,LATEST,1-690ef4a3-0c0a43-f62e83f56298,OnDemand,,,5097.76,
,60315181B24B66886819325A3EA49E6F-6,1762587819,FCRequestMetrics:/n-matmul-512,50,50,,,3249.07,n-matmul-512,false,0d1aec41c426,,c-690ef49e-0cf1abd9-079fb8593d22,1762587816434,Sync,7567.50,1762587812116,21.0.3.9,false,512,37.77,InvokeFunction,,,LATEST,1-690ef4a5-0c49fa-1110349b3ae4,OnDemand,,,4317.42,
,8A4C9F8EC0081A54D335C35B65D1357D-4,1762587819,FCRequestMetrics:/n-matmul-512,50,50,,,3374.92,n-matmul-512,false,1c5ca9e1c7f9,,c-690ef4a4-0cf1abd9-274debaa5e8f,1762587816151,Sync,8111.55,1762587811420,21.0.3.9,false,512,34.46,InvokeFunction,,,LATEST,1-690ef4a5-0c0a43-3da3e24fb725,OnDemand,,,4731.35,
,B50B6C7E4A9EFD8ADCDAE8E71A8A357B-10,1762587819,FCRequestMetrics:/n-matmul-512,50,50,,,0.03,n-matmul-512,true,0c3cf93849f8,,c-690ef48f-0cf1abd9-ad135b628654,1762587818348,Sync,4898.15,1762587814446,21.0.3.8,false,512,2.15,InvokeFunction,,,LATEST,1-690ef4a6-0c0a43-235f5f4a80cb,OnDemand,,,3901.79,,"{""errorType"":""FunctionAbnormalExitError""}"
,447511FEAA2C196192B29D0355E78B1D-10,1762587819,FCRequestMetrics:/n-matmul-512,50,50,,,0.02,n-matmul-512,true,2be5f8bcaa9a,,c-690ef48f-0cf1abd9-405aaa419009,1762587818215,Sync,5109.04,1762587814292,21.0.3.9,false,512,4.06,InvokeFunction,,,LATEST,1-690ef4a6-0c0a43-be680e8e87f3,OnDemand,,,3922.54,,"{""errorType"":""FunctionAbnormalExitError""}"
,148C1B09986999E20AA0FF04F10942D0-10,1762587819,FCRequestMetrics:/n-matmul-512,50,50,,,0.03,n-matmul-512,true,aa1e2085073a,,c-690ef48f-0cf1abd9-2b72cdd5c5c2,1762587818344,Sync,5115.03,1762587814399,21.0.3.10,false,512,2.30,InvokeFunction,,,LATEST,1-690ef4a6-0c49fa-d2dfcf129fb5,OnDemand,,,3945.00,,"{""errorType"":""FunctionAbnormalExitError""}"
,B1B3EF35016788C3424F79DCBD83BB05-F,1762587819,FCRequestMetrics:/n-matmul-512,50,50,,,0.02,n-matmul-512,true,8e7a4967c312,,c-690ef48f-0cf1abd9-e1933dd451ba,1762587818475,Sync,5176.22,1762587814618,21.0.3.10,false,512,2.09,InvokeFunction,,,LATEST,1-690ef4a6-0c0a43-1fda0d427121,OnDemand,,,3856.65,,"{""errorType"":""FunctionAbnormalExitError""}"
,9DDF92507C03E777F745C0AA5C83C458-8,1762587819,FCRequestMetrics:/n-matmul-512,50,50,,,0.03,n-matmul-512,true,ab20715057dd,,c-690ef49e-0cf1abd9-a4d3e4836d71,1762587818558,Sync,4910.16,1762587814680,21.0.3.8,false,512,58.55,InvokeFunction,,,LATEST,1-690ef4a8-0c49fa-73a5f877e46d,OnDemand,,,3878.28,,"{""errorType"":""FunctionAbnormalExitError""}"
,F91A17FDEE204113BD7FCEE97E77B19D-D,1762587820,FCRequestMetrics:/n-matmul-512,50,50,,,3690.31,n-matmul-512,false,b4a55f945517,,c-690ef48f-0cf1abd9-f3db6505083a,1762587816502,Sync,8850.17,1762587811343,21.0.3.12,false,512,39.61,InvokeFunction,,,LATEST,1-690ef4a3-0c0a43-5570927ba2dd,OnDemand,,,5158.73,
,BD1D69C9267D95E53B2A79C6CB35D41D-B,1762587820,FCRequestMetrics:/n-matmul-512,50,50,,,3364.87,n-matmul-512,false,987841b3d4f5,,c-690ef492-0cf1abd9-b72bb88bbd36,1762587816775,Sync,8748.82,1762587811393,21.0.3.12,false,512,34.47,InvokeFunction,,,LATEST,1-690ef4a3-0c0a43-678a96cecda4,OnDemand,,,5382.14,
,414BD1893AE2054C5F533C4E4BFB2474-5,1762587820,FCRequestMetrics:/n-matmul-512,50,50,,,3333.43,n-matmul-512,false,e09eb6f846c4,,c-690ef49c-0cf1abd9-96967c00da02,1762587817179,Sync,7874.85,1762587812640,21.0.3.9,false,512,39.86,InvokeFunction,,,LATEST,1-690ef4a5-0c0a43-2526a49b0168,OnDemand,,,4538.88,
,FD6981321571EC68F9E27CDAD26BAC19-6,1762587820,FCRequestMetrics:/n-matmul-512,50,50,,,3438.53,n-matmul-512,false,b2349f9a27e7,,c-690ef49c-0cf1abd9-a2407a052b71,1762587816767,Sync,8418.97,1762587811787,21.0.3.12,false,512,41.79,InvokeFunction,,,LATEST,1-690ef4a4-0c0a43-9fbe2632e4ec,OnDemand,,,4979.29,
,5D2FE67C0EB5779BF4214AF0D6312E51-6,1762587820,FCRequestMetrics:/n-matmul-512,50,50,,,3378.20,n-matmul-512,false,19252a223023,,c-690ef49c-0cf1abd9-daf5d7835f02,1762587817045,Sync,8167.70,1762587812256,21.0.3.10,false,512,37.82,InvokeFunction,,,LATEST,1-690ef4a4-0c49fa-45369ec3a3d2,OnDemand,,,4788.22,
,B6CBE8EBA74250AA907E560C90566BB4-6,1762587820,FCRequestMetrics:/n-matmul-512,50,50,,,3343.75,n-matmul-512,false,ab282a8889ea,,c-690ef49c-0cf1abd9-bbfeef60bc24,1762587817100,Sync,7873.98,1762587812572,21.0.3.11,false,512,39.54,InvokeFunction,,,LATEST,1-690ef4a5-0c0a43-458249293467,OnDemand,,,4527.54,
,6448458DC5EEDA4B01194355EB33D0AF-B,1762587820,FCRequestMetrics:/n-matmul-512,50,50,,,3563.51,n-matmul-512,false,e9af6d91c5a8,,c-690ef492-0cf1abd9-8e96e2aae5ad,1762587817324,Sync,8656.28,1762587812231,21.0.3.11,false,512,34.57,InvokeFunction,,,LATEST,1-690ef4a4-0c49fa-3b8d16964a09,OnDemand,,,5091.80,
,7C823A060900EA64C601C711AE9A8E7B-B,1762587820,FCRequestMetrics:/n-matmul-512,50,50,,,3314.46,n-matmul-512,false,a9c1f9cad0fa,,c-690ef492-0cf1abd9-41b4dd0accbf,1762587816967,Sync,8316.99,1762587811972,21.0.3.10,false,512,34.13,InvokeFunction,,,LATEST,1-690ef4a4-0c0a43-8c3db8cb67a2,OnDemand,,,4995.13,
,C1D7342C162E0433E3DCC69A36E49279-6,1762587820,FCRequestMetrics:/n-matmul-512,50,50,,,3241.72,n-matmul-512,false,c1850f6d6120,,c-690ef49e-0cf1abd9-bea541164f91,1762587816782,Sync,7145.79,1762587812879,21.0.3.11,false,512,39.96,InvokeFunction,,,LATEST,1-690ef4a6-0c49fa-4f9950521695,OnDemand,,,3902.68,
,3D753EA828DEDBBB0DF10FE8437E0EE2-6,1762587820,FCRequestMetrics:/n-matmul-512,50,50,,,3591.92,n-matmul-512,false,13a75e602ffd,,c-690ef49e-0cf1abd9-124626cd631e,1762587816884,Sync,7435.90,1762587813041,21.0.3.12,false,512,39.91,InvokeFunction,,,LATEST,1-690ef4a6-0c49fa-33f2152517b9,OnDemand,,,3842.65,
,EAD7BD32D52FA8C0EC561AB86D8BB129-6,1762587820,FCRequestMetrics:/n-matmul-512,50,50,,,3652.43,n-matmul-512,false,9697e733b066,,c-690ef49e-0cf1abd9-b7f83cb23224,1762587816874,Sync,7576.04,1762587812951,21.0.3.10,false,512,39.12,InvokeFunction,,,LATEST,1-690ef4a6-0c0a43-07c34224c9b9,OnDemand,,,3922.64,
,270B9EACE82C5E95387DFC3023475A37-3,1762587820,FCRequestMetrics:/n-matmul-512,50,50,,,3964.89,n-matmul-512,false,fe7ebaee4797,,c-690ef4a4-0cf1abd9-3aa2f2400266,1762587816264,Sync,8534.40,1762587811695,21.0.3.8,false,512,92.55,InvokeFunction,,,LATEST,1-690ef4a5-0c0a43-ff0647b9b234,OnDemand,,,4568.45,
,5F3A1644AB2A1C8B074AB8754A10A293-4,1762587820,FCRequestMetrics:/n-matmul-512,50,50,,,4204.39,n-matmul-512,false,69f1f8b4cc9d,,c-690ef4a4-0cf1abd9-06b3493bf27e,1762587816225,Sync,8751.37,1762587811679,21.0.3.10,false,512,34.46,InvokeFunction,,,LATEST,1-690ef4a5-0c49fa-e17b96fc33ca,OnDemand,,,4545.91,
,537821DDAFE9614566F0064DDB274514-6,1762587820,FCRequestMetrics:/n-matmul-512,50,50,,,2933.36,n-matmul-512,false,e7a61b8cb4fe,,c-690ef4a1-0cf1abd9-564b243bc6a8,1762587817127,Sync,7222.63,1762587812839,21.0.3.8,false,512,88.43,InvokeFunction,,,LATEST,1-690ef4a5-0c0a43-971ef586ccd6,OnDemand,,,4288.24,
,6C268265BE6071088D6F784688423FBC-4,1762587820,FCRequestMetrics:/n-matmul-512,50,50,,,3707.18,n-matmul-512,false,f3794d0f4bed,,c-690ef4a4-0cf1abd9-3f60d30fa7e2,1762587816830,Sync,7585.91,1762587812952,21.0.3.11,false,512,38.25,InvokeFunction,,,LATEST,1-690ef4a6-0c49fa-9b2b61d822d2,OnDemand,,,3877.88,
,2C250D9B2FF86C019F81DAC520815883-4,1762587820,FCRequestMetrics:/n-matmul-512,50,50,,,3940.09,n-matmul-512,false,52c1693be583,,c-690ef4a4-0cf1abd9-b2b9a6cf3285,1762587816770,Sync,7849.45,1762587812862,21.0.3.12,false,512,34.33,InvokeFunction,,,LATEST,1-690ef4a6-0c0a43-d23bb76f98d2,OnDemand,,,3907.95,
,9ADEFA90B0D30226FA9EC5C9D5AE07C5-6,1762587820,FCRequestMetrics:/n-matmul-512,50,50,,,2798.88,n-matmul-512,false,720d5821fc65,,c-690ef4a1-0cf1abd9-d2a0858351d9,1762587817263,Sync,7119.97,1762587812943,21.0.3.9,false,512,42.40,InvokeFunction,,,LATEST,1-690ef4a5-0c0a43-8785ea495544,OnDemand,,,4320.14,
,4D57B9EBA87590C7398CF6540746C6BE-10,1762587820,FCRequestMetrics:/n-matmul-512,50,50,,,0.04,n-matmul-512,true,cf9fc6279e9f,,c-690ef490-0cf1abd9-f9b75dacbfca,1762587818620,Sync,5357.51,1762587814874,21.0.3.10,false,512,2.32,InvokeFunction,,,LATEST,1-690ef4a6-0c0a43-b0ada1b4e2a6,OnDemand,,,3746.13,,"{""errorType"":""FunctionAbnormalExitError""}"
,F031090DB7497FBE9C5AA393E7E68561-10,1762587820,FCRequestMetrics:/n-matmul-512,50,50,,,0.02,n-matmul-512,true,ac449c8e7f33,,c-690ef48f-0cf1abd9-a7a4b84ee62d,1762587818566,Sync,5517.92,1762587814777,21.0.3.9,false,512,2.11,InvokeFunction,,,LATEST,1-690ef4a6-0c49fa-e955e9ff98f0,OnDemand,,,3788.63,,"{""errorType"":""FunctionAbnormalExitError""}"
,A0E18646E4ED1862BB7852A818D6BD84-10,1762587820,FCRequestMetrics:/n-matmul-512,50,50,,,0.03,n-matmul-512,true,455c2c4df2d2,,c-690ef48f-0cf1abd9-fff0447ff1dc,1762587819284,Sync,4900.52,1762587815438,21.0.3.8,false,512,4.20,InvokeFunction,,,LATEST,1-690ef4a7-0c49fa-444c04706bf6,OnDemand,,,3845.84,,"{""errorType"":""FunctionAbnormalExitError""}"
,646B33D459BD0A9244D32F781DAF3418-6,1762587820,FCRequestMetrics:/n-matmul-512,50,50,,,3234.45,n-matmul-512,false,5d92a283eb8a,,c-690ef4a1-0cf1abd9-de1abe369d37,1762587817714,Sync,7054.09,1762587813896,21.0.3.10,false,512,36.58,InvokeFunction,,,LATEST,1-690ef4a6-0c0a43-a2647548420b,OnDemand,,,3817.35,
,D57BF307AB3C1DBB07F853EA29DFAA8E-10,1762587820,FCRequestMetrics:/n-matmul-512,50,50,,,0.03,n-matmul-512,true,4a02a8b2ccf7,,c-690ef48f-0cf1abd9-3378a67d936f,1762587819275,Sync,5172.42,1762587815410,21.0.3.10,false,512,4.22,InvokeFunction,,,LATEST,1-690ef4a7-0c49fa-478f469021d3,OnDemand,,,3864.55,,"{""errorType"":""FunctionAbnormalExitError""}"
,13AC9179567B6A88BE4E678F8CBCF027-6,1762587820,FCRequestMetrics:/n-matmul-512,50,50,,,2935.30,n-matmul-512,false,c1270f7ffdb8,,c-690ef4a1-0cf1abd9-661404bfd8df,1762587817881,Sync,6555.21,1762587814262,21.0.3.12,false,512,35.98,InvokeFunction,,,LATEST,1-690ef4a7-0c0a43-cdb3528501d1,OnDemand,,,3618.95,
,ED99555BBD66FF347A8C8145C62ABE99-8,1762587820,FCRequestMetrics:/n-matmul-512,50,50,,,0.03,n-matmul-512,true,4bed96722f41,,c-690ef49c-0cf1abd9-8088ae7c339c,1762587819345,Sync,5008.92,1762587815465,21.0.3.8,false,512,58.42,InvokeFunction,,,LATEST,1-690ef4a8-0c0a43-9316705e6e00,OnDemand,,,3879.82,,"{""errorType"":""FunctionAbnormalExitError""}"
,3801AF28D1F06D15DE702CA3D1A78840-10,1762587820,FCRequestMetrics:/n-matmul-512,50,50,,,0.02,n-matmul-512,true,85f7f63caa28,,c-690ef48f-0cf1abd9-8d9a75cfa22a,1762587819026,Sync,5286.25,1762587815304,21.0.3.8,false,512,4.18,InvokeFunction,,,LATEST,1-690ef4a7-0c0a43-ae42f254eba6,OnDemand,,,3721.76,,"{""errorType"":""FunctionAbnormalExitError""}"
,7F41C0AC9649E78CE4E6389BA04F93F7-10,1762587820,FCRequestMetrics:/n-matmul-512,50,50,,,0.02,n-matmul-512,true,2f9a827ac39a,,c-690ef48f-0cf1abd9-d481ef5b70cb,1762587819213,Sync,5601.32,1762587815351,21.0.3.12,false,512,4.06,InvokeFunction,,,LATEST,1-690ef4a7-0c0a43-0185549001c7,OnDemand,,,3861.95,,"{""errorType"":""FunctionAbnormalExitError""}"
,22262E23B35913584F104007F60CDE44-10,1762587820,FCRequestMetrics:/n-matmul-512,50,50,,,0.03,n-matmul-512,true,5c984f724ebf,,c-690ef48f-0cf1abd9-4d671f684c9c,1762587819315,Sync,5441.73,1762587815472,21.0.3.9,false,512,4.03,InvokeFunction,,,LATEST,1-690ef4a7-0c0a43-17badfeb423b,OnDemand,,,3842.62,,"{""errorType"":""FunctionAbnormalExitError""}"
,78CD85FE04C684FD432ABFF362CBF50C-C,1762587821,FCRequestMetrics:/n-matmul-512,50,50,,,3391.04,n-matmul-512,false,6999fff919fb,,c-690ef48f-0cf1abd9-6c6d9044c534,1762587817742,Sync,8248.31,1762587812885,21.0.3.9,false,512,39.95,InvokeFunction,,,LATEST,1-690ef4a4-0c49fa-fb2ff1c0f1c4,OnDemand,,,4855.93,
,7FDD645C18A05AFCA1EE540844E336B4-D,1762587821,FCRequestMetrics:/n-matmul-512,50,50,,,3462.63,n-matmul-512,false,005047e6f771,,c-690ef48f-0cf1abd9-a4e85c44b759,1762587818114,Sync,7346.99,1762587814230,21.0.3.12,false,512,41.77,InvokeFunction,,,LATEST,1-690ef4a6-0c0a43-5c167a77b61a,OnDemand,,,3883.01,
,6CCFB4E4193C923DA012941FDF8BA7C1-D,1762587821,FCRequestMetrics:/n-matmul-512,50,50,,,3603.13,n-matmul-512,false,1ea218c34989,,c-690ef48f-0cf1abd9-4c65696b73c9,1762587817977,Sync,7945.17,1762587813639,21.0.3.11,false,512,39.53,InvokeFunction,,,LATEST,1-690ef4a5-0c49fa-caa5e1164dc1,OnDemand,,,4336.98,
,F07C00865CBCDDD3603F2861EC1005E7-D,1762587821,FCRequestMetrics:/n-matmul-512,50,50,,,3745.97,n-matmul-512,false,23ed8e688827,,c-690ef48f-0cf1abd9-c9d277f8db04,1762587817888,Sync,8103.05,1762587813533,21.0.3.10,false,512,39.80,InvokeFunction,,,LATEST,1-690ef4a5-0c49fa-89f68602563d,OnDemand,,,4355.36,
,3638871BA5BA6CB81D64084B08F55201-F,1762587821,FCRequestMetrics:/n-matmul-512,50,50,,,3125.40,n-matmul-512,false,d9ddc014a95e,,c-690ef48f-0cf1abd9-ec0c220edbce,1762587818150,Sync,7008.21,1762587814268,21.0.3.8,false,512,26.93,InvokeFunction,,,LATEST,1-690ef4a6-0c0a43-49097a213f3f,OnDemand,,,3881.52,
,F898A01EEA6FFC9C575701D6D0948E55-10,1762587821,FCRequestMetrics:/n-matmul-512,50,50,,,3372.49,n-matmul-512,false,7a16d098497d,,c-690ef48f-0cf1abd9-9a6242cc8b28,1762587818487,Sync,7219.15,1762587814642,21.0.3.8,false,512,30.60,InvokeFunction,,,LATEST,1-690ef4a6-0c0a43-aab8946e240a,OnDemand,,,3844.46,
,1C05D5B02F01F46143D999E67440A343-10,1762587821,FCRequestMetrics:/n-matmul-512,50,50,,,3218.30,n-matmul-512,false,ded09bee0b2d,,c-690ef48f-0cf1abd9-2bb86706a2c4,1762587818384,Sync,7129.05,1762587814476,21.0.3.9,false,512,28.86,InvokeFunction,,,LATEST,1-690ef4a6-0c0a43-faa821c39e8c,OnDemand,,,3908.53,
,1F1FFC412871BA58DE9DD242432C9C35-C,1762587821,FCRequestMetrics:/n-matmul-512,50,50,,,3180.53,n-matmul-512,false,a2dfb552053b,,c-690ef492-0cf1abd9-8c97f365993b,1762587818558,Sync,6785.19,1762587814954,21.0.3.8,false,512,38.54,InvokeFunction,,,LATEST,1-690ef4a7-0c49fa-430782d3977f,OnDemand,,,3603.68,
,A6333F63464BC687DF1965DBFE05F1DB-10,1762587821,FCRequestMetrics:/n-matmul-512,50,50,,,0.03,n-matmul-512,true,3e88eb377bf5,,c-690ef490-0cf1abd9-507f1daf6985,1762587819712,Sync,4948.47,1762587816128,21.0.3.11,false,512,2.06,InvokeFunction,,,LATEST,1-690ef4a8-0c49fa-8466446a6f4d,OnDemand,,,3584.02,,"{""errorType"":""FunctionAbnormalExitError""}"
,90D8D68606671C7D3CC9428DB5D1A5ED-6,1762587821,FCRequestMetrics:/n-matmul-512,50,50,,,3270.19,n-matmul-512,false,43290576c1e6,,c-690ef4a1-0cf1abd9-784f475cf818,1762587818147,Sync,6929.11,1762587814489,21.0.3.11,false,512,38.27,InvokeFunction,,,LATEST,1-690ef4a7-0c0a43-a6e00dd5d990,OnDemand,,,3657.89,
,32144092075796B61E66CC5CB449FE74-10,1762587821,FCRequestMetrics:/n-matmul-512,50,50,,,0.03,n-matmul-512,true,4e09d5ee1757,,c-690ef48f-0cf1abd9-c9b2724f454d,1762587819400,Sync,5160.20,1762587815917,21.0.3.11,false,512,2.21,InvokeFunction,,,LATEST,1-690ef4a7-0c49fa-12a13084cf7a,OnDemand,,,3483.06,,"{""errorType"":""FunctionAbnormalExitError""}"
,A58D23371A460570694E59E83C205D35-10,1762587821,FCRequestMetrics:/n-matmul-512,50,50,,,0.04,n-matmul-512,true,f5099c18cdf1,,c-690ef48f-0cf1abd9-aa29b9d0aa99,1762587819755,Sync,5159.06,1762587816133,21.0.3.11,false,512,2.19,InvokeFunction,,,LATEST,1-690ef4a8-0c49fa-aa86a958f5c7,OnDemand,,,3618.90,,"{""errorType"":""FunctionAbnormalExitError""}"
,7780C0688E26C68EB0D69712BCDE475F-F,1762587821,FCRequestMetrics:/n-matmul-512,50,50,,,0.03,n-matmul-512,true,333740b1eaee,,c-690ef490-0cf1abd9-b30a2e13f5eb,1762587819944,Sync,5245.65,1762587816135,21.0.3.12,false,512,2.10,InvokeFunction,,,LATEST,1-690ef4a8-0c0a43-1ff481e231c5,OnDemand,,,3808.54,,"{""errorType"":""FunctionAbnormalExitError""}"
,CA067C7B13641001A367D67FE1936091-10,1762587821,FCRequestMetrics:/n-matmul-512,50,50,,,0.04,n-matmul-512,true,5046f6076057,,c-690ef490-0cf1abd9-851ce87263d1,1762587819514,Sync,5348.41,1762587816127,21.0.3.11,false,512,2.16,InvokeFunction,,,LATEST,1-690ef4a8-0c49fa-6e9f333d0d39,OnDemand,,,3386.83,,"{""errorType"":""FunctionAbnormalExitError""}"
,805D0B9C50B0CFD3CF77F88B01A3CC36-10,1762587821,FCRequestMetrics:/n-matmul-512,50,50,,,0.02,n-matmul-512,true,4277c8c89afa,,c-690ef490-0cf1abd9-df579b907295,1762587819682,Sync,5392.03,1762587816128,21.0.3.12,false,512,4.08,InvokeFunction,,,LATEST,1-690ef4a8-0c49fa-a501234e0b4a,OnDemand,,,3553.58,,"{""errorType"":""FunctionAbnormalExitError""}"
,F91A17FDEE204113BD7FCEE97E77B19D-F,1762587821,FCRequestMetrics:/n-matmul-512,50,50,,,0.04,n-matmul-512,true,b4a55f945517,,c-690ef48f-0cf1abd9-f3db6505083a,1762587820202,Sync,5523.89,1762587816139,21.0.3.12,false,512,2.19,InvokeFunction,,,LATEST,1-690ef4a8-0c49fa-a0f9ee68f4aa,OnDemand,,,4062.12,,"{""errorType"":""FunctionAbnormalExitError""}"
,FD6981321571EC68F9E27CDAD26BAC19-9,1762587821,FCRequestMetrics:/n-matmul-512,50,50,,,0.03,n-matmul-512,true,b2349f9a27e7,,c-690ef49c-0cf1abd9-a2407a052b71,1762587820209,Sync,5777.41,1762587816006,21.0.3.12,false,512,4.20,InvokeFunction,,,LATEST,1-690ef4a8-0c0a43-66e30cf4498d,OnDemand,,,4202.86,,"{""errorType"":""FunctionAbnormalExitError""}"
,60315181B24B66886819325A3EA49E6F-9,1762587821,FCRequestMetrics:/n-matmul-512,50,50,,,0.05,n-matmul-512,true,0d1aec41c426,,c-690ef49e-0cf1abd9-079fb8593d22,1762587819688,Sync,2998.16,1762587818092,21.0.3.9,false,512,2.34,InvokeFunction,,,LATEST,1-690ef4ab-0c49fa-239ce709cc26,OnDemand,,,1595.28,,"{""errorType"":""FunctionAbnormalExitError""}"
,C1D7342C162E0433E3DCC69A36E49279-9,1762587821,FCRequestMetrics:/n-matmul-512,50,50,,,0.04,n-matmul-512,true,c1850f6d6120,,c-690ef49e-0cf1abd9-bea541164f91,1762587820039,Sync,2853.19,1762587819044,21.0.3.11,false,512,2.23,InvokeFunction,,,LATEST,1-690ef4ac-0c0a43-2e03274874a3,OnDemand,,,994.24,,"{""errorType"":""FunctionAbnormalExitError""}"
,B50B6C7E4A9EFD8ADCDAE8E71A8A357B-10,1762587822,FCRequestMetrics:/n-matmul-512,50,50,,,3395.12,n-matmul-512,false,0c3cf93849f8,,c-690ef48f-0cf1abd9-ad135b628654,1762587819346,Sync,7228.19,1762587815517,21.0.3.8,false,512,28.96,InvokeFunction,,,LATEST,1-690ef4a7-0c0a43-5f0e3077248d,OnDemand,,,3828.12,
,537821DDAFE9614566F0064DDB274514-6,1762587822,FCRequestMetrics:/n-matmul-512,50,50,,,2812.92,n-matmul-512,false,e7a61b8cb4fe,,c-690ef4a1-0cf1abd9-564b243bc6a8,1762587820064,Sync,7040.16,1762587815837,21.0.3.8,false,512,93.72,InvokeFunction,,,LATEST,1-690ef4a8-0c0a43-2a73d65b51f0,OnDemand,,,4226.44,
,447511FEAA2C196192B29D0355E78B1D-10,1762587822,FCRequestMetrics:/n-matmul-512,50,50,,,3020.87,n-matmul-512,false,2be5f8bcaa9a,,c-690ef48f-0cf1abd9-405aaa419009,1762587819405,Sync,6429.84,1762587815997,21.0.3.9,false,512,28.80,InvokeFunction,,,LATEST,1-690ef4a7-0c0a43-e04ed5c45bac,OnDemand,,,3408.07,
,148C1B09986999E20AA0FF04F10942D0-10,1762587822,FCRequestMetrics:/n-matmul-512,50,50,,,2976.05,n-matmul-512,false,aa1e2085073a,,c-690ef48f-0cf1abd9-2b72cdd5c5c2,1762587819517,Sync,6365.09,1762587816129,21.0.3.10,false,512,28.55,InvokeFunction,,,LATEST,1-690ef4a8-0c49fa-170790153d4d,OnDemand,,,3388.30,
,3BDEEDD6F6C1B51E5137A970AE75BAA4-D,1762587822,FCRequestMetrics:/n-matmul-512,50,50,,,3638.46,n-matmul-512,false,3b2b33dbd196,,c-690ef492-0cf1abd9-bbdff8eda83c,1762587819276,Sync,6958.55,1762587815956,21.0.3.9,false,512,36.34,InvokeFunction,,,LATEST,1-690ef4a8-0c49fa-b275034f4b2a,OnDemand,,,3319.18,
,78CD85FE04C684FD432ABFF362CBF50C-10,1762587822,FCRequestMetrics:/n-matmul-512,50,50,,,0.03,n-matmul-512,true,6999fff919fb,,c-690ef48f-0cf1abd9-6c6d9044c534,1762587821137,Sync,2006.92,1762587820299,21.0.3.9,false,512,2.30,InvokeFunction,,,LATEST,1-690ef4ac-0c0a43-982c99a300ad,OnDemand,,,837.31,,"{""errorType"":""FunctionAbnormalExitError""}"
,5D2FE67C0EB5779BF4214AF0D6312E51-9,1762587822,FCRequestMetrics:/n-matmul-512,50,50,,,0.05,n-matmul-512,true,19252a223023,,c-690ef49c-0cf1abd9-daf5d7835f02,1762587820429,Sync,6258.34,1762587816694,21.0.3.10,false,512,2.07,InvokeFunction,,,LATEST,1-690ef4a9-0c49fa-2214fafb4775,OnDemand,,,3734.39,,"{""errorType"":""FunctionAbnormalExitError""}"
,9ADEFA90B0D30226FA9EC5C9D5AE07C5-6,1762587823,FCRequestMetrics:/n-matmul-512,50,50,,,3070.81,n-matmul-512,false,720d5821fc65,,c-690ef4a1-0cf1abd9-d2a0858351d9,1762587820067,Sync,7299.26,1762587815839,21.0.3.9,false,512,47.14,InvokeFunction,,,LATEST,1-690ef4a8-0c49fa-827b8ca6c4cf,OnDemand,,,4227.63,
,4D57B9EBA87590C7398CF6540746C6BE-10,1762587823,FCRequestMetrics:/n-matmul-512,50,50,,,3161.87,n-matmul-512,false,cf9fc6279e9f,,c-690ef490-0cf1abd9-f9b75dacbfca,1762587820233,Sync,7253.03,1762587816142,21.0.3.10,false,512,26.84,InvokeFunction,,,LATEST,1-690ef4a8-0c0a43-f5bbdb9b979b,OnDemand,,,4090.02,
,B1B3EF35016788C3424F79DCBD83BB05-F,1762587823,FCRequestMetrics:/n-matmul-512,50,50,,,3231.97,n-matmul-512,false,8e7a4967c312,,c-690ef48f-0cf1abd9-e1933dd451ba,1762587819800,Sync,6894.16,1762587816139,21.0.3.10,false,512,29.75,InvokeFunction,,,LATEST,1-690ef4a8-0c0a43-eeab92ed9ed8,OnDemand,,,3660.80,
,F031090DB7497FBE9C5AA393E7E68561-10,1762587823,FCRequestMetrics:/n-matmul-512,50,50,,,3153.55,n-matmul-512,false,ac449c8e7f33,,c-690ef48f-0cf1abd9-a7a4b84ee62d,1762587820300,Sync,7311.77,1762587816143,21.0.3.9,false,512,28.84,InvokeFunction,,,LATEST,1-690ef4a8-0c0a43-62eb8708d093,OnDemand,,,4154.20,
,A0E18646E4ED1862BB7852A818D6BD84-10,1762587823,FCRequestMetrics:/n-matmul-512,50,50,,,3051.71,n-matmul-512,false,455c2c4df2d2,,c-690ef48f-0cf1abd9-fff0447ff1dc,1762587820341,Sync,7248.21,1762587816146,21.0.3.8,false,512,28.13,InvokeFunction,,,LATEST,1-690ef4a8-0c49fa-bd35259cea86,OnDemand,,,4195.01,
,D57BF307AB3C1DBB07F853EA29DFAA8E-10,1762587823,FCRequestMetrics:/n-matmul-512,50,50,,,3111.85,n-matmul-512,false,4a02a8b2ccf7,,c-690ef48f-0cf1abd9-3378a67d936f,1762587820584,Sync,7546.63,1762587816150,21.0.3.10,false,512,28.95,InvokeFunction,,,LATEST,1-690ef4a8-0c0a43-3c68ed7f3661,OnDemand,,,4433.87,
,9DDF92507C03E777F745C0AA5C83C458-8,1762587823,FCRequestMetrics:/n-matmul-512,50,50,,,3691.81,n-matmul-512,false,ab20715057dd,,c-690ef49e-0cf1abd9-a4d3e4836d71,1762587819592,Sync,8031.42,1762587815254,21.0.3.8,false,512,28.71,InvokeFunction,,,LATEST,1-690ef4a8-0c0a43-afd58a80924b,OnDemand,,,4337.86,
,3801AF28D1F06D15DE702CA3D1A78840-10,1762587823,FCRequestMetrics:/n-matmul-512,50,50,,,2892.74,n-matmul-512,false,85f7f63caa28,,c-690ef48f-0cf1abd9-8d9a75cfa22a,1762587820592,Sync,6940.16,1762587816547,21.0.3.8,false,512,28.77,InvokeFunction,,,LATEST,1-690ef4a8-0c0a43-98ea12f0a76b,OnDemand,,,4044.32,
,7F41C0AC9649E78CE4E6389BA04F93F7-10,1762587823,FCRequestMetrics:/n-matmul-512,50,50,,,3036.67,n-matmul-512,false,2f9a827ac39a,,c-690ef48f-0cf1abd9-d481ef5b70cb,1762587820954,Sync,7360.04,1762587816631,21.0.3.12,false,512,26.67,InvokeFunction,,,LATEST,1-690ef4a8-0c0a43-7fb86a6797d1,OnDemand,,,4322.23,
,22262E23B35913584F104007F60CDE44-10,1762587823,FCRequestMetrics:/n-matmul-512,50,50,,,3063.62,n-matmul-512,false,5c984f724ebf,,c-690ef48f-0cf1abd9-4d671f684c9c,1762587820916,Sync,7361.73,1762587816618,21.0.3.9,false,512,28.70,InvokeFunction,,,LATEST,1-690ef4a8-0c0a43-807244538667,OnDemand,,,4296.66,
,BD1D69C9267D95E53B2A79C6CB35D41D-D,1762587823,FCRequestMetrics:/n-matmul-512,50,50,,,3031.72,n-matmul-512,false,987841b3d4f5,,c-690ef492-0cf1abd9-b72bb88bbd36,1762587820145,Sync,7123.75,1762587816053,21.0.3.12,false,512,36.71,InvokeFunction,,,LATEST,1-690ef4a8-0c0a43-eca537f8aa8d,OnDemand,,,4090.67,
,6448458DC5EEDA4B01194355EB33D0AF-D,1762587823,FCRequestMetrics:/n-matmul-512,50,50,,,3011.61,n-matmul-512,false,e9af6d91c5a8,,c-690ef492-0cf1abd9-8e96e2aae5ad,1762587820891,Sync,7308.15,1762587816595,21.0.3.11,false,512,36.51,InvokeFunction,,,LATEST,1-690ef4a8-0c0a43-7e0cbc286aaa,OnDemand,,,4295.36,
,7C823A060900EA64C601C711AE9A8E7B-E,1762587823,FCRequestMetrics:/n-matmul-512,50,50,,,3323.25,n-matmul-512,false,a9c1f9cad0fa,,c-690ef492-0cf1abd9-41b4dd0accbf,1762587820293,Sync,7546.85,1762587816070,21.0.3.10,false,512,36.37,InvokeFunction,,,LATEST,1-690ef4a8-0c0a43-14468fc05ec3,OnDemand,,,4222.58,
,B6CBE8EBA74250AA907E560C90566BB4-9,1762587823,FCRequestMetrics:/n-matmul-512,50,50,,,0.03,n-matmul-512,true,ab282a8889ea,,c-690ef49c-0cf1abd9-bbfeef60bc24,1762587820451,Sync,4342.32,1762587818834,21.0.3.11,false,512,2.09,InvokeFunction,,,LATEST,1-690ef4ab-0c49fa-24171027195a,OnDemand,,,1616.30,,"{""errorType"":""FunctionAbnormalExitError""}"
,414BD1893AE2054C5F533C4E4BFB2474-9,1762587823,FCRequestMetrics:/n-matmul-512,50,50,,,0.03,n-matmul-512,true,e09eb6f846c4,,c-690ef49c-0cf1abd9-96967c00da02,1762587820518,Sync,3374.47,1762587819695,21.0.3.9,false,512,2.09,InvokeFunction,,,LATEST,1-690ef4ac-0c0a43-1892ff6fdb44,OnDemand,,,822.55,,"{""errorType"":""FunctionAbnormalExitError""}"
,270B9EACE82C5E95387DFC3023475A37-5,1762587823,FCRequestMetrics:/n-matmul-512,50,50,,,3292.25,n-matmul-512,false,fe7ebaee4797,,c-690ef4a4-0cf1abd9-3aa2f2400266,1762587820232,Sync,4633.99,1762587818891,21.0.3.8,false,512,94.46,InvokeFunction,,,LATEST,1-690ef4ac-0c0a43-6279f82403a3,OnDemand,,,1340.82,
,6CCFB4E4193C923DA012941FDF8BA7C1-10,1762587823,FCRequestMetrics:/n-matmul-512,50,50,,,0.03,n-matmul-512,true,1ea218c34989,,c-690ef48f-0cf1abd9-4c65696b73c9,1762587821589,Sync,3108.46,1762587820444,21.0.3.11,false,512,2.19,InvokeFunction,,,LATEST,1-690ef4ac-0c0a43-c40b44f866dc,OnDemand,,,1144.19,,"{""errorType"":""FunctionAbnormalExitError""}"
,7FDD645C18A05AFCA1EE540844E336B4-10,1762587823,FCRequestMetrics:/n-matmul-512,50,50,,,0.03,n-matmul-512,true,005047e6f771,,c-690ef48f-0cf1abd9-a4e85c44b759,1762587821580,Sync,2991.67,1762587820444,21.0.3.12,false,512,4.12,InvokeFunction,,,LATEST,1-690ef4ac-0c0a43-5d400fb4c073,OnDemand,,,1136.34,,"{""errorType"":""FunctionAbnormalExitError""}"
,F07C00865CBCDDD3603F2861EC1005E7-10,1762587823,FCRequestMetrics:/n-matmul-512,50,50,,,0.03,n-matmul-512,true,23ed8e688827,,c-690ef48f-0cf1abd9-c9d277f8db04,1762587821646,Sync,3092.43,1762587820454,21.0.3.10,false,512,2.05,InvokeFunction,,,LATEST,1-690ef4ac-0c0a43-765d9d45920d,OnDemand,,,1191.95,,"{""errorType"":""FunctionAbnormalExitError""}"
,EAD7BD32D52FA8C0EC561AB86D8BB129-9,1762587823,FCRequestMetrics:/n-matmul-512,50,50,,,0.06,n-matmul-512,true,9697e733b066,,c-690ef49e-0cf1abd9-b7f83cb23224,1762587820531,Sync,3933.13,1762587819153,21.0.3.10,false,512,2.24,InvokeFunction,,,LATEST,1-690ef4ac-0c0a43-80faf1f04d14,OnDemand,,,1377.80,,"{""errorType"":""FunctionAbnormalExitError""}"
,8A4C9F8EC0081A54D335C35B65D1357D-6,1762587823,FCRequestMetrics:/n-matmul-512,50,50,,,3529.18,n-matmul-512,false,1c5ca9e1c7f9,,c-690ef4a4-0cf1abd9-274debaa5e8f,1762587819537,Sync,4364.14,1762587818710,21.0.3.9,false,512,36.53,InvokeFunction,,,LATEST,1-690ef4ac-0c0a43-52a3b846d6ad,OnDemand,,,825.07,
,3D753EA828DEDBBB0DF10FE8437E0EE2-9,1762587823,FCRequestMetrics:/n-matmul-512,50,50,,,0.03,n-matmul-512,true,13a75e602ffd,,c-690ef49e-0cf1abd9-124626cd631e,1762587820482,Sync,4121.75,1762587819148,21.0.3.12,false,512,2.12,InvokeFunction,,,LATEST,1-690ef4ac-0c0a43-2b6ef53480f6,OnDemand,,,1333.48,,"{""errorType"":""FunctionAbnormalExitError""}"
,5F3A1644AB2A1C8B074AB8754A10A293-6,1762587823,FCRequestMetrics:/n-matmul-512,50,50,,,3458.70,n-matmul-512,false,69f1f8b4cc9d,,c-690ef4a4-0cf1abd9-06b3493bf27e,1762587820439,Sync,5006.11,1762587818896,21.0.3.10,false,512,36.82,InvokeFunction,,,LATEST,1-690ef4ac-0c0a43-5617eefce70e,OnDemand,,,1542.51,
,6C268265BE6071088D6F784688423FBC-6,1762587823,FCRequestMetrics:/n-matmul-512,50,50,,,3449.36,n-matmul-512,false,f3794d0f4bed,,c-690ef4a4-0cf1abd9-3f60d30fa7e2,1762587820541,Sync,5092.77,1762587818899,21.0.3.11,false,512,40.70,InvokeFunction,,,LATEST,1-690ef4ac-0c0a43-6036bc0f2103,OnDemand,,,1642.23,
,1F1FFC412871BA58DE9DD242432C9C35-10,1762587824,FCRequestMetrics:/n-matmul-512,50,50,,,2777.61,n-matmul-512,false,a2dfb552053b,,c-690ef492-0cf1abd9-8c97f365993b,1762587821743,Sync,4063.66,1762587820457,21.0.3.8,false,512,40.24,InvokeFunction,,,LATEST,1-690ef4ac-0c0a43-5cf04fa6ad72,OnDemand,,,1284.99,
,646B33D459BD0A9244D32F781DAF3418-6,1762587824,FCRequestMetrics:/n-matmul-512,50,50,,,3071.83,n-matmul-512,false,5d92a283eb8a,,c-690ef4a1-0cf1abd9-de1abe369d37,1762587820953,Sync,4350.49,1762587819675,21.0.3.10,false,512,38.44,InvokeFunction,,,LATEST,1-690ef4ac-0c0a43-4055bda74ee3,OnDemand,,,1277.75,
,13AC9179567B6A88BE4E678F8CBCF027-6,1762587824,FCRequestMetrics:/n-matmul-512,50,50,,,3300.54,n-matmul-512,false,c1270f7ffdb8,,c-690ef4a1-0cf1abd9-661404bfd8df,1762587820820,Sync,4455.22,1762587819666,21.0.3.12,false,512,39.54,InvokeFunction,,,LATEST,1-690ef4ac-0c0a43-c5b9297ae25a,OnDemand,,,1153.79,
,ED99555BBD66FF347A8C8145C62ABE99-8,1762587824,FCRequestMetrics:/n-matmul-512,50,50,,,4142.22,n-matmul-512,false,4bed96722f41,,c-690ef49c-0cf1abd9-8088ae7c339c,1762587820479,Sync,5522.30,1762587819100,21.0.3.8,false,512,28.79,InvokeFunction,,,LATEST,1-690ef4ab-0c49fa-e73e53f342e1,OnDemand,,,1379.11,
,A6333F63464BC687DF1965DBFE05F1DB-10,1762587824,FCRequestMetrics:/n-matmul-512,50,50,,,3021.96,n-matmul-512,false,3e88eb377bf5,,c-690ef490-0cf1abd9-507f1daf6985,1762587821078,Sync,3863.11,1762587820238,21.0.3.11,false,512,27.56,InvokeFunction,,,LATEST,1-690ef4ac-0c0a43-eceb8cfc7ce5,OnDemand,,,840.35,
,90D8D68606671C7D3CC9428DB5D1A5ED-6,1762587824,FCRequestMetrics:/n-matmul-512,50,50,,,3119.55,n-matmul-512,false,43290576c1e6,,c-690ef4a1-0cf1abd9-784f475cf818,1762587821421,Sync,4811.18,1762587819730,21.0.3.11,false,512,39.71,InvokeFunction,,,LATEST,1-690ef4ac-0c0a43-8fb47f96f0b7,OnDemand,,,1690.34,
,32144092075796B61E66CC5CB449FE74-10,1762587824,FCRequestMetrics:/n-matmul-512,50,50,,,3144.28,n-matmul-512,false,4e09d5ee1757,,c-690ef48f-0cf1abd9-c9b2724f454d,1762587821079,Sync,3955.81,1762587820269,21.0.3.11,false,512,27.28,InvokeFunction,,,LATEST,1-690ef4ac-0c0a43-d2dbcebe12b0,OnDemand,,,809.73,
,A58D23371A460570694E59E83C205D35-10,1762587824,FCRequestMetrics:/n-matmul-512,50,50,,,3031.20,n-matmul-512,false,f5099c18cdf1,,c-690ef48f-0cf1abd9-aa29b9d0aa99,1762587821294,Sync,5714.90,1762587818611,21.0.3.11,false,512,26.89,InvokeFunction,,,LATEST,1-690ef4aa-0c0a43-273b5a98e93d,OnDemand,,,2682.71,
,7780C0688E26C68EB0D69712BCDE475F-F,1762587824,FCRequestMetrics:/n-matmul-512,50,50,,,3086.99,n-matmul-512,false,333740b1eaee,,c-690ef490-0cf1abd9-b30a2e13f5eb,1762587821384,Sync,4104.90,1762587820367,21.0.3.12,false,512,27.10,InvokeFunction,,,LATEST,1-690ef4ac-0c0a43-a3d3944c395a,OnDemand,,,1014.80,
,CA067C7B13641001A367D67FE1936091-10,1762587824,FCRequestMetrics:/n-matmul-512,50,50,,,3117.07,n-matmul-512,false,5046f6076057,,c-690ef490-0cf1abd9-851ce87263d1,1762587821477,Sync,4199.32,1762587820396,21.0.3.11,false,512,27.16,InvokeFunction,,,LATEST,1-690ef4ac-0c0a43-7ddf7338c1c2,OnDemand,,,1081.13,
,805D0B9C50B0CFD3CF77F88B01A3CC36-10,1762587824,FCRequestMetrics:/n-matmul-512,50,50,,,3127.94,n-matmul-512,false,4277c8c89afa,,c-690ef490-0cf1abd9-df579b907295,1762587821524,Sync,4242.71,1762587820410,21.0.3.12,false,512,27.20,InvokeFunction,,,LATEST,1-690ef4ac-0c0a43-1bc1524f3460,OnDemand,,,1113.75,
,F91A17FDEE204113BD7FCEE97E77B19D-F,1762587824,FCRequestMetrics:/n-matmul-512,50,50,,,3271.71,n-matmul-512,false,b4a55f945517,,c-690ef48f-0cf1abd9-f3db6505083a,1762587821665,Sync,4483.04,1762587820455,21.0.3.12,false,512,30.05,InvokeFunction,,,LATEST,1-690ef4ac-0c0a43-9900b2fe0c33,OnDemand,,,1210.50,
,3638871BA5BA6CB81D64084B08F55201-12,1762587824,FCRequestMetrics:/n-matmul-512,50,50,,,2829.67,n-matmul-512,false,d9ddc014a95e,,c-690ef48f-0cf1abd9-ec0c220edbce,1762587821279,Sync,3786.54,1762587820323,21.0.3.8,false,512,34.65,InvokeFunction,,,LATEST,1-690ef4ac-0c0a43-ab02fb19f4a6,OnDemand,,,955.95,
,F898A01EEA6FFC9C575701D6D0948E55-12,1762587824,FCRequestMetrics:/n-matmul-512,50,50,,,2916.71,n-matmul-512,false,7a16d098497d,,c-690ef48f-0cf1abd9-9a6242cc8b28,1762587821864,Sync,4277.65,1762587820503,21.0.3.8,false,512,38.61,InvokeFunction,,,LATEST,1-690ef4ac-0c0a43-a7b0c4f7a153,OnDemand,,,1360.12,
,1C05D5B02F01F46143D999E67440A343-12,1762587824,FCRequestMetrics:/n-matmul-512,50,50,,,3055.06,n-matmul-512,false,ded09bee0b2d,,c-690ef48f-0cf1abd9-2bb86706a2c4,1762587821606,Sync,4213.60,1762587820448,21.0.3.9,false,512,36.52,InvokeFunction,,,LATEST,1-690ef4ac-0c0a43-0d8609316782,OnDemand,,,1157.61,
,2C250D9B2FF86C019F81DAC520815883-6,1762587824,FCRequestMetrics:/n-matmul-512,50,50,,,3413.15,n-matmul-512,false,52c1693be583,,c-690ef4a4-0cf1abd9-b2b9a6cf3285,1762587820714,Sync,5222.27,1762587818906,21.0.3.12,false,512,36.05,InvokeFunction,,,LATEST,1-690ef4ac-0c0a43-ce656505aa6c,OnDemand,,,1807.97,
,537821DDAFE9614566F0064DDB274514-9,1762587824,FCRequestMetrics:/n-matmul-512,50,50,,,0.02,n-matmul-512,true,e7a61b8cb4fe,,c-690ef4a1-0cf1abd9-564b243bc6a8,1762587822880,Sync,4575.49,1762587819916,21.0.3.8,false,512,54.55,InvokeFunction,,,LATEST,1-690ef4ac-0c0a43-3b05812a1121,OnDemand,,,2963.77,,"{""errorType"":""FunctionAbnormalExitError""}"
,3BDEEDD6F6C1B51E5137A970AE75BAA4-10,1762587825,FCRequestMetrics:/n-matmul-512,50,50,,,3026.54,n-matmul-512,false,3b2b33dbd196,,c-690ef492-0cf1abd9-bbdff8eda83c,1762587822918,Sync,5392.53,1762587820552,21.0.3.9,false,512,38.00,InvokeFunction,,,LATEST,1-690ef4ac-0c0a43-43a10758fc3d,OnDemand,,,2365.13,
,78CD85FE04C684FD432ABFF362CBF50C-10,1762587825,FCRequestMetrics:/n-matmul-512,50,50,,,2997.48,n-matmul-512,false,6999fff919fb,,c-690ef48f-0cf1abd9-6c6d9044c534,1762587822308,Sync,4792.59,1762587820513,21.0.3.9,false,512,27.32,InvokeFunction,,,LATEST,1-690ef4ac-0c0a43-0de1d00d4e8d,OnDemand,,,1793.86,
,B50B6C7E4A9EFD8ADCDAE8E71A8A357B-12,1762587825,FCRequestMetrics:/n-matmul-512,50,50,,,3021.75,n-matmul-512,false,0c3cf93849f8,,c-690ef48f-0cf1abd9-ad135b628654,1762587822748,Sync,5222.29,1762587820551,21.0.3.8,false,512,36.55,InvokeFunction,,,LATEST,1-690ef4ac-0c0a43-a4e8aed85923,OnDemand,,,2197.35,
,447511FEAA2C196192B29D0355E78B1D-12,1762587825,FCRequestMetrics:/n-matmul-512,50,50,,,2935.18,n-matmul-512,false,2be5f8bcaa9a,,c-690ef48f-0cf1abd9-405aaa419009,1762587822430,Sync,4844.98,1762587820521,21.0.3.9,false,512,36.19,InvokeFunction,,,LATEST,1-690ef4ac-0c0a43-37753e3d1a1a,OnDemand,,,1908.76,
,148C1B09986999E20AA0FF04F10942D0-12,1762587825,FCRequestMetrics:/n-matmul-512,50,50,,,2908.95,n-matmul-512,false,aa1e2085073a,,c-690ef48f-0cf1abd9-2b72cdd5c5c2,1762587822498,Sync,4885.83,1762587820522,21.0.3.10,false,512,36.16,InvokeFunction,,,LATEST,1-690ef4ac-0c0a43-6fe76c7d7d8a,OnDemand,,,1975.78,
,9ADEFA90B0D30226FA9EC5C9D5AE07C5-9,1762587825,FCRequestMetrics:/n-matmul-512,50,50,,,0.03,n-matmul-512,true,720d5821fc65,,c-690ef4a1-0cf1abd9-d2a0858351d9,1762587823143,Sync,5066.84,1762587819941,21.0.3.9,false,512,7.95,InvokeFunction,,,LATEST,1-690ef4ac-0c49fa-c24ff990e875,OnDemand,,,3202.31,,"{""errorType"":""FunctionAbnormalExitError""}"
,1F1FFC412871BA58DE9DD242432C9C35-12,1762587825,FCRequestMetrics:/n-matmul-512,50,50,,,0.06,n-matmul-512,true,a2dfb552053b,,c-690ef492-0cf1abd9-8c97f365993b,1762587824524,Sync,4576.91,1762587820946,21.0.3.8,false,512,4.20,InvokeFunction,,,LATEST,1-690ef4ac-0c0a43-f8f9a92bb39e,OnDemand,,,3577.13,,"{""errorType"":""FunctionAbnormalExitError""}"
,FD6981321571EC68F9E27CDAD26BAC19-9,1762587826,FCRequestMetrics:/n-matmul-512,50,50,,,4625.33,n-matmul-512,false,b2349f9a27e7,,c-690ef49c-0cf1abd9-a2407a052b71,1762587821787,Sync,6386.24,1762587820027,21.0.3.12,false,512,33.05,InvokeFunction,,,LATEST,1-690ef4ac-0c0a43-6fbedf29d6b0,OnDemand,,,1757.57,
,BD1D69C9267D95E53B2A79C6CB35D41D-10,1762587826,FCRequestMetrics:/n-matmul-512,50,50,,,3494.59,n-matmul-512,false,987841b3d4f5,,c-690ef492-0cf1abd9-b72bb88bbd36,1762587823180,Sync,6118.37,1762587820557,21.0.3.12,false,512,39.82,InvokeFunction,,,LATEST,1-690ef4ac-0c49fa-76545a01cd89,OnDemand,,,2622.79,
,C1D7342C162E0433E3DCC69A36E49279-9,1762587826,FCRequestMetrics:/n-matmul-512,50,50,,,4463.27,n-matmul-512,false,c1850f6d6120,,c-690ef49e-0cf1abd9-bea541164f91,1762587821903,Sync,7010.41,1762587819356,21.0.3.11,false,512,28.94,InvokeFunction,,,LATEST,1-690ef4ac-0c0a43-902dba57ad60,OnDemand,,,2545.59,
,6CCFB4E4193C923DA012941FDF8BA7C1-10,1762587826,FCRequestMetrics:/n-matmul-512,50,50,,,3435.78,n-matmul-512,false,1ea218c34989,,c-690ef48f-0cf1abd9-4c65696b73c9,1762587823555,Sync,6355.96,1762587820636,21.0.3.11,false,512,29.15,InvokeFunction,,,LATEST,1-690ef4ac-0c49fa-73dceded0626,OnDemand,,,2918.46,
,7FDD645C18A05AFCA1EE540844E336B4-10,1762587826,FCRequestMetrics:/n-matmul-512,50,50,,,3529.70,n-matmul-512,false,005047e6f771,,c-690ef48f-0cf1abd9-a4e85c44b759,1762587823437,Sync,6365.41,1762587820602,21.0.3.12,false,512,26.74,InvokeFunction,,,LATEST,1-690ef4ac-0c0a43-c51655816a22,OnDemand,,,2834.71,
,F07C00865CBCDDD3603F2861EC1005E7-10,1762587826,FCRequestMetrics:/n-matmul-512,50,50,,,3178.86,n-matmul-512,false,23ed8e688827,,c-690ef48f-0cf1abd9-c9d277f8db04,1762587823548,Sync,6091.89,1762587820636,21.0.3.10,false,512,26.89,InvokeFunction,,,LATEST,1-690ef4ac-0c0a43-681b0c905097,OnDemand,,,2912.00,
,8A4C9F8EC0081A54D335C35B65D1357D-6,1762587826,FCRequestMetrics:/n-matmul-512,50,50,,,3507.87,n-matmul-512,false,1c5ca9e1c7f9,,c-690ef4a4-0cf1abd9-274debaa5e8f,1762587823077,Sync,6975.04,1762587819612,21.0.3.9,false,512,39.66,InvokeFunction,,,LATEST,1-690ef4ad-0c0a43-ec0d3b185a64,OnDemand,,,3465.08,
,4D57B9EBA87590C7398CF6540746C6BE-12,1762587826,FCRequestMetrics:/n-matmul-512,50,50,,,2976.53,n-matmul-512,false,cf9fc6279e9f,,c-690ef490-0cf1abd9-f9b75dacbfca,1762587823398,Sync,5774.96,1762587820601,21.0.3.10,false,512,34.26,InvokeFunction,,,LATEST,1-690ef4ac-0c0a43-ef4db8d11d2f,OnDemand,,,2796.99,
,B1B3EF35016788C3424F79DCBD83BB05-11,1762587826,FCRequestMetrics:/n-matmul-512,50,50,,,2986.73,n-matmul-512,false,8e7a4967c312,,c-690ef48f-0cf1abd9-e1933dd451ba,1762587823036,Sync,5469.74,1762587820553,21.0.3.10,false,512,36.92,InvokeFunction,,,LATEST,1-690ef4ac-0c0a43-f9fbabb18306,OnDemand,,,2482.16,
,F031090DB7497FBE9C5AA393E7E68561-12,1762587826,FCRequestMetrics:/n-matmul-512,50,50,,,2829.70,n-matmul-512,false,ac449c8e7f33,,c-690ef48f-0cf1abd9-a7a4b84ee62d,1762587823457,Sync,5669.56,1762587820632,21.0.3.9,false,512,36.14,InvokeFunction,,,LATEST,1-690ef4ac-0c49fa-43d088266529,OnDemand,,,2825.55,
,D57BF307AB3C1DBB07F853EA29DFAA8E-12,1762587826,FCRequestMetrics:/n-matmul-512,50,50,,,2992.36,n-matmul-512,false,4a02a8b2ccf7,,c-690ef48f-0cf1abd9-3378a67d936f,1762587823700,Sync,6050.82,1762587820643,21.0.3.10,false,512,36.40,InvokeFunction,,,LATEST,1-690ef4ac-0c0a43-a91d02ef7095,OnDemand,,,3056.38,
,3801AF28D1F06D15DE702CA3D1A78840-12,1762587826,FCRequestMetrics:/n-matmul-512,50,50,,,2902.55,n-matmul-512,false,85f7f63caa28,,c-690ef48f-0cf1abd9-8d9a75cfa22a,1762587823491,Sync,5761.86,1762587820632,21.0.3.8,false,512,36.38,InvokeFunction,,,LATEST,1-690ef4ac-0c49fa-9e2faf7a0005,OnDemand,,,2858.38,
,7F41C0AC9649E78CE4E6389BA04F93F7-12,1762587826,FCRequestMetrics:/n-matmul-512,50,50,,,2960.00,n-matmul-512,false,2f9a827ac39a,,c-690ef48f-0cf1abd9-d481ef5b70cb,1762587823994,Sync,6296.68,1762587820658,21.0.3.12,false,512,34.46,InvokeFunction,,,LATEST,1-690ef4ac-0c49fa-0222e63cfa97,OnDemand,,,3335.69,
,22262E23B35913584F104007F60CDE44-12,1762587826,FCRequestMetrics:/n-matmul-512,50,50,,,2943.91,n-matmul-512,false,5c984f724ebf,,c-690ef48f-0cf1abd9-4d671f684c9c,1762587823983,Sync,6273.37,1762587820654,21.0.3.9,false,512,36.29,InvokeFunction,,,LATEST,1-690ef4ac-0c0a43-90dc2b8006ec,OnDemand,,,3328.22,
,60315181B24B66886819325A3EA49E6F-B,1762587826,FCRequestMetrics:/n-matmul-512,50,50,,,5044.39,n-matmul-512,false,0d1aec41c426,,c-690ef49e-0cf1abd9-079fb8593d22,1762587821093,Sync,6883.39,1762587819255,21.0.3.9,false,512,29.16,InvokeFunction,,,LATEST,1-690ef4ac-0c0a43-067825f8eef9,OnDemand,,,1837.92,
,646B33D459BD0A9244D32F781DAF3418-9,1762587826,FCRequestMetrics:/n-matmul-512,50,50,,,0.03,n-matmul-512,true,5d92a283eb8a,,c-690ef4a1-0cf1abd9-de1abe369d37,1762587824035,Sync,6273.99,1762587820522,21.0.3.10,false,512,2.27,InvokeFunction,,,LATEST,1-690ef4ad-0c0a43-d5585e29fff4,OnDemand,,,3511.98,,"{""errorType"":""FunctionAbnormalExitError""}"
,13AC9179567B6A88BE4E678F8CBCF027-9,1762587826,FCRequestMetrics:/n-matmul-512,50,50,,,0.03,n-matmul-512,true,c1270f7ffdb8,,c-690ef4a1-0cf1abd9-661404bfd8df,1762587824126,Sync,5723.20,1762587821142,21.0.3.12,false,512,2.09,InvokeFunction,,,LATEST,1-690ef4ad-0c49fa-ee61f3a5f031,OnDemand,,,2983.46,,"{""errorType"":""FunctionAbnormalExitError""}"
,3638871BA5BA6CB81D64084B08F55201-12,1762587827,FCRequestMetrics:/n-matmul-512,50,50,,,3089.96,n-matmul-512,false,d9ddc014a95e,,c-690ef48f-0cf1abd9-ec0c220edbce,1762587824113,Sync,6536.09,1762587820667,21.0.3.8,false,512,36.55,InvokeFunction,,,LATEST,1-690ef4ac-0c49fa-2cef55985ae7,OnDemand,,,3445.13,
,7C823A060900EA64C601C711AE9A8E7B-10,1762587827,FCRequestMetrics:/n-matmul-512,50,50,,,3629.94,n-matmul-512,false,a9c1f9cad0fa,,c-690ef492-0cf1abd9-41b4dd0accbf,1762587823620,Sync,6609.04,1762587820642,21.0.3.10,false,512,39.48,InvokeFunction,,,LATEST,1-690ef4ac-0c0a43-c2bd8e1d2192,OnDemand,,,2977.98,
,F898A01EEA6FFC9C575701D6D0948E55-12,1762587827,FCRequestMetrics:/n-matmul-512,50,50,,,2964.39,n-matmul-512,false,7a16d098497d,,c-690ef48f-0cf1abd9-9a6242cc8b28,1762587824784,Sync,5969.95,1762587821779,21.0.3.8,false,512,40.87,InvokeFunction,,,LATEST,1-690ef4ad-0c49fa-9b43671e5530,OnDemand,,,3004.82,
,1C05D5B02F01F46143D999E67440A343-12,1762587827,FCRequestMetrics:/n-matmul-512,50,50,,,3120.91,n-matmul-512,false,ded09bee0b2d,,c-690ef48f-0cf1abd9-2bb86706a2c4,1762587824665,Sync,6632.18,1762587821154,21.0.3.9,false,512,38.66,InvokeFunction,,,LATEST,1-690ef4ad-0c0a43-7ce74635ed9b,OnDemand,,,3510.32,
,6448458DC5EEDA4B01194355EB33D0AF-10,1762587827,FCRequestMetrics:/n-matmul-512,50,50,,,3836.68,n-matmul-512,false,e9af6d91c5a8,,c-690ef492-0cf1abd9-8e96e2aae5ad,1762587823907,Sync,7096.26,1762587820648,21.0.3.11,false,512,39.86,InvokeFunction,,,LATEST,1-690ef4ac-0c49fa-10a351d2090f,OnDemand,,,3257.96,
,EAD7BD32D52FA8C0EC561AB86D8BB129-9,1762587827,FCRequestMetrics:/n-matmul-512,50,50,,,4374.38,n-matmul-512,false,9697e733b066,,c-690ef49e-0cf1abd9-b7f83cb23224,1762587823089,Sync,7761.54,1762587819702,21.0.3.10,false,512,27.07,InvokeFunction,,,LATEST,1-690ef4ac-0c0a43-ae65df53bd04,OnDemand,,,3385.95,
,3D753EA828DEDBBB0DF10FE8437E0EE2-9,1762587827,FCRequestMetrics:/n-matmul-512,50,50,,,4329.32,n-matmul-512,false,13a75e602ffd,,c-690ef49e-0cf1abd9-124626cd631e,1762587823272,Sync,7816.52,1762587819786,21.0.3.12,false,512,26.95,InvokeFunction,,,LATEST,1-690ef4ac-0c0a43-9167f248f155,OnDemand,,,3485.53,
,5F3A1644AB2A1C8B074AB8754A10A293-6,1762587827,FCRequestMetrics:/n-matmul-512,50,50,,,3630.77,n-matmul-512,false,69f1f8b4cc9d,,c-690ef4a4-0cf1abd9-06b3493bf27e,1762587823906,Sync,6882.30,1762587820655,21.0.3.10,false,512,39.82,InvokeFunction,,,LATEST,1-690ef4ae-0c49fa-2866940e3324,OnDemand,,,3250.48,
,270B9EACE82C5E95387DFC3023475A37-9,1762587827,FCRequestMetrics:/n-matmul-512,50,50,,,3638.50,n-matmul-512,false,fe7ebaee4797,,c-690ef4a4-0cf1abd9-3aa2f2400266,1762587823528,Sync,6736.32,1762587820431,21.0.3.8,false,512,96.04,InvokeFunction,,,LATEST,1-690ef4ad-0c0a43-9b3cac65b0d7,OnDemand,,,3096.73,
,6C268265BE6071088D6F784688423FBC-9,1762587827,FCRequestMetrics:/n-matmul-512,50,50,,,3773.61,n-matmul-512,false,f3794d0f4bed,,c-690ef4a4-0cf1abd9-3f60d30fa7e2,1762587823995,Sync,7098.29,1762587820671,21.0.3.11,false,512,43.67,InvokeFunction,,,LATEST,1-690ef4ae-0c49fa-cd8ea695f522,OnDemand,,,3323.43,
,A0E18646E4ED1862BB7852A818D6BD84-12,1762587827,FCRequestMetrics:/n-matmul-512,50,50,,,3619.22,n-matmul-512,false,455c2c4df2d2,,c-690ef48f-0cf1abd9-fff0447ff1dc,1762587823398,Sync,6419.27,1762587820598,21.0.3.8,false,512,34.35,InvokeFunction,,,LATEST,1-690ef4ac-0c49fa-3e60da47c228,OnDemand,,,2799.02,
,9DDF92507C03E777F745C0AA5C83C458-A,1762587827,FCRequestMetrics:/n-matmul-512,50,50,,,3913.30,n-matmul-512,false,ab20715057dd,,c-690ef49e-0cf1abd9-a4d3e4836d71,1762587823326,Sync,7390.95,1762587819849,21.0.3.8,false,512,36.24,InvokeFunction,,,LATEST,1-690ef4ac-0c0a43-4bac5994a6d0,OnDemand,,,3475.86,
,A6333F63464BC687DF1965DBFE05F1DB-12,1762587827,FCRequestMetrics:/n-matmul-512,50,50,,,2941.61,n-matmul-512,false,3e88eb377bf5,,c-690ef490-0cf1abd9-507f1daf6985,1762587824113,Sync,6321.41,1762587820734,21.0.3.11,false,512,34.77,InvokeFunction,,,LATEST,1-690ef4ac-0c0a43-c833b8cbd7c6,OnDemand,,,3378.82,
,32144092075796B61E66CC5CB449FE74-12,1762587827,FCRequestMetrics:/n-matmul-512,50,50,,,2978.67,n-matmul-512,false,4e09d5ee1757,,c-690ef48f-0cf1abd9-c9b2724f454d,1762587824228,Sync,7892.37,1762587819315,21.0.3.11,false,512,34.47,InvokeFunction,,,LATEST,1-690ef4ab-0c0a43-1956644596c4,OnDemand,,,4912.76,
,A58D23371A460570694E59E83C205D35-12,1762587827,FCRequestMetrics:/n-matmul-512,50,50,,,2895.56,n-matmul-512,false,f5099c18cdf1,,c-690ef48f-0cf1abd9-aa29b9d0aa99,1762587824329,Sync,6344.05,1762587820881,21.0.3.11,false,512,34.59,InvokeFunction,,,LATEST,1-690ef4ac-0c0a43-936a6ba23bce,OnDemand,,,3447.47,
,7780C0688E26C68EB0D69712BCDE475F-12,1762587827,FCRequestMetrics:/n-matmul-512,50,50,,,2905.25,n-matmul-512,false,333740b1eaee,,c-690ef490-0cf1abd9-b30a2e13f5eb,1762587824475,Sync,6441.29,1762587820944,21.0.3.12,false,512,34.32,InvokeFunction,,,LATEST,1-690ef4ac-0c0a43-da88ddf63945,OnDemand,,,3530.16,
,CA067C7B13641001A367D67FE1936091-12,1762587827,FCRequestMetrics:/n-matmul-512,50,50,,,3074.90,n-matmul-512,false,5046f6076057,,c-690ef490-0cf1abd9-851ce87263d1,1762587824598,Sync,6548.89,1762587821125,21.0.3.11,false,512,34.61,InvokeFunction,,,LATEST,1-690ef4ad-0c0a43-8b681f70e57b,OnDemand,,,3473.08,
,805D0B9C50B0CFD3CF77F88B01A3CC36-12,1762587827,FCRequestMetrics:/n-matmul-512,50,50,,,2900.92,n-matmul-512,false,4277c8c89afa,,c-690ef490-0cf1abd9-df579b907295,1762587824657,Sync,6436.08,1762587821127,21.0.3.12,false,512,34.43,InvokeFunction,,,LATEST,1-690ef4ad-0c0a43-756ec0e64deb,OnDemand,,,3529.91,
,90D8D68606671C7D3CC9428DB5D1A5ED-9,1762587827,FCRequestMetrics:/n-matmul-512,50,50,,,0.03,n-matmul-512,true,43290576c1e6,,c-690ef4a1-0cf1abd9-784f475cf818,1762587824544,Sync,5599.85,1762587821415,21.0.3.11,false,512,4.09,InvokeFunction,,,LATEST,1-690ef4ae-0c0a43-07e13bf34e68,OnDemand,,,3129.47,,"{""errorType"":""FunctionAbnormalExitError""}"
,3BDEEDD6F6C1B51E5137A970AE75BAA4-12,1762587827,FCRequestMetrics:/n-matmul-512,50,50,,,0.03,n-matmul-512,true,3b2b33dbd196,,c-690ef492-0cf1abd9-bbdff8eda83c,1762587825948,Sync,5000.19,1762587822153,21.0.3.9,false,512,2.17,InvokeFunction,,,LATEST,1-690ef4ae-0c49fa-59b0120f0be9,OnDemand,,,3795.13,,"{""errorType"":""FunctionAbnormalExitError""}"
,5D2FE67C0EB5779BF4214AF0D6312E51-B,1762587827,FCRequestMetrics:/n-matmul-512,50,50,,,4523.65,n-matmul-512,false,19252a223023,,c-690ef49c-0cf1abd9-daf5d7835f02,1762587822955,Sync,7314.88,1762587820165,21.0.3.10,false,512,29.04,InvokeFunction,,,LATEST,1-690ef4ac-0c49fa-565aa691f578,OnDemand,,,2790.29,
,B6CBE8EBA74250AA907E560C90566BB4-B,1762587827,FCRequestMetrics:/n-matmul-512,50,50,,,4710.67,n-matmul-512,false,ab282a8889ea,,c-690ef49c-0cf1abd9-bbfeef60bc24,1762587823179,Sync,7627.21,1762587820263,21.0.3.11,false,512,27.00,InvokeFunction,,,LATEST,1-690ef4ac-0c0a43-e22d5e166c1a,OnDemand,,,2915.00,
,BD1D69C9267D95E53B2A79C6CB35D41D-12,1762587827,FCRequestMetrics:/n-matmul-512,51,51,,,0.06,n-matmul-512,true,987841b3d4f5,,c-690ef492-0cf1abd9-b72bb88bbd36,1762587826679,Sync,5555.11,1762587822362,21.0.3.12,false,512,2.16,InvokeFunction,,,LATEST,1-690ef4ae-0c0a43-35014dcd41e6,OnDemand,,,4316.74,,"{""errorType"":""FunctionAbnormalExitError""}"
,414BD1893AE2054C5F533C4E4BFB2474-B,1762587827,FCRequestMetrics:/n-matmul-512,50,50,,,4926.34,n-matmul-512,false,e09eb6f846c4,,c-690ef49c-0cf1abd9-96967c00da02,1762587823071,Sync,7754.28,1762587820244,21.0.3.9,false,512,26.55,InvokeFunction,,,LATEST,1-690ef4ac-0c49fa-0f4adf06da3e,OnDemand,,,2826.65,
,8A4C9F8EC0081A54D335C35B65D1357D-8,1762587827,FCRequestMetrics:/n-matmul-512,58,58,,,0.30,n-matmul-512,true,1c5ca9e1c7f9,,c-690ef4a4-0cf1abd9-274debaa5e8f,1762587826591,Sync,5222.08,1762587822728,21.0.3.9,false,512,2.60,InvokeFunction,,,LATEST,1-690ef4af-0c49fa-f42ab0729963,OnDemand,,,3861.87,,"{""errorType"":""FunctionAbnormalExitError""}"
,B50B6C7E4A9EFD8ADCDAE8E71A8A357B-12,1762587828,FCRequestMetrics:/n-matmul-512,50,50,,,3015.27,n-matmul-512,false,0c3cf93849f8,,c-690ef48f-0cf1abd9-ad135b628654,1762587825776,Sync,6668.67,1762587822123,21.0.3.8,false,512,38.27,InvokeFunction,,,LATEST,1-690ef4ae-0c49fa-4a3220dca618,OnDemand,,,3652.45,
,447511FEAA2C196192B29D0355E78B1D-12,1762587828,FCRequestMetrics:/n-matmul-512,50,50,,,2805.15,n-matmul-512,false,2be5f8bcaa9a,,c-690ef48f-0cf1abd9-405aaa419009,1762587825369,Sync,6099.21,1762587822075,21.0.3.9,false,512,38.05,InvokeFunction,,,LATEST,1-690ef4ae-0c49fa-e0133de1a223,OnDemand,,,3293.15,
,148C1B09986999E20AA0FF04F10942D0-12,1762587828,FCRequestMetrics:/n-matmul-512,50,50,,,3006.64,n-matmul-512,false,aa1e2085073a,,c-690ef48f-0cf1abd9-2b72cdd5c5c2,1762587825412,Sync,6332.25,1762587822087,21.0.3.10,false,512,38.04,InvokeFunction,,,LATEST,1-690ef4ae-0c49fa-56f06035135b,OnDemand,,,3324.57,
,537821DDAFE9614566F0064DDB274514-9,1762587828,FCRequestMetrics:/n-matmul-512,50,50,,,3778.65,n-matmul-512,false,e7a61b8cb4fe,,c-690ef4a1-0cf1abd9-564b243bc6a8,1762587824496,Sync,6974.11,1762587821303,21.0.3.8,false,512,27.93,InvokeFunction,,,LATEST,1-690ef4ad-0c0a43-64f5c5eceafc,OnDemand,,,3191.11,
,B1B3EF35016788C3424F79DCBD83BB05-11,1762587828,FCRequestMetrics:/n-matmul-512,50,50,,,2855.27,n-matmul-512,false,8e7a4967c312,,c-690ef48f-0cf1abd9-e1933dd451ba,1762587826027,Sync,6725.47,1762587822157,21.0.3.10,false,512,38.85,InvokeFunction,,,LATEST,1-690ef4ae-0c49fa-257ccc38bab9,OnDemand,,,3869.31,
,2C250D9B2FF86C019F81DAC520815883-9,1762587828,FCRequestMetrics:/n-matmul-512,50,50,,,3921.29,n-matmul-512,false,52c1693be583,,c-690ef4a4-0cf1abd9-b2b9a6cf3285,1762587824133,Sync,7348.32,1762587820707,21.0.3.12,false,512,39.48,InvokeFunction,,,LATEST,1-690ef4ae-0c49fa-7f7df5dc0cef,OnDemand,,,3425.92,
,ED99555BBD66FF347A8C8145C62ABE99-A,1762587828,FCRequestMetrics:/n-matmul-512,50,50,,,3696.82,n-matmul-512,false,4bed96722f41,,c-690ef49c-0cf1abd9-8088ae7c339c,1762587824626,Sync,6761.58,1762587821562,21.0.3.8,false,512,34.35,InvokeFunction,,,LATEST,1-690ef4ad-0c49fa-4b9b12a1c466,OnDemand,,,3063.78,
,9095B2C1B61D208836CC9B1C85A0D40A-1,1762587828,FCRequestMetrics:/n-matmul-512,50,50,,,3385.14,n-matmul-512,false,ca295ccdb9ef,,c-690ef4b1-0cf1abd9-20d8276cdfb4,1762587825105,Sync,4567.30,1762587823924,21.0.3.8,false,512,76.96,InvokeFunction,,,LATEST,1-690ef4b1-0c49fa-7dbe47b13341,OnDemand,,,1173.49,
,F91A17FDEE204113BD7FCEE97E77B19D-11,1762587828,FCRequestMetrics:/n-matmul-512,50,50,,,3067.12,n-matmul-512,false,b4a55f945517,,c-690ef48f-0cf1abd9-f3db6505083a,1762587824939,Sync,6134.24,1762587821873,21.0.3.12,false,512,36.63,InvokeFunction,,,LATEST,1-690ef4ad-0c0a43-fb89d8690f0a,OnDemand,,,3066.21,
,9E860D881BD9449D0F2C4975F44F7ABC-1,1762587828,FCRequestMetrics:/n-matmul-512,51,51,1249.79,1762587823845,3126.39,n-matmul-512,false,dc22095edf84,ColdStart,c-690ef4b1-0cf1abd9-834eca231e91,1762587825105,Sync,8472.79,1762587819760,21.0.3.9,true,512,35.33,InvokeFunction,2.71,1762587823845,LATEST,1-690ef4ae-0c49fa-44a0585fe55e,OnDemand,1246.98,1762587823848,4085.54,
,028699F502CA3D7E230041FC52AB4DE5-1,1762587828,FCRequestMetrics:/n-matmul-512,52,52,,,3211.81,n-matmul-512,false,c3f0f0de03a0,,c-690ef4b1-0cf1abd9-f906b5304a3d,1762587825547,Sync,6749.35,1762587822011,21.0.3.8,false,512,69.98,InvokeFunction,,,LATEST,1-690ef4af-0c0a43-c823bde8c78a,OnDemand,,,3536.00,
,D47609DF0A0B8379D6163E9247FE0B62-1,1762587828,FCRequestMetrics:/n-matmul-512,52,52,,,3071.19,n-matmul-512,false,94f30db206a9,,c-690ef4b1-0cf1abd9-5ce21036fb60,1762587825575,Sync,6380.08,1762587822270,21.0.3.9,false,512,43.94,InvokeFunction,,,LATEST,1-690ef4af-0c49fa-43f6d994a17f,OnDemand,,,3303.38,
,78CD85FE04C684FD432ABFF362CBF50C-12,1762587828,FCRequestMetrics:/n-matmul-512,50,50,,,3453.37,n-matmul-512,false,6999fff919fb,,c-690ef48f-0cf1abd9-6c6d9044c534,1762587825309,Sync,6752.18,1762587822011,21.0.3.9,false,512,34.65,InvokeFunction,,,LATEST,1-690ef4ae-0c0a43-b0fd3f07b66f,OnDemand,,,3297.92,
,7C823A060900EA64C601C711AE9A8E7B-12,1762587828,FCRequestMetrics:/n-matmul-512,52,52,,,0.07,n-matmul-512,true,a9c1f9cad0fa,,c-690ef492-0cf1abd9-41b4dd0accbf,1762587827255,Sync,5441.73,1762587823085,21.0.3.10,false,512,2.30,InvokeFunction,,,LATEST,1-690ef4af-0c49fa-3b129ef455b0,OnDemand,,,4169.28,,"{""errorType"":""FunctionAbnormalExitError""}"
,4D57B9EBA87590C7398CF6540746C6BE-12,1762587829,FCRequestMetrics:/n-matmul-512,50,50,,,2849.33,n-matmul-512,false,cf9fc6279e9f,,c-690ef490-0cf1abd9-f9b75dacbfca,1762587826379,Sync,6978.01,1762587822251,21.0.3.10,false,512,36.19,InvokeFunction,,,LATEST,1-690ef4ae-0c49fa-9dd12fcc4f9c,OnDemand,,,4127.23,
,9ADEFA90B0D30226FA9EC5C9D5AE07C5-9,1762587829,FCRequestMetrics:/n-matmul-512,50,50,,,4218.63,n-matmul-512,false,720d5821fc65,,c-690ef4a1-0cf1abd9-d2a0858351d9,1762587825013,Sync,7675.55,1762587821557,21.0.3.9,false,512,28.30,InvokeFunction,,,LATEST,1-690ef4ae-0c49fa-a18843a683d6,OnDemand,,,3455.46,
,F031090DB7497FBE9C5AA393E7E68561-12,1762587829,FCRequestMetrics:/n-matmul-512,50,50,,,2940.41,n-matmul-512,false,ac449c8e7f33,,c-690ef48f-0cf1abd9-a7a4b84ee62d,1762587826305,Sync,7059.33,1762587822186,21.0.3.9,false,512,37.99,InvokeFunction,,,LATEST,1-690ef4ae-0c49fa-82b09667dc7c,OnDemand,,,4118.01,
,D57BF307AB3C1DBB07F853EA29DFAA8E-12,1762587829,FCRequestMetrics:/n-matmul-512,51,51,,,2831.04,n-matmul-512,false,4a02a8b2ccf7,,c-690ef48f-0cf1abd9-3378a67d936f,1762587826697,Sync,7097.41,1762587822431,21.0.3.10,false,512,38.27,InvokeFunction,,,LATEST,1-690ef4ae-0c0a43-ce1f36097ce0,OnDemand,,,4264.89,
,1F1FFC412871BA58DE9DD242432C9C35-12,1762587829,FCRequestMetrics:/n-matmul-512,50,50,,,3835.57,n-matmul-512,false,a2dfb552053b,,c-690ef492-0cf1abd9-8c97f365993b,1762587825525,Sync,7275.02,1762587822087,21.0.3.8,false,512,26.87,InvokeFunction,,,LATEST,1-690ef4ae-0c49fa-97c3d442fca6,OnDemand,,,3437.24,
,3801AF28D1F06D15DE702CA3D1A78840-12,1762587829,FCRequestMetrics:/n-matmul-512,50,50,,,3005.74,n-matmul-512,false,85f7f63caa28,,c-690ef48f-0cf1abd9-8d9a75cfa22a,1762587826398,Sync,7128.30,1762587822276,21.0.3.8,false,512,38.33,InvokeFunction,,,LATEST,1-690ef4ae-0c49fa-115bd40952a2,OnDemand,,,4121.71,
,A6333F63464BC687DF1965DBFE05F1DB-12,1762587829,FCRequestMetrics:/n-matmul-512,52,52,,,2867.34,n-matmul-512,false,3e88eb377bf5,,c-690ef490-0cf1abd9-507f1daf6985,1762587827058,Sync,7392.80,1762587822533,21.0.3.11,false,512,36.51,InvokeFunction,,,LATEST,1-690ef4ae-0c0a43-418c25b2e33d,OnDemand,,,4524.53,
,60315181B24B66886819325A3EA49E6F-B,1762587829,FCRequestMetrics:/n-matmul-512,52,52,,,3251.71,n-matmul-512,false,0d1aec41c426,,c-690ef49e-0cf1abd9-079fb8593d22,1762587826142,Sync,7777.66,1762587821618,21.0.3.9,false,512,36.17,InvokeFunction,,,LATEST,1-690ef4ae-0c49fa-1210770efadb,OnDemand,,,4523.96,
,FD6981321571EC68F9E27CDAD26BAC19-B,1762587829,FCRequestMetrics:/n-matmul-512,50,50,,,3338.23,n-matmul-512,false,b2349f9a27e7,,c-690ef49c-0cf1abd9-a2407a052b71,1762587826416,Sync,7532.78,1762587822230,21.0.3.12,false,512,40.11,InvokeFunction,,,LATEST,1-690ef4ae-0c0a43-cc59a2118215,OnDemand,,,4185.58,
,C1D7342C162E0433E3DCC69A36E49279-B,1762587829,FCRequestMetrics:/n-matmul-512,52,52,,,3533.48,n-matmul-512,false,c1850f6d6120,,c-690ef49e-0cf1abd9-bea541164f91,1762587826371,Sync,7690.71,1762587822214,21.0.3.11,false,512,36.54,InvokeFunction,,,LATEST,1-690ef4af-0c0a43-3d7ee2da1a89,OnDemand,,,4156.27,
,5F40BF3643AE590E1A0AFBFC2BB1CC92-2,1762587829,FCRequestMetrics:/n-matmul-512,55,55,,,3672.10,n-matmul-512,false,918ade19bbee,,c-690ef4b1-0cf1abd9-3df7810e23e4,1762587825970,Sync,6161.07,1762587823483,21.0.3.11,false,512,26.84,InvokeFunction,,,LATEST,1-690ef4b1-0c0a43-42b3b1982b15,OnDemand,,,2486.76,
,386DA6364528A35F673B30D821826132-2,1762587829,FCRequestMetrics:/n-matmul-512,54,54,,,3516.06,n-matmul-512,false,2f0b32a49385,,c-690ef4b1-0cf1abd9-06c370eb6fc5,1762587825846,Sync,6695.47,1762587822668,21.0.3.12,false,512,26.82,InvokeFunction,,,LATEST,1-690ef4b0-0c49fa-f4bf3b14a75e,OnDemand,,,3178.56,
,86D3C1657BB7CB6F9D6C1B5957027679-2,1762587829,FCRequestMetrics:/n-matmul-512,55,55,,,3563.08,n-matmul-512,false,41e163ab7845,,c-690ef4b1-0cf1abd9-383b8cf3b88f,1762587825940,Sync,5482.54,1762587824023,21.0.3.10,false,512,29.09,InvokeFunction,,,LATEST,1-690ef4b1-0c49fa-1aae56ff737a,OnDemand,,,1917.23,
,19D19504A7F011D98456D47931F40832-2,1762587829,FCRequestMetrics:/n-matmul-512,57,57,,,3862.95,n-matmul-512,false,d76a12fc0134,,c-690ef4b1-0cf1abd9-3da89f7b182b,1762587825953,Sync,7462.51,1762587822354,21.0.3.11,false,512,28.86,InvokeFunction,,,LATEST,1-690ef4b0-0c0a43-6d5dbdfb26ef,OnDemand,,,3598.50,
,D383B16911701B57D8112BE288DB8A26-0,1762587829,FCRequestMetrics:/n-matmul-512,58,58,,,3383.34,n-matmul-512,false,bb19602af764,,c-690ef4b1-0cf1abd9-7e88298a556b,1762587826127,Sync,6304.03,1762587823210,21.0.3.10,false,512,28.84,InvokeFunction,,,LATEST,1-690ef4b0-0c49fa-8262b9a9094f,OnDemand,,,2916.47,
,86C97E3549B8E428464CF6B56B68BFDC-2,1762587829,FCRequestMetrics:/n-matmul-512,59,59,,,3538.23,n-matmul-512,false,5a3240bb4b57,,c-690ef4b1-0cf1abd9-ef240bcd1d76,1762587826135,Sync,3837.20,1762587825837,21.0.3.12,false,512,27.19,InvokeFunction,,,LATEST,1-690ef4b3-0c0a43-a93cde841d10,OnDemand,,,298.10,
,6448458DC5EEDA4B01194355EB33D0AF-12,1762587829,FCRequestMetrics:/n-matmul-512,58,58,,,0.03,n-matmul-512,true,e9af6d91c5a8,,c-690ef492-0cf1abd9-8e96e2aae5ad,1762587827748,Sync,5307.52,1762587823823,21.0.3.11,false,512,2.16,InvokeFunction,,,LATEST,1-690ef4af-0c49fa-d45ae92c8d7b,OnDemand,,,3924.80,,"{""errorType"":""FunctionAbnormalExitError""}"
,270B9EACE82C5E95387DFC3023475A37-B,1762587829,FCRequestMetrics:/n-matmul-512,62,62,,,0.03,n-matmul-512,true,fe7ebaee4797,,c-690ef4a4-0cf1abd9-3aa2f2400266,1762587827171,Sync,5947.49,1762587823070,21.0.3.8,false,512,60.25,InvokeFunction,,,LATEST,1-690ef4b0-0c49fa-3888e8937693,OnDemand,,,4101.23,,"{""errorType"":""FunctionAbnormalExitError""}"
,5F3A1644AB2A1C8B074AB8754A10A293-9,1762587829,FCRequestMetrics:/n-matmul-512,63,63,,,0.04,n-matmul-512,true,69f1f8b4cc9d,,c-690ef4a4-0cf1abd9-06b3493bf27e,1762587827543,Sync,5668.39,1762587823884,21.0.3.10,false,512,2.20,InvokeFunction,,,LATEST,1-690ef4b1-0c49fa-f4494721894f,OnDemand,,,3658.76,,"{""errorType"":""FunctionAbnormalExitError""}"
,7F41C0AC9649E78CE4E6389BA04F93F7-12,1762587830,FCRequestMetrics:/n-matmul-512,52,52,,,3269.06,n-matmul-512,false,2f9a827ac39a,,c-690ef48f-0cf1abd9-d481ef5b70cb,1762587826958,Sync,7774.84,1762587822453,21.0.3.12,false,512,36.75,InvokeFunction,,,LATEST,1-690ef4ae-0c0a43-6ce56a5e5a4c,OnDemand,,,4504.77,
,3638871BA5BA6CB81D64084B08F55201-14,1762587830,FCRequestMetrics:/n-matmul-512,52,52,,,2874.09,n-matmul-512,false,d9ddc014a95e,,c-690ef48f-0cf1abd9-ec0c220edbce,1762587827207,Sync,7546.20,1762587822535,21.0.3.8,false,512,38.49,InvokeFunction,,,LATEST,1-690ef4ae-0c49fa-2cdd444962c7,OnDemand,,,4671.21,
,32144092075796B61E66CC5CB449FE74-12,1762587830,FCRequestMetrics:/n-matmul-512,52,52,,,2855.35,n-matmul-512,false,4e09d5ee1757,,c-690ef48f-0cf1abd9-c9b2724f454d,1762587827211,Sync,7530.73,1762587822536,21.0.3.11,false,512,36.85,InvokeFunction,,,LATEST,1-690ef4ae-0c49fa-30c89d05bc1f,OnDemand,,,4674.25,
,22262E23B35913584F104007F60CDE44-12,1762587830,FCRequestMetrics:/n-matmul-512,52,52,,,3115.49,n-matmul-512,false,5c984f724ebf,,c-690ef48f-0cf1abd9-4d671f684c9c,1762587826931,Sync,7614.06,1762587822433,21.0.3.9,false,512,38.55,InvokeFunction,,,LATEST,1-690ef4ae-0c49fa-1924cbb1e391,OnDemand,,,4497.09,
,A58D23371A460570694E59E83C205D35-12,1762587830,FCRequestMetrics:/n-matmul-512,52,52,,,2911.58,n-matmul-512,false,f5099c18cdf1,,c-690ef48f-0cf1abd9-aa29b9d0aa99,1762587827228,Sync,7599.51,1762587822541,21.0.3.11,false,512,36.45,InvokeFunction,,,LATEST,1-690ef4ae-0c0a43-3e6d8d2113e6,OnDemand,,,4686.12,
,7780C0688E26C68EB0D69712BCDE475F-12,1762587830,FCRequestMetrics:/n-matmul-512,54,54,,,3256.73,n-matmul-512,false,333740b1eaee,,c-690ef490-0cf1abd9-b30a2e13f5eb,1762587827388,Sync,7499.86,1762587823146,21.0.3.12,false,512,36.43,InvokeFunction,,,LATEST,1-690ef4af-0c0a43-55367e60d409,OnDemand,,,4242.36,
,CA067C7B13641001A367D67FE1936091-12,1762587830,FCRequestMetrics:/n-matmul-512,57,57,,,3093.17,n-matmul-512,false,5046f6076057,,c-690ef490-0cf1abd9-851ce87263d1,1762587827676,Sync,6950.01,1762587823820,21.0.3.11,false,512,36.70,InvokeFunction,,,LATEST,1-690ef4af-0c0a43-35ab5d02c5f4,OnDemand,,,3855.93,
,1C05D5B02F01F46143D999E67440A343-14,1762587830,FCRequestMetrics:/n-matmul-512,58,58,,,2837.81,n-matmul-512,false,ded09bee0b2d,,c-690ef48f-0cf1abd9-2bb86706a2c4,1762587827789,Sync,6686.50,1762587823941,21.0.3.9,false,512,41.77,InvokeFunction,,,LATEST,1-690ef4af-0c0a43-9fe6b87e73e2,OnDemand,,,3847.65,
,805D0B9C50B0CFD3CF77F88B01A3CC36-12,1762587830,FCRequestMetrics:/n-matmul-512,57,57,,,2927.15,n-matmul-512,false,4277c8c89afa,,c-690ef490-0cf1abd9-df579b907295,1762587827565,Sync,6755.41,1762587823738,21.0.3.12,false,512,36.32,InvokeFunction,,,LATEST,1-690ef4af-0c0a43-31a562973e8d,OnDemand,,,3827.48,
,F91A17FDEE204113BD7FCEE97E77B19D-11,1762587830,FCRequestMetrics:/n-matmul-512,60,60,,,2886.16,n-matmul-512,false,b4a55f945517,,c-690ef48f-0cf1abd9-f3db6505083a,1762587828010,Sync,6836.05,1762587824060,21.0.3.12,false,512,38.30,InvokeFunction,,,LATEST,1-690ef4b0-0c0a43-13a482f04ffd,OnDemand,,,3948.97,
,13AC9179567B6A88BE4E678F8CBCF027-9,1762587830,FCRequestMetrics:/n-matmul-512,52,52,,,4117.75,n-matmul-512,false,c1270f7ffdb8,,c-690ef4a1-0cf1abd9-661404bfd8df,1762587826868,Sync,8297.80,1762587822689,21.0.3.12,false,512,27.02,InvokeFunction,,,LATEST,1-690ef4af-0c0a43-f58cf39ddbb6,OnDemand,,,4178.54,
,447511FEAA2C196192B29D0355E78B1D-14,1762587830,FCRequestMetrics:/n-matmul-512,60,60,,,2779.85,n-matmul-512,false,2be5f8bcaa9a,,c-690ef48f-0cf1abd9-405aaa419009,1762587828179,Sync,6867.41,1762587824092,21.0.3.9,false,512,43.27,InvokeFunction,,,LATEST,1-690ef4b0-0c49fa-674b42147c58,OnDemand,,,4086.30,
,3BDEEDD6F6C1B51E5137A970AE75BAA4-12,1762587830,FCRequestMetrics:/n-matmul-512,52,52,,,3579.66,n-matmul-512,false,3b2b33dbd196,,c-690ef492-0cf1abd9-bbdff8eda83c,1762587827157,Sync,8202.21,1762587822537,21.0.3.9,false,512,28.98,InvokeFunction,,,LATEST,1-690ef4ae-0c49fa-726cf9a4bcbb,OnDemand,,,4619.97,
,F898A01EEA6FFC9C575701D6D0948E55-14,1762587830,FCRequestMetrics:/n-matmul-512,58,58,,,3017.19,n-matmul-512,false,7a16d098497d,,c-690ef48f-0cf1abd9-9a6242cc8b28,1762587827753,Sync,6889.63,1762587823881,21.0.3.8,false,512,43.99,InvokeFunction,,,LATEST,1-690ef4af-0c49fa-5479245b2dbb,OnDemand,,,3871.48,
,5D2FE67C0EB5779BF4214AF0D6312E51-B,1762587830,FCRequestMetrics:/n-matmul-512,55,55,,,3169.78,n-matmul-512,false,19252a223023,,c-690ef49c-0cf1abd9-daf5d7835f02,1762587827483,Sync,7536.56,1762587823118,21.0.3.10,false,512,36.47,InvokeFunction,,,LATEST,1-690ef4af-0c0a43-9299c08915e9,OnDemand,,,4365.43,
,F633B574683DE8AA2BF0D3EEBDF4C796-2,1762587830,FCRequestMetrics:/n-matmul-512,60,60,1322.18,1762587825788,3507.38,n-matmul-512,false,2aab02d9eb5a,ColdStart,c-690ef4b2-0cf1abd9-a85fa9ced593,1762587827117,Sync,6182.20,1762587824443,21.0.3.8,true,512,83.40,InvokeFunction,76.21,1762587825789,LATEST,1-690ef4b2-0c49fa-ba7aa21edb35,OnDemand,1244.35,1762587825866,1344.88,
,EAD7BD32D52FA8C0EC561AB86D8BB129-B,1762587830,FCRequestMetrics:/n-matmul-512,61,61,,,3016.17,n-matmul-512,false,9697e733b066,,c-690ef49e-0cf1abd9-b7f83cb23224,1762587827467,Sync,7145.22,1762587823341,21.0.3.10,false,512,34.44,InvokeFunction,,,LATEST,1-690ef4b0-0c0a43-42e33a58e59a,OnDemand,,,4125.54,
,52D7D507918D931708B22C4CE8E63CCC-1,1762587830,FCRequestMetrics:/n-matmul-512,61,61,1447.88,1762587825791,3447.18,n-matmul-512,false,7e3f21c3452b,ColdStart,c-690ef4b2-0cf1abd9-448ba4a6e619,1762587827241,Sync,6348.96,1762587824340,21.0.3.9,true,512,26.75,InvokeFunction,81.18,1762587825791,LATEST,1-690ef4b2-0c0a43-1f4e4465af65,OnDemand,1366.59,1762587825872,1450.70,
,3D753EA828DEDBBB0DF10FE8437E0EE2-B,1762587830,FCRequestMetrics:/n-matmul-512,62,62,,,3043.36,n-matmul-512,false,13a75e602ffd,,c-690ef49e-0cf1abd9-124626cd631e,1762587827611,Sync,6765.60,1762587823889,21.0.3.12,false,512,34.09,InvokeFunction,,,LATEST,1-690ef4b0-0c49fa-cfb6592ab679,OnDemand,,,3720.79,
,E438D6118493E314AD4DA785D820E022-0,1762587830,FCRequestMetrics:/n-matmul-512,62,62,,,3391.16,n-matmul-512,false,b191993e8dc4,,c-690ef4b3-0cf1abd9-0d3f75ed2006,1762587827508,Sync,5199.72,1762587825701,21.0.3.8,false,512,82.75,InvokeFunction,,,LATEST,1-690ef4b2-0c0a43-b480de1b4216,OnDemand,,,1806.76,
,6CCFB4E4193C923DA012941FDF8BA7C1-12,1762587830,FCRequestMetrics:/n-matmul-512,52,52,,,3195.45,n-matmul-512,false,1ea218c34989,,c-690ef48f-0cf1abd9-4c65696b73c9,1762587826997,Sync,7708.82,1762587822484,21.0.3.11,false,512,36.72,InvokeFunction,,,LATEST,1-690ef4ae-0c49fa-78c6e030d310,OnDemand,,,4512.00,
,7FDD645C18A05AFCA1EE540844E336B4-12,1762587830,FCRequestMetrics:/n-matmul-512,52,52,,,3224.49,n-matmul-512,false,005047e6f771,,c-690ef48f-0cf1abd9-a4e85c44b759,1762587826971,Sync,7729.27,1762587822466,21.0.3.12,false,512,34.67,InvokeFunction,,,LATEST,1-690ef4ae-0c0a43-6fe7362fd282,OnDemand,,,4503.92,
,F07C00865CBCDDD3603F2861EC1005E7-12,1762587830,FCRequestMetrics:/n-matmul-512,51,51,,,3342.31,n-matmul-512,false,23ed8e688827,,c-690ef48f-0cf1abd9-c9d277f8db04,1762587826731,Sync,7641.74,1762587822432,21.0.3.10,false,512,34.46,InvokeFunction,,,LATEST,1-690ef4ae-0c49fa-d36d8f9ad77a,OnDemand,,,4298.34,
,E4C186C27FC2E01612D2685505BDC1C8-1,1762587830,FCRequestMetrics:/n-matmul-512,64,64,1159.00,1762587826250,3387.96,n-matmul-512,false,2f46f223d44b,ColdStart,c-690ef4b3-0cf1abd9-b7dfa30d9e6b,1762587827412,Sync,6657.35,1762587824145,21.0.3.8,true,512,82.88,InvokeFunction,23.40,1762587826250,LATEST,1-690ef4b2-0c49fa-23e9b5356883,OnDemand,1135.51,1762587826273,2104.48,
,A0E18646E4ED1862BB7852A818D6BD84-14,1762587830,FCRequestMetrics:/n-matmul-512,52,52,,,3101.33,n-matmul-512,false,455c2c4df2d2,,c-690ef48f-0cf1abd9-fff0447ff1dc,1762587827021,Sync,7630.03,1762587822493,21.0.3.8,false,512,36.40,InvokeFunction,,,LATEST,1-690ef4ae-0c0a43-3b5afe52143f,OnDemand,,,4527.79,
,9DDF92507C03E777F745C0AA5C83C458-C,1762587830,FCRequestMetrics:/n-matmul-512,60,60,,,3457.40,n-matmul-512,false,ab20715057dd,,c-690ef49e-0cf1abd9-a4d3e4836d71,1762587827245,Sync,7403.11,1762587823300,21.0.3.8,false,512,37.97,InvokeFunction,,,LATEST,1-690ef4b0-0c49fa-c9d032f5273b,OnDemand,,,3944.62,
,6C268265BE6071088D6F784688423FBC-B,1762587830,FCRequestMetrics:/n-matmul-512,64,64,,,0.04,n-matmul-512,true,f3794d0f4bed,,c-690ef4a4-0cf1abd9-3f60d30fa7e2,1762587827776,Sync,5686.44,1762587824328,21.0.3.11,false,512,4.11,InvokeFunction,,,LATEST,1-690ef4b1-0c49fa-db7a1cd56d0e,OnDemand,,,3447.62,,"{""errorType"":""FunctionAbnormalExitError""}"
,2C250D9B2FF86C019F81DAC520815883-B,1762587830,FCRequestMetrics:/n-matmul-512,67,67,,,0.03,n-matmul-512,true,52c1693be583,,c-690ef4a4-0cf1abd9-b2b9a6cf3285,1762587828061,Sync,5546.29,1762587824460,21.0.3.12,false,512,2.15,InvokeFunction,,,LATEST,1-690ef4b1-0c49fa-0aba68d3240e,OnDemand,,,3601.02,,"{""errorType"":""FunctionAbnormalExitError""}"
,646B33D459BD0A9244D32F781DAF3418-9,1762587831,FCRequestMetrics:/n-matmul-512,52,52,,,4229.43,n-matmul-512,false,5d92a283eb8a,,c-690ef4a1-0cf1abd9-de1abe369d37,1762587826798,Sync,8911.08,1762587822118,21.0.3.10,false,512,27.09,InvokeFunction,,,LATEST,1-690ef4ae-0c0a43-8f0ea38662f2,OnDemand,,,4680.39,
,90D8D68606671C7D3CC9428DB5D1A5ED-9,1762587831,FCRequestMetrics:/n-matmul-512,54,54,,,4333.71,n-matmul-512,false,43290576c1e6,,c-690ef4a1-0cf1abd9-784f475cf818,1762587827016,Sync,8541.61,1762587822810,21.0.3.11,false,512,26.98,InvokeFunction,,,LATEST,1-690ef4af-0c0a43-a0cbed2471aa,OnDemand,,,4206.44,
,148C1B09986999E20AA0FF04F10942D0-14,1762587831,FCRequestMetrics:/n-matmul-512,62,62,,,2790.17,n-matmul-512,false,aa1e2085073a,,c-690ef48f-0cf1abd9-2b72cdd5c5c2,1762587828423,Sync,6350.29,1762587824863,21.0.3.10,false,512,39.72,InvokeFunction,,,LATEST,1-690ef4b0-0c49fa-d86732b57918,OnDemand,,,3559.15,
,B50B6C7E4A9EFD8ADCDAE8E71A8A357B-14,1762587831,FCRequestMetrics:/n-matmul-512,63,63,,,3018.80,n-matmul-512,false,0c3cf93849f8,,c-690ef48f-0cf1abd9-ad135b628654,1762587828796,Sync,6389.93,1762587825426,21.0.3.8,false,512,40.11,InvokeFunction,,,LATEST,1-690ef4b1-0c49fa-1111b6355c5a,OnDemand,,,3370.19,
,B1B3EF35016788C3424F79DCBD83BB05-14,1762587831,FCRequestMetrics:/n-matmul-512,64,64,,,2941.54,n-matmul-512,false,8e7a4967c312,,c-690ef48f-0cf1abd9-e1933dd451ba,1762587828886,Sync,6380.29,1762587825448,21.0.3.10,false,512,43.70,InvokeFunction,,,LATEST,1-690ef4b1-0c49fa-dc8b6b21b0be,OnDemand,,,3437.88,
,B6CBE8EBA74250AA907E560C90566BB4-B,1762587831,FCRequestMetrics:/n-matmul-512,59,59,,,3134.56,n-matmul-512,false,ab282a8889ea,,c-690ef49c-0cf1abd9-bbfeef60bc24,1762587827893,Sync,7099.90,1762587823929,21.0.3.11,false,512,34.54,InvokeFunction,,,LATEST,1-690ef4af-0c0a43-5b351c093afa,OnDemand,,,3964.42,
,BD1D69C9267D95E53B2A79C6CB35D41D-12,1762587831,FCRequestMetrics:/n-matmul-512,59,59,,,4020.42,n-matmul-512,false,987841b3d4f5,,c-690ef492-0cf1abd9-b72bb88bbd36,1762587827918,Sync,7915.99,1762587824024,21.0.3.12,false,512,28.92,InvokeFunction,,,LATEST,1-690ef4b0-0c0a43-818b874c80f7,OnDemand,,,3894.44,
,414BD1893AE2054C5F533C4E4BFB2474-B,1762587831,FCRequestMetrics:/n-matmul-512,60,60,,,3163.44,n-matmul-512,false,e09eb6f846c4,,c-690ef49c-0cf1abd9-96967c00da02,1762587828002,Sync,7139.48,1762587824026,21.0.3.9,false,512,34.33,InvokeFunction,,,LATEST,1-690ef4b0-0c0a43-78f92b64abc7,OnDemand,,,3974.99,
,8A4C9F8EC0081A54D335C35B65D1357D-8,1762587831,FCRequestMetrics:/n-matmul-512,67,67,,,3441.43,n-matmul-512,false,1c5ca9e1c7f9,,c-690ef4a4-0cf1abd9-274debaa5e8f,1762587827954,Sync,7047.84,1762587824348,21.0.3.9,false,512,27.27,InvokeFunction,,,LATEST,1-690ef4b1-0c49fa-71bc68f9f33b,OnDemand,,,3604.86,
,B23CDAA9EFB02072F2EA6F095891B977-2,1762587831,FCRequestMetrics:/n-matmul-512,63,63,1924.50,1762587825793,3449.83,n-matmul-512,false,01cbc6dce386,ColdStart,c-690ef4b2-0cf1abd9-ad92bd478abd,1762587827719,Sync,7304.06,1762587823866,21.0.3.11,true,512,31.08,InvokeFunction,65.34,1762587825793,LATEST,1-690ef4b2-0c0a43-0a4545fc80a8,OnDemand,1859.08,1762587825858,1926.69,
,FFBE1F54232C7105BB9D9D9815146807-2,1762587831,FCRequestMetrics:/n-matmul-512,64,64,2192.03,1762587825790,3604.60,n-matmul-512,false,4210c93d9e28,ColdStart,c-690ef4b2-0cf1abd9-734e58adbe38,1762587827984,Sync,7998.78,1762587823596,21.0.3.10,true,512,26.88,InvokeFunction,78.89,1762587825790,LATEST,1-690ef4b2-0c0a43-3a84fd6eb5d8,OnDemand,2113.02,1762587825869,2194.54,
,5E37C0E4F38EC01A59BF0AC51B37D7D9-2,1762587831,FCRequestMetrics:/n-matmul-512,64,64,2138.90,1762587825789,3937.93,n-matmul-512,false,675e218faad5,ColdStart,c-690ef4b2-0cf1abd9-5c68fc00ab92,1762587827932,Sync,8244.06,1762587823626,21.0.3.12,true,512,29.14,InvokeFunction,61.49,1762587825790,LATEST,1-690ef4b2-0c49fa-c1d09176bc25,OnDemand,2076.47,1762587825852,2162.85,
,D09BCBD485576D911D13CE495A97C108-1,1762587831,FCRequestMetrics:/n-matmul-512,71,71,,,4128.51,n-matmul-512,false,67959926d07f,,c-690ef4b3-0cf1abd9-62c5a8cabd6b,1762587827812,Sync,4432.57,1762587827514,21.0.3.10,false,512,26.87,InvokeFunction,,,LATEST,1-690ef4b5-0c0a43-db4649f0ec4e,OnDemand,,,298.52,
,395AF19B30E923F04509691974E770B2-1,1762587831,FCRequestMetrics:/n-matmul-512,72,72,,,3251.01,n-matmul-512,false,16c28b2331e7,,c-690ef4b3-0cf1abd9-03841df006e6,1762587827907,Sync,3791.58,1762587827367,21.0.3.9,false,512,26.82,InvokeFunction,,,LATEST,1-690ef4b4-0c0a43-fd7833f3e370,OnDemand,,,539.66,
,ED99555BBD66FF347A8C8145C62ABE99-D,1762587831,FCRequestMetrics:/n-matmul-512,61,61,,,3009.81,n-matmul-512,false,4bed96722f41,,c-690ef49c-0cf1abd9-8088ae7c339c,1762587828328,Sync,7223.37,1762587824115,21.0.3.8,false,512,36.44,InvokeFunction,,,LATEST,1-690ef4b0-0c0a43-a1a813358744,OnDemand,,,4212.65,
,3638871BA5BA6CB81D64084B08F55201-16,1762587831,FCRequestMetrics:/n-matmul-512,74,74,,,0.04,n-matmul-512,true,d9ddc014a95e,,c-690ef48f-0cf1abd9-ec0c220edbce,1762587830084,Sync,4057.51,1762587827054,21.0.3.8,false,512,2.31,InvokeFunction,,,LATEST,1-690ef4b3-0c0a43-6c6edc6df46a,OnDemand,,,3029.60,,"{""errorType"":""FunctionAbnormalExitError""}"
,1C05D5B02F01F46143D999E67440A343-16,1762587831,FCRequestMetrics:/n-matmul-512,80,80,,,0.09,n-matmul-512,true,ded09bee0b2d,,c-690ef48f-0cf1abd9-2bb86706a2c4,1762587830631,Sync,4143.32,1762587827567,21.0.3.9,false,512,4.20,InvokeFunction,,,LATEST,1-690ef4b3-0c49fa-9b1ea13e6df9,OnDemand,,,3063.61,,"{""errorType"":""FunctionAbnormalExitError""}"
,4D57B9EBA87590C7398CF6540746C6BE-14,1762587832,FCRequestMetrics:/n-matmul-512,67,67,,,3001.94,n-matmul-512,false,cf9fc6279e9f,,c-690ef490-0cf1abd9-f9b75dacbfca,1762587829234,Sync,6660.48,1762587825580,21.0.3.10,false,512,37.88,InvokeFunction,,,LATEST,1-690ef4b1-0c49fa-e6b92b4c1b2f,OnDemand,,,3653.65,
,F031090DB7497FBE9C5AA393E7E68561-14,1762587832,FCRequestMetrics:/n-matmul-512,69,69,,,3009.83,n-matmul-512,false,ac449c8e7f33,,c-690ef48f-0cf1abd9-a7a4b84ee62d,1762587829249,Sync,5678.29,1762587826581,21.0.3.9,false,512,41.34,InvokeFunction,,,LATEST,1-690ef4b2-0c0a43-a1cdae612793,OnDemand,,,2667.53,
,3801AF28D1F06D15DE702CA3D1A78840-14,1762587832,FCRequestMetrics:/n-matmul-512,71,71,,,2978.55,n-matmul-512,false,85f7f63caa28,,c-690ef48f-0cf1abd9-8d9a75cfa22a,1762587829408,Sync,5670.13,1762587826717,21.0.3.8,false,512,39.95,InvokeFunction,,,LATEST,1-690ef4b2-0c49fa-210ed2e65650,OnDemand,,,2690.61,
,7C823A060900EA64C601C711AE9A8E7B-12,1762587832,FCRequestMetrics:/n-matmul-512,62,62,,,3794.07,n-matmul-512,false,a9c1f9cad0fa,,c-690ef492-0cf1abd9-41b4dd0accbf,1762587828530,Sync,7406.92,1762587824918,21.0.3.10,false,512,27.22,InvokeFunction,,,LATEST,1-690ef4b0-0c49fa-05c7b201bf90,OnDemand,,,3611.88,
,D57BF307AB3C1DBB07F853EA29DFAA8E-14,1762587832,FCRequestMetrics:/n-matmul-512,72,72,,,3109.49,n-matmul-512,false,4a02a8b2ccf7,,c-690ef48f-0cf1abd9-3378a67d936f,1762587829532,Sync,5890.69,1762587826753,21.0.3.10,false,512,41.66,InvokeFunction,,,LATEST,1-690ef4b2-0c49fa-e4e029db1556,OnDemand,,,2779.17,
,A6333F63464BC687DF1965DBFE05F1DB-14,1762587832,FCRequestMetrics:/n-matmul-512,73,73,,,2947.16,n-matmul-512,false,3e88eb377bf5,,c-690ef490-0cf1abd9-507f1daf6985,1762587829930,Sync,6094.66,1762587826784,21.0.3.11,false,512,38.16,InvokeFunction,,,LATEST,1-690ef4b2-0c0a43-d4f40de4dbcd,OnDemand,,,3145.46,
,6448458DC5EEDA4B01194355EB33D0AF-12,1762587832,FCRequestMetrics:/n-matmul-512,67,67,,,3855.95,n-matmul-512,false,e9af6d91c5a8,,c-690ef492-0cf1abd9-8e96e2aae5ad,1762587829133,Sync,7529.80,1762587825460,21.0.3.11,false,512,29.05,InvokeFunction,,,LATEST,1-690ef4b1-0c49fa-c7df3b0ff4b1,OnDemand,,,3673.06,
,023E1362E98622AC0BA42C246E757652-2,1762587832,FCRequestMetrics:/n-matmul-512,67,67,,,3883.73,n-matmul-512,false,c2dc25ac0291,,c-690ef4b3-0cf1abd9-482c4f6b212d,1762587828201,Sync,4010.76,1762587828076,21.0.3.9,false,512,25.37,InvokeFunction,,,LATEST,1-690ef4b5-0c0a43-a20b30115e76,OnDemand,,,124.79,
,715E1B0E1B21EEA77E59E1CCA6C827A1-2,1762587832,FCRequestMetrics:/n-matmul-512,69,69,,,4018.49,n-matmul-512,false,227434a33de2,,c-690ef4b3-0cf1abd9-7a1935f5d276,1762587828324,Sync,6536.93,1762587825809,21.0.3.11,false,512,29.07,InvokeFunction,,,LATEST,1-690ef4b2-0c0a43-f23c4fa776f2,OnDemand,,,2514.80,
,0AE60AD6E226644C212775A9AD9DBC3A-2,1762587832,FCRequestMetrics:/n-matmul-512,67,67,,,3781.60,n-matmul-512,false,e5c3b3dfa4c1,,c-690ef4b3-0cf1abd9-04675e7328d5,1762587828284,Sync,4072.41,1762587827993,21.0.3.10,false,512,26.63,InvokeFunction,,,LATEST,1-690ef4b4-0c0a43-6f077dd6f0d8,OnDemand,,,290.04,
,EC65B6B96723558D074A84C970ABFB6D-1,1762587832,FCRequestMetrics:/n-matmul-512,69,69,,,4326.69,n-matmul-512,false,dc0d493de807,,c-690ef4b3-0cf1abd9-88427ba7f908,1762587828342,Sync,4539.03,1762587828130,21.0.3.12,false,512,27.20,InvokeFunction,,,LATEST,1-690ef4b5-0c0a43-0846080d5a7f,OnDemand,,,211.62,
,537821DDAFE9614566F0064DDB274514-B,1762587832,FCRequestMetrics:/n-matmul-512,63,63,,,3805.08,n-matmul-512,false,e7a61b8cb4fe,,c-690ef4a1-0cf1abd9-564b243bc6a8,1762587828281,Sync,7416.28,1762587824671,21.0.3.8,false,512,34.46,InvokeFunction,,,LATEST,1-690ef4b0-0c0a43-23aaf49f20d1,OnDemand,,,3609.87,
,49B64A5B3FBA9FC6678BE15B3FA1CAE0-1,1762587832,FCRequestMetrics:/n-matmul-512,73,73,,,4043.36,n-matmul-512,false,b69b715c17a5,,c-690ef4b3-0cf1abd9-2077a8676f3b,1762587828272,Sync,6792.47,1762587825531,21.0.3.11,false,512,29.38,InvokeFunction,,,LATEST,1-690ef4b3-0c0a43-e58f78a6b0ec,OnDemand,,,2741.02,
,3D3F830804794EE934A3F39C618D6DA7-2,1762587832,FCRequestMetrics:/n-matmul-512,74,74,,,3951.65,n-matmul-512,false,a5074fb07ccb,,c-690ef4b3-0cf1abd9-4204fc55cfbc,1762587828492,Sync,5204.30,1762587827240,21.0.3.12,false,512,27.30,InvokeFunction,,,LATEST,1-690ef4b4-0c0a43-92c9652f420f,OnDemand,,,1251.68,
,9ADEFA90B0D30226FA9EC5C9D5AE07C5-B,1762587832,FCRequestMetrics:/n-matmul-512,72,72,,,3446.79,n-matmul-512,false,720d5821fc65,,c-690ef4a1-0cf1abd9-d2a0858351d9,1762587829236,Sync,6191.49,1762587826499,21.0.3.9,false,512,34.24,InvokeFunction,,,LATEST,1-690ef4b2-0c0a43-92119d696b44,OnDemand,,,2736.60,
,A89833F386C2C0AAB19D937BC0A8D2F3-2,1762587832,FCRequestMetrics:/n-matmul-512,75,75,,,3851.82,n-matmul-512,false,ea0bccbe44d2,,c-690ef4b4-0cf1abd9-c9ccab6a1a6a,1762587829105,Sync,6788.95,1762587826169,21.0.3.8,false,512,80.31,InvokeFunction,,,LATEST,1-690ef4b3-0c0a43-e01fc78b80ed,OnDemand,,,2935.78,
,1F1FFC412871BA58DE9DD242432C9C35-14,1762587832,FCRequestMetrics:/n-matmul-512,71,71,,,3588.15,n-matmul-512,false,a2dfb552053b,,c-690ef492-0cf1abd9-8c97f365993b,1762587829376,Sync,6328.85,1762587826637,21.0.3.8,false,512,34.34,InvokeFunction,,,LATEST,1-690ef4b2-0c49fa-5ef4a522c37a,OnDemand,,,2738.05,
,78CD85FE04C684FD432ABFF362CBF50C-14,1762587832,FCRequestMetrics:/n-matmul-512,63,63,,,3330.86,n-matmul-512,false,6999fff919fb,,c-690ef48f-0cf1abd9-6c6d9044c534,1762587828767,Sync,7072.56,1762587825026,21.0.3.9,false,512,36.63,InvokeFunction,,,LATEST,1-690ef4b1-0c49fa-5dea8e90ec2b,OnDemand,,,3740.74,
,60315181B24B66886819325A3EA49E6F-D,1762587832,FCRequestMetrics:/n-matmul-512,74,74,,,3474.11,n-matmul-512,false,0d1aec41c426,,c-690ef49e-0cf1abd9-079fb8593d22,1762587829399,Sync,6712.69,1762587826161,21.0.3.9,false,512,38.15,InvokeFunction,,,LATEST,1-690ef4b2-0c0a43-3205e5b31f25,OnDemand,,,3237.78,
,9095B2C1B61D208836CC9B1C85A0D40A-4,1762587832,FCRequestMetrics:/n-matmul-512,74,74,,,3734.55,n-matmul-512,false,ca295ccdb9ef,,c-690ef4b1-0cf1abd9-20d8276cdfb4,1762587828495,Sync,6911.48,1762587825319,21.0.3.8,false,512,84.38,InvokeFunction,,,LATEST,1-690ef4b2-0c49fa-1282fc575177,OnDemand,,,3175.97,
,9E860D881BD9449D0F2C4975F44F7ABC-4,1762587832,FCRequestMetrics:/n-matmul-512,73,73,,,3824.29,n-matmul-512,false,dc22095edf84,,c-690ef4b1-0cf1abd9-834eca231e91,1762587828244,Sync,6818.04,1762587825251,21.0.3.9,false,512,42.52,InvokeFunction,,,LATEST,1-690ef4b2-0c49fa-89ead04eaf1d,OnDemand,,,2990.65,
,FD6981321571EC68F9E27CDAD26BAC19-D,1762587832,FCRequestMetrics:/n-matmul-512,73,73,,,3061.01,n-matmul-512,false,b2349f9a27e7,,c-690ef49c-0cf1abd9-a2407a052b71,1762587829766,Sync,6059.60,1762587826768,21.0.3.12,false,512,42.31,InvokeFunction,,,LATEST,1-690ef4b2-0c0a43-93298a6196ec,OnDemand,,,2997.58,
,028699F502CA3D7E230041FC52AB4DE5-4,1762587832,FCRequestMetrics:/n-matmul-512,80,80,,,4036.61,n-matmul-512,false,c3f0f0de03a0,,c-690ef4b1-0cf1abd9-f906b5304a3d,1762587828763,Sync,7363.20,1762587825438,21.0.3.8,false,512,77.34,InvokeFunction,,,LATEST,1-690ef4b3-0c0a43-e350465a36de,OnDemand,,,3324.69,
,148C1B09986999E20AA0FF04F10942D0-17,1762587832,FCRequestMetrics:/n-matmul-512,74,74,,,0.02,n-matmul-512,true,aa1e2085073a,,c-690ef48f-0cf1abd9-2b72cdd5c5c2,1762587831219,Sync,968.50,1762587831218,21.0.3.10,false,512,4.09,InvokeFunction,,,LATEST,1-690ef4b7-0c49fa-733f8bcfc316,OnDemand,,,0.91,,"{""errorType"":""FunctionAbnormalExitError""}"
,D47609DF0A0B8379D6163E9247FE0B62-3,1762587832,FCRequestMetrics:/n-matmul-512,78,78,,,3900.28,n-matmul-512,false,94f30db206a9,,c-690ef4b1-0cf1abd9-5ce21036fb60,1762587828654,Sync,6996.48,1762587825560,21.0.3.9,false,512,51.81,InvokeFunction,,,LATEST,1-690ef4b3-0c0a43-9264f63f8d1c,OnDemand,,,3094.26,
,447511FEAA2C196192B29D0355E78B1D-17,1762587832,FCRequestMetrics:/n-matmul-512,77,77,,,0.02,n-matmul-512,true,2be5f8bcaa9a,,c-690ef48f-0cf1abd9-405aaa419009,1762587831007,Sync,1246.12,1762587831005,21.0.3.9,false,512,4.19,InvokeFunction,,,LATEST,1-690ef4b7-0c49fa-9917095d6300,OnDemand,,,1.38,,"{""errorType"":""FunctionAbnormalExitError""}"
,F898A01EEA6FFC9C575701D6D0948E55-17,1762587832,FCRequestMetrics:/n-matmul-512,75,75,,,0.04,n-matmul-512,true,7a16d098497d,,c-690ef48f-0cf1abd9-9a6242cc8b28,1762587831286,Sync,1602.18,1762587831285,21.0.3.8,false,512,4.05,InvokeFunction,,,LATEST,1-690ef4b7-0c0a43-bdccc4f7f3d0,OnDemand,,,0.51,,"{""errorType"":""FunctionAbnormalExitError""}"
,B50B6C7E4A9EFD8ADCDAE8E71A8A357B-17,1762587832,FCRequestMetrics:/n-matmul-512,80,80,,,0.03,n-matmul-512,true,0c3cf93849f8,,c-690ef48f-0cf1abd9-ad135b628654,1762587831819,Sync,1577.52,1762587831371,21.0.3.8,false,512,4.02,InvokeFunction,,,LATEST,1-690ef4b7-0c49fa-5dee6c74dba8,OnDemand,,,447.69,,"{""errorType"":""FunctionAbnormalExitError""}"
,A0E18646E4ED1862BB7852A818D6BD84-14,1762587833,FCRequestMetrics:/n-matmul-512,74,74,,,3109.41,n-matmul-512,false,455c2c4df2d2,,c-690ef48f-0cf1abd9-fff0447ff1dc,1762587830126,Sync,6186.62,1762587827057,21.0.3.8,false,512,37.94,InvokeFunction,,,LATEST,1-690ef4b3-0c49fa-cb58abcbbf97,OnDemand,,,3068.63,
,22262E23B35913584F104007F60CDE44-14,1762587833,FCRequestMetrics:/n-matmul-512,74,74,,,3246.85,n-matmul-512,false,5c984f724ebf,,c-690ef48f-0cf1abd9-4d671f684c9c,1762587830052,Sync,6304.10,1762587826995,21.0.3.9,false,512,41.68,InvokeFunction,,,LATEST,1-690ef4b2-0c49fa-0fc39f03091e,OnDemand,,,3056.17,
,A58D23371A460570694E59E83C205D35-14,1762587833,FCRequestMetrics:/n-matmul-512,75,75,,,3202.84,n-matmul-512,false,f5099c18cdf1,,c-690ef48f-0cf1abd9-aa29b9d0aa99,1762587830144,Sync,6230.78,1762587827117,21.0.3.11,false,512,39.82,InvokeFunction,,,LATEST,1-690ef4b3-0c0a43-f4ab12236b73,OnDemand,,,3027.03,
,32144092075796B61E66CC5CB449FE74-14,1762587833,FCRequestMetrics:/n-matmul-512,74,74,,,3296.12,n-matmul-512,false,4e09d5ee1757,,c-690ef48f-0cf1abd9-c9b2724f454d,1762587830071,Sync,6358.88,1762587827009,21.0.3.11,false,512,39.79,InvokeFunction,,,LATEST,1-690ef4b3-0c0a43-6083eb37d516,OnDemand,,,3061.83,
,7F41C0AC9649E78CE4E6389BA04F93F7-14,1762587833,FCRequestMetrics:/n-matmul-512,75,75,,,3231.31,n-matmul-512,false,2f9a827ac39a,,c-690ef48f-0cf1abd9-d481ef5b70cb,1762587830231,Sync,6221.95,1762587827243,21.0.3.12,false,512,39.81,InvokeFunction,,,LATEST,1-690ef4b3-0c49fa-77ba5d25cc0f,OnDemand,,,2987.63,
,7780C0688E26C68EB0D69712BCDE475F-14,1762587833,FCRequestMetrics:/n-matmul-512,80,80,,,3061.44,n-matmul-512,false,333740b1eaee,,c-690ef490-0cf1abd9-b30a2e13f5eb,1762587830648,Sync,6171.63,1762587827539,21.0.3.12,false,512,39.64,InvokeFunction,,,LATEST,1-690ef4b3-0c0a43-c86a8acf5ce3,OnDemand,,,3109.20,
,270B9EACE82C5E95387DFC3023475A37-B,1762587833,FCRequestMetrics:/n-matmul-512,74,74,,,4770.33,n-matmul-512,false,fe7ebaee4797,,c-690ef4a4-0cf1abd9-3aa2f2400266,1762587829020,Sync,7847.59,1762587825943,21.0.3.8,false,512,28.76,InvokeFunction,,,LATEST,1-690ef4b2-0c0a43-9891b79bdde2,OnDemand,,,3075.78,
,805D0B9C50B0CFD3CF77F88B01A3CC36-14,1762587833,FCRequestMetrics:/n-matmul-512,80,80,,,3479.19,n-matmul-512,false,4277c8c89afa,,c-690ef490-0cf1abd9-df579b907295,1762587830496,Sync,6549.32,1762587827426,21.0.3.12,false,512,39.69,InvokeFunction,,,LATEST,1-690ef4b3-0c0a43-51447649b124,OnDemand,,,3069.29,
,9DDF92507C03E777F745C0AA5C83C458-C,1762587833,FCRequestMetrics:/n-matmul-512,75,75,,,3142.54,n-matmul-512,false,ab20715057dd,,c-690ef49e-0cf1abd9-a4d3e4836d71,1762587830714,Sync,3144.91,1762587830713,21.0.3.8,false,512,41.41,InvokeFunction,,,LATEST,1-690ef4b7-0c49fa-9c9f4d9697f1,OnDemand,,,1.37,
,E28B31C1AD09CA2631349F2F5CD41FEA-2,1762587833,FCRequestMetrics:/n-matmul-512,75,75,,,4010.12,n-matmul-512,false,378303f5ffb1,,c-690ef4b4-0cf1abd9-4d6de11efb71,1762587829128,Sync,5215.52,1762587827923,21.0.3.9,false,512,35.78,InvokeFunction,,,LATEST,1-690ef4b5-0c0a43-aeb6eebd44a7,OnDemand,,,1204.53,
,27BDDCAD80E91AC92FDFCC1C9A1A4216-1,1762587833,FCRequestMetrics:/n-matmul-512,77,77,,,4168.78,n-matmul-512,false,2ff8f58d97fc,,c-690ef4b4-0cf1abd9-3de0c61b5b68,1762587829168,Sync,7186.85,1762587826151,21.0.3.10,false,512,26.94,InvokeFunction,,,LATEST,1-690ef4b3-0c0a43-71d5d75eb002,OnDemand,,,3017.14,
,604D7A139A336D459A8701B8728ED443-2,1762587833,FCRequestMetrics:/n-matmul-512,78,78,,,4386.23,n-matmul-512,false,3ccc09a5376a,,c-690ef4b4-0cf1abd9-6384931551e4,1762587829269,Sync,7462.03,1762587826194,21.0.3.11,false,512,27.18,InvokeFunction,,,LATEST,1-690ef4b3-0c0a43-a489fa86164d,OnDemand,,,3074.99,
,A61C5B29A1D7F2390D1E51D697C6283B-2,1762587833,FCRequestMetrics:/n-matmul-512,78,78,,,3950.92,n-matmul-512,false,14782dc1bc2e,,c-690ef4b4-0cf1abd9-744e5d667f19,1762587829280,Sync,7186.15,1762587826047,21.0.3.12,false,512,26.71,InvokeFunction,,,LATEST,1-690ef4b3-0c0a43-fbcc547ee117,OnDemand,,,3232.84,
,C1D7342C162E0433E3DCC69A36E49279-D,1762587833,FCRequestMetrics:/n-matmul-512,80,80,,,3319.02,n-matmul-512,false,c1850f6d6120,,c-690ef49e-0cf1abd9-bea541164f91,1762587829908,Sync,6433.75,1762587826804,21.0.3.11,false,512,38.52,InvokeFunction,,,LATEST,1-690ef4b3-0c49fa-5bc615b8e3f6,OnDemand,,,3103.71,
,5F40BF3643AE590E1A0AFBFC2BB1CC92-4,1762587833,FCRequestMetrics:/n-matmul-512,74,74,,,3529.86,n-matmul-512,false,918ade19bbee,,c-690ef4b1-0cf1abd9-3df7810e23e4,1762587829683,Sync,3531.78,1762587829682,21.0.3.11,false,512,34.32,InvokeFunction,,,LATEST,1-690ef4b7-0c49fa-ad50ff21f4db,OnDemand,,,0.87,
,386DA6364528A35F673B30D821826132-4,1762587833,FCRequestMetrics:/n-matmul-512,75,75,,,3281.88,n-matmul-512,false,2f0b32a49385,,c-690ef4b1-0cf1abd9-06c370eb6fc5,1762587829733,Sync,3285.09,1762587829731,21.0.3.12,false,512,34.18,InvokeFunction,,,LATEST,1-690ef4b7-0c49fa-69cf6a3df2db,OnDemand,,,1.35,
,86D3C1657BB7CB6F9D6C1B5957027679-4,1762587833,FCRequestMetrics:/n-matmul-512,75,75,,,3471.41,n-matmul-512,false,41e163ab7845,,c-690ef4b1-0cf1abd9-383b8cf3b88f,1762587829579,Sync,3479.28,1762587829572,21.0.3.10,false,512,36.25,InvokeFunction,,,LATEST,1-690ef4b7-0c49fa-1a431fac92af,OnDemand,,,1.38,
,19D19504A7F011D98456D47931F40832-4,1762587833,FCRequestMetrics:/n-matmul-512,80,80,,,3403.05,n-matmul-512,false,d76a12fc0134,,c-690ef4b1-0cf1abd9-3da89f7b182b,1762587829819,Sync,3614.74,1762587829610,21.0.3.11,false,512,36.20,InvokeFunction,,,LATEST,1-690ef4b7-0c0a43-2cd6265194b6,OnDemand,,,208.80,
,6CCFB4E4193C923DA012941FDF8BA7C1-14,1762587833,FCRequestMetrics:/n-matmul-512,75,75,,,3487.34,n-matmul-512,false,1ea218c34989,,c-690ef48f-0cf1abd9-4c65696b73c9,1762587830196,Sync,6567.47,1762587827117,21.0.3.11,false,512,38.52,InvokeFunction,,,LATEST,1-690ef4b3-0c0a43-3fc93c58afff,OnDemand,,,3079.27,
,5D2FE67C0EB5779BF4214AF0D6312E51-D,1762587833,FCRequestMetrics:/n-matmul-512,80,80,,,3297.12,n-matmul-512,false,19252a223023,,c-690ef49c-0cf1abd9-daf5d7835f02,1762587830658,Sync,5127.55,1762587828829,21.0.3.10,false,512,38.42,InvokeFunction,,,LATEST,1-690ef4b4-0c49fa-ad35bdb17679,OnDemand,,,1829.26,
,D383B16911701B57D8112BE288DB8A26-4,1762587833,FCRequestMetrics:/n-matmul-512,75,75,,,3555.70,n-matmul-512,false,bb19602af764,,c-690ef4b1-0cf1abd9-7e88298a556b,1762587829552,Sync,3558.60,1762587829550,21.0.3.10,false,512,36.59,InvokeFunction,,,LATEST,1-690ef4b7-0c49fa-d08861e0c9c5,OnDemand,,,1.39,
,EAD7BD32D52FA8C0EC561AB86D8BB129-D,1762587833,FCRequestMetrics:/n-matmul-512,75,75,,,3229.84,n-matmul-512,false,9697e733b066,,c-690ef49e-0cf1abd9-b7f83cb23224,1762587830507,Sync,3231.93,1762587830506,21.0.3.10,false,512,36.39,InvokeFunction,,,LATEST,1-690ef4b7-0c49fa-1c16909fe74c,OnDemand,,,1.16,
,86C97E3549B8E428464CF6B56B68BFDC-4,1762587833,FCRequestMetrics:/n-matmul-512,80,80,,,3454.07,n-matmul-512,false,5a3240bb4b57,,c-690ef4b1-0cf1abd9-ef240bcd1d76,1762587829678,Sync,3552.38,1762587829581,21.0.3.12,false,512,34.85,InvokeFunction,,,LATEST,1-690ef4b7-0c0a43-f06447d974ee,OnDemand,,,96.94,
,3D753EA828DEDBBB0DF10FE8437E0EE2-C,1762587833,FCRequestMetrics:/n-matmul-512,74,74,,,3289.74,n-matmul-512,false,13a75e602ffd,,c-690ef49e-0cf1abd9-124626cd631e,1762587830667,Sync,3293.71,1762587830666,21.0.3.12,false,512,35.86,InvokeFunction,,,LATEST,1-690ef4b7-0c49fa-74f6d7cc36ea,OnDemand,,,1.25,
,7FDD645C18A05AFCA1EE540844E336B4-14,1762587833,FCRequestMetrics:/n-matmul-512,75,75,,,3367.43,n-matmul-512,false,005047e6f771,,c-690ef48f-0cf1abd9-a4e85c44b759,1762587830199,Sync,6346.99,1762587827223,21.0.3.12,false,512,36.84,InvokeFunction,,,LATEST,1-690ef4b3-0c0a43-910ab90c3b31,OnDemand,,,2975.58,
,F07C00865CBCDDD3603F2861EC1005E7-14,1762587833,FCRequestMetrics:/n-matmul-512,74,74,,,3586.41,n-matmul-512,false,23ed8e688827,,c-690ef48f-0cf1abd9-c9d277f8db04,1762587830078,Sync,6633.12,1762587827032,21.0.3.10,false,512,36.81,InvokeFunction,,,LATEST,1-690ef4b3-0c49fa-a6520242aa75,OnDemand,,,3045.74,
,B1B3EF35016788C3424F79DCBD83BB05-17,1762587833,FCRequestMetrics:/n-matmul-512,80,80,,,0.02,n-matmul-512,true,8e7a4967c312,,c-690ef48f-0cf1abd9-e1933dd451ba,1762587831830,Sync,1801.63,1762587831377,21.0.3.10,false,512,4.13,InvokeFunction,,,LATEST,1-690ef4b7-0c0a43-c4e18ffd9a28,OnDemand,,,452.65,,"{""errorType"":""FunctionAbnormalExitError""}"
,3801AF28D1F06D15DE702CA3D1A78840-17,1762587833,FCRequestMetrics:/n-matmul-512,80,80,,,0.03,n-matmul-512,true,85f7f63caa28,,c-690ef48f-0cf1abd9-8d9a75cfa22a,1762587832391,Sync,1946.35,1762587831533,21.0.3.8,false,512,4.18,InvokeFunction,,,LATEST,1-690ef4b7-0c49fa-82e024456ef5,OnDemand,,,857.68,,"{""errorType"":""FunctionAbnormalExitError""}"
,F031090DB7497FBE9C5AA393E7E68561-17,1762587833,FCRequestMetrics:/n-matmul-512,80,80,,,0.05,n-matmul-512,true,ac449c8e7f33,,c-690ef48f-0cf1abd9-a7a4b84ee62d,1762587832267,Sync,2030.36,1762587831526,21.0.3.9,false,512,4.17,InvokeFunction,,,LATEST,1-690ef4b7-0c0a43-e0de36cd7865,OnDemand,,,740.41,,"{""errorType"":""FunctionAbnormalExitError""}"
,4D57B9EBA87590C7398CF6540746C6BE-17,1762587833,FCRequestMetrics:/n-matmul-512,80,80,,,0.02,n-matmul-512,true,cf9fc6279e9f,,c-690ef490-0cf1abd9-f9b75dacbfca,1762587832249,Sync,2154.58,1762587831506,21.0.3.10,false,512,2.10,InvokeFunction,,,LATEST,1-690ef4b7-0c0a43-198482544e10,OnDemand,,,742.85,,"{""errorType"":""FunctionAbnormalExitError""}"
,D57BF307AB3C1DBB07F853EA29DFAA8E-17,1762587833,FCRequestMetrics:/n-matmul-512,80,80,,,0.03,n-matmul-512,true,4a02a8b2ccf7,,c-690ef48f-0cf1abd9-3378a67d936f,1762587832650,Sync,2295.06,1762587831536,21.0.3.10,false,512,4.22,InvokeFunction,,,LATEST,1-690ef4b7-0c49fa-2ba638da3bb4,OnDemand,,,1114.15,,"{""errorType"":""FunctionAbnormalExitError""}"
,CA067C7B13641001A367D67FE1936091-14,1762587834,FCRequestMetrics:/n-matmul-512,80,80,,,3429.76,n-matmul-512,false,5046f6076057,,c-690ef490-0cf1abd9-851ce87263d1,1762587830773,Sync,5144.09,1762587829059,21.0.3.11,false,512,38.23,InvokeFunction,,,LATEST,1-690ef4b5-0c0a43-65635c63ae27,OnDemand,,,1713.59,
,ED99555BBD66FF347A8C8145C62ABE99-D,1762587834,FCRequestMetrics:/n-matmul-512,80,80,,,2904.42,n-matmul-512,false,4bed96722f41,,c-690ef49c-0cf1abd9-8088ae7c339c,1762587831342,Sync,2961.30,1762587831286,21.0.3.8,false,512,37.80,InvokeFunction,,,LATEST,1-690ef4b7-0c49fa-62f696c78ca6,OnDemand,,,55.83,
,F91A17FDEE204113BD7FCEE97E77B19D-14,1762587834,FCRequestMetrics:/n-matmul-512,75,75,,,3418.23,n-matmul-512,false,b4a55f945517,,c-690ef48f-0cf1abd9-f3db6505083a,1762587831287,Sync,3420.48,1762587831286,21.0.3.12,false,512,41.70,InvokeFunction,,,LATEST,1-690ef4b7-0c49fa-2c03eb716fc8,OnDemand,,,1.18,
,3638871BA5BA6CB81D64084B08F55201-16,1762587834,FCRequestMetrics:/n-matmul-512,74,74,,,3305.65,n-matmul-512,false,d9ddc014a95e,,c-690ef48f-0cf1abd9-ec0c220edbce,1762587831174,Sync,3307.62,1762587831173,21.0.3.8,false,512,26.84,InvokeFunction,,,LATEST,1-690ef4b7-0c49fa-33d08ea6e35f,OnDemand,,,1.01,
,646B33D459BD0A9244D32F781DAF3418-B,1762587834,FCRequestMetrics:/n-matmul-512,75,75,,,3209.21,n-matmul-512,false,5d92a283eb8a,,c-690ef4a1-0cf1abd9-de1abe369d37,1762587831033,Sync,3210.68,1762587831032,21.0.3.10,false,512,34.39,InvokeFunction,,,LATEST,1-690ef4b7-0c0a43-a7e0e3866336,OnDemand,,,0.49,
,13AC9179567B6A88BE4E678F8CBCF027-B,1762587834,FCRequestMetrics:/n-matmul-512,74,74,,,3013.69,n-matmul-512,false,c1270f7ffdb8,,c-690ef4a1-0cf1abd9-661404bfd8df,1762587831141,Sync,3016.19,1762587831139,21.0.3.12,false,512,34.55,InvokeFunction,,,LATEST,1-690ef4b7-0c49fa-b21f73ecad30,OnDemand,,,1.10,
,90D8D68606671C7D3CC9428DB5D1A5ED-B,1762587834,FCRequestMetrics:/n-matmul-512,80,80,,,3127.86,n-matmul-512,false,43290576c1e6,,c-690ef4a1-0cf1abd9-784f475cf818,1762587831355,Sync,3256.85,1762587831227,21.0.3.11,false,512,34.69,InvokeFunction,,,LATEST,1-690ef4b7-0c49fa-f4d6de9685ba,OnDemand,,,127.87,
,B6CBE8EBA74250AA907E560C90566BB4-E,1762587834,FCRequestMetrics:/n-matmul-512,77,77,,,3042.72,n-matmul-512,false,ab282a8889ea,,c-690ef49c-0cf1abd9-bbfeef60bc24,1762587831034,Sync,4857.02,1762587829221,21.0.3.11,false,512,36.45,InvokeFunction,,,LATEST,1-690ef4b5-0c49fa-1b1756448a7b,OnDemand,,,1813.39,
,F633B574683DE8AA2BF0D3EEBDF4C796-3,1762587834,FCRequestMetrics:/n-matmul-512,80,80,,,3547.98,n-matmul-512,false,2aab02d9eb5a,,c-690ef4b2-0cf1abd9-a85fa9ced593,1762587830628,Sync,3894.95,1762587830283,21.0.3.8,false,512,90.38,InvokeFunction,,,LATEST,1-690ef4b7-0c0a43-87450828bedb,OnDemand,,,344.87,
,414BD1893AE2054C5F533C4E4BFB2474-E,1762587834,FCRequestMetrics:/n-matmul-512,74,74,,,3337.66,n-matmul-512,false,e09eb6f846c4,,c-690ef49c-0cf1abd9-96967c00da02,1762587831172,Sync,3339.31,1762587831171,21.0.3.9,false,512,36.45,InvokeFunction,,,LATEST,1-690ef4b7-0c49fa-75633a3b4414,OnDemand,,,0.94,
,52D7D507918D931708B22C4CE8E63CCC-3,1762587834,FCRequestMetrics:/n-matmul-512,80,80,,,3652.35,n-matmul-512,false,7e3f21c3452b,,c-690ef4b2-0cf1abd9-448ba4a6e619,1762587830692,Sync,4059.67,1762587830286,21.0.3.9,false,512,34.61,InvokeFunction,,,LATEST,1-690ef4b7-0c0a43-4c679175ee41,OnDemand,,,405.66,
,E438D6118493E314AD4DA785D820E022-4,1762587834,FCRequestMetrics:/n-matmul-512,80,80,,,3473.88,n-matmul-512,false,b191993e8dc4,,c-690ef4b3-0cf1abd9-0d3f75ed2006,1762587830911,Sync,3953.05,1762587830441,21.0.3.8,false,512,90.35,InvokeFunction,,,LATEST,1-690ef4b7-0c49fa-5f9a20421662,OnDemand,,,469.39,
,B23CDAA9EFB02072F2EA6F095891B977-4,1762587834,FCRequestMetrics:/n-matmul-512,80,80,,,3494.91,n-matmul-512,false,01cbc6dce386,,c-690ef4b2-0cf1abd9-ad92bd478abd,1762587831175,Sync,4224.69,1762587830446,21.0.3.11,false,512,38.57,InvokeFunction,,,LATEST,1-690ef4b7-0c49fa-787d000e73c0,OnDemand,,,728.85,
,E4C186C27FC2E01612D2685505BDC1C8-4,1762587834,FCRequestMetrics:/n-matmul-512,80,80,,,3289.73,n-matmul-512,false,2f46f223d44b,,c-690ef4b3-0cf1abd9-b7dfa30d9e6b,1762587830813,Sync,4136.24,1762587829971,21.0.3.8,false,512,90.66,InvokeFunction,,,LATEST,1-690ef4b7-0c0a43-ed65c7ca0fd6,OnDemand,,,839.44,
,FFBE1F54232C7105BB9D9D9815146807-4,1762587834,FCRequestMetrics:/n-matmul-512,80,80,,,3155.52,n-matmul-512,false,4210c93d9e28,,c-690ef4b2-0cf1abd9-734e58adbe38,1762587831606,Sync,4259.32,1762587830505,21.0.3.10,false,512,34.52,InvokeFunction,,,LATEST,1-690ef4b7-0c0a43-2a6104b68f0e,OnDemand,,,1101.55,
,A6333F63464BC687DF1965DBFE05F1DB-16,1762587834,FCRequestMetrics:/n-matmul-512,80,80,,,2.18,n-matmul-512,true,3e88eb377bf5,,c-690ef490-0cf1abd9-507f1daf6985,1762587832883,Sync,2782.40,1762587831552,21.0.3.11,false,512,2.03,InvokeFunction,,,LATEST,1-690ef4b7-0c49fa-b9dc8b5a03d8,OnDemand,,,1331.37,,"{""errorType"":""FunctionAbnormalExitError""}"
,22262E23B35913584F104007F60CDE44-17,1762587834,FCRequestMetrics:/n-matmul-512,80,80,,,0.03,n-matmul-512,true,5c984f724ebf,,c-690ef48f-0cf1abd9-4d671f684c9c,1762587833303,Sync,2777.81,1762587831621,21.0.3.9,false,512,4.18,InvokeFunction,,,LATEST,1-690ef4b7-0c49fa-241cf70c960a,OnDemand,,,1681.68,,"{""errorType"":""FunctionAbnormalExitError""}"
,A0E18646E4ED1862BB7852A818D6BD84-17,1762587834,FCRequestMetrics:/n-matmul-512,80,80,,,0.04,n-matmul-512,true,455c2c4df2d2,,c-690ef48f-0cf1abd9-fff0447ff1dc,1762587833248,Sync,2888.47,1762587831602,21.0.3.8,false,512,2.27,InvokeFunction,,,LATEST,1-690ef4b7-0c0a43-9d23700ae652,OnDemand,,,1645.63,,"{""errorType"":""FunctionAbnormalExitError""}"
,A58D23371A460570694E59E83C205D35-17,1762587834,FCRequestMetrics:/n-matmul-512,80,80,,,0.04,n-matmul-512,true,f5099c18cdf1,,c-690ef48f-0cf1abd9-aa29b9d0aa99,1762587833351,Sync,3004.36,1762587831623,21.0.3.11,false,512,2.14,InvokeFunction,,,LATEST,1-690ef4b7-0c49fa-93a8a1672a6c,OnDemand,,,1727.80,,"{""errorType"":""FunctionAbnormalExitError""}"
,395AF19B30E923F04509691974E770B2-4,1762587834,FCRequestMetrics:/n-matmul-512,80,80,,,3259.65,n-matmul-512,false,16c28b2331e7,,c-690ef4b3-0cf1abd9-03841df006e6,1762587831162,Sync,4448.45,1762587829975,21.0.3.9,false,512,34.18,InvokeFunction,,,LATEST,1-690ef4b7-0c0a43-59c8537f61a3,OnDemand,,,1186.52,
,5F3A1644AB2A1C8B074AB8754A10A293-B,1762587834,FCRequestMetrics:/n-matmul-512,80,80,,,5344.51,n-matmul-512,false,69f1f8b4cc9d,,c-690ef4a4-0cf1abd9-06b3493bf27e,1762587829556,Sync,8349.09,1762587826552,21.0.3.10,false,512,29.30,InvokeFunction,,,LATEST,1-690ef4b3-0c0a43-7faa1879fb36,OnDemand,,,3002.30,
,32144092075796B61E66CC5CB449FE74-17,1762587834,FCRequestMetrics:/n-matmul-512,80,80,,,0.03,n-matmul-512,true,4e09d5ee1757,,c-690ef48f-0cf1abd9-c9b2724f454d,1762587833372,Sync,3039.03,1762587831623,21.0.3.11,false,512,2.07,InvokeFunction,,,LATEST,1-690ef4b7-0c49fa-b78ff987660c,OnDemand,,,1748.13,,"{""errorType"":""FunctionAbnormalExitError""}"
,7F41C0AC9649E78CE4E6389BA04F93F7-17,1762587834,FCRequestMetrics:/n-matmul-512,80,80,,,0.03,n-matmul-512,true,2f9a827ac39a,,c-690ef48f-0cf1abd9-d481ef5b70cb,1762587833469,Sync,3145.19,1762587831625,21.0.3.12,false,512,2.07,InvokeFunction,,,LATEST,1-690ef4b7-0c0a43-7b67a1120a5b,OnDemand,,,1843.75,,"{""errorType"":""FunctionAbnormalExitError""}"
,7780C0688E26C68EB0D69712BCDE475F-17,1762587834,FCRequestMetrics:/n-matmul-512,80,80,,,0.03,n-matmul-512,true,333740b1eaee,,c-690ef490-0cf1abd9-b30a2e13f5eb,1762587833726,Sync,2852.95,1762587832142,21.0.3.12,false,512,2.22,InvokeFunction,,,LATEST,1-690ef4b8-0c0a43-4a02f7a202c0,OnDemand,,,1584.00,,"{""errorType"":""FunctionAbnormalExitError""}"
,6C268265BE6071088D6F784688423FBC-D,1762587834,FCRequestMetrics:/n-matmul-512,77,77,,,4805.50,n-matmul-512,false,f3794d0f4bed,,c-690ef4a4-0cf1abd9-3f60d30fa7e2,1762587830029,Sync,4813.74,1762587830028,21.0.3.11,false,512,27.04,InvokeFunction,,,LATEST,1-690ef4b6-0c0a43-28f3930d7f9b,OnDemand,,,0.54,
,78CD85FE04C684FD432ABFF362CBF50C-14,1762587835,FCRequestMetrics:/n-matmul-512,80,80,,,3182.14,n-matmul-512,false,6999fff919fb,,c-690ef48f-0cf1abd9-6c6d9044c534,1762587832102,Sync,3881.62,1762587831403,21.0.3.9,false,512,38.29,InvokeFunction,,,LATEST,1-690ef4b7-0c0a43-0d0fba339ad9,OnDemand,,,698.51,
,1C05D5B02F01F46143D999E67440A343-16,1762587835,FCRequestMetrics:/n-matmul-512,80,80,,,3484.10,n-matmul-512,false,ded09bee0b2d,,c-690ef48f-0cf1abd9-2bb86706a2c4,1762587831714,Sync,3878.76,1762587831321,21.0.3.9,false,512,26.84,InvokeFunction,,,LATEST,1-690ef4b7-0c49fa-9f98a9fcf43f,OnDemand,,,391.05,
,FD6981321571EC68F9E27CDAD26BAC19-D,1762587835,FCRequestMetrics:/n-matmul-512,80,80,,,3075.88,n-matmul-512,false,b2349f9a27e7,,c-690ef49c-0cf1abd9-a2407a052b71,1762587832830,Sync,4367.73,1762587831541,21.0.3.12,false,512,45.47,InvokeFunction,,,LATEST,1-690ef4b7-0c0a43-36e4f921eb86,OnDemand,,,1289.21,
,3BDEEDD6F6C1B51E5137A970AE75BAA4-14,1762587835,FCRequestMetrics:/n-matmul-512,80,80,,,4367.98,n-matmul-512,false,3b2b33dbd196,,c-690ef492-0cf1abd9-bbdff8eda83c,1762587830746,Sync,6143.54,1762587828972,21.0.3.9,false,512,36.27,InvokeFunction,,,LATEST,1-690ef4b4-0c0a43-e057942bddde,OnDemand,,,1774.15,
,148C1B09986999E20AA0FF04F10942D0-17,1762587835,FCRequestMetrics:/n-matmul-512,80,80,,,3601.89,n-matmul-512,false,aa1e2085073a,,c-690ef48f-0cf1abd9-2b72cdd5c5c2,1762587832189,Sync,4328.77,1762587831463,21.0.3.10,false,512,28.73,InvokeFunction,,,LATEST,1-690ef4b7-0c0a43-ead0ff0b3fbc,OnDemand,,,725.70,
,447511FEAA2C196192B29D0355E78B1D-17,1762587835,FCRequestMetrics:/n-matmul-512,80,80,,,3503.96,n-matmul-512,false,2be5f8bcaa9a,,c-690ef48f-0cf1abd9-405aaa419009,1762587832254,Sync,4238.02,1762587831520,21.0.3.9,false,512,26.85,InvokeFunction,,,LATEST,1-690ef4b7-0c49fa-0e370061e789,OnDemand,,,732.96,
,BD1D69C9267D95E53B2A79C6CB35D41D-14,1762587835,FCRequestMetrics:/n-matmul-512,80,80,,,4007.71,n-matmul-512,false,987841b3d4f5,,c-690ef492-0cf1abd9-b72bb88bbd36,1762587831943,Sync,4549.64,1762587831401,21.0.3.12,false,512,36.22,InvokeFunction,,,LATEST,1-690ef4b7-0c49fa-401ea875ffcb,OnDemand,,,541.14,
,8A4C9F8EC0081A54D335C35B65D1357D-A,1762587835,FCRequestMetrics:/n-matmul-512,80,80,,,4393.54,n-matmul-512,false,1c5ca9e1c7f9,,c-690ef4a4-0cf1abd9-274debaa5e8f,1762587831406,Sync,5129.39,1762587830672,21.0.3.9,false,512,34.27,InvokeFunction,,,LATEST,1-690ef4b7-0c0a43-acb2a7f882d0,OnDemand,,,733.42,
,537821DDAFE9614566F0064DDB274514-D,1762587835,FCRequestMetrics:/n-matmul-512,80,80,,,3092.94,n-matmul-512,false,e7a61b8cb4fe,,c-690ef4a1-0cf1abd9-564b243bc6a8,1762587832091,Sync,3777.17,1762587831407,21.0.3.8,false,512,36.80,InvokeFunction,,,LATEST,1-690ef4b7-0c0a43-ac224bde3a92,OnDemand,,,683.37,
,5E37C0E4F38EC01A59BF0AC51B37D7D9-4,1762587835,FCRequestMetrics:/n-matmul-512,80,80,,,3185.52,n-matmul-512,false,675e218faad5,,c-690ef4b2-0cf1abd9-5c68fc00ab92,1762587831875,Sync,4531.52,1762587830530,21.0.3.12,false,512,36.25,InvokeFunction,,,LATEST,1-690ef4b7-0c49fa-e192b302a25c,OnDemand,,,1345.27,
,023E1362E98622AC0BA42C246E757652-4,1762587835,FCRequestMetrics:/n-matmul-512,80,80,,,3130.23,n-matmul-512,false,c2dc25ac0291,,c-690ef4b3-0cf1abd9-482c4f6b212d,1762587832090,Sync,4592.41,1762587830656,21.0.3.9,false,512,32.28,InvokeFunction,,,LATEST,1-690ef4b7-0c0a43-03205f5f8764,OnDemand,,,1433.94,
,715E1B0E1B21EEA77E59E1CCA6C827A1-4,1762587835,FCRequestMetrics:/n-matmul-512,80,80,,,3095.89,n-matmul-512,false,227434a33de2,,c-690ef4b3-0cf1abd9-7a1935f5d276,1762587832348,Sync,4768.96,1762587830676,21.0.3.11,false,512,36.68,InvokeFunction,,,LATEST,1-690ef4b7-0c0a43-35252e752e84,OnDemand,,,1672.19,
,0AE60AD6E226644C212775A9AD9DBC3A-4,1762587835,FCRequestMetrics:/n-matmul-512,80,80,,,3155.08,n-matmul-512,false,e5c3b3dfa4c1,,c-690ef4b3-0cf1abd9-04675e7328d5,1762587832069,Sync,4570.83,1762587830654,21.0.3.10,false,512,34.09,InvokeFunction,,,LATEST,1-690ef4b7-0c0a43-9c47c6c9497c,OnDemand,,,1414.72,
,EC65B6B96723558D074A84C970ABFB6D-4,1762587835,FCRequestMetrics:/n-matmul-512,80,80,,,3287.87,n-matmul-512,false,dc0d493de807,,c-690ef4b3-0cf1abd9-88427ba7f908,1762587832674,Sync,5233.85,1762587830729,21.0.3.12,false,512,34.36,InvokeFunction,,,LATEST,1-690ef4b7-0c49fa-4e4993569573,OnDemand,,,1945.03,
,D09BCBD485576D911D13CE495A97C108-4,1762587835,FCRequestMetrics:/n-matmul-512,80,80,,,3104.84,n-matmul-512,false,67959926d07f,,c-690ef4b3-0cf1abd9-62c5a8cabd6b,1762587831951,Sync,4975.52,1762587830081,21.0.3.10,false,512,34.27,InvokeFunction,,,LATEST,1-690ef4b7-0c0a43-5ca32a3e028d,OnDemand,,,1870.02,
,9ADEFA90B0D30226FA9EC5C9D5AE07C5-D,1762587835,FCRequestMetrics:/n-matmul-512,80,80,,,3137.89,n-matmul-512,false,720d5821fc65,,c-690ef4a1-0cf1abd9-d2a0858351d9,1762587832693,Sync,4293.46,1762587831538,21.0.3.9,false,512,36.06,InvokeFunction,,,LATEST,1-690ef4b7-0c49fa-8697bcbc1ff5,OnDemand,,,1154.81,
,49B64A5B3FBA9FC6678BE15B3FA1CAE0-3,1762587835,FCRequestMetrics:/n-matmul-512,80,80,,,3084.90,n-matmul-512,false,b69b715c17a5,,c-690ef4b3-0cf1abd9-2077a8676f3b,1762587832326,Sync,4775.96,1762587830635,21.0.3.11,false,512,36.36,InvokeFunction,,,LATEST,1-690ef4b8-0c0a43-16fdd33d4fc3,OnDemand,,,1690.05,
,3D3F830804794EE934A3F39C618D6DA7-4,1762587835,FCRequestMetrics:/n-matmul-512,80,80,,,3151.22,n-matmul-512,false,a5074fb07ccb,,c-690ef4b3-0cf1abd9-4204fc55cfbc,1762587832447,Sync,4887.20,1762587830712,21.0.3.12,false,512,34.50,InvokeFunction,,,LATEST,1-690ef4b8-0c0a43-494224d5918c,OnDemand,,,1734.65,
,9DDF92507C03E777F745C0AA5C83C458-10,1762587835,FCRequestMetrics:/n-matmul-512,80,80,,,0.04,n-matmul-512,true,ab20715057dd,,c-690ef49e-0cf1abd9-a4d3e4836d71,1762587833862,Sync,3011.43,1762587832083,21.0.3.8,false,512,4.25,InvokeFunction,,,LATEST,1-690ef4b8-0c49fa-b3af82465117,OnDemand,,,1778.72,,"{""errorType"":""FunctionAbnormalExitError""}"
,2C250D9B2FF86C019F81DAC520815883-D,1762587835,FCRequestMetrics:/n-matmul-512,75,75,,,4815.32,n-matmul-512,false,52c1693be583,,c-690ef4a4-0cf1abd9-b2b9a6cf3285,1762587830314,Sync,4818.78,1762587830312,21.0.3.12,false,512,31.23,InvokeFunction,,,LATEST,1-690ef4b7-0c49fa-ed62c102c8db,OnDemand,,,1.18,
,ED99555BBD66FF347A8C8145C62ABE99-10,1762587835,FCRequestMetrics:/n-matmul-512,80,80,,,0.03,n-matmul-512,true,4bed96722f41,,c-690ef49c-0cf1abd9-8088ae7c339c,1762587834250,Sync,2096.13,1762587833302,21.0.3.8,false,512,2.11,InvokeFunction,,,LATEST,1-690ef4b9-0c0a43-2852774fc20a,OnDemand,,,947.85,,"{""errorType"":""FunctionAbnormalExitError""}"
,9E860D881BD9449D0F2C4975F44F7ABC-6,1762587835,FCRequestMetrics:/n-matmul-512,80,80,,,3017.89,n-matmul-512,false,dc22095edf84,,c-690ef4b1-0cf1abd9-834eca231e91,1762587832073,Sync,4962.55,1762587830129,21.0.3.9,false,512,44.90,InvokeFunction,,,LATEST,1-690ef4b7-0c0a43-24690a103468,OnDemand,,,1943.80,
,805D0B9C50B0CFD3CF77F88B01A3CC36-17,1762587835,FCRequestMetrics:/n-matmul-512,80,80,,,0.03,n-matmul-512,true,4277c8c89afa,,c-690ef490-0cf1abd9-df579b907295,1762587833978,Sync,3289.34,1762587832254,21.0.3.12,false,512,2.32,InvokeFunction,,,LATEST,1-690ef4b8-0c49fa-469631123c18,OnDemand,,,1724.15,,"{""errorType"":""FunctionAbnormalExitError""}"
,CA067C7B13641001A367D67FE1936091-17,1762587835,FCRequestMetrics:/n-matmul-512,80,80,,,0.06,n-matmul-512,true,5046f6076057,,c-690ef490-0cf1abd9-851ce87263d1,1762587834206,Sync,3134.83,1762587832373,21.0.3.11,false,512,2.19,InvokeFunction,,,LATEST,1-690ef4b8-0c0a43-65802f3aef2f,OnDemand,,,1832.28,,"{""errorType"":""FunctionAbnormalExitError""}"
,F91A17FDEE204113BD7FCEE97E77B19D-17,1762587835,FCRequestMetrics:/n-matmul-512,80,80,,,0.03,n-matmul-512,true,b4a55f945517,,c-690ef48f-0cf1abd9-f3db6505083a,1762587834710,Sync,2310.63,1762587833575,21.0.3.12,false,512,4.19,InvokeFunction,,,LATEST,1-690ef4b9-0c49fa-45e06a562bb0,OnDemand,,,1134.90,,"{""errorType"":""FunctionAbnormalExitError""}"
,9095B2C1B61D208836CC9B1C85A0D40A-6,1762587835,FCRequestMetrics:/n-matmul-512,80,80,,,3267.87,n-matmul-512,false,ca295ccdb9ef,,c-690ef4b1-0cf1abd9-20d8276cdfb4,1762587832234,Sync,4867.94,1762587830635,21.0.3.8,false,512,86.37,InvokeFunction,,,LATEST,1-690ef4b8-0c0a43-18307219ecc1,OnDemand,,,1599.15,
,D47609DF0A0B8379D6163E9247FE0B62-6,1762587835,FCRequestMetrics:/n-matmul-512,80,80,,,2942.05,n-matmul-512,false,94f30db206a9,,c-690ef4b1-0cf1abd9-5ce21036fb60,1762587832561,Sync,3905.53,1762587831598,21.0.3.9,false,512,53.47,InvokeFunction,,,LATEST,1-690ef4b9-0c49fa-212986a50d7a,OnDemand,,,962.32,
,028699F502CA3D7E230041FC52AB4DE5-6,1762587835,FCRequestMetrics:/n-matmul-512,80,80,,,3017.26,n-matmul-512,false,c3f0f0de03a0,,c-690ef4b1-0cf1abd9-f906b5304a3d,1762587832806,Sync,4098.77,1762587831725,21.0.3.8,false,512,79.61,InvokeFunction,,,LATEST,1-690ef4b9-0c0a43-c96ac3e03a74,OnDemand,,,1080.52,
,60315181B24B66886819325A3EA49E6F-10,1762587836,FCRequestMetrics:/n-matmul-512,80,80,,,3390.71,n-matmul-512,false,0d1aec41c426,,c-690ef49e-0cf1abd9-079fb8593d22,1762587832877,Sync,5027.01,1762587831242,21.0.3.9,false,512,39.89,InvokeFunction,,,LATEST,1-690ef4b7-0c49fa-6a96e1935398,OnDemand,,,1634.70,
,C1D7342C162E0433E3DCC69A36E49279-10,1762587836,FCRequestMetrics:/n-matmul-512,80,80,,,3372.75,n-matmul-512,false,c1850f6d6120,,c-690ef49e-0cf1abd9-bea541164f91,1762587833242,Sync,5280.01,1762587831335,21.0.3.11,false,512,40.15,InvokeFunction,,,LATEST,1-690ef4b7-0c0a43-333383f523b9,OnDemand,,,1906.35,
,6CCFB4E4193C923DA012941FDF8BA7C1-14,1762587836,FCRequestMetrics:/n-matmul-512,80,80,,,3142.09,n-matmul-512,false,1ea218c34989,,c-690ef48f-0cf1abd9-4c65696b73c9,1762587833688,Sync,4755.59,1762587832075,21.0.3.11,false,512,40.06,InvokeFunction,,,LATEST,1-690ef4b8-0c0a43-9f963c2bc4f6,OnDemand,,,1612.70,
,F898A01EEA6FFC9C575701D6D0948E55-17,1762587836,FCRequestMetrics:/n-matmul-512,80,80,,,3170.53,n-matmul-512,false,7a16d098497d,,c-690ef48f-0cf1abd9-9a6242cc8b28,1762587832896,Sync,4499.50,1762587831568,21.0.3.8,false,512,29.02,InvokeFunction,,,LATEST,1-690ef4b7-0c49fa-cb138a469080,OnDemand,,,1328.06,
,B50B6C7E4A9EFD8ADCDAE8E71A8A357B-17,1762587836,FCRequestMetrics:/n-matmul-512,80,80,,,3663.85,n-matmul-512,false,0c3cf93849f8,,c-690ef48f-0cf1abd9-ad135b628654,1762587832950,Sync,5049.85,1762587831567,21.0.3.8,false,512,28.83,InvokeFunction,,,LATEST,1-690ef4b7-0c0a43-992d7d969e50,OnDemand,,,1382.91,
,B1B3EF35016788C3424F79DCBD83BB05-17,1762587836,FCRequestMetrics:/n-matmul-512,80,80,,,3219.93,n-matmul-512,false,8e7a4967c312,,c-690ef48f-0cf1abd9-e1933dd451ba,1762587833181,Sync,4802.13,1762587831599,21.0.3.10,false,512,26.81,InvokeFunction,,,LATEST,1-690ef4b7-0c49fa-0351dddb390c,OnDemand,,,1581.47,
,3801AF28D1F06D15DE702CA3D1A78840-17,1762587836,FCRequestMetrics:/n-matmul-512,80,80,,,3265.27,n-matmul-512,false,85f7f63caa28,,c-690ef48f-0cf1abd9-8d9a75cfa22a,1762587833485,Sync,5108.55,1762587831643,21.0.3.8,false,512,28.95,InvokeFunction,,,LATEST,1-690ef4b7-0c0a43-7ce2a684df24,OnDemand,,,1838.26,
,F031090DB7497FBE9C5AA393E7E68561-17,1762587836,FCRequestMetrics:/n-matmul-512,80,80,,,3252.69,n-matmul-512,false,ac449c8e7f33,,c-690ef48f-0cf1abd9-a7a4b84ee62d,1762587833561,Sync,5170.26,1762587831645,21.0.3.9,false,512,29.36,InvokeFunction,,,LATEST,1-690ef4b7-0c49fa-a04533d9c920,OnDemand,,,1913.12,
,7C823A060900EA64C601C711AE9A8E7B-14,1762587836,FCRequestMetrics:/n-matmul-512,80,80,,,3961.68,n-matmul-512,false,a9c1f9cad0fa,,c-690ef492-0cf1abd9-41b4dd0accbf,1762587832329,Sync,4768.57,1762587831523,21.0.3.10,false,512,34.75,InvokeFunction,,,LATEST,1-690ef4b7-0c49fa-5e96429e9818,OnDemand,,,805.88,
,4D57B9EBA87590C7398CF6540746C6BE-17,1762587836,FCRequestMetrics:/n-matmul-512,80,80,,,3096.88,n-matmul-512,false,cf9fc6279e9f,,c-690ef490-0cf1abd9-f9b75dacbfca,1762587833664,Sync,4785.28,1762587831979,21.0.3.10,false,512,26.63,InvokeFunction,,,LATEST,1-690ef4b7-0c0a43-3a4e6d3b30bc,OnDemand,,,1683.28,
,6448458DC5EEDA4B01194355EB33D0AF-14,1762587836,FCRequestMetrics:/n-matmul-512,80,80,,,3614.69,n-matmul-512,false,e9af6d91c5a8,,c-690ef492-0cf1abd9-8e96e2aae5ad,1762587832993,Sync,5014.44,1762587831595,21.0.3.11,false,512,36.47,InvokeFunction,,,LATEST,1-690ef4b7-0c49fa-cae0a7db7e40,OnDemand,,,1398.27,
,A89833F386C2C0AAB19D937BC0A8D2F3-3,1762587836,FCRequestMetrics:/n-matmul-512,80,80,,,3140.64,n-matmul-512,false,ea0bccbe44d2,,c-690ef4b4-0cf1abd9-c9ccab6a1a6a,1762587832962,Sync,4914.98,1762587831188,21.0.3.8,false,512,87.78,InvokeFunction,,,LATEST,1-690ef4b8-0c49fa-c215903c900a,OnDemand,,,1773.39,
,E28B31C1AD09CA2631349F2F5CD41FEA-4,1762587836,FCRequestMetrics:/n-matmul-512,80,80,,,3443.06,n-matmul-512,false,378303f5ffb1,,c-690ef4b4-0cf1abd9-4d6de11efb71,1762587833143,Sync,5293.14,1762587831294,21.0.3.9,false,512,42.97,InvokeFunction,,,LATEST,1-690ef4b8-0c49fa-2a3f28437391,OnDemand,,,1849.08,
,27BDDCAD80E91AC92FDFCC1C9A1A4216-3,1762587836,FCRequestMetrics:/n-matmul-512,80,80,,,3082.82,n-matmul-512,false,2ff8f58d97fc,,c-690ef4b4-0cf1abd9-3de0c61b5b68,1762587833341,Sync,4192.31,1762587832232,21.0.3.10,false,512,34.27,InvokeFunction,,,LATEST,1-690ef4b9-0c0a43-83cd6f5c1c27,OnDemand,,,1108.77,
,604D7A139A336D459A8701B8728ED443-3,1762587836,FCRequestMetrics:/n-matmul-512,80,80,,,3145.85,n-matmul-512,false,3ccc09a5376a,,c-690ef4b4-0cf1abd9-6384931551e4,1762587833660,Sync,4326.19,1762587832480,21.0.3.11,false,512,34.64,InvokeFunction,,,LATEST,1-690ef4b9-0c49fa-72419c31082d,OnDemand,,,1179.24,
,A61C5B29A1D7F2390D1E51D697C6283B-4,1762587836,FCRequestMetrics:/n-matmul-512,80,80,,,3609.27,n-matmul-512,false,14782dc1bc2e,,c-690ef4b4-0cf1abd9-744e5d667f19,1762587833240,Sync,4625.93,1762587832228,21.0.3.12,false,512,34.22,InvokeFunction,,,LATEST,1-690ef4b9-0c49fa-ebb4c89a50c1,OnDemand,,,1012.14,
,1F1FFC412871BA58DE9DD242432C9C35-16,1762587836,FCRequestMetrics:/n-matmul-512,80,80,,,3940.69,n-matmul-512,false,a2dfb552053b,,c-690ef492-0cf1abd9-8c97f365993b,1762587832969,Sync,5337.45,1762587831575,21.0.3.8,false,512,36.39,InvokeFunction,,,LATEST,1-690ef4b7-0c0a43-990945063524,OnDemand,,,1394.02,
,78CD85FE04C684FD432ABFF362CBF50C-17,1762587836,FCRequestMetrics:/n-matmul-512,80,80,,,0.03,n-matmul-512,true,6999fff919fb,,c-690ef48f-0cf1abd9-6c6d9044c534,1762587835287,Sync,2726.60,1762587833726,21.0.3.9,false,512,2.34,InvokeFunction,,,LATEST,1-690ef4b9-0c0a43-0d71578b61f9,OnDemand,,,1561.37,,"{""errorType"":""FunctionAbnormalExitError""}"
,86D3C1657BB7CB6F9D6C1B5957027679-6,1762587836,FCRequestMetrics:/n-matmul-512,80,80,,,3265.94,n-matmul-512,false,41e163ab7845,,c-690ef4b1-0cf1abd9-383b8cf3b88f,1762587833055,Sync,4326.62,1762587831995,21.0.3.10,false,512,38.23,InvokeFunction,,,LATEST,1-690ef4b9-0c0a43-7adfb90c9e79,OnDemand,,,1059.27,
,FD6981321571EC68F9E27CDAD26BAC19-10,1762587836,FCRequestMetrics:/n-matmul-512,80,80,,,0.04,n-matmul-512,true,b2349f9a27e7,,c-690ef49c-0cf1abd9-a2407a052b71,1762587835912,Sync,2612.07,1762587834278,21.0.3.12,false,512,2.19,InvokeFunction,,,LATEST,1-690ef4ba-0c49fa-02c418ba3d48,OnDemand,,,1633.49,,"{""errorType"":""FunctionAbnormalExitError""}"
,D383B16911701B57D8112BE288DB8A26-6,1762587836,FCRequestMetrics:/n-matmul-512,80,80,,,3099.51,n-matmul-512,false,bb19602af764,,c-690ef4b1-0cf1abd9-7e88298a556b,1762587833112,Sync,4321.53,1762587831891,21.0.3.10,false,512,38.53,InvokeFunction,,,LATEST,1-690ef4b9-0c0a43-51a4f22db477,OnDemand,,,1220.60,
,86C97E3549B8E428464CF6B56B68BFDC-6,1762587836,FCRequestMetrics:/n-matmul-512,80,80,,,3189.57,n-matmul-512,false,5a3240bb4b57,,c-690ef4b1-0cf1abd9-ef240bcd1d76,1762587833136,Sync,4432.53,1762587831894,21.0.3.12,false,512,37.11,InvokeFunction,,,LATEST,1-690ef4b9-0c0a43-c879a0af018f,OnDemand,,,1241.86,
,19D19504A7F011D98456D47931F40832-6,1762587836,FCRequestMetrics:/n-matmul-512,80,80,,,3194.38,n-matmul-512,false,d76a12fc0134,,c-690ef4b1-0cf1abd9-3da89f7b182b,1762587833231,Sync,4526.12,1762587831901,21.0.3.11,false,512,38.12,InvokeFunction,,,LATEST,1-690ef4b9-0c49fa-fdb1647680e3,OnDemand,,,1329.62,
,386DA6364528A35F673B30D821826132-6,1762587836,FCRequestMetrics:/n-matmul-512,80,80,,,3441.43,n-matmul-512,false,2f0b32a49385,,c-690ef4b1-0cf1abd9-06c370eb6fc5,1762587833021,Sync,4495.58,1762587831967,21.0.3.12,false,512,36.24,InvokeFunction,,,LATEST,1-690ef4b9-0c49fa-3354d94632dd,OnDemand,,,1053.25,
,5F40BF3643AE590E1A0AFBFC2BB1CC92-6,1762587836,FCRequestMetrics:/n-matmul-512,80,80,,,3184.50,n-matmul-512,false,918ade19bbee,,c-690ef4b1-0cf1abd9-3df7810e23e4,1762587833217,Sync,4363.99,1762587832038,21.0.3.11,false,512,36.48,InvokeFunction,,,LATEST,1-690ef4b9-0c0a43-f6b171f72e07,OnDemand,,,1178.52,
,5D2FE67C0EB5779BF4214AF0D6312E51-D,1762587837,FCRequestMetrics:/n-matmul-512,80,80,,,3239.33,n-matmul-512,false,19252a223023,,c-690ef49c-0cf1abd9-daf5d7835f02,1762587833960,Sync,4952.10,1762587832248,21.0.3.10,false,512,40.11,InvokeFunction,,,LATEST,1-690ef4b8-0c49fa-5924e6dfbc3b,OnDemand,,,1711.72,
,EAD7BD32D52FA8C0EC561AB86D8BB129-D,1762587837,FCRequestMetrics:/n-matmul-512,80,80,,,3552.90,n-matmul-512,false,9697e733b066,,c-690ef49e-0cf1abd9-b7f83cb23224,1762587833742,Sync,5306.86,1762587831989,21.0.3.10,false,512,39.70,InvokeFunction,,,LATEST,1-690ef4b8-0c49fa-5637368fb028,OnDemand,,,1753.00,
,3D753EA828DEDBBB0DF10FE8437E0EE2-C,1762587837,FCRequestMetrics:/n-matmul-512,80,80,,,3417.19,n-matmul-512,false,13a75e602ffd,,c-690ef49e-0cf1abd9-124626cd631e,1762587833969,Sync,4558.90,1762587832828,21.0.3.12,false,512,37.98,InvokeFunction,,,LATEST,1-690ef4b9-0c49fa-63a060501092,OnDemand,,,1140.46,
,7FDD645C18A05AFCA1EE540844E336B4-14,1762587837,FCRequestMetrics:/n-matmul-512,80,80,,,3541.49,n-matmul-512,false,005047e6f771,,c-690ef48f-0cf1abd9-a4e85c44b759,1762587833574,Sync,5450.78,1762587831665,21.0.3.12,false,512,40.02,InvokeFunction,,,LATEST,1-690ef4b7-0c49fa-2e621b9e1184,OnDemand,,,1908.25,
,F07C00865CBCDDD3603F2861EC1005E7-14,1762587837,FCRequestMetrics:/n-matmul-512,80,80,,,3482.91,n-matmul-512,false,23ed8e688827,,c-690ef48f-0cf1abd9-c9d277f8db04,1762587833669,Sync,5080.00,1762587832074,21.0.3.10,false,512,39.72,InvokeFunction,,,LATEST,1-690ef4b8-0c0a43-cf299f6080b8,OnDemand,,,1594.87,
,B6CBE8EBA74250AA907E560C90566BB4-10,1762587837,FCRequestMetrics:/n-matmul-512,80,80,,,3535.95,n-matmul-512,false,ab282a8889ea,,c-690ef49c-0cf1abd9-bbfeef60bc24,1762587834081,Sync,5320.05,1762587832301,21.0.3.11,false,512,39.95,InvokeFunction,,,LATEST,1-690ef4b8-0c0a43-3d39cf8975a7,OnDemand,,,1779.95,
,D57BF307AB3C1DBB07F853EA29DFAA8E-17,1762587837,FCRequestMetrics:/n-matmul-512,80,80,,,3221.62,n-matmul-512,false,4a02a8b2ccf7,,c-690ef48f-0cf1abd9-3378a67d936f,1762587833835,Sync,4880.51,1762587832177,21.0.3.10,false,512,26.85,InvokeFunction,,,LATEST,1-690ef4b8-0c49fa-822af84b8b36,OnDemand,,,1658.11,
,A6333F63464BC687DF1965DBFE05F1DB-16,1762587837,FCRequestMetrics:/n-matmul-512,80,80,,,3155.01,n-matmul-512,false,3e88eb377bf5,,c-690ef490-0cf1abd9-507f1daf6985,1762587834336,Sync,4166.10,1762587833326,21.0.3.11,false,512,26.82,InvokeFunction,,,LATEST,1-690ef4b9-0c0a43-93edddee4c4b,OnDemand,,,1009.81,
,22262E23B35913584F104007F60CDE44-17,1762587837,FCRequestMetrics:/n-matmul-512,80,80,,,3009.60,n-matmul-512,false,5c984f724ebf,,c-690ef48f-0cf1abd9-4d671f684c9c,1762587834402,Sync,4085.67,1762587833327,21.0.3.9,false,512,27.16,InvokeFunction,,,LATEST,1-690ef4b9-0c0a43-d07f35a513b2,OnDemand,,,1073.88,
,270B9EACE82C5E95387DFC3023475A37-D,1762587837,FCRequestMetrics:/n-matmul-512,80,80,,,3276.11,n-matmul-512,false,fe7ebaee4797,,c-690ef4a4-0cf1abd9-3aa2f2400266,1762587833797,Sync,4392.96,1762587832681,21.0.3.8,false,512,36.18,InvokeFunction,,,LATEST,1-690ef4b9-0c49fa-b206eab86faf,OnDemand,,,1115.77,
,A58D23371A460570694E59E83C205D35-17,1762587837,FCRequestMetrics:/n-matmul-512,80,80,,,3207.38,n-matmul-512,false,f5099c18cdf1,,c-690ef48f-0cf1abd9-aa29b9d0aa99,1762587834629,Sync,4284.63,1762587833553,21.0.3.11,false,512,29.10,InvokeFunction,,,LATEST,1-690ef4b9-0c0a43-a9ec36dc6da6,OnDemand,,,1075.52,
,395AF19B30E923F04509691974E770B2-4,1762587837,FCRequestMetrics:/n-matmul-512,80,80,,,3229.56,n-matmul-512,false,16c28b2331e7,,c-690ef4b3-0cf1abd9-03841df006e6,1762587834427,Sync,4864.14,1762587832793,21.0.3.9,false,512,36.09,InvokeFunction,,,LATEST,1-690ef4ba-0c49fa-9981f305c0fc,OnDemand,,,1633.49,
,32144092075796B61E66CC5CB449FE74-17,1762587837,FCRequestMetrics:/n-matmul-512,80,80,,,3031.42,n-matmul-512,false,4e09d5ee1757,,c-690ef48f-0cf1abd9-c9b2724f454d,1762587834665,Sync,4125.04,1762587833572,21.0.3.11,false,512,27.17,InvokeFunction,,,LATEST,1-690ef4b9-0c49fa-aa177d8891b6,OnDemand,,,1092.58,
,7780C0688E26C68EB0D69712BCDE475F-17,1762587837,FCRequestMetrics:/n-matmul-512,80,80,,,2926.24,n-matmul-512,false,333740b1eaee,,c-690ef490-0cf1abd9-b30a2e13f5eb,1762587834997,Sync,4318.74,1762587833610,21.0.3.12,false,512,26.82,InvokeFunction,,,LATEST,1-690ef4b9-0c0a43-bfdb487b3291,OnDemand,,,1386.43,
,3638871BA5BA6CB81D64084B08F55201-18,1762587837,FCRequestMetrics:/n-matmul-512,80,80,,,3060.15,n-matmul-512,false,d9ddc014a95e,,c-690ef48f-0cf1abd9-ec0c220edbce,1762587834485,Sync,4198.25,1762587833348,21.0.3.8,false,512,34.51,InvokeFunction,,,LATEST,1-690ef4b9-0c49fa-7e68e56cd4d2,OnDemand,,,1136.49,
,646B33D459BD0A9244D32F781DAF3418-D,1762587837,FCRequestMetrics:/n-matmul-512,80,80,,,2975.93,n-matmul-512,false,5d92a283eb8a,,c-690ef4a1-0cf1abd9-de1abe369d37,1762587834246,Sync,3938.80,1762587833283,21.0.3.10,false,512,36.63,InvokeFunction,,,LATEST,1-690ef4b9-0c49fa-f4f13592bcf4,OnDemand,,,962.02,
,13AC9179567B6A88BE4E678F8CBCF027-D,1762587837,FCRequestMetrics:/n-matmul-512,80,80,,,3060.68,n-matmul-512,false,c1270f7ffdb8,,c-690ef4a1-0cf1abd9-661404bfd8df,1762587834160,Sync,4848.01,1762587832374,21.0.3.12,false,512,36.46,InvokeFunction,,,LATEST,1-690ef4b8-0c49fa-bbbe69273a08,OnDemand,,,1786.17,
,90D8D68606671C7D3CC9428DB5D1A5ED-D,1762587837,FCRequestMetrics:/n-matmul-512,80,80,,,2934.34,n-matmul-512,false,43290576c1e6,,c-690ef4a1-0cf1abd9-784f475cf818,1762587834487,Sync,4036.28,1762587833385,21.0.3.11,false,512,36.27,InvokeFunction,,,LATEST,1-690ef4b9-0c0a43-b9f7019e7613,OnDemand,,,1101.11,
,F633B574683DE8AA2BF0D3EEBDF4C796-6,1762587837,FCRequestMetrics:/n-matmul-512,80,80,,,3039.13,n-matmul-512,false,2aab02d9eb5a,,c-690ef4b2-0cf1abd9-a85fa9ced593,1762587834182,Sync,4569.95,1762587832653,21.0.3.8,false,512,92.13,InvokeFunction,,,LATEST,1-690ef4b9-0c49fa-a38ffae07fdf,OnDemand,,,1528.86,
,E438D6118493E314AD4DA785D820E022-6,1762587837,FCRequestMetrics:/n-matmul-512,80,80,,,3217.67,n-matmul-512,false,b191993e8dc4,,c-690ef4b3-0cf1abd9-0d3f75ed2006,1762587834398,Sync,4769.19,1762587832847,21.0.3.8,false,512,92.21,InvokeFunction,,,LATEST,1-690ef4b9-0c49fa-11ee2b945601,OnDemand,,,1550.53,
,52D7D507918D931708B22C4CE8E63CCC-6,1762587837,FCRequestMetrics:/n-matmul-512,80,80,,,3024.25,n-matmul-512,false,7e3f21c3452b,,c-690ef4b2-0cf1abd9-448ba4a6e619,1762587834349,Sync,4585.52,1762587832797,21.0.3.9,false,512,36.93,InvokeFunction,,,LATEST,1-690ef4b9-0c0a43-7a9cdd54c0e1,OnDemand,,,1551.36,
,FFBE1F54232C7105BB9D9D9815146807-6,1762587837,FCRequestMetrics:/n-matmul-512,80,80,,,3057.29,n-matmul-512,false,4210c93d9e28,,c-690ef4b2-0cf1abd9-734e58adbe38,1762587834767,Sync,4617.83,1762587833207,21.0.3.10,false,512,36.46,InvokeFunction,,,LATEST,1-690ef4ba-0c0a43-8ab35c96ac39,OnDemand,,,1559.14,
,E4C186C27FC2E01612D2685505BDC1C8-6,1762587837,FCRequestMetrics:/n-matmul-512,80,80,,,3017.20,n-matmul-512,false,2f46f223d44b,,c-690ef4b3-0cf1abd9-b7dfa30d9e6b,1762587834110,Sync,4622.23,1762587832506,21.0.3.8,false,512,92.55,InvokeFunction,,,LATEST,1-690ef4ba-0c49fa-708920db0078,OnDemand,,,1604.06,
,B23CDAA9EFB02072F2EA6F095891B977-6,1762587837,FCRequestMetrics:/n-matmul-512,80,80,,,3050.78,n-matmul-512,false,01cbc6dce386,,c-690ef4b2-0cf1abd9-ad92bd478abd,1762587834674,Sync,4602.36,1762587833123,21.0.3.11,false,512,40.46,InvokeFunction,,,LATEST,1-690ef4ba-0c49fa-47bba0497323,OnDemand,,,1550.61,
,60315181B24B66886819325A3EA49E6F-12,1762587837,FCRequestMetrics:/n-matmul-512,80,80,,,0.03,n-matmul-512,true,0d1aec41c426,,c-690ef49e-0cf1abd9-079fb8593d22,1762587836272,Sync,2300.27,1762587835419,21.0.3.9,false,512,4.13,InvokeFunction,,,LATEST,1-690ef4bb-0c0a43-9ddd1163ed10,OnDemand,,,853.14,,"{""errorType"":""FunctionAbnormalExitError""}"
,414BD1893AE2054C5F533C4E4BFB2474-10,1762587838,FCRequestMetrics:/n-matmul-512,80,80,,,3485.04,n-matmul-512,false,e09eb6f846c4,,c-690ef49c-0cf1abd9-96967c00da02,1762587834514,Sync,4559.15,1762587833441,21.0.3.9,false,512,39.63,InvokeFunction,,,LATEST,1-690ef4b9-0c49fa-ee0eb84f110c,OnDemand,,,1072.44,
,537821DDAFE9614566F0064DDB274514-D,1762587838,FCRequestMetrics:/n-matmul-512,80,80,,,2896.24,n-matmul-512,false,e7a61b8cb4fe,,c-690ef4a1-0cf1abd9-564b243bc6a8,1762587835187,Sync,4442.94,1762587833642,21.0.3.8,false,512,39.84,InvokeFunction,,,LATEST,1-690ef4b9-0c0a43-c29ba6c20fab,OnDemand,,,1545.36,
,A0E18646E4ED1862BB7852A818D6BD84-17,1762587838,FCRequestMetrics:/n-matmul-512,80,80,,,3517.77,n-matmul-512,false,455c2c4df2d2,,c-690ef48f-0cf1abd9-fff0447ff1dc,1762587834492,Sync,4601.11,1762587833409,21.0.3.8,false,512,27.21,InvokeFunction,,,LATEST,1-690ef4b9-0c0a43-dcd5e2c71e68,OnDemand,,,1082.11,
,5F3A1644AB2A1C8B074AB8754A10A293-B,1762587838,FCRequestMetrics:/n-matmul-512,80,80,,,3757.67,n-matmul-512,false,69f1f8b4cc9d,,c-690ef4a4-0cf1abd9-06b3493bf27e,1762587834906,Sync,5255.02,1762587833414,21.0.3.10,false,512,34.33,InvokeFunction,,,LATEST,1-690ef4b9-0c49fa-3fbc39110c3a,OnDemand,,,1492.14,
,9ADEFA90B0D30226FA9EC5C9D5AE07C5-D,1762587838,FCRequestMetrics:/n-matmul-512,80,80,,,3116.09,n-matmul-512,false,720d5821fc65,,c-690ef4a1-0cf1abd9-d2a0858351d9,1762587835835,Sync,4702.14,1762587834250,21.0.3.9,false,512,39.47,InvokeFunction,,,LATEST,1-690ef4ba-0c49fa-5e5e68a1502e,OnDemand,,,1585.15,
,7F41C0AC9649E78CE4E6389BA04F93F7-17,1762587838,FCRequestMetrics:/n-matmul-512,80,80,,,3278.98,n-matmul-512,false,2f9a827ac39a,,c-690ef48f-0cf1abd9-d481ef5b70cb,1762587834771,Sync,4473.28,1762587833578,21.0.3.12,false,512,28.55,InvokeFunction,,,LATEST,1-690ef4b9-0c0a43-bad6cc815fd8,OnDemand,,,1193.44,
,9DDF92507C03E777F745C0AA5C83C458-10,1762587838,FCRequestMetrics:/n-matmul-512,80,80,,,3546.15,n-matmul-512,false,ab20715057dd,,c-690ef49e-0cf1abd9-a4d3e4836d71,1762587835096,Sync,5138.28,1762587833505,21.0.3.8,false,512,26.66,InvokeFunction,,,LATEST,1-690ef4b9-0c0a43-297ca2d8baf5,OnDemand,,,1590.88,
,6C268265BE6071088D6F784688423FBC-D,1762587838,FCRequestMetrics:/n-matmul-512,80,80,,,3504.06,n-matmul-512,false,f3794d0f4bed,,c-690ef4a4-0cf1abd9-3f60d30fa7e2,1762587834847,Sync,4943.00,1762587833409,21.0.3.11,false,512,34.50,InvokeFunction,,,LATEST,1-690ef4b9-0c49fa-07b435b0118a,OnDemand,,,1436.83,
,2C250D9B2FF86C019F81DAC520815883-D,1762587838,FCRequestMetrics:/n-matmul-512,80,80,,,3456.60,n-matmul-512,false,52c1693be583,,c-690ef4a4-0cf1abd9-b2b9a6cf3285,1762587835134,Sync,5062.83,1762587833530,21.0.3.12,false,512,38.17,InvokeFunction,,,LATEST,1-690ef4ba-0c0a43-bd9ee401b913,OnDemand,,,1604.12,
,9E860D881BD9449D0F2C4975F44F7ABC-6,1762587838,FCRequestMetrics:/n-matmul-512,80,80,,,2998.13,n-matmul-512,false,dc22095edf84,,c-690ef4b1-0cf1abd9-834eca231e91,1762587835095,Sync,3894.05,1762587834200,21.0.3.9,false,512,49.83,InvokeFunction,,,LATEST,1-690ef4bb-0c49fa-bc11ace0dd91,OnDemand,,,894.76,
,805D0B9C50B0CFD3CF77F88B01A3CC36-17,1762587838,FCRequestMetrics:/n-matmul-512,80,80,,,3072.97,n-matmul-512,false,4277c8c89afa,,c-690ef490-0cf1abd9-df579b907295,1762587835546,Sync,4581.88,1762587834037,21.0.3.12,false,512,26.85,InvokeFunction,,,LATEST,1-690ef4ba-0c49fa-690129039a2a,OnDemand,,,1508.07,
,CA067C7B13641001A367D67FE1936091-17,1762587838,FCRequestMetrics:/n-matmul-512,80,80,,,2990.87,n-matmul-512,false,5046f6076057,,c-690ef490-0cf1abd9-851ce87263d1,1762587835510,Sync,4488.60,1762587834013,21.0.3.11,false,512,26.90,InvokeFunction,,,LATEST,1-690ef4ba-0c0a43-d8bbb074e401,OnDemand,,,1496.50,
,F91A17FDEE204113BD7FCEE97E77B19D-17,1762587838,FCRequestMetrics:/n-matmul-512,80,80,,,3071.71,n-matmul-512,false,b4a55f945517,,c-690ef48f-0cf1abd9-f3db6505083a,1762587835889,Sync,4685.70,1762587834275,21.0.3.12,false,512,29.08,InvokeFunction,,,LATEST,1-690ef4ba-0c0a43-69264162a810,OnDemand,,,1611.58,
,9095B2C1B61D208836CC9B1C85A0D40A-6,1762587838,FCRequestMetrics:/n-matmul-512,80,80,,,3146.61,n-matmul-512,false,ca295ccdb9ef,,c-690ef4b1-0cf1abd9-20d8276cdfb4,1762587835505,Sync,4370.97,1762587834285,21.0.3.8,false,512,87.99,InvokeFunction,,,LATEST,1-690ef4bb-0c49fa-f141a564ff49,OnDemand,,,1220.56,
,D47609DF0A0B8379D6163E9247FE0B62-6,1762587838,FCRequestMetrics:/n-matmul-512,80,80,,,3121.16,n-matmul-512,false,94f30db206a9,,c-690ef4b1-0cf1abd9-5ce21036fb60,1762587835507,Sync,4444.27,1762587834185,21.0.3.9,false,512,56.90,InvokeFunction,,,LATEST,1-690ef4bb-0c0a43-29999cf12529,OnDemand,,,1321.72,
,028699F502CA3D7E230041FC52AB4DE5-6,1762587838,FCRequestMetrics:/n-matmul-512,80,80,,,3169.49,n-matmul-512,false,c3f0f0de03a0,,c-690ef4b1-0cf1abd9-f906b5304a3d,1762587835826,Sync,4735.57,1762587834261,21.0.3.8,false,512,84.42,InvokeFunction,,,LATEST,1-690ef4bb-0c0a43-e922cc3672bd,OnDemand,,,1565.13,
,1C05D5B02F01F46143D999E67440A343-18,1762587838,FCRequestMetrics:/n-matmul-512,80,80,,,3008.29,n-matmul-512,false,ded09bee0b2d,,c-690ef48f-0cf1abd9-2bb86706a2c4,1762587835204,Sync,4546.36,1762587833669,21.0.3.9,false,512,34.29,InvokeFunction,,,LATEST,1-690ef4b9-0c49fa-fa90fd7d92d5,OnDemand,,,1534.74,
,3BDEEDD6F6C1B51E5137A970AE75BAA4-16,1762587838,FCRequestMetrics:/n-matmul-512,80,80,,,3211.94,n-matmul-512,false,3b2b33dbd196,,c-690ef492-0cf1abd9-bbdff8eda83c,1762587835119,Sync,4690.73,1762587833642,21.0.3.9,false,512,38.11,InvokeFunction,,,LATEST,1-690ef4b9-0c49fa-de5928799e88,OnDemand,,,1476.85,
,148C1B09986999E20AA0FF04F10942D0-19,1762587838,FCRequestMetrics:/n-matmul-512,80,80,,,2893.66,n-matmul-512,false,aa1e2085073a,,c-690ef48f-0cf1abd9-2b72cdd5c5c2,1762587835794,Sync,4472.20,1762587834217,21.0.3.10,false,512,36.45,InvokeFunction,,,LATEST,1-690ef4ba-0c0a43-6bbf9a9bb931,OnDemand,,,1576.87,
,447511FEAA2C196192B29D0355E78B1D-18,1762587838,FCRequestMetrics:/n-matmul-512,80,80,,,3030.40,n-matmul-512,false,2be5f8bcaa9a,,c-690ef48f-0cf1abd9-405aaa419009,1762587835761,Sync,4613.79,1762587834179,21.0.3.9,false,512,34.55,InvokeFunction,,,LATEST,1-690ef4ba-0c0a43-a7b59b04b61a,OnDemand,,,1582.46,
,F898A01EEA6FFC9C575701D6D0948E55-19,1762587838,FCRequestMetrics:/n-matmul-512,80,80,,,2921.68,n-matmul-512,false,7a16d098497d,,c-690ef48f-0cf1abd9-9a6242cc8b28,1762587836073,Sync,4636.20,1762587834359,21.0.3.8,false,512,36.48,InvokeFunction,,,LATEST,1-690ef4ba-0c0a43-2c484301ba34,OnDemand,,,1713.63,
,BD1D69C9267D95E53B2A79C6CB35D41D-15,1762587838,FCRequestMetrics:/n-matmul-512,80,80,,,2961.88,n-matmul-512,false,987841b3d4f5,,c-690ef492-0cf1abd9-b72bb88bbd36,1762587835954,Sync,4632.63,1762587834284,21.0.3.12,false,512,38.09,InvokeFunction,,,LATEST,1-690ef4ba-0c0a43-dbed28af0b4f,OnDemand,,,1669.62,
,5E37C0E4F38EC01A59BF0AC51B37D7D9-6,1762587838,FCRequestMetrics:/n-matmul-512,80,80,,,3094.70,n-matmul-512,false,675e218faad5,,c-690ef4b2-0cf1abd9-5c68fc00ab92,1762587835065,Sync,3957.04,1762587834204,21.0.3.12,false,512,38.23,InvokeFunction,,,LATEST,1-690ef4bb-0c49fa-3273a6840461,OnDemand,,,861.55,
,6CCFB4E4193C923DA012941FDF8BA7C1-17,1762587838,FCRequestMetrics:/n-matmul-512,80,80,,,0.03,n-matmul-512,true,1ea218c34989,,c-690ef48f-0cf1abd9-4c65696b73c9,1762587836834,Sync,2366.56,1762587835799,21.0.3.11,false,512,4.04,InvokeFunction,,,LATEST,1-690ef4bb-0c49fa-9c488b27d6ef,OnDemand,,,1035.03,,"{""errorType"":""FunctionAbnormalExitError""}"
,C1D7342C162E0433E3DCC69A36E49279-11,1762587838,FCRequestMetrics:/n-matmul-512,80,80,,,0.03,n-matmul-512,true,c1850f6d6120,,c-690ef49e-0cf1abd9-bea541164f91,1762587836620,Sync,2703.04,1762587835670,21.0.3.11,false,512,4.06,InvokeFunction,,,LATEST,1-690ef4bb-0c49fa-bafb23f11c71,OnDemand,,,949.47,,"{""errorType"":""FunctionAbnormalExitError""}"
,5D2FE67C0EB5779BF4214AF0D6312E51-10,1762587838,FCRequestMetrics:/n-matmul-512,80,80,,,0.03,n-matmul-512,true,19252a223023,,c-690ef49c-0cf1abd9-daf5d7835f02,1762587837204,Sync,2808.43,1762587835871,21.0.3.10,false,512,4.17,InvokeFunction,,,LATEST,1-690ef4bb-0c49fa-b88ebd7ab370,OnDemand,,,1332.29,,"{""errorType"":""FunctionAbnormalExitError""}"
,023E1362E98622AC0BA42C246E757652-6,1762587838,FCRequestMetrics:/n-matmul-512,80,80,,,2999.77,n-matmul-512,false,c2dc25ac0291,,c-690ef4b3-0cf1abd9-482c4f6b212d,1762587835251,Sync,3771.50,1762587834480,21.0.3.9,false,512,34.16,InvokeFunction,,,LATEST,1-690ef4bb-0c0a43-61e790cbdfc1,OnDemand,,,770.73,
,D09BCBD485576D911D13CE495A97C108-6,1762587838,FCRequestMetrics:/n-matmul-512,80,80,,,2979.93,n-matmul-512,false,67959926d07f,,c-690ef4b3-0cf1abd9-62c5a8cabd6b,1762587835061,Sync,3877.49,1762587834164,21.0.3.10,false,512,36.11,InvokeFunction,,,LATEST,1-690ef4bb-0c49fa-6c076440db9d,OnDemand,,,896.07,
,715E1B0E1B21EEA77E59E1CCA6C827A1-6,1762587838,FCRequestMetrics:/n-matmul-512,80,80,,,3290.35,n-matmul-512,false,227434a33de2,,c-690ef4b3-0cf1abd9-7a1935f5d276,1762587835449,Sync,4023.12,1762587834717,21.0.3.11,false,512,39.05,InvokeFunction,,,LATEST,1-690ef4bb-0c49fa-da14b227b9fe,OnDemand,,,731.78,
,0AE60AD6E226644C212775A9AD9DBC3A-6,1762587838,FCRequestMetrics:/n-matmul-512,80,80,,,3167.45,n-matmul-512,false,e5c3b3dfa4c1,,c-690ef4b3-0cf1abd9-04675e7328d5,1762587835229,Sync,4014.65,1762587834383,21.0.3.10,false,512,36.45,InvokeFunction,,,LATEST,1-690ef4bb-0c0a43-2d52ee1cdd23,OnDemand,,,846.30,
,EAD7BD32D52FA8C0EC561AB86D8BB129-10,1762587838,FCRequestMetrics:/n-matmul-512,80,80,,,0.03,n-matmul-512,true,9697e733b066,,c-690ef49e-0cf1abd9-b7f83cb23224,1762587837299,Sync,3048.97,1762587835900,21.0.3.10,false,512,2.08,InvokeFunction,,,LATEST,1-690ef4bb-0c0a43-e7f342454c1a,OnDemand,,,1399.44,,"{""errorType"":""FunctionAbnormalExitError""}"
,7FDD645C18A05AFCA1EE540844E336B4-17,1762587838,FCRequestMetrics:/n-matmul-512,80,80,,,0.04,n-matmul-512,true,005047e6f771,,c-690ef48f-0cf1abd9-a4e85c44b759,1762587837119,Sync,3025.25,1762587835830,21.0.3.12,false,512,2.18,InvokeFunction,,,LATEST,1-690ef4bb-0c0a43-ced1f14e070f,OnDemand,,,1288.57,,"{""errorType"":""FunctionAbnormalExitError""}"
,49B64A5B3FBA9FC6678BE15B3FA1CAE0-6,1762587838,FCRequestMetrics:/n-matmul-512,80,80,,,3140.10,n-matmul-512,false,b69b715c17a5,,c-690ef4b3-0cf1abd9-2077a8676f3b,1762587835415,Sync,4299.27,1762587834256,21.0.3.11,false,512,38.63,InvokeFunction,,,LATEST,1-690ef4bb-0c0a43-14b8c4381dad,OnDemand,,,1158.11,
,3D3F830804794EE934A3F39C618D6DA7-6,1762587838,FCRequestMetrics:/n-matmul-512,80,80,,,3078.21,n-matmul-512,false,a5074fb07ccb,,c-690ef4b3-0cf1abd9-4204fc55cfbc,1762587835602,Sync,4405.53,1762587834276,21.0.3.12,false,512,36.42,InvokeFunction,,,LATEST,1-690ef4bb-0c0a43-f539b52f8595,OnDemand,,,1326.20,
,ED99555BBD66FF347A8C8145C62ABE99-10,1762587839,FCRequestMetrics:/n-matmul-512,80,80,,,3823.26,n-matmul-512,false,4bed96722f41,,c-690ef49c-0cf1abd9-8088ae7c339c,1762587835400,Sync,5474.89,1762587833749,21.0.3.8,false,512,28.67,InvokeFunction,,,LATEST,1-690ef4b9-0c49fa-cf79407572f5,OnDemand,,,1650.72,
,1F1FFC412871BA58DE9DD242432C9C35-16,1762587839,FCRequestMetrics:/n-matmul-512,80,80,,,2976.08,n-matmul-512,false,a2dfb552053b,,c-690ef492-0cf1abd9-8c97f365993b,1762587836915,Sync,4072.50,1762587835819,21.0.3.8,false,512,39.52,InvokeFunction,,,LATEST,1-690ef4bb-0c0a43-7b4b4ad26253,OnDemand,,,1095.29,
,78CD85FE04C684FD432ABFF362CBF50C-17,1762587839,FCRequestMetrics:/n-matmul-512,80,80,,,3468.37,n-matmul-512,false,6999fff919fb,,c-690ef48f-0cf1abd9-6c6d9044c534,1762587836454,Sync,4244.46,1762587835679,21.0.3.9,false,512,26.95,InvokeFunction,,,LATEST,1-690ef4bb-0c0a43-629187f02bca,OnDemand,,,774.76,
,86D3C1657BB7CB6F9D6C1B5957027679-6,1762587839,FCRequestMetrics:/n-matmul-512,80,80,,,3309.52,n-matmul-512,false,41e163ab7845,,c-690ef4b1-0cf1abd9-383b8cf3b88f,1762587836325,Sync,4951.63,1762587834691,21.0.3.10,false,512,39.75,InvokeFunction,,,LATEST,1-690ef4bc-0c0a43-6ef02a99a8d2,OnDemand,,,1633.65,
,D383B16911701B57D8112BE288DB8A26-6,1762587839,FCRequestMetrics:/n-matmul-512,80,80,,,3271.34,n-matmul-512,false,bb19602af764,,c-690ef4b1-0cf1abd9-7e88298a556b,1762587836217,Sync,4873.79,1762587834616,21.0.3.10,false,512,40.25,InvokeFunction,,,LATEST,1-690ef4bc-0c49fa-9a0e4d721973,OnDemand,,,1601.54,
,86C97E3549B8E428464CF6B56B68BFDC-6,1762587839,FCRequestMetrics:/n-matmul-512,80,80,,,3184.74,n-matmul-512,false,5a3240bb4b57,,c-690ef4b1-0cf1abd9-ef240bcd1d76,1762587836329,Sync,4589.04,1762587834925,21.0.3.12,false,512,40.00,InvokeFunction,,,LATEST,1-690ef4bc-0c0a43-2e4a3309f557,OnDemand,,,1403.52,
,19D19504A7F011D98456D47931F40832-6,1762587839,FCRequestMetrics:/n-matmul-512,80,80,,,3127.34,n-matmul-512,false,d76a12fc0134,,c-690ef4b1-0cf1abd9-3da89f7b182b,1762587836432,Sync,4573.96,1762587834987,21.0.3.11,false,512,39.76,InvokeFunction,,,LATEST,1-690ef4bc-0c49fa-8a423dd7a709,OnDemand,,,1444.95,
,386DA6364528A35F673B30D821826132-6,1762587839,FCRequestMetrics:/n-matmul-512,80,80,,,3385.40,n-matmul-512,false,2f0b32a49385,,c-690ef4b1-0cf1abd9-06c370eb6fc5,1762587836467,Sync,4886.82,1762587834967,21.0.3.12,false,512,37.71,InvokeFunction,,,LATEST,1-690ef4bc-0c0a43-9bcc3f306199,OnDemand,,,1500.07,
,5F40BF3643AE590E1A0AFBFC2BB1CC92-6,1762587839,FCRequestMetrics:/n-matmul-512,80,80,,,3512.22,n-matmul-512,false,918ade19bbee,,c-690ef4b1-0cf1abd9-3df7810e23e4,1762587836407,Sync,5058.45,1762587834867,21.0.3.11,false,512,37.81,InvokeFunction,,,LATEST,1-690ef4bc-0c49fa-f17471e5219c,OnDemand,,,1539.70,
,8A4C9F8EC0081A54D335C35B65D1357D-D,1762587839,FCRequestMetrics:/n-matmul-512,80,80,,,3564.48,n-matmul-512,false,1c5ca9e1c7f9,,c-690ef4a4-0cf1abd9-274debaa5e8f,1762587835806,Sync,4363.54,1762587835008,21.0.3.9,false,512,36.14,InvokeFunction,,,LATEST,1-690ef4bb-0c49fa-35b7f7181bf9,OnDemand,,,797.89,
,B50B6C7E4A9EFD8ADCDAE8E71A8A357B-19,1762587839,FCRequestMetrics:/n-matmul-512,80,80,,,3017.11,n-matmul-512,false,0c3cf93849f8,,c-690ef48f-0cf1abd9-ad135b628654,1762587836620,Sync,3927.89,1762587835710,21.0.3.8,false,512,36.19,InvokeFunction,,,LATEST,1-690ef4bb-0c0a43-6cbc559ce8cb,OnDemand,,,909.64,
,B1B3EF35016788C3424F79DCBD83BB05-18,1762587839,FCRequestMetrics:/n-matmul-512,80,80,,,2938.90,n-matmul-512,false,8e7a4967c312,,c-690ef48f-0cf1abd9-e1933dd451ba,1762587836404,Sync,3667.59,1762587835676,21.0.3.10,false,512,34.23,InvokeFunction,,,LATEST,1-690ef4bb-0c0a43-9b0c936eafbb,OnDemand,,,727.45,
,F031090DB7497FBE9C5AA393E7E68561-19,1762587839,FCRequestMetrics:/n-matmul-512,80,80,,,2945.76,n-matmul-512,false,ac449c8e7f33,,c-690ef48f-0cf1abd9-a7a4b84ee62d,1762587836818,Sync,4007.37,1762587835759,21.0.3.9,false,512,36.27,InvokeFunction,,,LATEST,1-690ef4bb-0c0a43-5ce5e9e436ac,OnDemand,,,1059.34,
,3801AF28D1F06D15DE702CA3D1A78840-19,1762587839,FCRequestMetrics:/n-matmul-512,80,80,,,2925.11,n-matmul-512,false,85f7f63caa28,,c-690ef48f-0cf1abd9-8d9a75cfa22a,1762587836754,Sync,3940.76,1762587835740,21.0.3.8,false,512,36.58,InvokeFunction,,,LATEST,1-690ef4bb-0c49fa-9158c9af07e9,OnDemand,,,1014.05,
,7C823A060900EA64C601C711AE9A8E7B-16,1762587839,FCRequestMetrics:/n-matmul-512,80,80,,,3283.94,n-matmul-512,false,a9c1f9cad0fa,,c-690ef492-0cf1abd9-41b4dd0accbf,1762587836295,Sync,4119.89,1762587835460,21.0.3.10,false,512,36.58,InvokeFunction,,,LATEST,1-690ef4bb-0c0a43-7e86c4002a7e,OnDemand,,,834.65,
,4D57B9EBA87590C7398CF6540746C6BE-19,1762587839,FCRequestMetrics:/n-matmul-512,80,80,,,3028.50,n-matmul-512,false,cf9fc6279e9f,,c-690ef490-0cf1abd9-f9b75dacbfca,1762587836776,Sync,4056.34,1762587835749,21.0.3.10,false,512,34.25,InvokeFunction,,,LATEST,1-690ef4bb-0c49fa-6b0d476079c5,OnDemand,,,1026.43,
,D57BF307AB3C1DBB07F853EA29DFAA8E-19,1762587839,FCRequestMetrics:/n-matmul-512,80,80,,,2901.03,n-matmul-512,false,4a02a8b2ccf7,,c-690ef48f-0cf1abd9-3378a67d936f,1762587837062,Sync,4140.25,1762587835823,21.0.3.10,false,512,34.45,InvokeFunction,,,LATEST,1-690ef4bb-0c49fa-c8df245f9638,OnDemand,,,1238.35,
,EC65B6B96723558D074A84C970ABFB6D-6,1762587839,FCRequestMetrics:/n-matmul-512,80,80,,,3453.06,n-matmul-512,false,dc0d493de807,,c-690ef4b3-0cf1abd9-88427ba7f908,1762587835966,Sync,4555.85,1762587834864,21.0.3.12,false,512,36.51,InvokeFunction,,,LATEST,1-690ef4bb-0c0a43-20c3f26606ce,OnDemand,,,1101.78,
,F07C00865CBCDDD3603F2861EC1005E7-17,1762587839,FCRequestMetrics:/n-matmul-512,80,80,,,0.03,n-matmul-512,true,23ed8e688827,,c-690ef48f-0cf1abd9-c9d277f8db04,1762587837161,Sync,3161.11,1762587835840,21.0.3.10,false,512,2.06,InvokeFunction,,,LATEST,1-690ef4bb-0c0a43-f8197065f741,OnDemand,,,1321.01,,"{""errorType"":""FunctionAbnormalExitError""}"
,6448458DC5EEDA4B01194355EB33D0AF-16,1762587839,FCRequestMetrics:/n-matmul-512,80,80,,,3018.15,n-matmul-512,false,e9af6d91c5a8,,c-690ef492-0cf1abd9-8e96e2aae5ad,1762587836614,Sync,3925.73,1762587835707,21.0.3.11,false,512,38.47,InvokeFunction,,,LATEST,1-690ef4bb-0c0a43-f58883beba28,OnDemand,,,906.42,
,3D753EA828DEDBBB0DF10FE8437E0EE2-F,1762587839,FCRequestMetrics:/n-matmul-512,80,80,,,0.04,n-matmul-512,true,13a75e602ffd,,c-690ef49e-0cf1abd9-124626cd631e,1762587837395,Sync,3111.38,1762587835908,21.0.3.12,false,512,2.06,InvokeFunction,,,LATEST,1-690ef4bb-0c49fa-df819ad767f0,OnDemand,,,1486.38,,"{""errorType"":""FunctionAbnormalExitError""}"
,537821DDAFE9614566F0064DDB274514-10,1762587839,FCRequestMetrics:/n-matmul-512,80,80,,,0.03,n-matmul-512,true,e7a61b8cb4fe,,c-690ef4a1-0cf1abd9-564b243bc6a8,1762587838088,Sync,2572.01,1762587836657,21.0.3.8,false,512,2.20,InvokeFunction,,,LATEST,1-690ef4bc-0c0a43-be57a3da5fc0,OnDemand,,,1430.82,,"{""errorType"":""FunctionAbnormalExitError""}"
,B6CBE8EBA74250AA907E560C90566BB4-12,1762587839,FCRequestMetrics:/n-matmul-512,80,80,,,0.03,n-matmul-512,true,ab282a8889ea,,c-690ef49c-0cf1abd9-bbfeef60bc24,1762587837632,Sync,3329.74,1762587835986,21.0.3.11,false,512,2.09,InvokeFunction,,,LATEST,1-690ef4bb-0c0a43-c0ef63421c2d,OnDemand,,,1641.60,,"{""errorType"":""FunctionAbnormalExitError""}"
,414BD1893AE2054C5F533C4E4BFB2474-12,1762587839,FCRequestMetrics:/n-matmul-512,80,80,,,0.03,n-matmul-512,true,e09eb6f846c4,,c-690ef49c-0cf1abd9-96967c00da02,1762587838005,Sync,2853.00,1762587836423,21.0.3.9,false,512,2.17,InvokeFunction,,,LATEST,1-690ef4bc-0c49fa-d32a22506159,OnDemand,,,1581.75,,"{""errorType"":""FunctionAbnormalExitError""}"
,E28B31C1AD09CA2631349F2F5CD41FEA-7,1762587839,FCRequestMetrics:/n-matmul-512,80,80,,,2893.36,n-matmul-512,false,378303f5ffb1,,c-690ef4b4-0cf1abd9-4d6de11efb71,1762587836591,Sync,4591.40,1762587834895,21.0.3.9,false,512,45.15,InvokeFunction,,,LATEST,1-690ef4bb-0c49fa-e22fc66291aa,OnDemand,,,1696.32,
,27BDDCAD80E91AC92FDFCC1C9A1A4216-5,1762587839,FCRequestMetrics:/n-matmul-512,80,80,,,3350.51,n-matmul-512,false,2ff8f58d97fc,,c-690ef4b4-0cf1abd9-3de0c61b5b68,1762587836427,Sync,4926.00,1762587834853,21.0.3.10,false,512,36.04,InvokeFunction,,,LATEST,1-690ef4bb-0c0a43-170f157e3f92,OnDemand,,,1574.42,
,9E860D881BD9449D0F2C4975F44F7ABC-9,1762587839,FCRequestMetrics:/n-matmul-512,88,88,,,0.03,n-matmul-512,true,dc22095edf84,,c-690ef4b1-0cf1abd9-834eca231e91,1762587838097,Sync,2582.14,1762587836849,21.0.3.9,false,512,10.63,InvokeFunction,,,LATEST,1-690ef4be-0c49fa-0a90da1121fa,OnDemand,,,1247.80,,"{""errorType"":""FunctionAbnormalExitError""}"
,9095B2C1B61D208836CC9B1C85A0D40A-9,1762587839,FCRequestMetrics:/n-matmul-512,90,90,,,0.04,n-matmul-512,true,ca295ccdb9ef,,c-690ef4b1-0cf1abd9-20d8276cdfb4,1762587838660,Sync,2653.98,1762587837245,21.0.3.8,false,512,51.98,InvokeFunction,,,LATEST,1-690ef4be-0c49fa-85de55e09b3e,OnDemand,,,1414.14,,"{""errorType"":""FunctionAbnormalExitError""}"
,D47609DF0A0B8379D6163E9247FE0B62-9,1762587839,FCRequestMetrics:/n-matmul-512,90,90,,,0.03,n-matmul-512,true,94f30db206a9,,c-690ef4b1-0cf1abd9-5ce21036fb60,1762587838632,Sync,2632.38,1762587837262,21.0.3.9,false,512,19.47,InvokeFunction,,,LATEST,1-690ef4be-0c0a43-df5626f4d754,OnDemand,,,1370.43,,"{""errorType"":""FunctionAbnormalExitError""}"
,3638871BA5BA6CB81D64084B08F55201-18,1762587840,FCRequestMetrics:/n-matmul-512,80,80,,,2943.22,n-matmul-512,false,d9ddc014a95e,,c-690ef48f-0cf1abd9-ec0c220edbce,1762587837553,Sync,4528.54,1762587835969,21.0.3.8,false,512,36.40,InvokeFunction,,,LATEST,1-690ef4bb-0c49fa-296571cae95f,OnDemand,,,1584.40,
,646B33D459BD0A9244D32F781DAF3418-D,1762587840,FCRequestMetrics:/n-matmul-512,80,80,,,3080.14,n-matmul-512,false,5d92a283eb8a,,c-690ef4a1-0cf1abd9-de1abe369d37,1762587837227,Sync,4391.90,1762587835916,21.0.3.10,false,512,39.84,InvokeFunction,,,LATEST,1-690ef4bb-0c49fa-00efd653b2d7,OnDemand,,,1310.76,
,13AC9179567B6A88BE4E678F8CBCF027-D,1762587840,FCRequestMetrics:/n-matmul-512,80,80,,,3284.69,n-matmul-512,false,c1270f7ffdb8,,c-690ef4a1-0cf1abd9-661404bfd8df,1762587837226,Sync,4599.84,1762587835912,21.0.3.12,false,512,38.18,InvokeFunction,,,LATEST,1-690ef4bb-0c49fa-969b9814c536,OnDemand,,,1313.29,
,90D8D68606671C7D3CC9428DB5D1A5ED-D,1762587840,FCRequestMetrics:/n-matmul-512,80,80,,,3393.85,n-matmul-512,false,43290576c1e6,,c-690ef4a1-0cf1abd9-784f475cf818,1762587837425,Sync,4879.90,1762587835940,21.0.3.11,false,512,39.79,InvokeFunction,,,LATEST,1-690ef4bb-0c0a43-a35464a6b9b7,OnDemand,,,1484.39,
,FD6981321571EC68F9E27CDAD26BAC19-10,1762587840,FCRequestMetrics:/n-matmul-512,80,80,,,3292.23,n-matmul-512,false,b2349f9a27e7,,c-690ef49c-0cf1abd9-a2407a052b71,1762587836893,Sync,4381.52,1762587835805,21.0.3.12,false,512,26.70,InvokeFunction,,,LATEST,1-690ef4bb-0c49fa-58a82b74ea6b,OnDemand,,,1087.86,
,F633B574683DE8AA2BF0D3EEBDF4C796-6,1762587840,FCRequestMetrics:/n-matmul-512,80,80,,,3136.49,n-matmul-512,false,2aab02d9eb5a,,c-690ef4b2-0cf1abd9-a85fa9ced593,1762587837227,Sync,5265.27,1762587835102,21.0.3.8,false,512,97.22,InvokeFunction,,,LATEST,1-690ef4bc-0c49fa-7f15f6a9b31e,OnDemand,,,2124.18,
,E438D6118493E314AD4DA785D820E022-6,1762587840,FCRequestMetrics:/n-matmul-512,82,82,,,3220.28,n-matmul-512,false,b191993e8dc4,,c-690ef4b3-0cf1abd9-0d3f75ed2006,1762587837619,Sync,3902.41,1762587836938,21.0.3.8,false,512,94.12,InvokeFunction,,,LATEST,1-690ef4bd-0c0a43-98ddc638a5d7,OnDemand,,,680.96,
,52D7D507918D931708B22C4CE8E63CCC-6,1762587840,FCRequestMetrics:/n-matmul-512,80,80,,,3256.59,n-matmul-512,false,7e3f21c3452b,,c-690ef4b2-0cf1abd9-448ba4a6e619,1762587837388,Sync,4773.76,1762587835875,21.0.3.9,false,512,41.72,InvokeFunction,,,LATEST,1-690ef4bc-0c49fa-9c7c37a514b1,OnDemand,,,1513.49,
,FFBE1F54232C7105BB9D9D9815146807-6,1762587840,FCRequestMetrics:/n-matmul-512,82,82,,,3063.15,n-matmul-512,false,4210c93d9e28,,c-690ef4b2-0cf1abd9-734e58adbe38,1762587837828,Sync,3895.36,1762587836997,21.0.3.10,false,512,38.00,InvokeFunction,,,LATEST,1-690ef4be-0c0a43-f04cc37a81c6,OnDemand,,,831.30,
,E4C186C27FC2E01612D2685505BDC1C8-6,1762587840,FCRequestMetrics:/n-matmul-512,82,82,,,3158.04,n-matmul-512,false,2f46f223d44b,,c-690ef4b3-0cf1abd9-b7dfa30d9e6b,1762587837132,Sync,3873.68,1762587836417,21.0.3.8,false,512,97.97,InvokeFunction,,,LATEST,1-690ef4bd-0c0a43-257d53fbd1ce,OnDemand,,,714.58,
,60315181B24B66886819325A3EA49E6F-12,1762587840,FCRequestMetrics:/n-matmul-512,80,80,,,3086.70,n-matmul-512,false,0d1aec41c426,,c-690ef49e-0cf1abd9-079fb8593d22,1762587837722,Sync,4699.45,1762587836112,21.0.3.9,false,512,27.21,InvokeFunction,,,LATEST,1-690ef4bc-0c49fa-b7a83394b86c,OnDemand,,,1610.39,
,A07FED3AC0D9C87237C2A7F7FEAC1FF2-1,1762587840,FCRequestMetrics:/n-matmul-512,80,80,,,3212.27,n-matmul-512,false,5059a3c012ce,,c-690ef4bc-0cf1abd9-aaba1ef8e3d8,1762587836954,Sync,3518.41,1762587836649,21.0.3.8,false,512,85.06,InvokeFunction,,,LATEST,1-690ef4be-0c0a43-42d7da735c11,OnDemand,,,304.40,
,47EEBB4524D816241D6164558AEC1FDB-2,1762587840,FCRequestMetrics:/n-matmul-512,80,80,,,3323.48,n-matmul-512,false,cf2f5a306fef,,c-690ef4bc-0cf1abd9-4bc9539c85b8,1762587836995,Sync,3333.75,1762587836986,21.0.3.9,false,512,29.24,InvokeFunction,,,LATEST,1-690ef4be-0c49fa-149060315963,OnDemand,,,8.72,
,BD9BE3600CF3EADC822FC16C6CE56C55-2,1762587840,FCRequestMetrics:/n-matmul-512,82,82,,,3502.86,n-matmul-512,false,a90b8e21cc4e,,c-690ef4bd-0cf1abd9-4533cb176176,1762587837467,Sync,4006.54,1762587836966,21.0.3.10,false,512,27.15,InvokeFunction,,,LATEST,1-690ef4be-0c49fa-439706367467,OnDemand,,,500.46,
,CF8B8E5EDA76CE1E15E6DE137B05F0FC-0,1762587840,FCRequestMetrics:/n-matmul-512,85,85,,,3232.84,n-matmul-512,false,09ed6314a647,,c-690ef4bd-0cf1abd9-4b304ea77a49,1762587837725,Sync,3592.80,1762587837366,21.0.3.12,false,512,27.25,InvokeFunction,,,LATEST,1-690ef4be-0c49fa-8bac6641fb2a,OnDemand,,,358.79,
,270B9EACE82C5E95387DFC3023475A37-F,1762587840,FCRequestMetrics:/n-matmul-512,80,80,,,3601.55,n-matmul-512,false,fe7ebaee4797,,c-690ef4a4-0cf1abd9-3aa2f2400266,1762587837077,Sync,5144.89,1762587835534,21.0.3.8,false,512,38.40,InvokeFunction,,,LATEST,1-690ef4bb-0c0a43-6e9655e3fdcf,OnDemand,,,1542.43,
,A6333F63464BC687DF1965DBFE05F1DB-18,1762587840,FCRequestMetrics:/n-matmul-512,80,80,,,2823.59,n-matmul-512,false,3e88eb377bf5,,c-690ef490-0cf1abd9-507f1daf6985,1762587837495,Sync,4377.61,1762587835942,21.0.3.11,false,512,34.08,InvokeFunction,,,LATEST,1-690ef4bb-0c49fa-5ca1593a05ca,OnDemand,,,1553.22,
,22262E23B35913584F104007F60CDE44-19,1762587840,FCRequestMetrics:/n-matmul-512,80,80,,,2918.29,n-matmul-512,false,5c984f724ebf,,c-690ef48f-0cf1abd9-4d671f684c9c,1762587837415,Sync,4394.57,1762587835939,21.0.3.9,false,512,34.52,InvokeFunction,,,LATEST,1-690ef4bb-0c49fa-1ec083d07a84,OnDemand,,,1475.47,
,A58D23371A460570694E59E83C205D35-19,1762587840,FCRequestMetrics:/n-matmul-512,80,80,,,3112.37,n-matmul-512,false,f5099c18cdf1,,c-690ef48f-0cf1abd9-aa29b9d0aa99,1762587837841,Sync,4747.23,1762587836208,21.0.3.11,false,512,36.49,InvokeFunction,,,LATEST,1-690ef4bc-0c0a43-283d521785e7,OnDemand,,,1633.28,
,A89833F386C2C0AAB19D937BC0A8D2F3-5,1762587840,FCRequestMetrics:/n-matmul-512,80,80,,,3976.95,n-matmul-512,false,ea0bccbe44d2,,c-690ef4b4-0cf1abd9-c9ccab6a1a6a,1762587836108,Sync,5290.34,1762587834795,21.0.3.8,false,512,89.61,InvokeFunction,,,LATEST,1-690ef4bb-0c49fa-0d781e329047,OnDemand,,,1312.25,
,32144092075796B61E66CC5CB449FE74-19,1762587840,FCRequestMetrics:/n-matmul-512,80,80,,,2837.32,n-matmul-512,false,4e09d5ee1757,,c-690ef48f-0cf1abd9-c9b2724f454d,1762587837702,Sync,4434.89,1762587836105,21.0.3.11,false,512,34.42,InvokeFunction,,,LATEST,1-690ef4bc-0c49fa-cd1a7cdef558,OnDemand,,,1596.77,
,7F41C0AC9649E78CE4E6389BA04F93F7-19,1762587840,FCRequestMetrics:/n-matmul-512,80,80,,,2783.97,n-matmul-512,false,2f9a827ac39a,,c-690ef48f-0cf1abd9-d481ef5b70cb,1762587838054,Sync,4190.00,1762587836650,21.0.3.12,false,512,36.32,InvokeFunction,,,LATEST,1-690ef4bc-0c49fa-a80395db3a4e,OnDemand,,,1403.59,
,7780C0688E26C68EB0D69712BCDE475F-19,1762587840,FCRequestMetrics:/n-matmul-512,80,80,,,2978.69,n-matmul-512,false,333740b1eaee,,c-690ef490-0cf1abd9-b30a2e13f5eb,1762587837932,Sync,4533.99,1762587836379,21.0.3.12,false,512,34.46,InvokeFunction,,,LATEST,1-690ef4bc-0c49fa-a346e778dcc7,OnDemand,,,1552.34,
,604D7A139A336D459A8701B8728ED443-5,1762587840,FCRequestMetrics:/n-matmul-512,80,80,,,3727.76,n-matmul-512,false,3ccc09a5376a,,c-690ef4b4-0cf1abd9-6384931551e4,1762587836810,Sync,5337.03,1762587835202,21.0.3.11,false,512,36.59,InvokeFunction,,,LATEST,1-690ef4bc-0c0a43-2c06243fd015,OnDemand,,,1607.89,
,A61C5B29A1D7F2390D1E51D697C6283B-6,1762587840,FCRequestMetrics:/n-matmul-512,80,80,,,3678.38,n-matmul-512,false,14782dc1bc2e,,c-690ef4b4-0cf1abd9-744e5d667f19,1762587836857,Sync,5217.28,1762587835319,21.0.3.12,false,512,37.81,InvokeFunction,,,LATEST,1-690ef4bc-0c0a43-c1fa93c8ff35,OnDemand,,,1537.90,
,9ADEFA90B0D30226FA9EC5C9D5AE07C5-F,1762587840,FCRequestMetrics:/n-matmul-512,84,84,,,0.03,n-matmul-512,true,720d5821fc65,,c-690ef4a1-0cf1abd9-d2a0858351d9,1762587838955,Sync,2006.40,1762587838064,21.0.3.9,false,512,2.08,InvokeFunction,,,LATEST,1-690ef4be-0c0a43-d5a978df93fd,OnDemand,,,891.11,,"{""errorType"":""FunctionAbnormalExitError""}"
,028699F502CA3D7E230041FC52AB4DE5-9,1762587840,FCRequestMetrics:/n-matmul-512,90,90,,,0.03,n-matmul-512,true,c3f0f0de03a0,,c-690ef4b1-0cf1abd9-f906b5304a3d,1762587839001,Sync,2030.93,1762587838510,21.0.3.8,false,512,45.18,InvokeFunction,,,LATEST,1-690ef4c0-0c49fa-7395b88cbaa2,OnDemand,,,490.79,,"{""errorType"":""FunctionAbnormalExitError""}"
,3BDEEDD6F6C1B51E5137A970AE75BAA4-16,1762587841,FCRequestMetrics:/n-matmul-512,80,80,,,3254.18,n-matmul-512,false,3b2b33dbd196,,c-690ef492-0cf1abd9-bbdff8eda83c,1762587838336,Sync,4740.95,1762587836850,21.0.3.9,false,512,41.88,InvokeFunction,,,LATEST,1-690ef4bc-0c49fa-3a5615f80ecb,OnDemand,,,1485.95,
,148C1B09986999E20AA0FF04F10942D0-19,1762587841,FCRequestMetrics:/n-matmul-512,82,82,,,2868.43,n-matmul-512,false,aa1e2085073a,,c-690ef48f-0cf1abd9-2b72cdd5c5c2,1762587838693,Sync,3585.00,1762587837977,21.0.3.10,false,512,38.38,InvokeFunction,,,LATEST,1-690ef4bd-0c49fa-06f2c88c8a0d,OnDemand,,,715.75,
,447511FEAA2C196192B29D0355E78B1D-18,1762587841,FCRequestMetrics:/n-matmul-512,82,82,,,2936.19,n-matmul-512,false,2be5f8bcaa9a,,c-690ef48f-0cf1abd9-405aaa419009,1762587838796,Sync,3741.02,1762587837991,21.0.3.9,false,512,36.72,InvokeFunction,,,LATEST,1-690ef4bd-0c49fa-3a04c14b98d3,OnDemand,,,803.96,
,B23CDAA9EFB02072F2EA6F095891B977-6,1762587841,FCRequestMetrics:/n-matmul-512,82,82,,,3340.70,n-matmul-512,false,01cbc6dce386,,c-690ef4b2-0cf1abd9-ad92bd478abd,1762587837730,Sync,4116.00,1762587836956,21.0.3.11,false,512,43.93,InvokeFunction,,,LATEST,1-690ef4bd-0c49fa-b3a02933409d,OnDemand,,,774.49,
,F898A01EEA6FFC9C575701D6D0948E55-19,1762587841,FCRequestMetrics:/n-matmul-512,84,84,,,2882.77,n-matmul-512,false,7a16d098497d,,c-690ef48f-0cf1abd9-9a6242cc8b28,1762587838998,Sync,3791.83,1762587838089,21.0.3.8,false,512,38.48,InvokeFunction,,,LATEST,1-690ef4be-0c0a43-b3ca8edc29ef,OnDemand,,,908.13,
,5E37C0E4F38EC01A59BF0AC51B37D7D9-6,1762587841,FCRequestMetrics:/n-matmul-512,86,86,,,3028.05,n-matmul-512,false,675e218faad5,,c-690ef4b2-0cf1abd9-5c68fc00ab92,1762587838165,Sync,3974.76,1762587837219,21.0.3.12,false,512,39.89,InvokeFunction,,,LATEST,1-690ef4be-0c49fa-5772c408c51b,OnDemand,,,945.98,
,6CCFB4E4193C923DA012941FDF8BA7C1-17,1762587841,FCRequestMetrics:/n-matmul-512,80,80,,,3432.44,n-matmul-512,false,1ea218c34989,,c-690ef48f-0cf1abd9-4c65696b73c9,1762587838168,Sync,4839.99,1762587836761,21.0.3.11,false,512,29.01,InvokeFunction,,,LATEST,1-690ef4bc-0c49fa-a75e68e6c9af,OnDemand,,,1406.40,
,C1D7342C162E0433E3DCC69A36E49279-11,1762587841,FCRequestMetrics:/n-matmul-512,80,80,,,3130.14,n-matmul-512,false,c1850f6d6120,,c-690ef49e-0cf1abd9-bea541164f91,1762587838379,Sync,4602.11,1762587836909,21.0.3.11,false,512,26.84,InvokeFunction,,,LATEST,1-690ef4bc-0c49fa-f4b592fb5169,OnDemand,,,1468.72,
,395AF19B30E923F04509691974E770B2-6,1762587841,FCRequestMetrics:/n-matmul-512,86,86,,,3394.60,n-matmul-512,false,16c28b2331e7,,c-690ef4b3-0cf1abd9-03841df006e6,1762587837661,Sync,4357.21,1762587836701,21.0.3.9,false,512,37.85,InvokeFunction,,,LATEST,1-690ef4be-0c49fa-0709b314e77c,OnDemand,,,959.98,
,D09BCBD485576D911D13CE495A97C108-6,1762587841,FCRequestMetrics:/n-matmul-512,88,88,,,3275.46,n-matmul-512,false,67959926d07f,,c-690ef4b3-0cf1abd9-62c5a8cabd6b,1762587838044,Sync,4513.56,1762587836807,21.0.3.10,false,512,39.70,InvokeFunction,,,LATEST,1-690ef4be-0c49fa-631b8b0ac416,OnDemand,,,1237.19,
,C2EB2A92BA9B62B2586CA2C02FC71F03-2,1762587841,FCRequestMetrics:/n-matmul-512,84,84,,,3860.19,n-matmul-512,false,d33c82b43d3d,,c-690ef4bd-0cf1abd9-a491e17680d2,1762587837551,Sync,4277.81,1762587837136,21.0.3.8,false,512,84.88,InvokeFunction,,,LATEST,1-690ef4be-0c49fa-77faec4476bb,OnDemand,,,415.49,
,67EF79BC30A82AE98BE59702C8F66831-1,1762587841,FCRequestMetrics:/n-matmul-512,82,82,,,3886.78,n-matmul-512,false,9d91d3cbe239,,c-690ef4bd-0cf1abd9-3b4ee6796d7a,1762587837515,Sync,4373.28,1762587837031,21.0.3.11,false,512,26.90,InvokeFunction,,,LATEST,1-690ef4be-0c0a43-862394fa7d4e,OnDemand,,,483.43,
,49B64A5B3FBA9FC6678BE15B3FA1CAE0-6,1762587841,FCRequestMetrics:/n-matmul-512,90,90,,,3047.40,n-matmul-512,false,b69b715c17a5,,c-690ef4b3-0cf1abd9-2077a8676f3b,1762587838587,Sync,4396.49,1762587837239,21.0.3.11,false,512,41.71,InvokeFunction,,,LATEST,1-690ef4be-0c49fa-643b2639c672,OnDemand,,,1345.99,
,3D3F830804794EE934A3F39C618D6DA7-6,1762587841,FCRequestMetrics:/n-matmul-512,90,90,,,3143.43,n-matmul-512,false,a5074fb07ccb,,c-690ef4b3-0cf1abd9-4204fc55cfbc,1762587838686,Sync,4493.46,1762587837337,21.0.3.12,false,512,39.76,InvokeFunction,,,LATEST,1-690ef4be-0c0a43-5a400399738a,OnDemand,,,1349.02,
,8C91CD9281F35024322C2F606CD0B1FE-0,1762587841,FCRequestMetrics:/n-matmul-512,86,86,,,3629.57,n-matmul-512,false,44c83b518121,,c-690ef4bd-0cf1abd9-e8c2a2bb7f02,1762587837877,Sync,4646.85,1762587836861,21.0.3.11,false,512,26.32,InvokeFunction,,,LATEST,1-690ef4be-0c0a43-b0efe4c7946f,OnDemand,,,1015.55,
,32D30CAFDEB66ED4BA2C61AB57673DE9-1,1762587841,FCRequestMetrics:/n-matmul-512,87,87,,,3948.04,n-matmul-512,false,1e73088b591b,,c-690ef4bd-0cf1abd9-2266afd5303d,1762587837908,Sync,4248.74,1762587837608,21.0.3.9,false,512,29.03,InvokeFunction,,,LATEST,1-690ef4bf-0c0a43-656e107bb185,OnDemand,,,299.97,
,A0E18646E4ED1862BB7852A818D6BD84-19,1762587841,FCRequestMetrics:/n-matmul-512,80,80,,,3253.68,n-matmul-512,false,455c2c4df2d2,,c-690ef48f-0cf1abd9-fff0447ff1dc,1762587838014,Sync,4653.92,1762587836614,21.0.3.8,false,512,34.58,InvokeFunction,,,LATEST,1-690ef4bc-0c0a43-95d0a5109a7d,OnDemand,,,1399.12,
,03A714A9772EC266AA0C3B3C7C5F7666-0,1762587841,FCRequestMetrics:/n-matmul-512,88,88,,,3785.27,n-matmul-512,false,579930c5ac3a,,c-690ef4bd-0cf1abd9-7053d50dd4cd,1762587838186,Sync,5012.98,1762587836959,21.0.3.10,false,512,27.17,InvokeFunction,,,LATEST,1-690ef4be-0c0a43-b203c2b0fc45,OnDemand,,,1226.95,
,5A4B169E4A6A12AF96E6A9F31574ACDB-1,1762587841,FCRequestMetrics:/n-matmul-512,88,88,,,3673.55,n-matmul-512,false,e49c1078154a,,c-690ef4bd-0cf1abd9-52730e96d71d,1762587838159,Sync,4929.69,1762587836904,21.0.3.12,false,512,26.33,InvokeFunction,,,LATEST,1-690ef4be-0c49fa-96731b20f2ff,OnDemand,,,1254.61,
,6C268265BE6071088D6F784688423FBC-10,1762587841,FCRequestMetrics:/n-matmul-512,82,82,,,3635.52,n-matmul-512,false,f3794d0f4bed,,c-690ef4a4-0cf1abd9-3f60d30fa7e2,1762587838355,Sync,4339.61,1762587837652,21.0.3.11,false,512,36.38,InvokeFunction,,,LATEST,1-690ef4bd-0c0a43-d741879b9358,OnDemand,,,702.90,
,9DDF92507C03E777F745C0AA5C83C458-12,1762587841,FCRequestMetrics:/n-matmul-512,82,82,,,2733.51,n-matmul-512,false,ab20715057dd,,c-690ef49e-0cf1abd9-a4d3e4836d71,1762587838647,Sync,3439.70,1762587837942,21.0.3.8,false,512,34.40,InvokeFunction,,,LATEST,1-690ef4bd-0c49fa-e271c3267927,OnDemand,,,704.73,
,1C05D5B02F01F46143D999E67440A343-1B,1762587841,FCRequestMetrics:/n-matmul-512,80,80,,,3163.96,n-matmul-512,false,ded09bee0b2d,,c-690ef48f-0cf1abd9-2bb86706a2c4,1762587838218,Sync,5235.37,1762587836148,21.0.3.9,false,512,36.50,InvokeFunction,,,LATEST,1-690ef4bc-0c0a43-47d287f8eab0,OnDemand,,,2070.68,
,805D0B9C50B0CFD3CF77F88B01A3CC36-19,1762587841,FCRequestMetrics:/n-matmul-512,82,82,,,3092.09,n-matmul-512,false,4277c8c89afa,,c-690ef490-0cf1abd9-df579b907295,1762587838622,Sync,3815.68,1762587837901,21.0.3.12,false,512,34.33,InvokeFunction,,,LATEST,1-690ef4bd-0c0a43-5c7a12f9d434,OnDemand,,,720.98,
,CA067C7B13641001A367D67FE1936091-19,1762587841,FCRequestMetrics:/n-matmul-512,82,82,,,2930.01,n-matmul-512,false,5046f6076057,,c-690ef490-0cf1abd9-851ce87263d1,1762587838506,Sync,4508.58,1762587836928,21.0.3.11,false,512,34.66,InvokeFunction,,,LATEST,1-690ef4bc-0c49fa-f60ecf7d26f1,OnDemand,,,1577.56,
,F91A17FDEE204113BD7FCEE97E77B19D-19,1762587841,FCRequestMetrics:/n-matmul-512,84,84,,,3010.94,n-matmul-512,false,b4a55f945517,,c-690ef48f-0cf1abd9-f3db6505083a,1762587838964,Sync,3892.70,1762587838082,21.0.3.12,false,512,36.23,InvokeFunction,,,LATEST,1-690ef4be-0c0a43-629525895d24,OnDemand,,,880.94,
,1F1FFC412871BA58DE9DD242432C9C35-19,1762587841,FCRequestMetrics:/n-matmul-512,90,90,,,0.03,n-matmul-512,true,a2dfb552053b,,c-690ef492-0cf1abd9-8c97f365993b,1762587839896,Sync,2417.67,1762587838660,21.0.3.8,false,512,2.07,InvokeFunction,,,LATEST,1-690ef4be-0c49fa-16a7222911d2,OnDemand,,,1235.29,,"{""errorType"":""FunctionAbnormalExitError""}"
,646B33D459BD0A9244D32F781DAF3418-10,1762587841,FCRequestMetrics:/n-matmul-512,90,90,,,0.03,n-matmul-512,true,5d92a283eb8a,,c-690ef4a1-0cf1abd9-de1abe369d37,1762587840313,Sync,2921.13,1762587838958,21.0.3.10,false,512,2.03,InvokeFunction,,,LATEST,1-690ef4be-0c0a43-b30901b8e3c2,OnDemand,,,1354.02,,"{""errorType"":""FunctionAbnormalExitError""}"
,86D3C1657BB7CB6F9D6C1B5957027679-9,1762587841,FCRequestMetrics:/n-matmul-512,90,90,,,0.03,n-matmul-512,true,41e163ab7845,,c-690ef4b1-0cf1abd9-383b8cf3b88f,1762587839646,Sync,2366.47,1762587839174,21.0.3.10,false,512,4.20,InvokeFunction,,,LATEST,1-690ef4c0-0c49fa-0032cb409179,OnDemand,,,470.78,,"{""errorType"":""FunctionAbnormalExitError""}"
,F633B574683DE8AA2BF0D3EEBDF4C796-9,1762587841,FCRequestMetrics:/n-matmul-512,90,90,,,0.04,n-matmul-512,true,2aab02d9eb5a,,c-690ef4b2-0cf1abd9-a85fa9ced593,1762587840371,Sync,1801.43,1762587840057,21.0.3.8,false,512,58.54,InvokeFunction,,,LATEST,1-690ef4c0-0c0a43-2a553c6baede,OnDemand,,,313.93,,"{""errorType"":""FunctionAbnormalExitError""}"
,E4C186C27FC2E01612D2685505BDC1C8-9,1762587841,FCRequestMetrics:/n-matmul-512,90,90,,,0.03,n-matmul-512,true,2f46f223d44b,,c-690ef4b3-0cf1abd9-b7dfa30d9e6b,1762587840294,Sync,1489.69,1762587840076,21.0.3.8,false,512,58.42,InvokeFunction,,,LATEST,1-690ef4c1-0c49fa-a85c635f7703,OnDemand,,,218.29,,"{""errorType"":""FunctionAbnormalExitError""}"
,D383B16911701B57D8112BE288DB8A26-9,1762587841,FCRequestMetrics:/n-matmul-512,90,90,,,0.03,n-matmul-512,true,bb19602af764,,c-690ef4b1-0cf1abd9-7e88298a556b,1762587839502,Sync,2757.63,1762587839084,21.0.3.10,false,512,4.23,InvokeFunction,,,LATEST,1-690ef4c0-0c0a43-3680589a4165,OnDemand,,,417.93,,"{""errorType"":""FunctionAbnormalExitError""}"
,BD1D69C9267D95E53B2A79C6CB35D41D-15,1762587842,FCRequestMetrics:/n-matmul-512,82,82,,,3434.19,n-matmul-512,false,987841b3d4f5,,c-690ef492-0cf1abd9-b72bb88bbd36,1762587838920,Sync,4316.28,1762587838041,21.0.3.12,false,512,40.03,InvokeFunction,,,LATEST,1-690ef4be-0c49fa-194a56a62356,OnDemand,,,879.03,
,B1B3EF35016788C3424F79DCBD83BB05-18,1762587842,FCRequestMetrics:/n-matmul-512,87,87,,,2992.67,n-matmul-512,false,8e7a4967c312,,c-690ef48f-0cf1abd9-e1933dd451ba,1762587839347,Sync,4042.55,1762587838298,21.0.3.10,false,512,36.15,InvokeFunction,,,LATEST,1-690ef4be-0c49fa-06269e22f9f2,OnDemand,,,1048.63,
,F031090DB7497FBE9C5AA393E7E68561-19,1762587842,FCRequestMetrics:/n-matmul-512,90,90,,,2857.26,n-matmul-512,false,ac449c8e7f33,,c-690ef48f-0cf1abd9-a7a4b84ee62d,1762587839769,Sync,4102.81,1762587838526,21.0.3.9,false,512,37.95,InvokeFunction,,,LATEST,1-690ef4be-0c0a43-849364744673,OnDemand,,,1242.97,
,3801AF28D1F06D15DE702CA3D1A78840-19,1762587842,FCRequestMetrics:/n-matmul-512,90,90,,,2749.63,n-matmul-512,false,85f7f63caa28,,c-690ef48f-0cf1abd9-8d9a75cfa22a,1762587839685,Sync,4003.85,1762587838431,21.0.3.8,false,512,38.84,InvokeFunction,,,LATEST,1-690ef4be-0c49fa-907128229561,OnDemand,,,1253.34,
,4D57B9EBA87590C7398CF6540746C6BE-19,1762587842,FCRequestMetrics:/n-matmul-512,90,90,,,2915.63,n-matmul-512,false,cf9fc6279e9f,,c-690ef490-0cf1abd9-f9b75dacbfca,1762587839809,Sync,4086.23,1762587838641,21.0.3.10,false,512,35.92,InvokeFunction,,,LATEST,1-690ef4be-0c49fa-1fbc170c1b63,OnDemand,,,1168.42,
,5D2FE67C0EB5779BF4214AF0D6312E51-10,1762587842,FCRequestMetrics:/n-matmul-512,82,82,,,3331.35,n-matmul-512,false,19252a223023,,c-690ef49c-0cf1abd9-daf5d7835f02,1762587838681,Sync,4045.27,1762587837968,21.0.3.10,false,512,28.88,InvokeFunction,,,LATEST,1-690ef4bd-0c0a43-b8423ffc6542,OnDemand,,,712.72,
,8A4C9F8EC0081A54D335C35B65D1357D-10,1762587842,FCRequestMetrics:/n-matmul-512,88,88,,,3376.96,n-matmul-512,false,1c5ca9e1c7f9,,c-690ef4a4-0cf1abd9-274debaa5e8f,1762587839374,Sync,4614.51,1762587838138,21.0.3.9,false,512,39.61,InvokeFunction,,,LATEST,1-690ef4be-0c0a43-d75f9f337413,OnDemand,,,1236.61,
,0AE60AD6E226644C212775A9AD9DBC3A-6,1762587842,FCRequestMetrics:/n-matmul-512,87,87,,,4461.35,n-matmul-512,false,e5c3b3dfa4c1,,c-690ef4b3-0cf1abd9-04675e7328d5,1762587838400,Sync,5516.01,1762587837346,21.0.3.10,false,512,41.09,InvokeFunction,,,LATEST,1-690ef4be-0c0a43-51e8b6686b38,OnDemand,,,1053.65,
,EAD7BD32D52FA8C0EC561AB86D8BB129-10,1762587842,FCRequestMetrics:/n-matmul-512,84,84,,,3325.57,n-matmul-512,false,9697e733b066,,c-690ef49e-0cf1abd9-b7f83cb23224,1762587838950,Sync,4224.19,1762587838053,21.0.3.10,false,512,26.81,InvokeFunction,,,LATEST,1-690ef4be-0c49fa-4b86a078db4d,OnDemand,,,897.50,
,7FDD645C18A05AFCA1EE540844E336B4-17,1762587842,FCRequestMetrics:/n-matmul-512,82,82,,,3513.88,n-matmul-512,false,005047e6f771,,c-690ef48f-0cf1abd9-a4e85c44b759,1762587838859,Sync,4381.03,1762587837992,21.0.3.10,false,512,27.12,InvokeFunction,,,LATEST,1-690ef4bd-0c0a43-4f9183fce948,OnDemand,,,866.14,
,F07C00865CBCDDD3603F2861EC1005E7-17,1762587842,FCRequestMetrics:/n-matmul-512,84,84,,,3496.01,n-matmul-512,false,23ed8e688827,,c-690ef48f-0cf1abd9-c9d277f8db04,1762587839009,Sync,4388.84,1762587838125,21.0.3.12,false,512,26.69,InvokeFunction,,,LATEST,1-690ef4be-0c0a43-68c74e58124f,OnDemand,,,879.46,
,3D753EA828DEDBBB0DF10FE8437E0EE2-F,1762587842,FCRequestMetrics:/n-matmul-512,84,84,,,3045.25,n-matmul-512,false,13a75e602ffd,,c-690ef49e-0cf1abd9-124626cd631e,1762587839023,Sync,3915.39,1762587838154,21.0.3.12,false,512,28.81,InvokeFunction,,,LATEST,1-690ef4be-0c49fa-67a71e8da651,OnDemand,,,869.14,
,537821DDAFE9614566F0064DDB274514-10,1762587842,FCRequestMetrics:/n-matmul-512,86,86,,,3530.47,n-matmul-512,false,e7a61b8cb4fe,,c-690ef4a1-0cf1abd9-564b243bc6a8,1762587839231,Sync,4493.72,1762587838269,21.0.3.8,false,512,26.80,InvokeFunction,,,LATEST,1-690ef4be-0c49fa-10369e30b2fe,OnDemand,,,962.31,
,B6CBE8EBA74250AA907E560C90566BB4-12,1762587842,FCRequestMetrics:/n-matmul-512,86,86,,,3321.04,n-matmul-512,false,ab282a8889ea,,c-690ef49c-0cf1abd9-bbfeef60bc24,1762587839318,Sync,4359.68,1762587838283,21.0.3.11,false,512,27.07,InvokeFunction,,,LATEST,1-690ef4be-0c0a43-03efdd649456,OnDemand,,,1033.57,
,5F3A1644AB2A1C8B074AB8754A10A293-D,1762587842,FCRequestMetrics:/n-matmul-512,84,84,,,3634.48,n-matmul-512,false,69f1f8b4cc9d,,c-690ef4a4-0cf1abd9-06b3493bf27e,1762587838672,Sync,4514.43,1762587837793,21.0.3.10,false,512,36.20,InvokeFunction,,,LATEST,1-690ef4be-0c49fa-b1c6f58d4fcc,OnDemand,,,878.91,
,414BD1893AE2054C5F533C4E4BFB2474-12,1762587842,FCRequestMetrics:/n-matmul-512,86,86,,,3550.94,n-matmul-512,false,e09eb6f846c4,,c-690ef49c-0cf1abd9-96967c00da02,1762587839278,Sync,4549.41,1762587838282,21.0.3.9,false,512,27.31,InvokeFunction,,,LATEST,1-690ef4be-0c49fa-ec9641b0e79b,OnDemand,,,995.69,
,2C250D9B2FF86C019F81DAC520815883-F,1762587842,FCRequestMetrics:/n-matmul-512,82,82,,,3707.07,n-matmul-512,false,52c1693be583,,c-690ef4a4-0cf1abd9-b2b9a6cf3285,1762587838596,Sync,4555.39,1762587837750,21.0.3.12,false,512,40.31,InvokeFunction,,,LATEST,1-690ef4be-0c49fa-169b0251d9a9,OnDemand,,,846.62,
,ED99555BBD66FF347A8C8145C62ABE99-12,1762587842,FCRequestMetrics:/n-matmul-512,86,86,,,3004.05,n-matmul-512,false,4bed96722f41,,c-690ef49c-0cf1abd9-8088ae7c339c,1762587839227,Sync,3967.01,1762587838267,21.0.3.8,false,512,36.47,InvokeFunction,,,LATEST,1-690ef4be-0c0a43-98db4b7c5a63,OnDemand,,,960.02,
,13AC9179567B6A88BE4E678F8CBCF027-10,1762587842,FCRequestMetrics:/n-matmul-512,90,90,,,0.05,n-matmul-512,true,c1270f7ffdb8,,c-690ef4a1-0cf1abd9-661404bfd8df,1762587840515,Sync,3233.15,1762587839000,21.0.3.12,false,512,2.04,InvokeFunction,,,LATEST,1-690ef4bf-0c0a43-14d1ea4a4e43,OnDemand,,,1515.30,,"{""errorType"":""FunctionAbnormalExitError""}"
,E438D6118493E314AD4DA785D820E022-9,1762587842,FCRequestMetrics:/n-matmul-512,90,90,,,0.03,n-matmul-512,true,b191993e8dc4,,c-690ef4b3-0cf1abd9-0d3f75ed2006,1762587840844,Sync,1623.36,1762587840718,21.0.3.8,false,512,58.51,InvokeFunction,,,LATEST,1-690ef4c1-0c49fa-ff17c2aa6079,OnDemand,,,126.06,,"{""errorType"":""FunctionAbnormalExitError""}"
,90D8D68606671C7D3CC9428DB5D1A5ED-10,1762587842,FCRequestMetrics:/n-matmul-512,90,90,,,0.02,n-matmul-512,true,43290576c1e6,,c-690ef4a1-0cf1abd9-784f475cf818,1762587840823,Sync,2048.64,1762587840338,21.0.3.11,false,512,2.07,InvokeFunction,,,LATEST,1-690ef4c0-0c0a43-42a329cd04f4,OnDemand,,,484.34,,"{""errorType"":""FunctionAbnormalExitError""}"
,3BDEEDD6F6C1B51E5137A970AE75BAA4-19,1762587842,FCRequestMetrics:/n-matmul-512,90,90,,,0.03,n-matmul-512,true,3b2b33dbd196,,c-690ef492-0cf1abd9-bbdff8eda83c,1762587841593,Sync,1557.68,1762587841422,21.0.3.9,false,512,4.05,InvokeFunction,,,LATEST,1-690ef4c1-0c0a43-9084650180c7,OnDemand,,,170.57,,"{""errorType"":""FunctionAbnormalExitError""}"
,B50B6C7E4A9EFD8ADCDAE8E71A8A357B-1B,1762587842,FCRequestMetrics:/n-matmul-512,90,90,,,3078.32,n-matmul-512,false,0c3cf93849f8,,c-690ef48f-0cf1abd9-ad135b628654,1762587839641,Sync,4330.43,1762587838389,21.0.3.8,false,512,38.41,InvokeFunction,,,LATEST,1-690ef4be-0c0a43-b55d0c30f732,OnDemand,,,1251.15,
,386DA6364528A35F673B30D821826132-9,1762587842,FCRequestMetrics:/n-matmul-512,90,90,,,0.03,n-matmul-512,true,2f0b32a49385,,c-690ef4b1-0cf1abd9-06c370eb6fc5,1762587839858,Sync,2931.37,1762587839491,21.0.3.12,false,512,2.12,InvokeFunction,,,LATEST,1-690ef4c0-0c49fa-7e2b9c552110,OnDemand,,,366.12,,"{""errorType"":""FunctionAbnormalExitError""}"
,52D7D507918D931708B22C4CE8E63CCC-9,1762587842,FCRequestMetrics:/n-matmul-512,90,90,,,0.18,n-matmul-512,true,7e3f21c3452b,,c-690ef4b2-0cf1abd9-448ba4a6e619,1762587840660,Sync,2017.28,1762587840433,21.0.3.9,false,512,2.12,InvokeFunction,,,LATEST,1-690ef4c1-0c49fa-b10aa7f3cad0,OnDemand,,,224.72,,"{""errorType"":""FunctionAbnormalExitError""}"
,5F40BF3643AE590E1A0AFBFC2BB1CC92-8,1762587842,FCRequestMetrics:/n-matmul-512,90,90,,,0.04,n-matmul-512,true,918ade19bbee,,c-690ef4b1-0cf1abd9-3df7810e23e4,1762587839943,Sync,2947.01,1762587839601,21.0.3.11,false,512,2.23,InvokeFunction,,,LATEST,1-690ef4c0-0c49fa-2d15f99acfe8,OnDemand,,,342.45,,"{""errorType"":""FunctionAbnormalExitError""}"
,FFBE1F54232C7105BB9D9D9815146807-8,1762587842,FCRequestMetrics:/n-matmul-512,90,90,,,0.35,n-matmul-512,true,4210c93d9e28,,c-690ef4b2-0cf1abd9-734e58adbe38,1762587840899,Sync,2107.42,1762587840734,21.0.3.10,false,512,2.25,InvokeFunction,,,LATEST,1-690ef4c1-0c49fa-2fe0d10f9f22,OnDemand,,,163.91,,"{""errorType"":""FunctionAbnormalExitError""}"
,86C97E3549B8E428464CF6B56B68BFDC-9,1762587842,FCRequestMetrics:/n-matmul-512,90,90,,,0.06,n-matmul-512,true,5a3240bb4b57,,c-690ef4b1-0cf1abd9-ef240bcd1d76,1762587839518,Sync,3177.81,1762587839235,21.0.3.12,false,512,2.26,InvokeFunction,,,LATEST,1-690ef4c0-0c0a43-bca7f3acbd10,OnDemand,,,282.68,,"{""errorType"":""FunctionAbnormalExitError""}"
,19D19504A7F011D98456D47931F40832-9,1762587842,FCRequestMetrics:/n-matmul-512,90,90,,,0.03,n-matmul-512,true,d76a12fc0134,,c-690ef4b1-0cf1abd9-3da89f7b182b,1762587839564,Sync,3346.60,1762587839252,21.0.3.11,false,512,4.07,InvokeFunction,,,LATEST,1-690ef4c0-0c0a43-bde6d74c147e,OnDemand,,,312.22,,"{""errorType"":""FunctionAbnormalExitError""}"
,395AF19B30E923F04509691974E770B2-9,1762587842,FCRequestMetrics:/n-matmul-512,93,93,,,0.05,n-matmul-512,true,16c28b2331e7,,c-690ef4b3-0cf1abd9-03841df006e6,1762587841119,Sync,1449.47,1762587841118,21.0.3.9,false,512,2.07,InvokeFunction,,,LATEST,1-690ef4c2-0c0a43-d7e43d2e5092,OnDemand,,,0.55,,"{""errorType"":""FunctionAbnormalExitError""}"
,D09BCBD485576D911D13CE495A97C108-9,1762587842,FCRequestMetrics:/n-matmul-512,91,91,,,0.04,n-matmul-512,true,67959926d07f,,c-690ef4b3-0cf1abd9-62c5a8cabd6b,1762587841364,Sync,1423.48,1762587841363,21.0.3.10,false,512,2.21,InvokeFunction,,,LATEST,1-690ef4c2-0c49fa-ffee94e67de5,OnDemand,,,1.25,,"{""errorType"":""FunctionAbnormalExitError""}"
,D57BF307AB3C1DBB07F853EA29DFAA8E-19,1762587843,FCRequestMetrics:/n-matmul-512,90,90,,,3168.92,n-matmul-512,false,4a02a8b2ccf7,,c-690ef48f-0cf1abd9-3378a67d936f,1762587839967,Sync,4454.23,1762587838683,21.0.3.10,false,512,36.75,InvokeFunction,,,LATEST,1-690ef4be-0c0a43-a9f8d401896d,OnDemand,,,1284.11,
,6448458DC5EEDA4B01194355EB33D0AF-16,1762587843,FCRequestMetrics:/n-matmul-512,90,90,,,3589.64,n-matmul-512,false,e9af6d91c5a8,,c-690ef492-0cf1abd9-8e96e2aae5ad,1762587839636,Sync,4837.51,1762587838389,21.0.3.11,false,512,41.84,InvokeFunction,,,LATEST,1-690ef4be-0c0a43-9771145f384e,OnDemand,,,1246.73,
,7C823A060900EA64C601C711AE9A8E7B-19,1762587843,FCRequestMetrics:/n-matmul-512,88,88,,,3686.59,n-matmul-512,false,a9c1f9cad0fa,,c-690ef492-0cf1abd9-41b4dd0accbf,1762587839583,Sync,4940.72,1762587838330,21.0.3.10,false,512,38.23,InvokeFunction,,,LATEST,1-690ef4be-0c49fa-95b07155c7b8,OnDemand,,,1253.31,
,A6333F63464BC687DF1965DBFE05F1DB-18,1762587843,FCRequestMetrics:/n-matmul-512,90,90,,,2961.55,n-matmul-512,false,3e88eb377bf5,,c-690ef490-0cf1abd9-507f1daf6985,1762587840322,Sync,4301.41,1762587838983,21.0.3.11,false,512,35.99,InvokeFunction,,,LATEST,1-690ef4be-0c0a43-efff6e0b7263,OnDemand,,,1338.94,
,22262E23B35913584F104007F60CDE44-19,1762587843,FCRequestMetrics:/n-matmul-512,90,90,,,2981.24,n-matmul-512,false,5c984f724ebf,,c-690ef48f-0cf1abd9-4d671f684c9c,1762587840337,Sync,4335.22,1762587838984,21.0.3.9,false,512,36.50,InvokeFunction,,,LATEST,1-690ef4be-0c0a43-5bba7c836cdd,OnDemand,,,1353.19,
,3638871BA5BA6CB81D64084B08F55201-1B,1762587843,FCRequestMetrics:/n-matmul-512,90,90,,,2972.33,n-matmul-512,false,d9ddc014a95e,,c-690ef48f-0cf1abd9-ec0c220edbce,1762587840501,Sync,4481.17,1762587838993,21.0.3.8,false,512,38.21,InvokeFunction,,,LATEST,1-690ef4be-0c49fa-f3c253edb120,OnDemand,,,1507.96,
,023E1362E98622AC0BA42C246E757652-9,1762587843,FCRequestMetrics:/n-matmul-512,86,86,,,4809.97,n-matmul-512,false,c2dc25ac0291,,c-690ef4b3-0cf1abd9-482c4f6b212d,1762587838255,Sync,5833.17,1762587837233,21.0.3.9,false,512,37.57,InvokeFunction,,,LATEST,1-690ef4be-0c49fa-d30285b3bea3,OnDemand,,,1021.02,
,A58D23371A460570694E59E83C205D35-19,1762587843,FCRequestMetrics:/n-matmul-512,90,90,,,2869.80,n-matmul-512,false,f5099c18cdf1,,c-690ef48f-0cf1abd9-aa29b9d0aa99,1762587840958,Sync,3291.84,1762587840537,21.0.3.11,false,512,38.35,InvokeFunction,,,LATEST,1-690ef4c0-0c49fa-0c758ea2b269,OnDemand,,,421.19,
,32144092075796B61E66CC5CB449FE74-19,1762587843,FCRequestMetrics:/n-matmul-512,90,90,,,3011.54,n-matmul-512,false,4e09d5ee1757,,c-690ef48f-0cf1abd9-c9b2724f454d,1762587840543,Sync,3507.43,1762587840049,21.0.3.11,false,512,36.34,InvokeFunction,,,LATEST,1-690ef4c0-0c0a43-a8578dd20025,OnDemand,,,493.98,
,7F41C0AC9649E78CE4E6389BA04F93F7-19,1762587843,FCRequestMetrics:/n-matmul-512,90,90,,,2785.45,n-matmul-512,false,2f9a827ac39a,,c-690ef48f-0cf1abd9-d481ef5b70cb,1762587840845,Sync,3274.78,1762587840361,21.0.3.12,false,512,38.21,InvokeFunction,,,LATEST,1-690ef4c0-0c49fa-357998a3e18d,OnDemand,,,483.55,
,7780C0688E26C68EB0D69712BCDE475F-19,1762587843,FCRequestMetrics:/n-matmul-512,90,90,,,2730.64,n-matmul-512,false,333740b1eaee,,c-690ef490-0cf1abd9-b30a2e13f5eb,1762587840917,Sync,3274.29,1762587840374,21.0.3.12,false,512,36.37,InvokeFunction,,,LATEST,1-690ef4c0-0c49fa-87694d0dc250,OnDemand,,,542.70,
,9ADEFA90B0D30226FA9EC5C9D5AE07C5-F,1762587843,FCRequestMetrics:/n-matmul-512,90,90,,,3298.76,n-matmul-512,false,720d5821fc65,,c-690ef4a1-0cf1abd9-d2a0858351d9,1762587840074,Sync,4871.67,1762587838502,21.0.3.9,false,512,28.87,InvokeFunction,,,LATEST,1-690ef4be-0c49fa-7ee4279eca3b,OnDemand,,,1570.68,
,EC65B6B96723558D074A84C970ABFB6D-9,1762587843,FCRequestMetrics:/n-matmul-512,90,90,,,4224.96,n-matmul-512,false,dc0d493de807,,c-690ef4b3-0cf1abd9-88427ba7f908,1762587839425,Sync,5591.88,1762587838059,21.0.3.12,false,512,39.52,InvokeFunction,,,LATEST,1-690ef4be-0c49fa-7b1e89e472aa,OnDemand,,,1365.37,
,715E1B0E1B21EEA77E59E1CCA6C827A1-9,1762587843,FCRequestMetrics:/n-matmul-512,90,90,,,4588.18,n-matmul-512,false,227434a33de2,,c-690ef4b3-0cf1abd9-7a1935f5d276,1762587838745,Sync,5853.92,1762587837481,21.0.3.11,false,512,42.09,InvokeFunction,,,LATEST,1-690ef4be-0c49fa-e01d88af5818,OnDemand,,,1263.85,
,9E860D881BD9449D0F2C4975F44F7ABC-9,1762587843,FCRequestMetrics:/n-matmul-512,90,90,,,3948.22,n-matmul-512,false,dc22095edf84,,c-690ef4b1-0cf1abd9-834eca231e91,1762587839434,Sync,4427.21,1762587838956,21.0.3.9,false,512,27.07,InvokeFunction,,,LATEST,1-690ef4c0-0c49fa-f875dd38073d,OnDemand,,,478.09,
,9095B2C1B61D208836CC9B1C85A0D40A-9,1762587843,FCRequestMetrics:/n-matmul-512,90,90,,,3360.83,n-matmul-512,false,ca295ccdb9ef,,c-690ef4b1-0cf1abd9-20d8276cdfb4,1762587839904,Sync,3764.96,1762587839501,21.0.3.8,false,512,26.55,InvokeFunction,,,LATEST,1-690ef4c0-0c0a43-30c7771c3654,OnDemand,,,400.65,
,D47609DF0A0B8379D6163E9247FE0B62-9,1762587843,FCRequestMetrics:/n-matmul-512,90,90,,,3593.81,n-matmul-512,false,94f30db206a9,,c-690ef4b1-0cf1abd9-5ce21036fb60,1762587839896,Sync,3908.86,1762587839583,21.0.3.9,false,512,30.89,InvokeFunction,,,LATEST,1-690ef4c1-0c0a43-70fe4a426f62,OnDemand,,,312.46,
,78CD85FE04C684FD432ABFF362CBF50C-19,1762587843,FCRequestMetrics:/n-matmul-512,90,90,,,3162.96,n-matmul-512,false,6999fff919fb,,c-690ef48f-0cf1abd9-6c6d9044c534,1762587839927,Sync,4427.61,1762587838663,21.0.3.9,false,512,34.46,InvokeFunction,,,LATEST,1-690ef4be-0c49fa-ca1755e73395,OnDemand,,,1263.28,
,FD6981321571EC68F9E27CDAD26BAC19-12,1762587843,FCRequestMetrics:/n-matmul-512,90,90,,,3510.16,n-matmul-512,false,b2349f9a27e7,,c-690ef49c-0cf1abd9-a2407a052b71,1762587840190,Sync,4823.89,1762587838877,21.0.3.12,false,512,34.20,InvokeFunction,,,LATEST,1-690ef4be-0c49fa-d84844e91402,OnDemand,,,1312.84,
,A07FED3AC0D9C87237C2A7F7FEAC1FF2-4,1762587843,FCRequestMetrics:/n-matmul-512,90,90,,,3687.04,n-matmul-512,false,5059a3c012ce,,c-690ef4bc-0cf1abd9-aaba1ef8e3d8,1762587840171,Sync,3841.15,1762587840018,21.0.3.8,false,512,92.18,InvokeFunction,,,LATEST,1-690ef4c1-0c49fa-b502e644bb6d,OnDemand,,,152.30,
,B23CDAA9EFB02072F2EA6F095891B977-9,1762587843,FCRequestMetrics:/n-matmul-512,90,90,,,0.03,n-matmul-512,true,01cbc6dce386,,c-690ef4b2-0cf1abd9-ad92bd478abd,1762587841076,Sync,2221.59,1762587840880,21.0.3.11,false,512,6.07,InvokeFunction,,,LATEST,1-690ef4c1-0c49fa-e33afdf6fbb9,OnDemand,,,196.27,,"{""errorType"":""FunctionAbnormalExitError""}"
,BD1D69C9267D95E53B2A79C6CB35D41D-19,1762587843,FCRequestMetrics:/n-matmul-512,90,90,,,0.03,n-matmul-512,true,987841b3d4f5,,c-690ef492-0cf1abd9-b72bb88bbd36,1762587842360,Sync,1060.26,1762587842276,21.0.3.12,false,512,4.20,InvokeFunction,,,LATEST,1-690ef4c2-0c0a43-914b0be69e90,OnDemand,,,83.75,,"{""errorType"":""FunctionAbnormalExitError""}"
,5E37C0E4F38EC01A59BF0AC51B37D7D9-8,1762587843,FCRequestMetrics:/n-matmul-512,90,90,,,0.03,n-matmul-512,true,675e218faad5,,c-690ef4b2-0cf1abd9-5c68fc00ab92,1762587841195,Sync,2208.13,1762587841020,21.0.3.12,false,512,4.09,InvokeFunction,,,LATEST,1-690ef4c1-0c0a43-6e8ba64822df,OnDemand,,,175.19,,"{""errorType"":""FunctionAbnormalExitError""}"
,8A4C9F8EC0081A54D335C35B65D1357D-12,1762587843,FCRequestMetrics:/n-matmul-512,91,91,,,0.03,n-matmul-512,true,1c5ca9e1c7f9,,c-690ef4a4-0cf1abd9-274debaa5e8f,1762587842762,Sync,1228.01,1762587842761,21.0.3.9,false,512,2.22,InvokeFunction,,,LATEST,1-690ef4c2-0c0a43-54fd68c7520b,OnDemand,,,0.58,,"{""errorType"":""FunctionAbnormalExitError""}"
,7C823A060900EA64C601C711AE9A8E7B-1A,1762587843,FCRequestMetrics:/n-matmul-512,87,87,,,0.04,n-matmul-512,true,a9c1f9cad0fa,,c-690ef492-0cf1abd9-41b4dd0accbf,1762587843325,Sync,631.56,1762587843325,21.0.3.10,false,512,2.30,InvokeFunction,,,LATEST,1-690ef4c3-0c0a43-2ef548da31a8,OnDemand,,,0.52,,"{""errorType"":""FunctionAbnormalExitError""}"
,49B64A5B3FBA9FC6678BE15B3FA1CAE0-8,1762587843,FCRequestMetrics:/n-matmul-512,89,89,,,0.04,n-matmul-512,true,b69b715c17a5,,c-690ef4b3-0cf1abd9-2077a8676f3b,1762587841683,Sync,2169.40,1762587841681,21.0.3.11,false,512,4.36,InvokeFunction,,,LATEST,1-690ef4c3-0c49fa-a86bcae0a848,OnDemand,,,1.47,,"{""errorType"":""FunctionAbnormalExitError""}"
,A0E18646E4ED1862BB7852A818D6BD84-19,1762587844,FCRequestMetrics:/n-matmul-512,90,90,,,2815.72,n-matmul-512,false,455c2c4df2d2,,c-690ef48f-0cf1abd9-fff0447ff1dc,1762587841271,Sync,3207.74,1762587840880,21.0.3.8,false,512,36.34,InvokeFunction,,,LATEST,1-690ef4c0-0c49fa-631254a852de,OnDemand,,,390.94,
,1C05D5B02F01F46143D999E67440A343-1B,1762587844,FCRequestMetrics:/n-matmul-512,90,90,,,2834.26,n-matmul-512,false,ded09bee0b2d,,c-690ef48f-0cf1abd9-2bb86706a2c4,1762587841386,Sync,3104.56,1762587841116,21.0.3.9,false,512,39.70,InvokeFunction,,,LATEST,1-690ef4c1-0c49fa-25d26ef4d9ed,OnDemand,,,269.46,
,270B9EACE82C5E95387DFC3023475A37-11,1762587844,FCRequestMetrics:/n-matmul-512,90,90,,,3441.75,n-matmul-512,false,fe7ebaee4797,,c-690ef4a4-0cf1abd9-3aa2f2400266,1762587840683,Sync,3967.31,1762587840158,21.0.3.8,false,512,43.24,InvokeFunction,,,LATEST,1-690ef4c0-0c0a43-8722bb633089,OnDemand,,,524.42,
,F898A01EEA6FFC9C575701D6D0948E55-1B,1762587844,FCRequestMetrics:/n-matmul-512,90,90,,,2560.70,n-matmul-512,false,7a16d098497d,,c-690ef48f-0cf1abd9-9a6242cc8b28,1762587841884,Sync,2688.96,1762587841756,21.0.3.8,false,512,41.95,InvokeFunction,,,LATEST,1-690ef4c1-0c0a43-14c95bfe4ca6,OnDemand,,,127.50,
,148C1B09986999E20AA0FF04F10942D0-1B,1762587844,FCRequestMetrics:/n-matmul-512,90,90,,,2980.33,n-matmul-512,false,aa1e2085073a,,c-690ef48f-0cf1abd9-2b72cdd5c5c2,1762587841566,Sync,3217.99,1762587841332,21.0.3.10,false,512,41.80,InvokeFunction,,,LATEST,1-690ef4c1-0c49fa-143679d88e4f,OnDemand,,,234.02,
,805D0B9C50B0CFD3CF77F88B01A3CC36-19,1762587844,FCRequestMetrics:/n-matmul-512,90,90,,,2993.79,n-matmul-512,false,4277c8c89afa,,c-690ef490-0cf1abd9-df579b907295,1762587841720,Sync,3164.44,1762587841551,21.0.3.12,false,512,36.52,InvokeFunction,,,LATEST,1-690ef4c1-0c49fa-24d15f484c85,OnDemand,,,169.57,
,CA067C7B13641001A367D67FE1936091-19,1762587844,FCRequestMetrics:/n-matmul-512,90,90,,,2951.95,n-matmul-512,false,5046f6076057,,c-690ef490-0cf1abd9-851ce87263d1,1762587841440,Sync,3261.34,1762587841131,21.0.3.11,false,512,36.60,InvokeFunction,,,LATEST,1-690ef4c1-0c49fa-e079a3e05e57,OnDemand,,,308.55,
,447511FEAA2C196192B29D0355E78B1D-1B,1762587844,FCRequestMetrics:/n-matmul-512,90,90,,,3012.67,n-matmul-512,false,2be5f8bcaa9a,,c-690ef48f-0cf1abd9-405aaa419009,1762587841735,Sync,3138.12,1762587841611,21.0.3.9,false,512,39.87,InvokeFunction,,,LATEST,1-690ef4c1-0c0a43-29c36d6ac1dc,OnDemand,,,123.74,
,F91A17FDEE204113BD7FCEE97E77B19D-19,1762587844,FCRequestMetrics:/n-matmul-512,90,90,,,2581.05,n-matmul-512,false,b4a55f945517,,c-690ef48f-0cf1abd9-f3db6505083a,1762587841978,Sync,2794.32,1762587841772,21.0.3.12,false,512,37.89,InvokeFunction,,,LATEST,1-690ef4c1-0c49fa-d74014f4ba6b,OnDemand,,,206.41,
,1F1FFC412871BA58DE9DD242432C9C35-19,1762587844,FCRequestMetrics:/n-matmul-512,90,90,,,3269.35,n-matmul-512,false,a2dfb552053b,,c-690ef492-0cf1abd9-8c97f365993b,1762587841081,Sync,3787.16,1762587840564,21.0.3.8,false,512,27.04,InvokeFunction,,,LATEST,1-690ef4c0-0c49fa-00a4d1d03ada,OnDemand,,,516.05,
,E28B31C1AD09CA2631349F2F5CD41FEA-9,1762587844,FCRequestMetrics:/n-matmul-512,90,90,,,5257.95,n-matmul-512,false,378303f5ffb1,,c-690ef4b4-0cf1abd9-4d6de11efb71,1762587839490,Sync,6779.18,1762587837969,21.0.3.9,false,512,50.08,InvokeFunction,,,LATEST,1-690ef4bf-0c49fa-fa51ca480588,OnDemand,,,1520.23,
,028699F502CA3D7E230041FC52AB4DE5-9,1762587844,FCRequestMetrics:/n-matmul-512,90,90,,,3603.29,n-matmul-512,false,c3f0f0de03a0,,c-690ef4b1-0cf1abd9-f906b5304a3d,1762587840544,Sync,4069.11,1762587840082,21.0.3.8,false,512,27.09,InvokeFunction,,,LATEST,1-690ef4c1-0c49fa-17d0cf14f821,OnDemand,,,461.96,
,30B0C091F501AEB24D6930948CD8CD12-1,1762587844,FCRequestMetrics:/n-matmul-512,90,90,,,3682.32,n-matmul-512,false,f585a3de42a9,,c-690ef4c0-0cf1abd9-2f59d877e38b,1762587840784,Sync,3687.79,1762587840780,21.0.3.10,false,512,57.14,InvokeFunction,,,LATEST,1-690ef4c2-0c49fa-6c76f6e3a2f8,OnDemand,,,3.93,
,BF0051A2DC4BF4DDC3679E47B8B32C9C-0,1762587844,FCRequestMetrics:/n-matmul-512,90,90,,,3238.95,n-matmul-512,false,e797c285140c,,c-690ef4c0-0cf1abd9-8278610d83f5,1762587840784,Sync,3262.39,1762587840763,21.0.3.8,false,512,47.16,InvokeFunction,,,LATEST,1-690ef4c2-0c49fa-5f2c18e2fd76,OnDemand,,,19.94,
,333D4C666C8B83BB41B1C7D79452A532-1,1762587844,FCRequestMetrics:/n-matmul-512,93,93,,,3639.73,n-matmul-512,false,e3c6c131f32d,,c-690ef4c0-0cf1abd9-c5743552479f,1762587840841,Sync,3641.82,1762587840839,21.0.3.9,false,512,31.11,InvokeFunction,,,LATEST,1-690ef4c2-0c49fa-9bf2c3da7144,OnDemand,,,1.27,
,FE4CB4BB334203537C4452D39CB19CCC-2,1762587844,FCRequestMetrics:/n-matmul-512,93,93,,,3898.72,n-matmul-512,false,a7689194af96,,c-690ef4c0-0cf1abd9-beaedf295aad,1762587840918,Sync,3900.20,1762587840917,21.0.3.12,false,512,28.65,InvokeFunction,,,LATEST,1-690ef4c2-0c0a43-521a114eb400,OnDemand,,,0.60,
,812F252289DEF5D6E7CEF166CCF20854-2,1762587844,FCRequestMetrics:/n-matmul-512,90,90,,,3580.01,n-matmul-512,false,7cd4cf254b2b,,c-690ef4c0-0cf1abd9-f295f1869449,1762587840783,Sync,3607.20,1762587840768,21.0.3.11,false,512,31.41,InvokeFunction,,,LATEST,1-690ef4c2-0c49fa-2c49cd7d2222,OnDemand,,,15.58,
,60315181B24B66886819325A3EA49E6F-14,1762587844,FCRequestMetrics:/n-matmul-512,90,90,,,3537.82,n-matmul-512,false,0d1aec41c426,,c-690ef49e-0cf1abd9-079fb8593d22,1762587840814,Sync,4019.59,1762587840333,21.0.3.9,false,512,34.13,InvokeFunction,,,LATEST,1-690ef4c0-0c0a43-c049dc4c98a8,OnDemand,,,481.04,
,6CCFB4E4193C923DA012941FDF8BA7C1-19,1762587844,FCRequestMetrics:/n-matmul-512,90,90,,,2675.24,n-matmul-512,false,1ea218c34989,,c-690ef48f-0cf1abd9-4c65696b73c9,1762587841604,Sync,2745.79,1762587841534,21.0.3.11,false,512,36.14,InvokeFunction,,,LATEST,1-690ef4c1-0c0a43-3cbcd821d5ad,OnDemand,,,69.59,
,47EEBB4524D816241D6164558AEC1FDB-4,1762587844,FCRequestMetrics:/n-matmul-512,90,90,,,3759.03,n-matmul-512,false,cf2f5a306fef,,c-690ef4bc-0cf1abd9-4bc9539c85b8,1762587840324,Sync,3877.97,1762587840206,21.0.3.9,false,512,36.36,InvokeFunction,,,LATEST,1-690ef4c1-0c49fa-7a43bd0d6b8f,OnDemand,,,117.40,
,BD9BE3600CF3EADC822FC16C6CE56C55-4,1762587844,FCRequestMetrics:/n-matmul-512,90,90,,,3211.84,n-matmul-512,false,a90b8e21cc4e,,c-690ef4bd-0cf1abd9-4533cb176176,1762587840980,Sync,3242.71,1762587840950,21.0.3.10,false,512,34.23,InvokeFunction,,,LATEST,1-690ef4c2-0c49fa-432163ebd3c8,OnDemand,,,25.60,
,C2EB2A92BA9B62B2586CA2C02FC71F03-3,1762587844,FCRequestMetrics:/n-matmul-512,91,91,,,3166.97,n-matmul-512,false,d33c82b43d3d,,c-690ef4bd-0cf1abd9-a491e17680d2,1762587841423,Sync,3169.16,1762587841422,21.0.3.8,false,512,92.21,InvokeFunction,,,LATEST,1-690ef4c2-0c0a43-fcc4675307f4,OnDemand,,,0.53,
,CF8B8E5EDA76CE1E15E6DE137B05F0FC-4,1762587844,FCRequestMetrics:/n-matmul-512,90,90,,,3606.81,n-matmul-512,false,09ed6314a647,,c-690ef4bd-0cf1abd9-4b304ea77a49,1762587840964,Sync,3658.36,1762587840914,21.0.3.12,false,512,34.36,InvokeFunction,,,LATEST,1-690ef4c2-0c49fa-a7b64e49697a,OnDemand,,,49.92,
,67EF79BC30A82AE98BE59702C8F66831-3,1762587844,FCRequestMetrics:/n-matmul-512,91,91,,,3410.01,n-matmul-512,false,9d91d3cbe239,,c-690ef4bd-0cf1abd9-3b4ee6796d7a,1762587841480,Sync,3415.78,1762587841478,21.0.3.11,false,512,34.46,InvokeFunction,,,LATEST,1-690ef4c2-0c49fa-f717a0d6863a,OnDemand,,,1.16,
,7FDD645C18A05AFCA1EE540844E336B4-19,1762587844,FCRequestMetrics:/n-matmul-512,90,90,,,2607.68,n-matmul-512,false,005047e6f771,,c-690ef48f-0cf1abd9-a4e85c44b759,1762587842377,Sync,2636.72,1762587842349,21.0.3.10,false,512,34.57,InvokeFunction,,,LATEST,1-690ef4c2-0c49fa-3888324c79b4,OnDemand,,,28.02,
,9DDF92507C03E777F745C0AA5C83C458-14,1762587844,FCRequestMetrics:/n-matmul-512,90,90,,,3440.23,n-matmul-512,false,ab20715057dd,,c-690ef49e-0cf1abd9-a4d3e4836d71,1762587841385,Sync,3772.15,1762587841057,21.0.3.8,false,512,36.20,InvokeFunction,,,LATEST,1-690ef4c1-0c0a43-ced39c23ed04,OnDemand,,,327.89,
,8C91CD9281F35024322C2F606CD0B1FE-4,1762587844,FCRequestMetrics:/n-matmul-512,92,92,,,3078.01,n-matmul-512,false,44c83b518121,,c-690ef4bd-0cf1abd9-e8c2a2bb7f02,1762587841552,Sync,3079.51,1762587841551,21.0.3.11,false,512,34.50,InvokeFunction,,,LATEST,1-690ef4c2-0c0a43-94a15ab5c15b,OnDemand,,,0.70,
,32D30CAFDEB66ED4BA2C61AB57673DE9-4,1762587844,FCRequestMetrics:/n-matmul-512,87,87,,,2852.36,n-matmul-512,false,1e73088b591b,,c-690ef4bd-0cf1abd9-2266afd5303d,1762587841884,Sync,2854.27,1762587841883,21.0.3.9,false,512,36.17,InvokeFunction,,,LATEST,1-690ef4c3-0c49fa-a03894c5ab41,OnDemand,,,1.10,
,03A714A9772EC266AA0C3B3C7C5F7666-4,1762587844,FCRequestMetrics:/n-matmul-512,86,86,,,2746.72,n-matmul-512,false,579930c5ac3a,,c-690ef4bd-0cf1abd9-7053d50dd4cd,1762587841986,Sync,2749.24,1762587841985,21.0.3.10,false,512,34.56,InvokeFunction,,,LATEST,1-690ef4c3-0c49fa-8dfcc96e601d,OnDemand,,,1.31,
,3638871BA5BA6CB81D64084B08F55201-1E,1762587844,FCRequestMetrics:/n-matmul-512,85,85,,,0.03,n-matmul-512,true,d9ddc014a95e,,c-690ef48f-0cf1abd9-ec0c220edbce,1762587843512,Sync,989.64,1762587843512,21.0.3.8,false,512,2.22,InvokeFunction,,,LATEST,1-690ef4c3-0c0a43-9e980f4a115c,OnDemand,,,0.57,,"{""errorType"":""FunctionAbnormalExitError""}"
,3D3F830804794EE934A3F39C618D6DA7-8,1762587844,FCRequestMetrics:/n-matmul-512,86,86,,,0.03,n-matmul-512,true,a5074fb07ccb,,c-690ef4b3-0cf1abd9-4204fc55cfbc,1762587841836,Sync,2184.26,1762587841835,21.0.3.12,false,512,2.15,InvokeFunction,,,LATEST,1-690ef4c3-0c0a43-1990a29b94a8,OnDemand,,,0.58,,"{""errorType"":""FunctionAbnormalExitError""}"
,0AE60AD6E226644C212775A9AD9DBC3A-9,1762587844,FCRequestMetrics:/n-matmul-512,85,85,,,0.04,n-matmul-512,true,e5c3b3dfa4c1,,c-690ef4b3-0cf1abd9-04675e7328d5,1762587842930,Sync,1872.04,1762587842929,21.0.3.10,false,512,2.06,InvokeFunction,,,LATEST,1-690ef4c3-0c49fa-991a3f1fd1bb,OnDemand,,,1.23,,"{""errorType"":""FunctionAbnormalExitError""}"
,B1B3EF35016788C3424F79DCBD83BB05-1B,1762587845,FCRequestMetrics:/n-matmul-512,90,90,,,2807.55,n-matmul-512,false,8e7a4967c312,,c-690ef48f-0cf1abd9-e1933dd451ba,1762587842344,Sync,3044.66,1762587842107,21.0.3.10,false,512,37.83,InvokeFunction,,,LATEST,1-690ef4c2-0c49fa-150d78e3bbeb,OnDemand,,,236.26,
,6C268265BE6071088D6F784688423FBC-12,1762587845,FCRequestMetrics:/n-matmul-512,90,90,,,3363.53,n-matmul-512,false,f3794d0f4bed,,c-690ef4a4-0cf1abd9-3f60d30fa7e2,1762587841995,Sync,3556.99,1762587841802,21.0.3.11,false,512,38.06,InvokeFunction,,,LATEST,1-690ef4c1-0c0a43-2a2948c52559,OnDemand,,,192.58,
,F031090DB7497FBE9C5AA393E7E68561-1B,1762587845,FCRequestMetrics:/n-matmul-512,93,93,,,2760.11,n-matmul-512,false,ac449c8e7f33,,c-690ef48f-0cf1abd9-a7a4b84ee62d,1762587842677,Sync,2762.57,1762587842677,21.0.3.9,false,512,39.66,InvokeFunction,,,LATEST,1-690ef4c2-0c0a43-4b831132828e,OnDemand,,,0.56,
,3801AF28D1F06D15DE702CA3D1A78840-1B,1762587845,FCRequestMetrics:/n-matmul-512,93,93,,,3118.43,n-matmul-512,false,85f7f63caa28,,c-690ef48f-0cf1abd9-8d9a75cfa22a,1762587842438,Sync,3144.02,1762587842414,21.0.3.8,false,512,43.69,InvokeFunction,,,LATEST,1-690ef4c2-0c0a43-b17310db3a21,OnDemand,,,24.78,
,2C250D9B2FF86C019F81DAC520815883-12,1762587845,FCRequestMetrics:/n-matmul-512,90,90,,,3261.88,n-matmul-512,false,52c1693be583,,c-690ef4a4-0cf1abd9-b2b9a6cf3285,1762587842309,Sync,3521.02,1762587842055,21.0.3.12,false,512,43.35,InvokeFunction,,,LATEST,1-690ef4c2-0c0a43-80fc586cf233,OnDemand,,,253.19,
,27BDDCAD80E91AC92FDFCC1C9A1A4216-9,1762587845,FCRequestMetrics:/n-matmul-512,90,90,,,5254.05,n-matmul-512,false,2ff8f58d97fc,,c-690ef4b4-0cf1abd9-3de0c61b5b68,1762587839783,Sync,5826.89,1762587839211,21.0.3.10,false,512,39.54,InvokeFunction,,,LATEST,1-690ef4c0-0c49fa-422b7c43a3b0,OnDemand,,,570.99,
,5F3A1644AB2A1C8B074AB8754A10A293-10,1762587845,FCRequestMetrics:/n-matmul-512,90,90,,,3279.46,n-matmul-512,false,69f1f8b4cc9d,,c-690ef4a4-0cf1abd9-06b3493bf27e,1762587842312,Sync,3490.74,1762587842102,21.0.3.10,false,512,37.79,InvokeFunction,,,LATEST,1-690ef4c2-0c49fa-cccf12e2a6ae,OnDemand,,,210.54,
,646B33D459BD0A9244D32F781DAF3418-10,1762587845,FCRequestMetrics:/n-matmul-512,90,90,,,3330.05,n-matmul-512,false,5d92a283eb8a,,c-690ef4a1-0cf1abd9-de1abe369d37,1762587841883,Sync,3571.85,1762587841642,21.0.3.10,false,512,26.78,InvokeFunction,,,LATEST,1-690ef4c1-0c0a43-4468bd578745,OnDemand,,,239.22,
,A89833F386C2C0AAB19D937BC0A8D2F3-9,1762587845,FCRequestMetrics:/n-matmul-512,90,90,,,5690.78,n-matmul-512,false,ea0bccbe44d2,,c-690ef4b4-0cf1abd9-c9ccab6a1a6a,1762587840091,Sync,6192.82,1762587839589,21.0.3.8,false,512,91.21,InvokeFunction,,,LATEST,1-690ef4c0-0c49fa-1a1e41920026,OnDemand,,,500.87,
,13AC9179567B6A88BE4E678F8CBCF027-10,1762587845,FCRequestMetrics:/n-matmul-512,90,90,,,3134.14,n-matmul-512,false,c1270f7ffdb8,,c-690ef4a1-0cf1abd9-661404bfd8df,1762587842236,Sync,3374.64,1762587841996,21.0.3.12,false,512,26.83,InvokeFunction,,,LATEST,1-690ef4c1-0c49fa-52908074d850,OnDemand,,,239.59,
,86D3C1657BB7CB6F9D6C1B5957027679-9,1762587845,FCRequestMetrics:/n-matmul-512,91,91,,,3627.78,n-matmul-512,false,41e163ab7845,,c-690ef4b1-0cf1abd9-383b8cf3b88f,1762587841562,Sync,3631.86,1762587841561,21.0.3.10,false,512,28.92,InvokeFunction,,,LATEST,1-690ef4c2-0c0a43-3faeac614f35,OnDemand,,,0.59,
,604D7A139A336D459A8701B8728ED443-9,1762587845,FCRequestMetrics:/n-matmul-512,90,90,,,5440.96,n-matmul-512,false,3ccc09a5376a,,c-690ef4b4-0cf1abd9-6384931551e4,1762587840542,Sync,5686.51,1762587840297,21.0.3.11,false,512,38.17,InvokeFunction,,,LATEST,1-690ef4c1-0c0a43-ef176190f2a0,OnDemand,,,244.50,
,90D8D68606671C7D3CC9428DB5D1A5ED-10,1762587845,FCRequestMetrics:/n-matmul-512,90,90,,,3049.74,n-matmul-512,false,43290576c1e6,,c-690ef4a1-0cf1abd9-784f475cf818,1762587842389,Sync,3058.38,1762587842381,21.0.3.11,false,512,27.17,InvokeFunction,,,LATEST,1-690ef4c2-0c49fa-4b49e02acff2,OnDemand,,,7.69,
,C9A28A785F95831BC9FC8EA20129FD05-2,1762587845,FCRequestMetrics:/n-matmul-512,91,91,,,3386.68,n-matmul-512,false,4856bc7a68f1,,c-690ef4c1-0cf1abd9-aae68ff129ed,1762587842252,Sync,3389.94,1762587842251,21.0.3.6,false,512,32.09,InvokeFunction,,,LATEST,1-690ef4c2-0c49fa-ef5af76ca6b6,OnDemand,,,1.27,
,E336B2A6408E27B02C6CAB82C50088BC-2,1762587845,FCRequestMetrics:/n-matmul-512,90,90,,,3068.53,n-matmul-512,false,b76d94444b2f,,c-690ef4c1-0cf1abd9-48675e1450f8,1762587842582,Sync,3074.85,1762587842576,21.0.3.7,false,512,27.05,InvokeFunction,,,LATEST,1-690ef4c3-0c49fa-b07fb2ff2231,OnDemand,,,1.23,
,C1D7342C162E0433E3DCC69A36E49279-14,1762587845,FCRequestMetrics:/n-matmul-512,90,90,,,3524.90,n-matmul-512,false,c1850f6d6120,,c-690ef49e-0cf1abd9-bea541164f91,1762587841514,Sync,3730.72,1762587841309,21.0.3.11,false,512,34.18,InvokeFunction,,,LATEST,1-690ef4c1-0c0a43-198cb0e1727e,OnDemand,,,204.73,
,5D2FE67C0EB5779BF4214AF0D6312E51-12,1762587845,FCRequestMetrics:/n-matmul-512,90,90,,,3791.94,n-matmul-512,false,19252a223023,,c-690ef49c-0cf1abd9-daf5d7835f02,1762587842016,Sync,4286.97,1762587841533,21.0.3.10,false,512,36.19,InvokeFunction,,,LATEST,1-690ef4c1-0c0a43-5aaaeed11ad2,OnDemand,,,483.12,
,EAD7BD32D52FA8C0EC561AB86D8BB129-12,1762587845,FCRequestMetrics:/n-matmul-512,90,90,,,3358.22,n-matmul-512,false,9697e733b066,,c-690ef49e-0cf1abd9-b7f83cb23224,1762587842280,Sync,3584.75,1762587842054,21.0.3.10,false,512,34.54,InvokeFunction,,,LATEST,1-690ef4c2-0c0a43-a7d516588770,OnDemand,,,225.62,
,3D753EA828DEDBBB0DF10FE8437E0EE2-11,1762587845,FCRequestMetrics:/n-matmul-512,90,90,,,3571.01,n-matmul-512,false,13a75e602ffd,,c-690ef49e-0cf1abd9-124626cd631e,1762587842072,Sync,3723.64,1762587841920,21.0.3.12,false,512,36.19,InvokeFunction,,,LATEST,1-690ef4c1-0c0a43-26b3af09faad,OnDemand,,,151.76,
,537821DDAFE9614566F0064DDB274514-12,1762587845,FCRequestMetrics:/n-matmul-512,91,91,,,2852.99,n-matmul-512,false,e7a61b8cb4fe,,c-690ef4a1-0cf1abd9-564b243bc6a8,1762587842772,Sync,2856.33,1762587842770,21.0.3.8,false,512,34.47,InvokeFunction,,,LATEST,1-690ef4c2-0c49fa-7824e9744372,OnDemand,,,1.25,
,5A4B169E4A6A12AF96E6A9F31574ACDB-4,1762587845,FCRequestMetrics:/n-matmul-512,87,87,,,2827.98,n-matmul-512,false,e49c1078154a,,c-690ef4bd-0cf1abd9-52730e96d71d,1762587843014,Sync,2830.06,1762587843013,21.0.3.12,false,512,34.36,InvokeFunction,,,LATEST,1-690ef4c4-0c49fa-dfebcb2b4794,OnDemand,,,1.16,
,1C05D5B02F01F46143D999E67440A343-1E,1762587845,FCRequestMetrics:/n-matmul-512,72,72,,,0.04,n-matmul-512,true,ded09bee0b2d,,c-690ef48f-0cf1abd9-2bb86706a2c4,1762587844413,Sync,1239.12,1762587844412,21.0.3.9,false,512,2.13,InvokeFunction,,,LATEST,1-690ef4c4-0c0a43-80a5ed97a088,OnDemand,,,0.51,,"{""errorType"":""FunctionAbnormalExitError""}"
,023E1362E98622AC0BA42C246E757652-A,1762587845,FCRequestMetrics:/n-matmul-512,84,84,,,0.04,n-matmul-512,true,c2dc25ac0291,,c-690ef4b3-0cf1abd9-482c4f6b212d,1762587843094,Sync,2339.81,1762587843092,21.0.3.9,false,512,2.25,InvokeFunction,,,LATEST,1-690ef4c3-0c49fa-5c7af40ffede,OnDemand,,,1.43,,"{""errorType"":""FunctionAbnormalExitError""}"
,270B9EACE82C5E95387DFC3023475A37-14,1762587845,FCRequestMetrics:/n-matmul-512,72,72,,,0.03,n-matmul-512,true,fe7ebaee4797,,c-690ef4a4-0cf1abd9-3aa2f2400266,1762587844418,Sync,974.77,1762587844417,21.0.3.8,false,512,4.10,InvokeFunction,,,LATEST,1-690ef4c4-0c49fa-d030fdf82e0d,OnDemand,,,0.91,,"{""errorType"":""FunctionAbnormalExitError""}"
,6448458DC5EEDA4B01194355EB33D0AF-19,1762587845,FCRequestMetrics:/n-matmul-512,87,87,,,0.06,n-matmul-512,true,e9af6d91c5a8,,c-690ef492-0cf1abd9-8e96e2aae5ad,1762587844445,Sync,1120.58,1762587844444,21.0.3.11,false,512,4.17,InvokeFunction,,,LATEST,1-690ef4c4-0c0a43-5208dd9adbcc,OnDemand,,,0.49,,"{""errorType"":""FunctionAbnormalExitError""}"
,148C1B09986999E20AA0FF04F10942D0-1E,1762587845,FCRequestMetrics:/n-matmul-512,100,100,,,0.02,n-matmul-512,true,aa1e2085073a,,c-690ef48f-0cf1abd9-2b72cdd5c5c2,1762587844553,Sync,1075.29,1762587844472,21.0.3.10,false,512,4.13,InvokeFunction,,,LATEST,1-690ef4c4-0c49fa-28c137795999,OnDemand,,,81.10,,"{""errorType"":""FunctionAbnormalExitError""}"
,F898A01EEA6FFC9C575701D6D0948E55-1D,1762587845,FCRequestMetrics:/n-matmul-512,87,87,,,0.05,n-matmul-512,true,7a16d098497d,,c-690ef48f-0cf1abd9-9a6242cc8b28,1762587844449,Sync,1391.36,1762587844448,21.0.3.8,false,512,4.17,InvokeFunction,,,LATEST,1-690ef4c4-0c0a43-744f7acc1565,OnDemand,,,0.50,,"{""errorType"":""FunctionAbnormalExitError""}"
,D57BF307AB3C1DBB07F853EA29DFAA8E-1B,1762587846,FCRequestMetrics:/n-matmul-512,89,89,,,2831.68,n-matmul-512,false,4a02a8b2ccf7,,c-690ef48f-0cf1abd9-3378a67d936f,1762587843177,Sync,2833.25,1762587843176,21.0.3.10,false,512,39.86,InvokeFunction,,,LATEST,1-690ef4c3-0c0a43-6f8419c6f72d,OnDemand,,,0.62,
,A6333F63464BC687DF1965DBFE05F1DB-1B,1762587846,FCRequestMetrics:/n-matmul-512,87,87,,,2941.02,n-matmul-512,false,3e88eb377bf5,,c-690ef490-0cf1abd9-507f1daf6985,1762587843301,Sync,2943.05,1762587843300,21.0.3.11,false,512,39.86,InvokeFunction,,,LATEST,1-690ef4c3-0c49fa-f246ad040ba8,OnDemand,,,0.93,
,22262E23B35913584F104007F60CDE44-1B,1762587846,FCRequestMetrics:/n-matmul-512,87,87,,,3232.74,n-matmul-512,false,5c984f724ebf,,c-690ef48f-0cf1abd9-4d671f684c9c,1762587843324,Sync,3234.23,1762587843324,21.0.3.9,false,512,38.12,InvokeFunction,,,LATEST,1-690ef4c3-0c0a43-dd66ddce9023,OnDemand,,,0.51,
,7F41C0AC9649E78CE4E6389BA04F93F7-1B,1762587846,FCRequestMetrics:/n-matmul-512,84,84,,,2877.62,n-matmul-512,false,2f9a827ac39a,,c-690ef48f-0cf1abd9-d481ef5b70cb,1762587843698,Sync,2880.66,1762587843696,21.0.3.12,false,512,41.60,InvokeFunction,,,LATEST,1-690ef4c3-0c49fa-7868a9d26a7d,OnDemand,,,1.38,
,A61C5B29A1D7F2390D1E51D697C6283B-9,1762587846,FCRequestMetrics:/n-matmul-512,90,90,,,5579.79,n-matmul-512,false,14782dc1bc2e,,c-690ef4b4-0cf1abd9-744e5d667f19,1762587840541,Sync,5882.77,1762587840241,21.0.3.12,false,512,41.24,InvokeFunction,,,LATEST,1-690ef4c1-0c49fa-a0bbe40b4744,OnDemand,,,299.85,
,7780C0688E26C68EB0D69712BCDE475F-1B,1762587846,FCRequestMetrics:/n-matmul-512,84,84,,,3116.78,n-matmul-512,false,333740b1eaee,,c-690ef490-0cf1abd9-b30a2e13f5eb,1762587843690,Sync,3119.17,1762587843688,21.0.3.12,false,512,38.17,InvokeFunction,,,LATEST,1-690ef4c3-0c49fa-20721e96902e,OnDemand,,,1.42,
,A58D23371A460570694E59E83C205D35-1B,1762587846,FCRequestMetrics:/n-matmul-512,80,80,,,3025.40,n-matmul-512,false,f5099c18cdf1,,c-690ef48f-0cf1abd9-aa29b9d0aa99,1762587843869,Sync,3027.16,1762587843868,21.0.3.11,false,512,40.12,InvokeFunction,,,LATEST,1-690ef4c3-0c49fa-9ec728d8135b,OnDemand,,,0.95,
,D383B16911701B57D8112BE288DB8A26-9,1762587846,FCRequestMetrics:/n-matmul-512,87,87,,,4314.05,n-matmul-512,false,bb19602af764,,c-690ef4b1-0cf1abd9-7e88298a556b,1762587841846,Sync,4315.66,1762587841845,21.0.3.10,false,512,27.03,InvokeFunction,,,LATEST,1-690ef4c3-0c0a43-5bb2de0843b9,OnDemand,,,0.56,
,FFBE1F54232C7105BB9D9D9815146807-8,1762587846,FCRequestMetrics:/n-matmul-512,86,86,,,4006.03,n-matmul-512,false,4210c93d9e28,,c-690ef4b2-0cf1abd9-734e58adbe38,1762587842849,Sync,4009.12,1762587842848,21.0.3.10,false,512,27.14,InvokeFunction,,,LATEST,1-690ef4c3-0c0a43-0496252433d2,OnDemand,,,0.49,
,8009EC769EAF82E94BE4682B8C0E45B5-2,1762587846,FCRequestMetrics:/n-matmul-512,87,87,,,3028.53,n-matmul-512,false,e18d84b3712e,,c-690ef4c1-0cf1abd9-2df610e1f3e8,1762587843883,Sync,3030.35,1762587843882,21.0.3.8,false,512,27.35,InvokeFunction,,,LATEST,1-690ef4c4-0c49fa-ccdbff02c739,OnDemand,,,0.83,
,BD1D69C9267D95E53B2A79C6CB35D41D-19,1762587846,FCRequestMetrics:/n-matmul-512,85,85,,,3226.59,n-matmul-512,false,987841b3d4f5,,c-690ef492-0cf1abd9-b72bb88bbd36,1762587843439,Sync,3228.05,1762587843439,21.0.3.12,false,512,28.76,InvokeFunction,,,LATEST,1-690ef4c3-0c0a43-8e99fc6e8f16,OnDemand,,,0.60,
,B6CBE8EBA74250AA907E560C90566BB4-14,1762587846,FCRequestMetrics:/n-matmul-512,93,93,,,3908.97,n-matmul-512,false,ab282a8889ea,,c-690ef49c-0cf1abd9-bbfeef60bc24,1762587842665,Sync,3912.01,1762587842663,21.0.3.11,false,512,34.45,InvokeFunction,,,LATEST,1-690ef4c2-0c49fa-076b9ea7a684,OnDemand,,,1.44,
,414BD1893AE2054C5F533C4E4BFB2474-14,1762587846,FCRequestMetrics:/n-matmul-512,91,91,,,3702.49,n-matmul-512,false,e09eb6f846c4,,c-690ef49c-0cf1abd9-96967c00da02,1762587842872,Sync,3705.83,1762587842870,21.0.3.9,false,512,34.47,InvokeFunction,,,LATEST,1-690ef4c2-0c49fa-fad7761f4c40,OnDemand,,,1.50,
,9ADEFA90B0D30226FA9EC5C9D5AE07C5-12,1762587846,FCRequestMetrics:/n-matmul-512,86,86,,,3436.86,n-matmul-512,false,720d5821fc65,,c-690ef4a1-0cf1abd9-d2a0858351d9,1762587843394,Sync,3438.38,1762587843393,21.0.3.9,false,512,36.50,InvokeFunction,,,LATEST,1-690ef4c3-0c0a43-0535c7a47b5f,OnDemand,,,0.68,
,ED99555BBD66FF347A8C8145C62ABE99-14,1762587846,FCRequestMetrics:/n-matmul-512,90,90,,,4041.31,n-matmul-512,false,4bed96722f41,,c-690ef49c-0cf1abd9-8088ae7c339c,1762587842239,Sync,4271.76,1762587842015,21.0.3.8,false,512,38.86,InvokeFunction,,,LATEST,1-690ef4c2-0c0a43-7284ce85d536,OnDemand,,,224.04,
,EC65B6B96723558D074A84C970ABFB6D-B,1762587846,FCRequestMetrics:/n-matmul-512,74,74,,,0.05,n-matmul-512,true,dc0d493de807,,c-690ef4b3-0cf1abd9-88427ba7f908,1762587843680,Sync,2424.87,1762587843679,21.0.3.12,false,512,2.17,InvokeFunction,,,LATEST,1-690ef4c4-0c49fa-97b5b691124b,OnDemand,,,0.93,,"{""errorType"":""FunctionAbnormalExitError""}"
,715E1B0E1B21EEA77E59E1CCA6C827A1-A,1762587846,FCRequestMetrics:/n-matmul-512,72,72,,,0.04,n-matmul-512,true,227434a33de2,,c-690ef4b3-0cf1abd9-7a1935f5d276,1762587843902,Sync,2386.22,1762587843901,21.0.3.11,false,512,4.33,InvokeFunction,,,LATEST,1-690ef4c4-0c49fa-f8fc681c1be2,OnDemand,,,0.84,,"{""errorType"":""FunctionAbnormalExitError""}"
,447511FEAA2C196192B29D0355E78B1D-1E,1762587846,FCRequestMetrics:/n-matmul-512,100,100,,,0.03,n-matmul-512,true,2be5f8bcaa9a,,c-690ef48f-0cf1abd9-405aaa419009,1762587844759,Sync,1652.21,1762587844483,21.0.3.9,false,512,2.09,InvokeFunction,,,LATEST,1-690ef4c4-0c49fa-2ef36ca39111,OnDemand,,,275.62,,"{""errorType"":""FunctionAbnormalExitError""}"
,B1B3EF35016788C3424F79DCBD83BB05-1E,1762587846,FCRequestMetrics:/n-matmul-512,100,100,,,0.02,n-matmul-512,true,8e7a4967c312,,c-690ef48f-0cf1abd9-e1933dd451ba,1762587845156,Sync,2072.22,1762587844503,21.0.3.10,false,512,2.10,InvokeFunction,,,LATEST,1-690ef4c4-0c49fa-9d54df23ffbf,OnDemand,,,652.23,,"{""errorType"":""FunctionAbnormalExitError""}"
,E28B31C1AD09CA2631349F2F5CD41FEA-A,1762587846,FCRequestMetrics:/n-matmul-512,100,100,,,0.03,n-matmul-512,true,378303f5ffb1,,c-690ef4b4-0cf1abd9-4d6de11efb71,1762587844752,Sync,2573.46,1762587843879,21.0.3.9,false,512,11.13,InvokeFunction,,,LATEST,1-690ef4c4-0c49fa-57113b732c2e,OnDemand,,,873.11,,"{""errorType"":""FunctionAbnormalExitError""}"
,3801AF28D1F06D15DE702CA3D1A78840-1E,1762587846,FCRequestMetrics:/n-matmul-512,100,100,,,0.02,n-matmul-512,true,85f7f63caa28,,c-690ef48f-0cf1abd9-8d9a75cfa22a,1762587845560,Sync,2173.86,1762587844523,21.0.3.8,false,512,4.03,InvokeFunction,,,LATEST,1-690ef4c4-0c0a43-d49e51c881ad,OnDemand,,,1036.69,,"{""errorType"":""FunctionAbnormalExitError""}"
,F031090DB7497FBE9C5AA393E7E68561-1E,1762587846,FCRequestMetrics:/n-matmul-512,100,100,,,0.02,n-matmul-512,true,ac449c8e7f33,,c-690ef48f-0cf1abd9-a7a4b84ee62d,1762587845446,Sync,2229.57,1762587844521,21.0.3.9,false,512,4.18,InvokeFunction,,,LATEST,1-690ef4c4-0c49fa-89eeb702c5a1,OnDemand,,,924.30,,"{""errorType"":""FunctionAbnormalExitError""}"
,6C268265BE6071088D6F784688423FBC-14,1762587846,FCRequestMetrics:/n-matmul-512,100,100,,,0.03,n-matmul-512,true,f3794d0f4bed,,c-690ef4a4-0cf1abd9-3f60d30fa7e2,1762587845362,Sync,2325.17,1762587844509,21.0.3.11,false,512,2.13,InvokeFunction,,,LATEST,1-690ef4c4-0c0a43-7959a065d3b8,OnDemand,,,853.04,,"{""errorType"":""FunctionAbnormalExitError""}"
,A07FED3AC0D9C87237C2A7F7FEAC1FF2-6,1762587846,FCRequestMetrics:/n-matmul-512,100,100,,,2862.71,n-matmul-512,false,5059a3c012ce,,c-690ef4bc-0cf1abd9-aaba1ef8e3d8,1762587843863,Sync,3621.29,1762587843105,21.0.3.8,false,512,95.88,InvokeFunction,,,LATEST,1-690ef4c4-0c0a43-abd838c4d204,OnDemand,,,757.11,
,A0E18646E4ED1862BB7852A818D6BD84-1B,1762587847,FCRequestMetrics:/n-matmul-512,72,72,,,3058.30,n-matmul-512,false,455c2c4df2d2,,c-690ef48f-0cf1abd9-fff0447ff1dc,1762587844418,Sync,3059.79,1762587844417,21.0.3.8,false,512,39.89,InvokeFunction,,,LATEST,1-690ef4c4-0c0a43-303b94473e9a,OnDemand,,,0.51,
,B50B6C7E4A9EFD8ADCDAE8E71A8A357B-1D,1762587847,FCRequestMetrics:/n-matmul-512,87,87,,,3107.82,n-matmul-512,false,0c3cf93849f8,,c-690ef48f-0cf1abd9-ad135b628654,1762587844453,Sync,3109.69,1762587844452,21.0.3.8,false,512,41.57,InvokeFunction,,,LATEST,1-690ef4c4-0c0a43-15b281fa844c,OnDemand,,,0.47,
,4D57B9EBA87590C7398CF6540746C6BE-1B,1762587847,FCRequestMetrics:/n-matmul-512,87,87,,,3439.10,n-matmul-512,false,cf9fc6279e9f,,c-690ef490-0cf1abd9-f9b75dacbfca,1762587844452,Sync,3441.78,1762587844450,21.0.3.10,false,512,37.86,InvokeFunction,,,LATEST,1-690ef4c4-0c49fa-87f28acb8a7d,OnDemand,,,1.18,
,AF248E24051D33CE2911D9A18C89C2D3-2,1762587847,FCRequestMetrics:/n-matmul-512,72,72,,,3433.31,n-matmul-512,false,8c4cd304f247,,c-690ef4c1-0cf1abd9-e614043a0e89,1762587843878,Sync,3435.98,1762587843877,21.0.3.10,false,512,26.73,InvokeFunction,,,LATEST,1-690ef4c4-0c49fa-846ef96bcc37,OnDemand,,,1.11,
,32144092075796B61E66CC5CB449FE74-1A,1762587847,FCRequestMetrics:/n-matmul-512,72,72,,,3196.03,n-matmul-512,false,4e09d5ee1757,,c-690ef48f-0cf1abd9-c9b2724f454d,1762587844432,Sync,3197.60,1762587844432,21.0.3.11,false,512,39.65,InvokeFunction,,,LATEST,1-690ef4c4-0c0a43-61da2f1628e5,OnDemand,,,0.48,
,CA067C7B13641001A367D67FE1936091-1B,1762587847,FCRequestMetrics:/n-matmul-512,72,72,,,3332.55,n-matmul-512,false,5046f6076057,,c-690ef490-0cf1abd9-851ce87263d1,1762587844397,Sync,3336.10,1762587844396,21.0.3.11,false,512,38.29,InvokeFunction,,,LATEST,1-690ef4c4-0c49fa-526ff24a447c,OnDemand,,,1.45,
,5E37C0E4F38EC01A59BF0AC51B37D7D9-8,1762587847,FCRequestMetrics:/n-matmul-512,80,80,,,4019.60,n-matmul-512,false,675e218faad5,,c-690ef4b2-0cf1abd9-5c68fc00ab92,1762587843235,Sync,4024.19,1762587843231,21.0.3.12,false,512,29.17,InvokeFunction,,,LATEST,1-690ef4c3-0c49fa-a433d836d632,OnDemand,,,1.28,
,395AF19B30E923F04509691974E770B2-9,1762587847,FCRequestMetrics:/n-matmul-512,72,72,,,4225.29,n-matmul-512,false,16c28b2331e7,,c-690ef4b3-0cf1abd9-03841df006e6,1762587842985,Sync,4226.84,1762587842984,21.0.3.9,false,512,28.96,InvokeFunction,,,LATEST,1-690ef4c4-0c0a43-eca9353e8ebd,OnDemand,,,0.51,
,8A4C9F8EC0081A54D335C35B65D1357D-12,1762587847,FCRequestMetrics:/n-matmul-512,72,72,,,3304.38,n-matmul-512,false,1c5ca9e1c7f9,,c-690ef4a4-0cf1abd9-274debaa5e8f,1762587844429,Sync,3305.85,1762587844428,21.0.3.9,false,512,29.03,InvokeFunction,,,LATEST,1-690ef4c4-0c0a43-c43befe56ed1,OnDemand,,,0.48,
,F07C00865CBCDDD3603F2861EC1005E7-19,1762587847,FCRequestMetrics:/n-matmul-512,87,87,,,2643.83,n-matmul-512,false,23ed8e688827,,c-690ef48f-0cf1abd9-c9d277f8db04,1762587844461,Sync,2646.14,1762587844460,21.0.3.12,false,512,34.20,InvokeFunction,,,LATEST,1-690ef4c4-0c49fa-927e6860ca44,OnDemand,,,1.32,
,D09BCBD485576D911D13CE495A97C108-9,1762587847,FCRequestMetrics:/n-matmul-512,73,73,,,4486.75,n-matmul-512,false,67959926d07f,,c-690ef4b3-0cf1abd9-62c5a8cabd6b,1762587842815,Sync,4495.22,1762587842814,21.0.3.10,false,512,27.07,InvokeFunction,,,LATEST,1-690ef4c4-0c0a43-cc2076a87852,OnDemand,,,0.54,
,7C823A060900EA64C601C711AE9A8E7B-1A,1762587847,FCRequestMetrics:/n-matmul-512,72,72,,,2934.98,n-matmul-512,false,a9c1f9cad0fa,,c-690ef492-0cf1abd9-41b4dd0accbf,1762587844426,Sync,2936.94,1762587844425,21.0.3.10,false,512,29.18,InvokeFunction,,,LATEST,1-690ef4c4-0c49fa-d1100ed8fc90,OnDemand,,,1.14,
,03A714A9772EC266AA0C3B3C7C5F7666-4,1762587847,FCRequestMetrics:/n-matmul-512,100,100,,,2921.48,n-matmul-512,false,579930c5ac3a,,c-690ef4bd-0cf1abd9-7053d50dd4cd,1762587844738,Sync,3399.83,1762587844261,21.0.3.10,false,512,36.29,InvokeFunction,,,LATEST,1-690ef4c5-0c49fa-d3b59c3eb47a,OnDemand,,,476.70,
,3638871BA5BA6CB81D64084B08F55201-1E,1762587847,FCRequestMetrics:/n-matmul-512,87,87,,,3124.82,n-matmul-512,false,d9ddc014a95e,,c-690ef48f-0cf1abd9-ec0c220edbce,1762587844505,Sync,3163.98,1762587844466,21.0.3.8,false,512,28.84,InvokeFunction,,,LATEST,1-690ef4c4-0c0a43-819d1b8fb628,OnDemand,,,35.99,
,9E860D881BD9449D0F2C4975F44F7ABC-B,1762587847,FCRequestMetrics:/n-matmul-512,87,87,,,4084.83,n-matmul-512,false,dc22095edf84,,c-690ef4b1-0cf1abd9-834eca231e91,1762587843387,Sync,4101.03,1762587843372,21.0.3.9,false,512,34.49,InvokeFunction,,,LATEST,1-690ef4c4-0c0a43-cb8fa9fb2564,OnDemand,,,14.98,
,9095B2C1B61D208836CC9B1C85A0D40A-B,1762587847,FCRequestMetrics:/n-matmul-512,72,72,,,4007.04,n-matmul-512,false,ca295ccdb9ef,,c-690ef4b1-0cf1abd9-20d8276cdfb4,1762587843315,Sync,4022.02,1762587843313,21.0.3.8,false,512,34.48,InvokeFunction,,,LATEST,1-690ef4c4-0c49fa-84daa7986bcb,OnDemand,,,1.20,
,D47609DF0A0B8379D6163E9247FE0B62-B,1762587847,FCRequestMetrics:/n-matmul-512,100,100,,,3938.69,n-matmul-512,false,94f30db206a9,,c-690ef4b1-0cf1abd9-5ce21036fb60,1762587843505,Sync,4258.20,1762587843187,21.0.3.9,false,512,38.17,InvokeFunction,,,LATEST,1-690ef4c4-0c0a43-1715cd034276,OnDemand,,,317.95,
,028699F502CA3D7E230041FC52AB4DE5-B,1762587847,FCRequestMetrics:/n-matmul-512,100,100,,,3685.48,n-matmul-512,false,c3f0f0de03a0,,c-690ef4b1-0cf1abd9-f906b5304a3d,1762587844155,Sync,4568.86,1762587843273,21.0.3.8,false,512,34.55,InvokeFunction,,,LATEST,1-690ef4c4-0c0a43-0176cc095824,OnDemand,,,881.65,
,78CD85FE04C684FD432ABFF362CBF50C-1B,1762587847,FCRequestMetrics:/n-matmul-512,87,87,,,3000.19,n-matmul-512,false,6999fff919fb,,c-690ef48f-0cf1abd9-6c6d9044c534,1762587844446,Sync,3001.51,1762587844445,21.0.3.9,false,512,36.42,InvokeFunction,,,LATEST,1-690ef4c4-0c0a43-be569914c425,OnDemand,,,0.48,
,FD6981321571EC68F9E27CDAD26BAC19-14,1762587847,FCRequestMetrics:/n-matmul-512,82,82,,,3829.70,n-matmul-512,false,b2349f9a27e7,,c-690ef49c-0cf1abd9-a2407a052b71,1762587843742,Sync,3831.82,1762587843741,21.0.3.12,false,512,36.09,InvokeFunction,,,LATEST,1-690ef4c3-0c49fa-168e935aa9e0,OnDemand,,,0.92,
,D57BF307AB3C1DBB07F853EA29DFAA8E-1E,1762587847,FCRequestMetrics:/n-matmul-512,100,100,,,0.03,n-matmul-512,true,4a02a8b2ccf7,,c-690ef48f-0cf1abd9-3378a67d936f,1762587846013,Sync,1744.88,1762587845552,21.0.3.10,false,512,2.25,InvokeFunction,,,LATEST,1-690ef4c5-0c49fa-5c0ce997d350,OnDemand,,,460.58,,"{""errorType"":""FunctionAbnormalExitError""}"
,E4C186C27FC2E01612D2685505BDC1C8-B,1762587847,FCRequestMetrics:/n-matmul-512,87,87,,,4313.90,n-matmul-512,false,2f46f223d44b,,c-690ef4b3-0cf1abd9-b7dfa30d9e6b,1762587843016,Sync,4318.13,1762587843013,21.0.3.8,false,512,26.85,InvokeFunction,,,LATEST,1-690ef4c4-0c49fa-c6a85f1a3af9,OnDemand,,,0.88,
,BF0051A2DC4BF4DDC3679E47B8B32C9C-4,1762587847,FCRequestMetrics:/n-matmul-512,100,100,,,3903.66,n-matmul-512,false,e797c285140c,,c-690ef4c0-0cf1abd9-8278610d83f5,1762587844030,Sync,4148.21,1762587843786,21.0.3.8,false,512,54.22,InvokeFunction,,,LATEST,1-690ef4c5-0c49fa-244cd58fa4c3,OnDemand,,,243.72,
,22E833C237D88A72ACDEEBC774861945-3,1762587847,FCRequestMetrics:/n-matmul-512,87,87,,,3471.03,n-matmul-512,false,3ad91ce1f715,,c-690ef4c1-0cf1abd9-a9ad8a9b0501,1762587843911,Sync,3477.72,1762587843908,21.0.3.5,false,512,78.34,InvokeFunction,,,LATEST,1-690ef4c4-0c0a43-b3a4b440ae17,OnDemand,,,0.46,
,BD9BE3600CF3EADC822FC16C6CE56C55-6,1762587847,FCRequestMetrics:/n-matmul-512,100,100,,,2874.63,n-matmul-512,false,a90b8e21cc4e,,c-690ef4bd-0cf1abd9-4533cb176176,1762587844196,Sync,3306.47,1762587843766,21.0.3.10,false,512,36.13,InvokeFunction,,,LATEST,1-690ef4c5-0c49fa-0b577b54812d,OnDemand,,,430.18,
,47EEBB4524D816241D6164558AEC1FDB-6,1762587847,FCRequestMetrics:/n-matmul-512,100,100,,,3128.93,n-matmul-512,false,cf2f5a306fef,,c-690ef4bc-0cf1abd9-4bc9539c85b8,1762587844088,Sync,4101.78,1762587843116,21.0.3.9,false,512,38.25,InvokeFunction,,,LATEST,1-690ef4c4-0c49fa-ef6b3e021a79,OnDemand,,,971.89,
,2C250D9B2FF86C019F81DAC520815883-13,1762587847,FCRequestMetrics:/n-matmul-512,100,100,,,0.05,n-matmul-512,true,52c1693be583,,c-690ef4a4-0cf1abd9-b2b9a6cf3285,1762587845579,Sync,2355.05,1762587845037,21.0.3.12,false,512,6.01,InvokeFunction,,,LATEST,1-690ef4c5-0c49fa-6d55f2a02cae,OnDemand,,,541.61,,"{""errorType"":""FunctionAbnormalExitError""}"
,A6333F63464BC687DF1965DBFE05F1DB-1D,1762587847,FCRequestMetrics:/n-matmul-512,100,100,,,0.06,n-matmul-512,true,3e88eb377bf5,,c-690ef490-0cf1abd9-507f1daf6985,1762587846246,Sync,1548.37,1762587846048,21.0.3.11,false,512,2.16,InvokeFunction,,,LATEST,1-690ef4c6-0c0a43-c6b355436550,OnDemand,,,197.55,,"{""errorType"":""FunctionAbnormalExitError""}"
,5F3A1644AB2A1C8B074AB8754A10A293-12,1762587847,FCRequestMetrics:/n-matmul-512,100,100,,,0.05,n-matmul-512,true,69f1f8b4cc9d,,c-690ef4a4-0cf1abd9-06b3493bf27e,1762587845607,Sync,2297.15,1762587845193,21.0.3.10,false,512,2.16,InvokeFunction,,,LATEST,1-690ef4c5-0c49fa-4107591ac5ca,OnDemand,,,413.38,,"{""errorType"":""FunctionAbnormalExitError""}"
,27BDDCAD80E91AC92FDFCC1C9A1A4216-B,1762587847,FCRequestMetrics:/n-matmul-512,100,100,,,0.03,n-matmul-512,true,2ff8f58d97fc,,c-690ef4b4-0cf1abd9-3de0c61b5b68,1762587845041,Sync,2631.06,1762587844789,21.0.3.10,false,512,2.12,InvokeFunction,,,LATEST,1-690ef4c5-0c0a43-1f72f22ce9e1,OnDemand,,,252.28,,"{""errorType"":""FunctionAbnormalExitError""}"
,CF8B8E5EDA76CE1E15E6DE137B05F0FC-6,1762587847,FCRequestMetrics:/n-matmul-512,100,100,,,3074.49,n-matmul-512,false,09ed6314a647,,c-690ef4bd-0cf1abd9-4b304ea77a49,1762587844576,Sync,3525.26,1762587844126,21.0.3.12,false,512,36.19,InvokeFunction,,,LATEST,1-690ef4c5-0c49fa-12f9bc6000e2,OnDemand,,,449.82,
,6CCFB4E4193C923DA012941FDF8BA7C1-1B,1762587847,FCRequestMetrics:/n-matmul-512,72,72,,,3533.19,n-matmul-512,false,1ea218c34989,,c-690ef48f-0cf1abd9-4c65696b73c9,1762587844412,Sync,3537.85,1762587844411,21.0.3.11,false,512,38.03,InvokeFunction,,,LATEST,1-690ef4c4-0c0a43-546f951471d2,OnDemand,,,0.44,
,386DA6364528A35F673B30D821826132-B,1762587847,FCRequestMetrics:/n-matmul-512,72,72,,,4368.29,n-matmul-512,false,2f0b32a49385,,c-690ef4b1-0cf1abd9-06c370eb6fc5,1762587843340,Sync,4371.56,1762587843337,21.0.3.12,false,512,27.18,InvokeFunction,,,LATEST,1-690ef4c4-0c0a43-aae590cc7e6e,OnDemand,,,0.48,
,C2EB2A92BA9B62B2586CA2C02FC71F03-6,1762587847,FCRequestMetrics:/n-matmul-512,100,100,,,2894.39,n-matmul-512,false,d33c82b43d3d,,c-690ef4bd-0cf1abd9-a491e17680d2,1762587844594,Sync,3301.21,1762587844188,21.0.3.8,false,512,94.31,InvokeFunction,,,LATEST,1-690ef4c5-0c0a43-99f21041921f,OnDemand,,,405.61,
,5F40BF3643AE590E1A0AFBFC2BB1CC92-A,1762587847,FCRequestMetrics:/n-matmul-512,72,72,,,4310.49,n-matmul-512,false,918ade19bbee,,c-690ef4b1-0cf1abd9-3df7810e23e4,1762587843337,Sync,4313.54,1762587843336,21.0.3.11,false,512,28.70,InvokeFunction,,,LATEST,1-690ef4c4-0c0a43-9d48c30f9f35,OnDemand,,,0.50,
,7F41C0AC9649E78CE4E6389BA04F93F7-1E,1762587847,FCRequestMetrics:/n-matmul-512,100,100,,,0.03,n-matmul-512,true,2f9a827ac39a,,c-690ef48f-0cf1abd9-d481ef5b70cb,1762587846580,Sync,1631.79,1762587846231,21.0.3.12,false,512,4.02,InvokeFunction,,,LATEST,1-690ef4c6-0c49fa-2d32be866eb7,OnDemand,,,348.64,,"{""errorType"":""FunctionAbnormalExitError""}"
,22262E23B35913584F104007F60CDE44-1E,1762587847,FCRequestMetrics:/n-matmul-512,100,100,,,0.03,n-matmul-512,true,5c984f724ebf,,c-690ef48f-0cf1abd9-4d671f684c9c,1762587846560,Sync,1398.05,1762587846200,21.0.3.9,false,512,2.15,InvokeFunction,,,LATEST,1-690ef4c6-0c49fa-f0e731ea62b0,OnDemand,,,359.15,,"{""errorType"":""FunctionAbnormalExitError""}"
,3BDEEDD6F6C1B51E5137A970AE75BAA4-1B,1762587847,FCRequestMetrics:/n-matmul-512,87,87,,,3162.53,n-matmul-512,false,3b2b33dbd196,,c-690ef492-0cf1abd9-bbdff8eda83c,1762587844448,Sync,3164.71,1762587844447,21.0.3.9,false,512,27.29,InvokeFunction,,,LATEST,1-690ef4c4-0c0a43-7e89eeae6ce2,OnDemand,,,0.43,
,86C97E3549B8E428464CF6B56B68BFDC-B,1762587847,FCRequestMetrics:/n-matmul-512,72,72,,,3910.64,n-matmul-512,false,5a3240bb4b57,,c-690ef4b1-0cf1abd9-ef240bcd1d76,1762587843106,Sync,3918.45,1762587843104,21.0.3.12,false,512,26.80,InvokeFunction,,,LATEST,1-690ef4c4-0c49fa-86e5eb5ec8bd,OnDemand,,,1.09,
,8C91CD9281F35024322C2F606CD0B1FE-6,1762587847,FCRequestMetrics:/n-matmul-512,100,100,,,3014.56,n-matmul-512,false,44c83b518121,,c-690ef4bd-0cf1abd9-e8c2a2bb7f02,1762587844635,Sync,3439.34,1762587844211,21.0.3.11,false,512,36.75,InvokeFunction,,,LATEST,1-690ef4c5-0c49fa-5710edf2a454,OnDemand,,,423.73,
,19D19504A7F011D98456D47931F40832-B,1762587847,FCRequestMetrics:/n-matmul-512,72,72,,,3970.77,n-matmul-512,false,d76a12fc0134,,c-690ef4b1-0cf1abd9-3da89f7b182b,1762587843099,Sync,3972.66,1762587843098,21.0.3.11,false,512,28.96,InvokeFunction,,,LATEST,1-690ef4c4-0c0a43-7f5c490dfcf7,OnDemand,,,0.50,
,B23CDAA9EFB02072F2EA6F095891B977-B,1762587847,FCRequestMetrics:/n-matmul-512,72,72,,,4151.34,n-matmul-512,false,01cbc6dce386,,c-690ef4b2-0cf1abd9-ad92bd478abd,1762587843751,Sync,4153.81,1762587843749,21.0.3.11,false,512,27.04,InvokeFunction,,,LATEST,1-690ef4c4-0c49fa-b4a1c3b26cef,OnDemand,,,1.09,
,32D30CAFDEB66ED4BA2C61AB57673DE9-6,1762587847,FCRequestMetrics:/n-matmul-512,100,100,,,3068.04,n-matmul-512,false,1e73088b591b,,c-690ef4bd-0cf1abd9-2266afd5303d,1762587844740,Sync,3537.76,1762587844274,21.0.3.9,false,512,38.48,InvokeFunction,,,LATEST,1-690ef4c5-0c49fa-83f2bcc8fac2,OnDemand,,,466.23,
,7FDD645C18A05AFCA1EE540844E336B4-19,1762587848,FCRequestMetrics:/n-matmul-512,100,100,,,3511.68,n-matmul-512,false,005047e6f771,,c-690ef48f-0cf1abd9-a4e85c44b759,1762587844989,Sync,4013.59,1762587844488,21.0.3.10,false,512,36.28,InvokeFunction,,,LATEST,1-690ef4c4-0c0a43-69a587710436,OnDemand,,,500.44,
,F91A17FDEE204113BD7FCEE97E77B19D-1B,1762587848,FCRequestMetrics:/n-matmul-512,100,100,,,3592.09,n-matmul-512,false,b4a55f945517,,c-690ef48f-0cf1abd9-f3db6505083a,1762587844571,Sync,3688.67,1762587844476,21.0.3.12,false,512,41.43,InvokeFunction,,,LATEST,1-690ef4c4-0c49fa-9159c8dd4032,OnDemand,,,95.30,
,805D0B9C50B0CFD3CF77F88B01A3CC36-1B,1762587848,FCRequestMetrics:/n-matmul-512,100,100,,,3469.43,n-matmul-512,false,4277c8c89afa,,c-690ef490-0cf1abd9-df579b907295,1762587844721,Sync,3714.20,1762587844477,21.0.3.12,false,512,39.62,InvokeFunction,,,LATEST,1-690ef4c4-0c0a43-4b67bafd5930,OnDemand,,,243.85,
,9DDF92507C03E777F745C0AA5C83C458-14,1762587848,FCRequestMetrics:/n-matmul-512,100,100,,,3446.35,n-matmul-512,false,ab20715057dd,,c-690ef49e-0cf1abd9-a4d3e4836d71,1762587844833,Sync,3799.14,1762587844481,21.0.3.8,false,512,37.89,InvokeFunction,,,LATEST,1-690ef4c4-0c49fa-5b35e9f184a2,OnDemand,,,351.71,
,49B64A5B3FBA9FC6678BE15B3FA1CAE0-8,1762587848,FCRequestMetrics:/n-matmul-512,100,100,,,4398.75,n-matmul-512,false,b69b715c17a5,,c-690ef4b3-0cf1abd9-2077a8676f3b,1762587843854,Sync,5118.10,1762587843140,21.0.3.11,false,512,26.88,InvokeFunction,,,LATEST,1-690ef4c4-0c49fa-5ae679275056,OnDemand,,,713.91,
,3D3F830804794EE934A3F39C618D6DA7-8,1762587848,FCRequestMetrics:/n-matmul-512,100,100,,,4314.21,n-matmul-512,false,a5074fb07ccb,,c-690ef4b3-0cf1abd9-4204fc55cfbc,1762587844023,Sync,5181.93,1762587843158,21.0.3.12,false,512,32.55,InvokeFunction,,,LATEST,1-690ef4c4-0c49fa-12257d10685e,OnDemand,,,864.55,
,270B9EACE82C5E95387DFC3023475A37-14,1762587848,FCRequestMetrics:/n-matmul-512,100,100,,,3309.90,n-matmul-512,false,fe7ebaee4797,,c-690ef4a4-0cf1abd9-3aa2f2400266,1762587845394,Sync,4189.55,1762587844515,21.0.3.8,false,512,26.90,InvokeFunction,,,LATEST,1-690ef4c4-0c0a43-a74a180a0576,OnDemand,,,878.24,
,1F1FFC412871BA58DE9DD242432C9C35-1B,1762587848,FCRequestMetrics:/n-matmul-512,72,72,,,3746.39,n-matmul-512,false,a2dfb552053b,,c-690ef492-0cf1abd9-8c97f365993b,1762587844411,Sync,3750.74,1762587844410,21.0.3.8,false,512,34.22,InvokeFunction,,,LATEST,1-690ef4c4-0c49fa-ace411ef4573,OnDemand,,,0.91,
,86D3C1657BB7CB6F9D6C1B5957027679-B,1762587848,FCRequestMetrics:/n-matmul-512,100,100,,,3517.33,n-matmul-512,false,41e163ab7845,,c-690ef4b1-0cf1abd9-383b8cf3b88f,1762587845203,Sync,3988.93,1762587844737,21.0.3.10,false,512,36.49,InvokeFunction,,,LATEST,1-690ef4c5-0c0a43-3a5623e165b0,OnDemand,,,465.63,
,E438D6118493E314AD4DA785D820E022-B,1762587848,FCRequestMetrics:/n-matmul-512,87,87,,,4813.39,n-matmul-512,false,b191993e8dc4,,c-690ef4b3-0cf1abd9-0d3f75ed2006,1762587843925,Sync,4815.52,1762587843923,21.0.3.8,false,512,26.99,InvokeFunction,,,LATEST,1-690ef4c4-0c49fa-c1e5dd6e2177,OnDemand,,,0.83,
,F633B574683DE8AA2BF0D3EEBDF4C796-B,1762587848,FCRequestMetrics:/n-matmul-512,87,87,,,4438.52,n-matmul-512,false,2aab02d9eb5a,,c-690ef4b2-0cf1abd9-a85fa9ced593,1762587843779,Sync,4441.01,1762587843777,21.0.3.8,false,512,26.97,InvokeFunction,,,LATEST,1-690ef4c4-0c49fa-c097f1936677,OnDemand,,,1.37,
,646B33D459BD0A9244D32F781DAF3418-12,1762587848,FCRequestMetrics:/n-matmul-512,100,100,,,3507.05,n-matmul-512,false,5d92a283eb8a,,c-690ef4a1-0cf1abd9-de1abe369d37,1762587845217,Sync,4219.99,1762587844505,21.0.3.10,false,512,34.61,InvokeFunction,,,LATEST,1-690ef4c4-0c0a43-e7485e8b6a8c,OnDemand,,,711.95,
,30B0C091F501AEB24D6930948CD8CD12-4,1762587848,FCRequestMetrics:/n-matmul-512,100,100,,,3936.53,n-matmul-512,false,f585a3de42a9,,c-690ef4c0-0cf1abd9-2f59d877e38b,1762587844472,Sync,4404.11,1762587844005,21.0.3.10,false,512,65.11,InvokeFunction,,,LATEST,1-690ef4c5-0c49fa-e3ba54e0ff19,OnDemand,,,466.77,
,60315181B24B66886819325A3EA49E6F-16,1762587848,FCRequestMetrics:/n-matmul-512,72,72,,,4046.57,n-matmul-512,false,0d1aec41c426,,c-690ef49e-0cf1abd9-079fb8593d22,1762587844411,Sync,4048.63,1762587844410,21.0.3.9,false,512,36.41,InvokeFunction,,,LATEST,1-690ef4c4-0c49fa-5fe6ce3be447,OnDemand,,,1.20,
,333D4C666C8B83BB41B1C7D79452A532-3,1762587848,FCRequestMetrics:/n-matmul-512,100,100,,,4036.04,n-matmul-512,false,e3c6c131f32d,,c-690ef4c0-0cf1abd9-c5743552479f,1762587844485,Sync,4494.28,1762587844030,21.0.3.9,false,512,38.54,InvokeFunction,,,LATEST,1-690ef4c5-0c49fa-794210a231bd,OnDemand,,,454.99,
,FE4CB4BB334203537C4452D39CB19CCC-4,1762587848,FCRequestMetrics:/n-matmul-512,100,100,,,3864.05,n-matmul-512,false,a7689194af96,,c-690ef4c0-0cf1abd9-beaedf295aad,1762587844825,Sync,4186.61,1762587844507,21.0.3.12,false,512,36.52,InvokeFunction,,,LATEST,1-690ef4c6-0c49fa-815f85a71140,OnDemand,,,317.34,
,812F252289DEF5D6E7CEF166CCF20854-4,1762587848,FCRequestMetrics:/n-matmul-512,100,100,,,4137.38,n-matmul-512,false,7cd4cf254b2b,,c-690ef4c0-0cf1abd9-f295f1869449,1762587844378,Sync,4559.71,1762587843961,21.0.3.11,false,512,38.56,InvokeFunction,,,LATEST,1-690ef4c5-0c0a43-d3187269e2fb,OnDemand,,,416.56,
,52D7D507918D931708B22C4CE8E63CCC-B,1762587848,FCRequestMetrics:/n-matmul-512,87,87,,,4378.54,n-matmul-512,false,7e3f21c3452b,,c-690ef4b2-0cf1abd9-448ba4a6e619,1762587843764,Sync,4380.04,1762587843763,21.0.3.9,false,512,26.83,InvokeFunction,,,LATEST,1-690ef4c4-0c0a43-6063caea5fa7,OnDemand,,,0.53,
,C1D7342C162E0433E3DCC69A36E49279-16,1762587848,FCRequestMetrics:/n-matmul-512,100,100,,,3902.73,n-matmul-512,false,c1850f6d6120,,c-690ef49e-0cf1abd9-bea541164f91,1762587845043,Sync,4455.19,1762587844491,21.0.3.11,false,512,36.51,InvokeFunction,,,LATEST,1-690ef4c4-0c49fa-a591e20eb80e,OnDemand,,,551.54,
,A58D23371A460570694E59E83C205D35-1D,1762587848,FCRequestMetrics:/n-matmul-512,100,100,,,0.06,n-matmul-512,true,f5099c18cdf1,,c-690ef48f-0cf1abd9-aa29b9d0aa99,1762587846898,Sync,1797.81,1762587846246,21.0.3.11,false,512,4.20,InvokeFunction,,,LATEST,1-690ef4c6-0c0a43-fa3719bf5036,OnDemand,,,651.85,,"{""errorType"":""FunctionAbnormalExitError""}"
,7780C0688E26C68EB0D69712BCDE475F-1E,1762587848,FCRequestMetrics:/n-matmul-512,100,100,,,0.02,n-matmul-512,true,333740b1eaee,,c-690ef490-0cf1abd9-b30a2e13f5eb,1762587846811,Sync,1834.41,1762587846243,21.0.3.12,false,512,2.07,InvokeFunction,,,LATEST,1-690ef4c6-0c49fa-91c09c81e3d6,OnDemand,,,567.64,,"{""errorType"":""FunctionAbnormalExitError""}"
,67EF79BC30A82AE98BE59702C8F66831-6,1762587848,FCRequestMetrics:/n-matmul-512,100,100,,,3130.72,n-matmul-512,false,9d91d3cbe239,,c-690ef4bd-0cf1abd9-3b4ee6796d7a,1762587844898,Sync,3372.51,1762587844656,21.0.3.11,false,512,36.29,InvokeFunction,,,LATEST,1-690ef4c6-0c0a43-0b8ebfd87eee,OnDemand,,,240.80,
,A61C5B29A1D7F2390D1E51D697C6283B-B,1762587848,FCRequestMetrics:/n-matmul-512,100,100,,,0.04,n-matmul-512,true,14782dc1bc2e,,c-690ef4b4-0cf1abd9-744e5d667f19,1762587846127,Sync,2907.40,1762587845709,21.0.3.12,false,512,2.19,InvokeFunction,,,LATEST,1-690ef4c6-0c0a43-d199fac5b1da,OnDemand,,,417.57,,"{""errorType"":""FunctionAbnormalExitError""}"
,A89833F386C2C0AAB19D937BC0A8D2F3-B,1762587848,FCRequestMetrics:/n-matmul-512,100,100,,,0.04,n-matmul-512,true,ea0bccbe44d2,,c-690ef4b4-0cf1abd9-c9ccab6a1a6a,1762587845790,Sync,2982.23,1762587845545,21.0.3.8,false,512,55.78,InvokeFunction,,,LATEST,1-690ef4c6-0c0a43-f714b5b7d304,OnDemand,,,243.27,,"{""errorType"":""FunctionAbnormalExitError""}"
,604D7A139A336D459A8701B8728ED443-B,1762587848,FCRequestMetrics:/n-matmul-512,100,100,,,0.06,n-matmul-512,true,3ccc09a5376a,,c-690ef4b4-0cf1abd9-6384931551e4,1762587845987,Sync,3018.87,1762587845646,21.0.3.11,false,512,2.15,InvokeFunction,,,LATEST,1-690ef4c6-0c0a43-960bdcbef2d6,OnDemand,,,340.73,,"{""errorType"":""FunctionAbnormalExitError""}"
,A0E18646E4ED1862BB7852A818D6BD84-1E,1762587848,FCRequestMetrics:/n-matmul-512,100,100,,,0.03,n-matmul-512,true,455c2c4df2d2,,c-690ef48f-0cf1abd9-fff0447ff1dc,1762587847479,Sync,1851.95,1762587846596,21.0.3.8,false,512,2.10,InvokeFunction,,,LATEST,1-690ef4c6-0c0a43-4d5b9cef7500,OnDemand,,,883.13,,"{""errorType"":""FunctionAbnormalExitError""}"
,5A4B169E4A6A12AF96E6A9F31574ACDB-6,1762587848,FCRequestMetrics:/n-matmul-512,100,100,,,2991.82,n-matmul-512,false,e49c1078154a,,c-690ef4bd-0cf1abd9-52730e96d71d,1762587845847,Sync,4017.91,1762587844821,21.0.3.12,false,512,36.78,InvokeFunction,,,LATEST,1-690ef4c6-0c49fa-071b9a4866d3,OnDemand,,,1025.29,
,32144092075796B61E66CC5CB449FE74-1E,1762587848,FCRequestMetrics:/n-matmul-512,100,100,,,0.03,n-matmul-512,true,4e09d5ee1757,,c-690ef48f-0cf1abd9-c9b2724f454d,1762587847636,Sync,1851.57,1762587846807,21.0.3.11,false,512,2.08,InvokeFunction,,,LATEST,1-690ef4c6-0c49fa-dbd93ad5b61a,OnDemand,,,828.20,,"{""errorType"":""FunctionAbnormalExitError""}"
,B50B6C7E4A9EFD8ADCDAE8E71A8A357B-1E,1762587848,FCRequestMetrics:/n-matmul-512,100,100,,,0.03,n-matmul-512,true,0c3cf93849f8,,c-690ef48f-0cf1abd9-ad135b628654,1762587847565,Sync,2264.69,1762587846616,21.0.3.8,false,512,4.18,InvokeFunction,,,LATEST,1-690ef4c6-0c49fa-54766776a91e,OnDemand,,,948.43,,"{""errorType"":""FunctionAbnormalExitError""}"
,0AE60AD6E226644C212775A9AD9DBC3A-9,1762587849,FCRequestMetrics:/n-matmul-512,100,100,,,4521.42,n-matmul-512,false,e5c3b3dfa4c1,,c-690ef4b3-0cf1abd9-04675e7328d5,1762587844804,Sync,5272.91,1762587844053,21.0.3.10,false,512,24.79,InvokeFunction,,,LATEST,1-690ef4c4-0c0a43-5730990048fb,OnDemand,,,749.94,
,ED99555BBD66FF347A8C8145C62ABE99-14,1762587849,FCRequestMetrics:/n-matmul-512,100,100,,,3546.18,n-matmul-512,false,4bed96722f41,,c-690ef49c-0cf1abd9-8088ae7c339c,1762587846297,Sync,3786.75,1762587846057,21.0.3.8,false,512,41.81,InvokeFunction,,,LATEST,1-690ef4c6-0c49fa-87d9a35cf3af,OnDemand,,,239.26,
,1C05D5B02F01F46143D999E67440A343-1E,1762587849,FCRequestMetrics:/n-matmul-512,100,100,,,3614.64,n-matmul-512,false,ded09bee0b2d,,c-690ef48f-0cf1abd9-2bb86706a2c4,1762587845653,Sync,3859.05,1762587845410,21.0.3.9,false,512,28.93,InvokeFunction,,,LATEST,1-690ef4c5-0c49fa-b9b0e2f937ab,OnDemand,,,243.14,
,6448458DC5EEDA4B01194355EB33D0AF-19,1762587849,FCRequestMetrics:/n-matmul-512,100,100,,,3479.37,n-matmul-512,false,e9af6d91c5a8,,c-690ef492-0cf1abd9-8e96e2aae5ad,1762587845572,Sync,4528.23,1762587844524,21.0.3.11,false,512,27.14,InvokeFunction,,,LATEST,1-690ef4c4-0c0a43-2ad39c8b2e4e,OnDemand,,,1041.93,
,148C1B09986999E20AA0FF04F10942D0-1E,1762587849,FCRequestMetrics:/n-matmul-512,100,100,,,3662.21,n-matmul-512,false,aa1e2085073a,,c-690ef48f-0cf1abd9-2b72cdd5c5c2,1762587845551,Sync,4691.16,1762587844523,21.0.3.10,false,512,27.14,InvokeFunction,,,LATEST,1-690ef4c4-0c49fa-b2d245a810a6,OnDemand,,,1026.15,
,F898A01EEA6FFC9C575701D6D0948E55-1D,1762587849,FCRequestMetrics:/n-matmul-512,100,100,,,3444.73,n-matmul-512,false,7a16d098497d,,c-690ef48f-0cf1abd9-9a6242cc8b28,1762587845842,Sync,3809.82,1762587845478,21.0.3.8,false,512,26.88,InvokeFunction,,,LATEST,1-690ef4c5-0c0a43-e67e5f25c66c,OnDemand,,,362.48,
,447511FEAA2C196192B29D0355E78B1D-1E,1762587849,FCRequestMetrics:/n-matmul-512,100,100,,,3206.69,n-matmul-512,false,2be5f8bcaa9a,,c-690ef48f-0cf1abd9-405aaa419009,1762587846138,Sync,3666.96,1762587845679,21.0.3.9,false,512,28.68,InvokeFunction,,,LATEST,1-690ef4c5-0c0a43-4eebc1967561,OnDemand,,,458.80,
,B1B3EF35016788C3424F79DCBD83BB05-1E,1762587849,FCRequestMetrics:/n-matmul-512,100,100,,,3252.15,n-matmul-512,false,8e7a4967c312,,c-690ef48f-0cf1abd9-e1933dd451ba,1762587846578,Sync,3627.47,1762587846204,21.0.3.10,false,512,27.23,InvokeFunction,,,LATEST,1-690ef4c6-0c49fa-2ca576de2140,OnDemand,,,374.56,
,E28B31C1AD09CA2631349F2F5CD41FEA-A,1762587849,FCRequestMetrics:/n-matmul-512,100,100,,,3328.72,n-matmul-512,false,378303f5ffb1,,c-690ef4b4-0cf1abd9-4d6de11efb71,1762587846455,Sync,4039.84,1762587845745,21.0.3.9,false,512,28.69,InvokeFunction,,,LATEST,1-690ef4c6-0c0a43-ac44fe47d5cf,OnDemand,,,709.54,
,13AC9179567B6A88BE4E678F8CBCF027-12,1762587849,FCRequestMetrics:/n-matmul-512,100,100,,,3663.61,n-matmul-512,false,c1270f7ffdb8,,c-690ef4a1-0cf1abd9-661404bfd8df,1762587845374,Sync,4528.27,1762587844510,21.0.3.12,false,512,34.52,InvokeFunction,,,LATEST,1-690ef4c4-0c0a43-7be1bc8c43fe,OnDemand,,,863.74,
,90D8D68606671C7D3CC9428DB5D1A5ED-12,1762587849,FCRequestMetrics:/n-matmul-512,100,100,,,3852.58,n-matmul-512,false,43290576c1e6,,c-690ef4a1-0cf1abd9-784f475cf818,1762587845443,Sync,4777.86,1762587844519,21.0.3.11,false,512,34.46,InvokeFunction,,,LATEST,1-690ef4c4-0c49fa-22c8e378a072,OnDemand,,,924.09,
,D383B16911701B57D8112BE288DB8A26-B,1762587849,FCRequestMetrics:/n-matmul-512,100,100,,,3355.71,n-matmul-512,false,bb19602af764,,c-690ef4b1-0cf1abd9-7e88298a556b,1762587846163,Sync,4362.82,1762587845159,21.0.3.10,false,512,34.43,InvokeFunction,,,LATEST,1-690ef4c6-0c0a43-d5054f8c451c,OnDemand,,,1004.10,
,A07FED3AC0D9C87237C2A7F7FEAC1FF2-6,1762587849,FCRequestMetrics:/n-matmul-512,100,100,,,3224.41,n-matmul-512,false,5059a3c012ce,,c-690ef4bc-0cf1abd9-aaba1ef8e3d8,1762587846730,Sync,4072.74,1762587845882,21.0.3.8,false,512,99.18,InvokeFunction,,,LATEST,1-690ef4c7-0c0a43-a45c6891e2cb,OnDemand,,,847.11,
,C9A28A785F95831BC9FC8EA20129FD05-3,1762587849,FCRequestMetrics:/n-matmul-512,100,100,,,3688.25,n-matmul-512,false,4856bc7a68f1,,c-690ef4c1-0cf1abd9-aae68ff129ed,1762587845649,Sync,4025.46,1762587845313,21.0.3.6,false,512,39.46,InvokeFunction,,,LATEST,1-690ef4c5-0c0a43-6a85feef21f0,OnDemand,,,335.76,
,E336B2A6408E27B02C6CAB82C50088BC-4,1762587849,FCRequestMetrics:/n-matmul-512,100,100,,,3516.82,n-matmul-512,false,b76d94444b2f,,c-690ef4c1-0cf1abd9-48675e1450f8,1762587845655,Sync,3715.38,1762587845460,21.0.3.7,false,512,34.21,InvokeFunction,,,LATEST,1-690ef4c6-0c49fa-4bd95aa834c1,OnDemand,,,194.44,
,BD1D69C9267D95E53B2A79C6CB35D41D-1B,1762587849,FCRequestMetrics:/n-matmul-512,100,100,,,3175.18,n-matmul-512,false,987841b3d4f5,,c-690ef492-0cf1abd9-b72bb88bbd36,1762587846670,Sync,3605.66,1762587846240,21.0.3.12,false,512,36.38,InvokeFunction,,,LATEST,1-690ef4c6-0c49fa-02a86c8ebdc2,OnDemand,,,429.75,
,5D2FE67C0EB5779BF4214AF0D6312E51-14,1762587849,FCRequestMetrics:/n-matmul-512,100,100,,,3865.08,n-matmul-512,false,19252a223023,,c-690ef49c-0cf1abd9-daf5d7835f02,1762587845834,Sync,4263.77,1762587845436,21.0.3.10,false,512,38.48,InvokeFunction,,,LATEST,1-690ef4c5-0c49fa-18858a7e8dd1,OnDemand,,,394.52,
,537821DDAFE9614566F0064DDB274514-14,1762587849,FCRequestMetrics:/n-matmul-512,100,100,,,3728.04,n-matmul-512,false,e7a61b8cb4fe,,c-690ef4a1-0cf1abd9-564b243bc6a8,1762587845630,Sync,4160.15,1762587845199,21.0.3.8,false,512,36.71,InvokeFunction,,,LATEST,1-690ef4c5-0c49fa-e44c11cdb102,OnDemand,,,430.57,
,EAD7BD32D52FA8C0EC561AB86D8BB129-14,1762587849,FCRequestMetrics:/n-matmul-512,100,100,,,3967.60,n-matmul-512,false,9697e733b066,,c-690ef49e-0cf1abd9-b7f83cb23224,1762587845642,Sync,4354.70,1762587845255,21.0.3.10,false,512,36.28,InvokeFunction,,,LATEST,1-690ef4c5-0c0a43-45e14da8f12a,OnDemand,,,386.13,
,3D753EA828DEDBBB0DF10FE8437E0EE2-13,1762587849,FCRequestMetrics:/n-matmul-512,100,100,,,4149.04,n-matmul-512,false,13a75e602ffd,,c-690ef49e-0cf1abd9-124626cd631e,1762587845647,Sync,4496.47,1762587845302,21.0.3.12,false,512,38.07,InvokeFunction,,,LATEST,1-690ef4c5-0c49fa-e7c92f759e77,OnDemand,,,345.31,
,CA067C7B13641001A367D67FE1936091-1E,1762587849,FCRequestMetrics:/n-matmul-512,100,100,,,0.03,n-matmul-512,true,5046f6076057,,c-690ef490-0cf1abd9-851ce87263d1,1762587847735,Sync,2215.67,1762587846809,21.0.3.11,false,512,2.17,InvokeFunction,,,LATEST,1-690ef4c6-0c49fa-2948a5383fb4,OnDemand,,,925.59,,"{""errorType"":""FunctionAbnormalExitError""}"
,4D57B9EBA87590C7398CF6540746C6BE-1E,1762587849,FCRequestMetrics:/n-matmul-512,100,100,,,0.04,n-matmul-512,true,cf9fc6279e9f,,c-690ef490-0cf1abd9-f9b75dacbfca,1762587847894,Sync,1905.12,1762587847153,21.0.3.10,false,512,2.04,InvokeFunction,,,LATEST,1-690ef4c7-0c49fa-964df50d2484,OnDemand,,,741.44,,"{""errorType"":""FunctionAbnormalExitError""}"
,F91A17FDEE204113BD7FCEE97E77B19D-1E,1762587849,FCRequestMetrics:/n-matmul-512,100,100,,,0.07,n-matmul-512,true,b4a55f945517,,c-690ef48f-0cf1abd9-f3db6505083a,1762587848167,Sync,2006.14,1762587847486,21.0.3.12,false,512,4.07,InvokeFunction,,,LATEST,1-690ef4c7-0c0a43-3304f7ad941d,OnDemand,,,681.16,,"{""errorType"":""FunctionAbnormalExitError""}"
,805D0B9C50B0CFD3CF77F88B01A3CC36-1E,1762587849,FCRequestMetrics:/n-matmul-512,100,100,,,0.07,n-matmul-512,true,4277c8c89afa,,c-690ef490-0cf1abd9-df579b907295,1762587848194,Sync,1789.99,1762587847517,21.0.3.12,false,512,2.36,InvokeFunction,,,LATEST,1-690ef4c7-0c0a43-8f69ed66e608,OnDemand,,,676.94,,"{""errorType"":""FunctionAbnormalExitError""}"
,9DDF92507C03E777F745C0AA5C83C458-17,1762587849,FCRequestMetrics:/n-matmul-512,100,100,,,0.02,n-matmul-512,true,ab20715057dd,,c-690ef49e-0cf1abd9-a4d3e4836d71,1762587848284,Sync,1830.88,1762587847672,21.0.3.8,false,512,2.16,InvokeFunction,,,LATEST,1-690ef4c7-0c0a43-b01c319e7e45,OnDemand,,,611.67,,"{""errorType"":""FunctionAbnormalExitError""}"
,EC65B6B96723558D074A84C970ABFB6D-B,1762587850,FCRequestMetrics:/n-matmul-512,100,100,,,4153.53,n-matmul-512,false,dc0d493de807,,c-690ef4b3-0cf1abd9-88427ba7f908,1762587846108,Sync,4458.04,1762587845805,21.0.3.12,false,512,27.07,InvokeFunction,,,LATEST,1-690ef4c6-0c49fa-ce83b62f5440,OnDemand,,,303.07,
,715E1B0E1B21EEA77E59E1CCA6C827A1-A,1762587850,FCRequestMetrics:/n-matmul-512,100,100,,,4294.06,n-matmul-512,false,227434a33de2,,c-690ef4b3-0cf1abd9-7a1935f5d276,1762587846290,Sync,4692.14,1762587845895,21.0.3.11,false,512,27.13,InvokeFunction,,,LATEST,1-690ef4c6-0c49fa-b8ba46529361,OnDemand,,,394.70,
,78CD85FE04C684FD432ABFF362CBF50C-1B,1762587850,FCRequestMetrics:/n-matmul-512,100,100,,,3349.18,n-matmul-512,false,6999fff919fb,,c-690ef48f-0cf1abd9-6c6d9044c534,1762587847450,Sync,4302.95,1762587846497,21.0.3.9,false,512,39.78,InvokeFunction,,,LATEST,1-690ef4c6-0c0a43-3e4206637a95,OnDemand,,,952.04,
,3801AF28D1F06D15DE702CA3D1A78840-1E,1762587850,FCRequestMetrics:/n-matmul-512,100,100,,,3411.14,n-matmul-512,false,85f7f63caa28,,c-690ef48f-0cf1abd9-8d9a75cfa22a,1762587846699,Sync,3871.23,1762587846241,21.0.3.8,false,512,27.02,InvokeFunction,,,LATEST,1-690ef4c6-0c0a43-a17ce1b2ab55,OnDemand,,,457.63,
,F031090DB7497FBE9C5AA393E7E68561-1E,1762587850,FCRequestMetrics:/n-matmul-512,100,100,,,3595.29,n-matmul-512,false,ac449c8e7f33,,c-690ef48f-0cf1abd9-a7a4b84ee62d,1762587846755,Sync,4109.83,1762587846242,21.0.3.9,false,512,26.84,InvokeFunction,,,LATEST,1-690ef4c6-0c49fa-782540309858,OnDemand,,,511.75,
,FD6981321571EC68F9E27CDAD26BAC19-14,1762587850,FCRequestMetrics:/n-matmul-512,100,100,,,3326.89,n-matmul-512,false,b2349f9a27e7,,c-690ef49c-0cf1abd9-a2407a052b71,1762587847576,Sync,4287.49,1762587846617,21.0.3.12,false,512,37.89,InvokeFunction,,,LATEST,1-690ef4c6-0c49fa-57c170d1b42e,OnDemand,,,959.24,
,6C268265BE6071088D6F784688423FBC-14,1762587850,FCRequestMetrics:/n-matmul-512,100,100,,,4141.65,n-matmul-512,false,f3794d0f4bed,,c-690ef4a4-0cf1abd9-3f60d30fa7e2,1762587846836,Sync,4733.39,1762587846245,21.0.3.11,false,512,26.80,InvokeFunction,,,LATEST,1-690ef4c6-0c49fa-de9a1e34d7c3,OnDemand,,,589.99,
,D57BF307AB3C1DBB07F853EA29DFAA8E-1E,1762587850,FCRequestMetrics:/n-matmul-512,100,100,,,3456.17,n-matmul-512,false,4a02a8b2ccf7,,c-690ef48f-0cf1abd9-3378a67d936f,1762587847299,Sync,4507.27,1762587846249,21.0.3.10,false,512,28.36,InvokeFunction,,,LATEST,1-690ef4c6-0c49fa-e2eba1cecd7f,OnDemand,,,1049.68,
,E4C186C27FC2E01612D2685505BDC1C8-B,1762587850,FCRequestMetrics:/n-matmul-512,100,100,,,3207.89,n-matmul-512,false,2f46f223d44b,,c-690ef4b3-0cf1abd9-b7dfa30d9e6b,1762587847334,Sync,3558.00,1762587846985,21.0.3.8,false,512,34.58,InvokeFunction,,,LATEST,1-690ef4c8-0c49fa-d62fdd7fc99d,OnDemand,,,349.35,
,BD9BE3600CF3EADC822FC16C6CE56C55-6,1762587850,FCRequestMetrics:/n-matmul-512,100,100,,,3256.61,n-matmul-512,false,a90b8e21cc4e,,c-690ef4bd-0cf1abd9-4533cb176176,1762587847076,Sync,3456.23,1762587846878,21.0.3.10,false,512,39.50,InvokeFunction,,,LATEST,1-690ef4c8-0c49fa-bab136d16853,OnDemand,,,198.01,
,47EEBB4524D816241D6164558AEC1FDB-6,1762587850,FCRequestMetrics:/n-matmul-512,100,100,,,3044.61,n-matmul-512,false,cf2f5a306fef,,c-690ef4bc-0cf1abd9-4bc9539c85b8,1762587847221,Sync,3381.01,1762587846885,21.0.3.9,false,512,40.00,InvokeFunction,,,LATEST,1-690ef4c8-0c0a43-5a48d4479d18,OnDemand,,,335.23,
,A6333F63464BC687DF1965DBFE05F1DB-1D,1762587850,FCRequestMetrics:/n-matmul-512,100,100,,,3240.48,n-matmul-512,false,3e88eb377bf5,,c-690ef490-0cf1abd9-507f1daf6985,1762587847599,Sync,4149.03,1762587846691,21.0.3.11,false,512,27.07,InvokeFunction,,,LATEST,1-690ef4c6-0c49fa-a092a9e1d433,OnDemand,,,907.48,
,27BDDCAD80E91AC92FDFCC1C9A1A4216-B,1762587850,FCRequestMetrics:/n-matmul-512,100,100,,,3199.52,n-matmul-512,false,2ff8f58d97fc,,c-690ef4b4-0cf1abd9-3de0c61b5b68,1762587847422,Sync,4204.69,1762587846418,21.0.3.10,false,512,26.84,InvokeFunction,,,LATEST,1-690ef4c6-0c49fa-af8ae35ff7a4,OnDemand,,,1003.35,
,CF8B8E5EDA76CE1E15E6DE137B05F0FC-6,1762587850,FCRequestMetrics:/n-matmul-512,100,100,,,2810.48,n-matmul-512,false,09ed6314a647,,c-690ef4bd-0cf1abd9-4b304ea77a49,1762587847655,Sync,3418.12,1762587847048,21.0.3.12,false,512,37.91,InvokeFunction,,,LATEST,1-690ef4c8-0c0a43-9130d5718dea,OnDemand,,,606.48,
,386DA6364528A35F673B30D821826132-B,1762587850,FCRequestMetrics:/n-matmul-512,100,100,,,3177.97,n-matmul-512,false,2f0b32a49385,,c-690ef4b1-0cf1abd9-06c370eb6fc5,1762587847713,Sync,3369.01,1762587847523,21.0.3.12,false,512,34.48,InvokeFunction,,,LATEST,1-690ef4c8-0c49fa-b8b7dd5c85e4,OnDemand,,,190.06,
,C2EB2A92BA9B62B2586CA2C02FC71F03-6,1762587850,FCRequestMetrics:/n-matmul-512,100,100,,,2829.96,n-matmul-512,false,d33c82b43d3d,,c-690ef4bd-0cf1abd9-a491e17680d2,1762587847493,Sync,3451.10,1762587846873,21.0.3.8,false,512,99.23,InvokeFunction,,,LATEST,1-690ef4c8-0c49fa-fc2ca6ea7cc1,OnDemand,,,620.14,
,22262E23B35913584F104007F60CDE44-1E,1762587850,FCRequestMetrics:/n-matmul-512,100,100,,,3215.61,n-matmul-512,false,5c984f724ebf,,c-690ef48f-0cf1abd9-4d671f684c9c,1762587847600,Sync,4110.95,1762587846706,21.0.3.9,false,512,27.03,InvokeFunction,,,LATEST,1-690ef4c6-0c0a43-65f3eeefae53,OnDemand,,,893.85,
,3BDEEDD6F6C1B51E5137A970AE75BAA4-1B,1762587850,FCRequestMetrics:/n-matmul-512,100,100,,,2996.23,n-matmul-512,false,3b2b33dbd196,,c-690ef492-0cf1abd9-bbdff8eda83c,1762587847615,Sync,3806.55,1762587846806,21.0.3.9,false,512,34.13,InvokeFunction,,,LATEST,1-690ef4c6-0c49fa-42f140078c0b,OnDemand,,,808.56,
,03A714A9772EC266AA0C3B3C7C5F7666-6,1762587850,FCRequestMetrics:/n-matmul-512,100,100,,,2986.81,n-matmul-512,false,579930c5ac3a,,c-690ef4bd-0cf1abd9-7053d50dd4cd,1762587847671,Sync,3784.85,1762587846875,21.0.3.10,false,512,39.78,InvokeFunction,,,LATEST,1-690ef4c8-0c0a43-30003729bda0,OnDemand,,,795.83,
,FFBE1F54232C7105BB9D9D9815146807-A,1762587850,FCRequestMetrics:/n-matmul-512,100,100,,,3389.78,n-matmul-512,false,4210c93d9e28,,c-690ef4b2-0cf1abd9-734e58adbe38,1762587846860,Sync,4365.24,1762587845887,21.0.3.10,false,512,34.52,InvokeFunction,,,LATEST,1-690ef4c6-0c0a43-1b0aa7e51497,OnDemand,,,973.28,
,86C97E3549B8E428464CF6B56B68BFDC-B,1762587850,FCRequestMetrics:/n-matmul-512,100,100,,,3247.36,n-matmul-512,false,5a3240bb4b57,,c-690ef4b1-0cf1abd9-ef240bcd1d76,1762587847026,Sync,3999.38,1762587846275,21.0.3.12,false,512,34.42,InvokeFunction,,,LATEST,1-690ef4c7-0c0a43-3e4d6969dec0,OnDemand,,,750.96,
,8C91CD9281F35024322C2F606CD0B1FE-6,1762587850,FCRequestMetrics:/n-matmul-512,100,100,,,3108.01,n-matmul-512,false,44c83b518121,,c-690ef4bd-0cf1abd9-e8c2a2bb7f02,1762587847654,Sync,3714.75,1762587847048,21.0.3.11,false,512,39.95,InvokeFunction,,,LATEST,1-690ef4c8-0c0a43-2637681214a4,OnDemand,,,605.49,
,19D19504A7F011D98456D47931F40832-B,1762587850,FCRequestMetrics:/n-matmul-512,100,100,,,3318.16,n-matmul-512,false,d76a12fc0134,,c-690ef4b1-0cf1abd9-3da89f7b182b,1762587847074,Sync,4152.57,1762587846241,21.0.3.11,false,512,36.55,InvokeFunction,,,LATEST,1-690ef4c7-0c0a43-42b560b6a661,OnDemand,,,833.24,
,32D30CAFDEB66ED4BA2C61AB57673DE9-6,1762587850,FCRequestMetrics:/n-matmul-512,100,100,,,3063.52,n-matmul-512,false,1e73088b591b,,c-690ef4bd-0cf1abd9-2266afd5303d,1762587847815,Sync,3799.76,1762587847079,21.0.3.9,false,512,41.43,InvokeFunction,,,LATEST,1-690ef4c8-0c0a43-24e744d1d5a9,OnDemand,,,735.29,
,5E37C0E4F38EC01A59BF0AC51B37D7D9-A,1762587850,FCRequestMetrics:/n-matmul-512,100,100,,,3539.50,n-matmul-512,false,675e218faad5,,c-690ef4b2-0cf1abd9-5c68fc00ab92,1762587847259,Sync,4398.76,1762587846401,21.0.3.12,false,512,36.08,InvokeFunction,,,LATEST,1-690ef4c6-0c0a43-6c9f13f8767c,OnDemand,,,858.45,
,395AF19B30E923F04509691974E770B2-B,1762587850,FCRequestMetrics:/n-matmul-512,100,100,,,3226.99,n-matmul-512,false,16c28b2331e7,,c-690ef4b3-0cf1abd9-03841df006e6,1762587847214,Sync,3879.26,1762587846563,21.0.3.9,false,512,36.14,InvokeFunction,,,LATEST,1-690ef4c7-0c0a43-934e6044c535,OnDemand,,,651.29,
,8009EC769EAF82E94BE4682B8C0E45B5-3,1762587850,FCRequestMetrics:/n-matmul-512,100,100,,,3732.61,n-matmul-512,false,e18d84b3712e,,c-690ef4c1-0cf1abd9-2df610e1f3e8,1762587846916,Sync,4643.34,1762587846007,21.0.3.8,false,512,34.28,InvokeFunction,,,LATEST,1-690ef4c6-0c0a43-cd5d881c7b59,OnDemand,,,908.79,
,D09BCBD485576D911D13CE495A97C108-B,1762587850,FCRequestMetrics:/n-matmul-512,100,100,,,3235.29,n-matmul-512,false,67959926d07f,,c-690ef4b3-0cf1abd9-62c5a8cabd6b,1762587847312,Sync,3877.33,1762587846671,21.0.3.10,false,512,34.26,InvokeFunction,,,LATEST,1-690ef4c7-0c0a43-cf60eeca99a0,OnDemand,,,641.07,
,F07C00865CBCDDD3603F2861EC1005E7-1B,1762587850,FCRequestMetrics:/n-matmul-512,100,100,,,3512.70,n-matmul-512,false,23ed8e688827,,c-690ef48f-0cf1abd9-c9d277f8db04,1762587847110,Sync,4375.78,1762587846248,21.0.3.12,false,512,36.43,InvokeFunction,,,LATEST,1-690ef4c6-0c49fa-5dc14d6bed1e,OnDemand,,,861.92,
,7C823A060900EA64C601C711AE9A8E7B-1C,1762587850,FCRequestMetrics:/n-matmul-512,100,100,,,3067.87,n-matmul-512,false,a9c1f9cad0fa,,c-690ef492-0cf1abd9-41b4dd0accbf,1762587847367,Sync,4098.91,1762587846337,21.0.3.10,false,512,36.34,InvokeFunction,,,LATEST,1-690ef4c6-0c49fa-0d39ae3ee98f,OnDemand,,,1030.36,
,B6CBE8EBA74250AA907E560C90566BB4-16,1762587850,FCRequestMetrics:/n-matmul-512,100,100,,,3498.97,n-matmul-512,false,ab282a8889ea,,c-690ef49c-0cf1abd9-bbfeef60bc24,1762587846582,Sync,3869.20,1762587846233,21.0.3.11,false,512,36.74,InvokeFunction,,,LATEST,1-690ef4c6-0c0a43-eb34197d48f9,OnDemand,,,348.92,
,9ADEFA90B0D30226FA9EC5C9D5AE07C5-14,1762587850,FCRequestMetrics:/n-matmul-512,100,100,,,3703.47,n-matmul-512,false,720d5821fc65,,c-690ef4a1-0cf1abd9-d2a0858351d9,1762587846841,Sync,4295.11,1762587846250,21.0.3.9,false,512,38.57,InvokeFunction,,,LATEST,1-690ef4c6-0c0a43-fde35ccc7074,OnDemand,,,590.75,
,414BD1893AE2054C5F533C4E4BFB2474-16,1762587850,FCRequestMetrics:/n-matmul-512,100,100,,,3394.49,n-matmul-512,false,e09eb6f846c4,,c-690ef49c-0cf1abd9-96967c00da02,1762587846581,Sync,3766.31,1762587846235,21.0.3.9,false,512,36.23,InvokeFunction,,,LATEST,1-690ef4c6-0c0a43-93c86cc99344,OnDemand,,,346.58,
,3638871BA5BA6CB81D64084B08F55201-20,1762587850,FCRequestMetrics:/n-matmul-512,100,100,,,3046.74,n-matmul-512,false,d9ddc014a95e,,c-690ef48f-0cf1abd9-ec0c220edbce,1762587847635,Sync,3879.74,1762587846808,21.0.3.8,false,512,36.69,InvokeFunction,,,LATEST,1-690ef4c6-0c0a43-f185edfa1853,OnDemand,,,827.27,
,9E860D881BD9449D0F2C4975F44F7ABC-D,1762587850,FCRequestMetrics:/n-matmul-512,100,100,,,3302.02,n-matmul-512,false,dc22095edf84,,c-690ef4b1-0cf1abd9-834eca231e91,1762587847476,Sync,3951.91,1762587846827,21.0.3.9,false,512,36.36,InvokeFunction,,,LATEST,1-690ef4c7-0c0a43-0bf8133064de,OnDemand,,,648.69,
,9095B2C1B61D208836CC9B1C85A0D40A-D,1762587850,FCRequestMetrics:/n-matmul-512,100,100,,,3266.02,n-matmul-512,false,ca295ccdb9ef,,c-690ef4b1-0cf1abd9-20d8276cdfb4,1762587847339,Sync,4128.69,1762587846477,21.0.3.8,false,512,36.66,InvokeFunction,,,LATEST,1-690ef4c7-0c0a43-ec2df4bec280,OnDemand,,,861.68,
,D47609DF0A0B8379D6163E9247FE0B62-D,1762587850,FCRequestMetrics:/n-matmul-512,100,100,,,3189.37,n-matmul-512,false,94f30db206a9,,c-690ef4b1-0cf1abd9-5ce21036fb60,1762587847448,Sync,3468.77,1762587847170,21.0.3.9,false,512,40.07,InvokeFunction,,,LATEST,1-690ef4c8-0c49fa-8eb81d681378,OnDemand,,,278.33,
,023E1362E98622AC0BA42C246E757652-D,1762587850,FCRequestMetrics:/n-matmul-512,100,100,,,4718.27,n-matmul-512,false,c2dc25ac0291,,c-690ef4b3-0cf1abd9-482c4f6b212d,1762587845435,Sync,5082.92,1762587845072,21.0.3.9,false,512,26.66,InvokeFunction,,,LATEST,1-690ef4c5-0c49fa-4b7629a68cda,OnDemand,,,362.81,
,F633B574683DE8AA2BF0D3EEBDF4C796-B,1762587851,FCRequestMetrics:/n-matmul-512,100,100,,,3192.22,n-matmul-512,false,2aab02d9eb5a,,c-690ef4b2-0cf1abd9-a85fa9ced593,1762587848222,Sync,3463.31,1762587847952,21.0.3.8,false,512,34.13,InvokeFunction,,,LATEST,1-690ef4c8-0c49fa-d946a21ec661,OnDemand,,,270.36,
,22E833C237D88A72ACDEEBC774861945-3,1762587851,FCRequestMetrics:/n-matmul-512,100,100,,,3796.68,n-matmul-512,false,3ad91ce1f715,,c-690ef4c1-0cf1abd9-a9ad8a9b0501,1762587847392,Sync,4810.47,1762587846379,21.0.3.5,false,512,85.69,InvokeFunction,,,LATEST,1-690ef4c6-0c49fa-e96d81fd4414,OnDemand,,,1013.11,
,60315181B24B66886819325A3EA49E6F-16,1762587851,FCRequestMetrics:/n-matmul-512,100,100,,,3055.28,n-matmul-512,false,0d1aec41c426,,c-690ef49e-0cf1abd9-079fb8593d22,1762587848462,Sync,3314.51,1762587848204,21.0.3.9,false,512,37.86,InvokeFunction,,,LATEST,1-690ef4c8-0c49fa-b7295915f9cf,OnDemand,,,258.16,
,2C250D9B2FF86C019F81DAC520815883-13,1762587851,FCRequestMetrics:/n-matmul-512,100,100,,,3775.49,n-matmul-512,false,52c1693be583,,c-690ef4a4-0cf1abd9-b2b9a6cf3285,1762587847395,Sync,4789.65,1762587846381,21.0.3.10,false,512,27.13,InvokeFunction,,,LATEST,1-690ef4c6-0c49fa-0c5d5c702af9,OnDemand,,,1013.41,
,5F3A1644AB2A1C8B074AB8754A10A293-12,1762587851,FCRequestMetrics:/n-matmul-512,100,100,,,3627.87,n-matmul-512,false,69f1f8b4cc9d,,c-690ef4a4-0cf1abd9-06b3493bf27e,1762587847494,Sync,4508.73,1762587846615,21.0.3.12,false,512,27.06,InvokeFunction,,,LATEST,1-690ef4c6-0c49fa-ed6ab501b979,OnDemand,,,876.90,
,6CCFB4E4193C923DA012941FDF8BA7C1-1B,1762587851,FCRequestMetrics:/n-matmul-512,100,100,,,3623.16,n-matmul-512,false,1ea218c34989,,c-690ef48f-0cf1abd9-4c65696b73c9,1762587847966,Sync,4330.40,1762587847259,21.0.3.11,false,512,39.71,InvokeFunction,,,LATEST,1-690ef4c7-0c49fa-95d5003ad4f1,OnDemand,,,706.38,
,52D7D507918D931708B22C4CE8E63CCC-B,1762587851,FCRequestMetrics:/n-matmul-512,100,100,,,3264.09,n-matmul-512,false,7e3f21c3452b,,c-690ef4b2-0cf1abd9-448ba4a6e619,1762587848146,Sync,3466.39,1762587847945,21.0.3.9,false,512,34.22,InvokeFunction,,,LATEST,1-690ef4c8-0c0a43-57d0874a1b72,OnDemand,,,201.14,
,5F40BF3643AE590E1A0AFBFC2BB1CC92-A,1762587851,FCRequestMetrics:/n-matmul-512,100,100,,,3379.95,n-matmul-512,false,918ade19bbee,,c-690ef4b1-0cf1abd9-3df7810e23e4,1762587847653,Sync,4089.36,1762587846944,21.0.3.11,false,512,36.19,InvokeFunction,,,LATEST,1-690ef4c7-0c49fa-6586cdbd8299,OnDemand,,,708.55,
,7F41C0AC9649E78CE4E6389BA04F93F7-1E,1762587851,FCRequestMetrics:/n-matmul-512,100,100,,,3332.99,n-matmul-512,false,2f9a827ac39a,,c-690ef48f-0cf1abd9-d481ef5b70cb,1762587847865,Sync,4327.32,1762587846872,21.0.3.12,false,512,27.14,InvokeFunction,,,LATEST,1-690ef4c6-0c0a43-10b15ad3cc2a,OnDemand,,,993.33,
,A58D23371A460570694E59E83C205D35-1D,1762587851,FCRequestMetrics:/n-matmul-512,100,100,,,3197.15,n-matmul-512,false,f5099c18cdf1,,c-690ef48f-0cf1abd9-aa29b9d0aa99,1762587848047,Sync,3970.14,1762587847276,21.0.3.11,false,512,27.07,InvokeFunction,,,LATEST,1-690ef4c7-0c49fa-4688e03a0e2b,OnDemand,,,770.39,
,7780C0688E26C68EB0D69712BCDE475F-1E,1762587851,FCRequestMetrics:/n-matmul-512,100,100,,,3137.47,n-matmul-512,false,333740b1eaee,,c-690ef490-0cf1abd9-b30a2e13f5eb,1762587848079,Sync,3918.73,1762587847299,21.0.3.12,false,512,29.32,InvokeFunction,,,LATEST,1-690ef4c7-0c0a43-e2d4d70cb0f8,OnDemand,,,779.51,
,67EF79BC30A82AE98BE59702C8F66831-6,1762587851,FCRequestMetrics:/n-matmul-512,100,100,,,3003.65,n-matmul-512,false,9d91d3cbe239,,c-690ef4bd-0cf1abd9-3b4ee6796d7a,1762587848032,Sync,3351.44,1762587847685,21.0.3.11,false,512,38.04,InvokeFunction,,,LATEST,1-690ef4c9-0c0a43-b3e41286e28e,OnDemand,,,346.73,
,B23CDAA9EFB02072F2EA6F095891B977-B,1762587851,FCRequestMetrics:/n-matmul-512,100,100,,,3660.57,n-matmul-512,false,01cbc6dce386,,c-690ef4b2-0cf1abd9-ad92bd478abd,1762587847906,Sync,4275.86,1762587847292,21.0.3.11,false,512,34.21,InvokeFunction,,,LATEST,1-690ef4c7-0c0a43-ca23104bbdc7,OnDemand,,,613.55,
,AF248E24051D33CE2911D9A18C89C2D3-4,1762587851,FCRequestMetrics:/n-matmul-512,100,100,,,3910.70,n-matmul-512,false,8c4cd304f247,,c-690ef4c1-0cf1abd9-e614043a0e89,1762587847318,Sync,5504.29,1762587845726,21.0.3.10,false,512,34.56,InvokeFunction,,,LATEST,1-690ef4c6-0c49fa-fd043342c6e1,OnDemand,,,1592.15,
,5A4B169E4A6A12AF96E6A9F31574ACDB-6,1762587851,FCRequestMetrics:/n-matmul-512,104,104,,,2690.94,n-matmul-512,false,e49c1078154a,,c-690ef4bd-0cf1abd9-52730e96d71d,1762587848842,Sync,3116.85,1762587848417,21.0.3.12,false,512,39.81,InvokeFunction,,,LATEST,1-690ef4c9-0c0a43-1ed144a3da15,OnDemand,,,425.23,
,32144092075796B61E66CC5CB449FE74-1E,1762587851,FCRequestMetrics:/n-matmul-512,100,100,,,2993.76,n-matmul-512,false,4e09d5ee1757,,c-690ef48f-0cf1abd9-c9b2724f454d,1762587848661,Sync,3365.42,1762587848291,21.0.3.11,false,512,26.80,InvokeFunction,,,LATEST,1-690ef4c8-0c49fa-e8a65782545b,OnDemand,,,370.29,
,B50B6C7E4A9EFD8ADCDAE8E71A8A357B-1E,1762587851,FCRequestMetrics:/n-matmul-512,100,100,,,3078.15,n-matmul-512,false,0c3cf93849f8,,c-690ef48f-0cf1abd9-ad135b628654,1762587848884,Sync,3665.78,1762587848298,21.0.3.8,false,512,26.97,InvokeFunction,,,LATEST,1-690ef4c8-0c0a43-4f4f9dd8dcc2,OnDemand,,,585.64,
,8A4C9F8EC0081A54D335C35B65D1357D-14,1762587851,FCRequestMetrics:/n-matmul-512,100,100,,,3885.81,n-matmul-512,false,1c5ca9e1c7f9,,c-690ef4a4-0cf1abd9-274debaa5e8f,1762587847737,Sync,4811.83,1762587846812,21.0.3.9,false,512,36.78,InvokeFunction,,,LATEST,1-690ef4c6-0c0a43-759ea32f5228,OnDemand,,,925.00,
,4D57B9EBA87590C7398CF6540746C6BE-1E,1762587851,FCRequestMetrics:/n-matmul-512,100,100,,,2831.00,n-matmul-512,false,cf9fc6279e9f,,c-690ef490-0cf1abd9-f9b75dacbfca,1762587849061,Sync,3590.47,1762587848303,21.0.3.10,false,512,27.19,InvokeFunction,,,LATEST,1-690ef4c8-0c0a43-4efa4e159675,OnDemand,,,756.46,
,49B64A5B3FBA9FC6678BE15B3FA1CAE0-B,1762587851,FCRequestMetrics:/n-matmul-512,100,100,,,3222.74,n-matmul-512,false,b69b715c17a5,,c-690ef4b3-0cf1abd9-2077a8676f3b,1762587848261,Sync,4001.12,1762587847494,21.0.3.11,false,512,34.59,InvokeFunction,,,LATEST,1-690ef4c8-0c0a43-e8f11c634553,OnDemand,,,767.17,
,3D3F830804794EE934A3F39C618D6DA7-A,1762587851,FCRequestMetrics:/n-matmul-512,100,100,,,3029.37,n-matmul-512,false,a5074fb07ccb,,c-690ef4b3-0cf1abd9-4204fc55cfbc,1762587848343,Sync,3441.64,1762587847934,21.0.3.12,false,512,40.12,InvokeFunction,,,LATEST,1-690ef4c8-0c0a43-b1bc9782d6a8,OnDemand,,,409.20,
,1F1FFC412871BA58DE9DD242432C9C35-1D,1762587851,FCRequestMetrics:/n-matmul-512,100,100,,,3222.84,n-matmul-512,false,a2dfb552053b,,c-690ef492-0cf1abd9-8c97f365993b,1762587848164,Sync,4131.43,1762587847256,21.0.3.8,false,512,36.18,InvokeFunction,,,LATEST,1-690ef4c7-0c0a43-cc82ec3a955f,OnDemand,,,907.55,
,028699F502CA3D7E230041FC52AB4DE5-D,1762587851,FCRequestMetrics:/n-matmul-512,100,100,,,3201.36,n-matmul-512,false,c3f0f0de03a0,,c-690ef4b1-0cf1abd9-f906b5304a3d,1762587847845,Sync,3712.48,1762587847334,21.0.3.8,false,512,36.29,InvokeFunction,,,LATEST,1-690ef4c8-0c0a43-56255e4ee1cb,OnDemand,,,510.09,
,ED99555BBD66FF347A8C8145C62ABE99-17,1762587851,FCRequestMetrics:/n-matmul-512,101,101,,,0.03,n-matmul-512,true,4bed96722f41,,c-690ef49c-0cf1abd9-8088ae7c339c,1762587849847,Sync,1772.96,1762587849385,21.0.3.8,false,512,4.18,InvokeFunction,,,LATEST,1-690ef4c9-0c0a43-27ffab441485,OnDemand,,,462.03,,"{""errorType"":""FunctionAbnormalExitError""}"
,BF0051A2DC4BF4DDC3679E47B8B32C9C-6,1762587851,FCRequestMetrics:/n-matmul-512,100,100,,,3070.67,n-matmul-512,false,e797c285140c,,c-690ef4c0-0cf1abd9-8278610d83f5,1762587847938,Sync,3511.12,1762587847498,21.0.3.8,false,512,56.08,InvokeFunction,,,LATEST,1-690ef4c9-0c49fa-931d701a1eb4,OnDemand,,,439.43,
,78CD85FE04C684FD432ABFF362CBF50C-1D,1762587851,FCRequestMetrics:/n-matmul-512,105,105,,,0.03,n-matmul-512,true,6999fff919fb,,c-690ef48f-0cf1abd9-6c6d9044c534,1762587850803,Sync,1967.48,1762587850021,21.0.3.9,false,512,2.09,InvokeFunction,,,LATEST,1-690ef4ca-0c0a43-a73a555961e5,OnDemand,,,782.25,,"{""errorType"":""FunctionAbnormalExitError""}"
,30B0C091F501AEB24D6930948CD8CD12-6,1762587851,FCRequestMetrics:/n-matmul-512,102,102,,,3040.75,n-matmul-512,false,f585a3de42a9,,c-690ef4c0-0cf1abd9-2f59d877e38b,1762587848413,Sync,3616.33,1762587847839,21.0.3.10,false,512,66.68,InvokeFunction,,,LATEST,1-690ef4c9-0c0a43-ddbc93da35b5,OnDemand,,,573.34,
,333D4C666C8B83BB41B1C7D79452A532-5,1762587851,FCRequestMetrics:/n-matmul-512,103,103,,,3271.46,n-matmul-512,false,e3c6c131f32d,,c-690ef4c0-0cf1abd9-c5743552479f,1762587848541,Sync,3638.38,1762587848175,21.0.3.9,false,512,40.67,InvokeFunction,,,LATEST,1-690ef4c9-0c49fa-2cf211f76c59,OnDemand,,,365.87,
,812F252289DEF5D6E7CEF166CCF20854-6,1762587851,FCRequestMetrics:/n-matmul-512,103,103,,,3192.90,n-matmul-512,false,7cd4cf254b2b,,c-690ef4c0-0cf1abd9-f295f1869449,1762587848526,Sync,3578.03,1762587848144,21.0.3.11,false,512,40.41,InvokeFunction,,,LATEST,1-690ef4c9-0c49fa-ea6b81da623c,OnDemand,,,382.00,
,C1D7342C162E0433E3DCC69A36E49279-16,1762587852,FCRequestMetrics:/n-matmul-512,100,100,,,3090.33,n-matmul-512,false,c1850f6d6120,,c-690ef49e-0cf1abd9-bea541164f91,1762587848952,Sync,3750.99,1762587848300,21.0.3.11,false,512,39.60,InvokeFunction,,,LATEST,1-690ef4c8-0c49fa-713438db4965,OnDemand,,,652.25,
,7FDD645C18A05AFCA1EE540844E336B4-1B,1762587852,FCRequestMetrics:/n-matmul-512,100,100,,,3541.12,n-matmul-512,false,005047e6f771,,c-690ef48f-0cf1abd9-a4e85c44b759,1762587848505,Sync,3763.43,1762587848285,21.0.3.10,false,512,39.80,InvokeFunction,,,LATEST,1-690ef4c8-0c49fa-1333f80a1036,OnDemand,,,219.80,
,A61C5B29A1D7F2390D1E51D697C6283B-B,1762587852,FCRequestMetrics:/n-matmul-512,100,100,,,3615.55,n-matmul-512,false,14782dc1bc2e,,c-690ef4b4-0cf1abd9-744e5d667f19,1762587848619,Sync,4270.70,1762587847965,21.0.3.12,false,512,31.01,InvokeFunction,,,LATEST,1-690ef4c8-0c49fa-6bc9d9b30208,OnDemand,,,653.56,
,A89833F386C2C0AAB19D937BC0A8D2F3-B,1762587852,FCRequestMetrics:/n-matmul-512,100,100,,,3771.19,n-matmul-512,false,ea0bccbe44d2,,c-690ef4b4-0cf1abd9-c9ccab6a1a6a,1762587848530,Sync,4352.56,1762587847954,21.0.3.8,false,512,27.30,InvokeFunction,,,LATEST,1-690ef4c8-0c49fa-7a7793b0b5cc,OnDemand,,,575.53,
,604D7A139A336D459A8701B8728ED443-B,1762587852,FCRequestMetrics:/n-matmul-512,100,100,,,3797.93,n-matmul-512,false,3ccc09a5376a,,c-690ef4b4-0cf1abd9-6384931551e4,1762587848668,Sync,4498.96,1762587847969,21.0.3.11,false,512,27.13,InvokeFunction,,,LATEST,1-690ef4c8-0c0a43-3bbe4522f945,OnDemand,,,698.07,
,5D2FE67C0EB5779BF4214AF0D6312E51-14,1762587852,FCRequestMetrics:/n-matmul-512,100,100,,,3182.89,n-matmul-512,false,19252a223023,,c-690ef49c-0cf1abd9-daf5d7835f02,1762587849704,Sync,3609.27,1762587849279,21.0.3.10,false,512,41.60,InvokeFunction,,,LATEST,1-690ef4c9-0c49fa-c8fb6db3f6eb,OnDemand,,,425.18,
,A0E18646E4ED1862BB7852A818D6BD84-1E,1762587852,FCRequestMetrics:/n-matmul-512,100,100,,,3726.98,n-matmul-512,false,455c2c4df2d2,,c-690ef48f-0cf1abd9-fff0447ff1dc,1762587848452,Sync,3979.09,1762587848200,21.0.3.8,false,512,26.68,InvokeFunction,,,LATEST,1-690ef4c8-0c49fa-cb6f88bcddd9,OnDemand,,,251.19,
,537821DDAFE9614566F0064DDB274514-14,1762587852,FCRequestMetrics:/n-matmul-512,100,100,,,3424.27,n-matmul-512,false,e7a61b8cb4fe,,c-690ef4a1-0cf1abd9-564b243bc6a8,1762587849364,Sync,3858.48,1762587848930,21.0.3.8,false,512,39.83,InvokeFunction,,,LATEST,1-690ef4c8-0c49fa-8620f8c85f3d,OnDemand,,,433.30,
,EAD7BD32D52FA8C0EC561AB86D8BB129-14,1762587852,FCRequestMetrics:/n-matmul-512,100,100,,,3307.92,n-matmul-512,false,9697e733b066,,c-690ef49e-0cf1abd9-b7f83cb23224,1762587849613,Sync,3668.29,1762587849254,21.0.3.10,false,512,40.13,InvokeFunction,,,LATEST,1-690ef4c9-0c49fa-eee37428450c,OnDemand,,,359.04,
,CA067C7B13641001A367D67FE1936091-1E,1762587852,FCRequestMetrics:/n-matmul-512,100,100,,,3094.74,n-matmul-512,false,5046f6076057,,c-690ef490-0cf1abd9-851ce87263d1,1762587849027,Sync,3820.95,1762587848302,21.0.3.11,false,512,27.13,InvokeFunction,,,LATEST,1-690ef4c8-0c49fa-17c0ba9871c5,OnDemand,,,725.30,
,F91A17FDEE204113BD7FCEE97E77B19D-1E,1762587852,FCRequestMetrics:/n-matmul-512,100,100,,,3014.18,n-matmul-512,false,b4a55f945517,,c-690ef48f-0cf1abd9-f3db6505083a,1762587849496,Sync,3416.80,1762587849095,21.0.3.12,false,512,26.63,InvokeFunction,,,LATEST,1-690ef4c9-0c49fa-b59b48ca90e5,OnDemand,,,398.95,
,805D0B9C50B0CFD3CF77F88B01A3CC36-1E,1762587852,FCRequestMetrics:/n-matmul-512,100,100,,,3016.40,n-matmul-512,false,4277c8c89afa,,c-690ef490-0cf1abd9-df579b907295,1762587849309,Sync,3565.82,1762587848764,21.0.3.12,false,512,27.00,InvokeFunction,,,LATEST,1-690ef4c8-0c0a43-1148a268b2b0,OnDemand,,,544.38,
,9DDF92507C03E777F745C0AA5C83C458-17,1762587852,FCRequestMetrics:/n-matmul-512,100,100,,,3410.61,n-matmul-512,false,ab20715057dd,,c-690ef49e-0cf1abd9-a4d3e4836d71,1762587849505,Sync,3797.09,1762587849119,21.0.3.8,false,512,26.84,InvokeFunction,,,LATEST,1-690ef4c9-0c49fa-f0f51b37e486,OnDemand,,,385.35,
,0AE60AD6E226644C212775A9AD9DBC3A-B,1762587852,FCRequestMetrics:/n-matmul-512,100,100,,,3474.77,n-matmul-512,false,e5c3b3dfa4c1,,c-690ef4b3-0cf1abd9-04675e7328d5,1762587849330,Sync,3821.46,1762587848984,21.0.3.10,false,512,32.50,InvokeFunction,,,LATEST,1-690ef4c9-0c0a43-701847c9fbd4,OnDemand,,,345.58,
,1C05D5B02F01F46143D999E67440A343-20,1762587852,FCRequestMetrics:/n-matmul-512,100,100,,,3014.07,n-matmul-512,false,ded09bee0b2d,,c-690ef48f-0cf1abd9-2bb86706a2c4,1762587849283,Sync,3991.87,1762587848306,21.0.3.9,false,512,36.24,InvokeFunction,,,LATEST,1-690ef4c8-0c0a43-8680a0512a22,OnDemand,,,977.03,
,270B9EACE82C5E95387DFC3023475A37-16,1762587852,FCRequestMetrics:/n-matmul-512,100,100,,,3727.42,n-matmul-512,false,fe7ebaee4797,,c-690ef4a4-0cf1abd9-3aa2f2400266,1762587848712,Sync,4146.07,1762587848294,21.0.3.8,false,512,34.65,InvokeFunction,,,LATEST,1-690ef4c8-0c49fa-e91ed87b3ad2,OnDemand,,,417.60,
,6448458DC5EEDA4B01194355EB33D0AF-1B,1762587852,FCRequestMetrics:/n-matmul-512,100,100,,,3344.12,n-matmul-512,false,e9af6d91c5a8,,c-690ef492-0cf1abd9-8e96e2aae5ad,1762587849055,Sync,3954.47,1762587848450,21.0.3.11,false,512,34.16,InvokeFunction,,,LATEST,1-690ef4c8-0c0a43-3a586ff1f410,OnDemand,,,604.31,
,148C1B09986999E20AA0FF04F10942D0-20,1762587852,FCRequestMetrics:/n-matmul-512,100,100,,,3045.08,n-matmul-512,false,aa1e2085073a,,c-690ef48f-0cf1abd9-2b72cdd5c5c2,1762587849217,Sync,3943.47,1762587848321,21.0.3.10,false,512,34.59,InvokeFunction,,,LATEST,1-690ef4c8-0c0a43-99cf66f907d6,OnDemand,,,896.54,
,F898A01EEA6FFC9C575701D6D0948E55-1F,1762587852,FCRequestMetrics:/n-matmul-512,100,100,,,2891.94,n-matmul-512,false,7a16d098497d,,c-690ef48f-0cf1abd9-9a6242cc8b28,1762587849292,Sync,3643.43,1762587848541,21.0.3.8,false,512,34.45,InvokeFunction,,,LATEST,1-690ef4c8-0c0a43-499a4cbd67d9,OnDemand,,,750.47,
,447511FEAA2C196192B29D0355E78B1D-20,1762587852,FCRequestMetrics:/n-matmul-512,100,100,,,2911.57,n-matmul-512,false,2be5f8bcaa9a,,c-690ef48f-0cf1abd9-405aaa419009,1762587849349,Sync,3419.31,1762587848842,21.0.3.9,false,512,36.33,InvokeFunction,,,LATEST,1-690ef4c8-0c0a43-cff8d7f5ce3e,OnDemand,,,506.67,
,86D3C1657BB7CB6F9D6C1B5957027679-D,1762587852,FCRequestMetrics:/n-matmul-512,100,100,,,3305.51,n-matmul-512,false,41e163ab7845,,c-690ef4b1-0cf1abd9-383b8cf3b88f,1762587848729,Sync,3725.37,1762587848310,21.0.3.10,false,512,38.50,InvokeFunction,,,LATEST,1-690ef4c8-0c49fa-e7517bf487ce,OnDemand,,,419.05,
,646B33D459BD0A9244D32F781DAF3418-14,1762587852,FCRequestMetrics:/n-matmul-512,100,100,,,3743.32,n-matmul-512,false,5d92a283eb8a,,c-690ef4a1-0cf1abd9-de1abe369d37,1762587848727,Sync,4179.08,1762587848294,21.0.3.10,false,512,36.46,InvokeFunction,,,LATEST,1-690ef4c8-0c0a43-941768a993c0,OnDemand,,,432.97,
,B1B3EF35016788C3424F79DCBD83BB05-20,1762587852,FCRequestMetrics:/n-matmul-512,101,101,,,2948.95,n-matmul-512,false,8e7a4967c312,,c-690ef48f-0cf1abd9-e1933dd451ba,1762587849835,Sync,3445.54,1762587849339,21.0.3.10,false,512,34.61,InvokeFunction,,,LATEST,1-690ef4c9-0c49fa-b552588b791a,OnDemand,,,495.73,
,3801AF28D1F06D15DE702CA3D1A78840-20,1762587852,FCRequestMetrics:/n-matmul-512,102,102,,,2883.03,n-matmul-512,false,85f7f63caa28,,c-690ef48f-0cf1abd9-8d9a75cfa22a,1762587850115,Sync,3348.06,1762587849650,21.0.3.8,false,512,34.35,InvokeFunction,,,LATEST,1-690ef4c9-0c0a43-f980fdfd676a,OnDemand,,,464.14,
,C9A28A785F95831BC9FC8EA20129FD05-6,1762587852,FCRequestMetrics:/n-matmul-512,101,101,,,3076.45,n-matmul-512,false,4856bc7a68f1,,c-690ef4c1-0cf1abd9-aae68ff129ed,1762587849342,Sync,3572.64,1762587848847,21.0.3.6,false,512,41.24,InvokeFunction,,,LATEST,1-690ef4c9-0c49fa-31f8dc5c3fd6,OnDemand,,,494.55,
,FD6981321571EC68F9E27CDAD26BAC19-17,1762587852,FCRequestMetrics:/n-matmul-512,105,105,,,0.02,n-matmul-512,true,b2349f9a27e7,,c-690ef49c-0cf1abd9-a2407a052b71,1762587850908,Sync,1870.73,1762587850198,21.0.3.12,false,512,2.09,InvokeFunction,,,LATEST,1-690ef4ca-0c0a43-d952c09fba64,OnDemand,,,709.75,,"{""errorType"":""FunctionAbnormalExitError""}"
,E438D6118493E314AD4DA785D820E022-D,1762587852,FCRequestMetrics:/n-matmul-512,100,100,,,3524.61,n-matmul-512,false,b191993e8dc4,,c-690ef4b3-0cf1abd9-0d3f75ed2006,1762587848742,Sync,4120.57,1762587848147,21.0.3.8,false,512,34.54,InvokeFunction,,,LATEST,1-690ef4c8-0c0a43-25528db10758,OnDemand,,,595.26,
,E336B2A6408E27B02C6CAB82C50088BC-6,1762587852,FCRequestMetrics:/n-matmul-512,100,100,,,3229.15,n-matmul-512,false,b76d94444b2f,,c-690ef4c1-0cf1abd9-48675e1450f8,1762587849180,Sync,3647.50,1762587848762,21.0.3.7,false,512,36.51,InvokeFunction,,,LATEST,1-690ef4c9-0c49fa-a6bf20ff6f99,OnDemand,,,417.55,
,13AC9179567B6A88BE4E678F8CBCF027-14,1762587852,FCRequestMetrics:/n-matmul-512,100,100,,,3809.70,n-matmul-512,false,c1270f7ffdb8,,c-690ef4a1-0cf1abd9-661404bfd8df,1762587849041,Sync,4493.84,1762587848359,21.0.3.12,false,512,36.91,InvokeFunction,,,LATEST,1-690ef4c8-0c0a43-4a847d943199,OnDemand,,,681.65,
,90D8D68606671C7D3CC9428DB5D1A5ED-14,1762587852,FCRequestMetrics:/n-matmul-512,100,100,,,3441.56,n-matmul-512,false,43290576c1e6,,c-690ef4a1-0cf1abd9-784f475cf818,1762587849301,Sync,3998.24,1762587848748,21.0.3.11,false,512,36.29,InvokeFunction,,,LATEST,1-690ef4c8-0c0a43-dc4026edac68,OnDemand,,,552.78,
,D383B16911701B57D8112BE288DB8A26-D,1762587852,FCRequestMetrics:/n-matmul-512,104,104,,,3233.24,n-matmul-512,false,bb19602af764,,c-690ef4b1-0cf1abd9-7e88298a556b,1762587849525,Sync,3733.48,1762587849026,21.0.3.10,false,512,36.29,InvokeFunction,,,LATEST,1-690ef4c9-0c49fa-413fc15eef6c,OnDemand,,,498.71,
,FE4CB4BB334203537C4452D39CB19CCC-6,1762587852,FCRequestMetrics:/n-matmul-512,104,104,,,3403.01,n-matmul-512,false,a7689194af96,,c-690ef4c0-0cf1abd9-beaedf295aad,1762587848698,Sync,3883.73,1762587848218,21.0.3.12,false,512,38.77,InvokeFunction,,,LATEST,1-690ef4c9-0c49fa-c21851cb8f2c,OnDemand,,,479.94,
,60315181B24B66886819325A3EA49E6F-19,1762587852,FCRequestMetrics:/n-matmul-512,97,97,,,0.05,n-matmul-512,true,0d1aec41c426,,c-690ef49e-0cf1abd9-079fb8593d22,1762587851528,Sync,1307.19,1762587851527,21.0.3.9,false,512,2.26,InvokeFunction,,,LATEST,1-690ef4cb-0c0a43-babecad3e805,OnDemand,,,0.55,,"{""errorType"":""FunctionAbnormalExitError""}"
,BD9BE3600CF3EADC822FC16C6CE56C55-9,1762587852,FCRequestMetrics:/n-matmul-512,97,97,,,0.03,n-matmul-512,true,a90b8e21cc4e,,c-690ef4bd-0cf1abd9-4533cb176176,1762587850344,Sync,1710.89,1762587850342,21.0.3.10,false,512,2.33,InvokeFunction,,,LATEST,1-690ef4cb-0c49fa-63c078348094,OnDemand,,,1.41,,"{""errorType"":""FunctionAbnormalExitError""}"
,6CCFB4E4193C923DA012941FDF8BA7C1-1E,1762587852,FCRequestMetrics:/n-matmul-512,99,99,,,0.05,n-matmul-512,true,1ea218c34989,,c-690ef48f-0cf1abd9-4c65696b73c9,1762587851714,Sync,1256.17,1762587851713,21.0.3.11,false,512,4.13,InvokeFunction,,,LATEST,1-690ef4cb-0c0a43-7936c3744652,OnDemand,,,0.49,,"{""errorType"":""FunctionAbnormalExitError""}"
,47EEBB4524D816241D6164558AEC1FDB-9,1762587852,FCRequestMetrics:/n-matmul-512,97,97,,,0.03,n-matmul-512,true,cf2f5a306fef,,c-690ef4bc-0cf1abd9-4bc9539c85b8,1762587850378,Sync,1997.67,1762587850376,21.0.3.9,false,512,4.34,InvokeFunction,,,LATEST,1-690ef4cb-0c49fa-62e4499acdc5,OnDemand,,,0.98,,"{""errorType"":""FunctionAbnormalExitError""}"
,C2EB2A92BA9B62B2586CA2C02FC71F03-9,1762587852,FCRequestMetrics:/n-matmul-512,99,99,,,0.04,n-matmul-512,true,d33c82b43d3d,,c-690ef4bd-0cf1abd9-a491e17680d2,1762587850448,Sync,1742.04,1762587850447,21.0.3.8,false,512,60.27,InvokeFunction,,,LATEST,1-690ef4cb-0c49fa-509d73ebff7e,OnDemand,,,0.98,,"{""errorType"":""FunctionAbnormalExitError""}"
,03A714A9772EC266AA0C3B3C7C5F7666-9,1762587852,FCRequestMetrics:/n-matmul-512,105,105,,,0.02,n-matmul-512,true,579930c5ac3a,,c-690ef4bd-0cf1abd9-7053d50dd4cd,1762587850670,Sync,2367.37,1762587850521,21.0.3.10,false,512,2.12,InvokeFunction,,,LATEST,1-690ef4cb-0c0a43-7204da66dfda,OnDemand,,,148.73,,"{""errorType"":""FunctionAbnormalExitError""}"
,3D753EA828DEDBBB0DF10FE8437E0EE2-13,1762587853,FCRequestMetrics:/n-matmul-512,100,100,,,3239.88,n-matmul-512,false,13a75e602ffd,,c-690ef49e-0cf1abd9-124626cd631e,1762587849802,Sync,3719.68,1762587849326,21.0.3.12,false,512,41.91,InvokeFunction,,,LATEST,1-690ef4c9-0c49fa-d811dc0da299,OnDemand,,,475.87,
,7C823A060900EA64C601C711AE9A8E7B-1C,1762587853,FCRequestMetrics:/n-matmul-512,104,104,,,3057.06,n-matmul-512,false,a9c1f9cad0fa,,c-690ef492-0cf1abd9-41b4dd0accbf,1762587850439,Sync,3635.94,1762587849861,21.0.3.10,false,512,38.13,InvokeFunction,,,LATEST,1-690ef4c9-0c49fa-21ca2fcb220c,OnDemand,,,577.85,
,B6CBE8EBA74250AA907E560C90566BB4-16,1762587853,FCRequestMetrics:/n-matmul-512,102,102,,,3292.06,n-matmul-512,false,ab282a8889ea,,c-690ef49c-0cf1abd9-bbfeef60bc24,1762587850109,Sync,3790.33,1762587849611,21.0.3.11,false,512,39.72,InvokeFunction,,,LATEST,1-690ef4c9-0c49fa-bd1c53637ea1,OnDemand,,,497.31,
,9ADEFA90B0D30226FA9EC5C9D5AE07C5-14,1762587853,FCRequestMetrics:/n-matmul-512,105,105,,,2853.44,n-matmul-512,false,720d5821fc65,,c-690ef4a1-0cf1abd9-d2a0858351d9,1762587850548,Sync,3540.54,1762587849866,21.0.3.9,false,512,40.20,InvokeFunction,,,LATEST,1-690ef4c9-0c0a43-92f7d5ce492e,OnDemand,,,681.74,
,414BD1893AE2054C5F533C4E4BFB2474-16,1762587853,FCRequestMetrics:/n-matmul-512,101,101,,,3410.63,n-matmul-512,false,e09eb6f846c4,,c-690ef49c-0cf1abd9-96967c00da02,1762587850004,Sync,3977.62,1762587849443,21.0.3.9,false,512,39.72,InvokeFunction,,,LATEST,1-690ef4c9-0c0a43-5d96f153769f,OnDemand,,,560.76,
,3638871BA5BA6CB81D64084B08F55201-20,1762587853,FCRequestMetrics:/n-matmul-512,105,105,,,2819.96,n-matmul-512,false,d9ddc014a95e,,c-690ef48f-0cf1abd9-ec0c220edbce,1762587850691,Sync,3636.09,1762587849875,21.0.3.8,false,512,38.54,InvokeFunction,,,LATEST,1-690ef4c9-0c49fa-61f4cc75bac0,OnDemand,,,815.24,
,F78928E4C3048B992F5E5A9DC10A82CD-1,1762587853,FCRequestMetrics:/n-matmul-512,100,100,,,3859.85,n-matmul-512,false,4756408993b7,,c-690ef4c8-0cf1abd9-87a481f567c5,1762587849481,Sync,4367.15,1762587848980,21.0.3.8,false,512,83.14,InvokeFunction,,,LATEST,1-690ef4c9-0c0a43-1129d10a78f9,OnDemand,,,500.80,
,9095B2C1B61D208836CC9B1C85A0D40A-D,1762587853,FCRequestMetrics:/n-matmul-512,105,105,,,3091.07,n-matmul-512,false,ca295ccdb9ef,,c-690ef4b1-0cf1abd9-20d8276cdfb4,1762587850609,Sync,3865.38,1762587849836,21.0.3.8,false,512,38.18,InvokeFunction,,,LATEST,1-690ef4ca-0c49fa-f7df9c322fca,OnDemand,,,773.35,
,F0A5925498435F2F6D9BDDB34BF193EA-2,1762587853,FCRequestMetrics:/n-matmul-512,101,101,,,3755.71,n-matmul-512,false,498ae363af0a,,c-690ef4c8-0cf1abd9-33e32577488c,1762587849661,Sync,3904.39,1762587849514,21.0.3.10,false,512,28.44,InvokeFunction,,,LATEST,1-690ef4c9-0c49fa-b2524cfaf823,OnDemand,,,146.52,
,93FE45F5D80B3384897CEBE39059D2B9-2,1762587853,FCRequestMetrics:/n-matmul-512,102,102,,,4174.93,n-matmul-512,false,ce40ea9a9210,,c-690ef4c8-0cf1abd9-21c972c4a8d9,1762587849762,Sync,4438.41,1762587849499,21.0.3.9,false,512,26.98,InvokeFunction,,,LATEST,1-690ef4c9-0c0a43-b712becb6aa6,OnDemand,,,262.69,
,3EC79B1A2832FEBC3A7D2A1336CBC72B-2,1762587853,FCRequestMetrics:/n-matmul-512,103,103,,,3711.85,n-matmul-512,false,1ba7f32a1a20,,c-690ef4c8-0cf1abd9-b1f4c901d515,1762587849875,Sync,3838.38,1762587849759,21.0.3.12,false,512,28.96,InvokeFunction,,,LATEST,1-690ef4ca-0c49fa-6f24652cbb29,OnDemand,,,116.37,
,D47609DF0A0B8379D6163E9247FE0B62-D,1762587853,FCRequestMetrics:/n-matmul-512,97,97,,,3198.04,n-matmul-512,false,94f30db206a9,,c-690ef4b1-0cf1abd9-5ce21036fb60,1762587850705,Sync,3200.32,1762587850703,21.0.3.9,false,512,43.48,InvokeFunction,,,LATEST,1-690ef4cb-0c49fa-2777eb28958e,OnDemand,,,1.14,
,454D28B9ADC842A2E21EC3C429AA5038-1,1762587853,FCRequestMetrics:/n-matmul-512,104,104,,,3552.02,n-matmul-512,false,68ffeb726d24,,c-690ef4c8-0cf1abd9-e95db563c2a4,1762587850097,Sync,4134.02,1762587849516,21.0.3.11,false,512,27.10,InvokeFunction,,,LATEST,1-690ef4c9-0c0a43-98443c1fbad4,OnDemand,,,580.64,
,023E1362E98622AC0BA42C246E757652-D,1762587853,FCRequestMetrics:/n-matmul-512,103,103,,,3390.39,n-matmul-512,false,c2dc25ac0291,,c-690ef4b3-0cf1abd9-482c4f6b212d,1762587850161,Sync,3752.21,1762587849800,21.0.3.9,false,512,34.52,InvokeFunction,,,LATEST,1-690ef4c9-0c49fa-6da60268de50,OnDemand,,,360.81,
,EC65B6B96723558D074A84C970ABFB6D-C,1762587853,FCRequestMetrics:/n-matmul-512,104,104,,,3222.22,n-matmul-512,false,dc0d493de807,,c-690ef4b3-0cf1abd9-88427ba7f908,1762587850266,Sync,3677.90,1762587849815,21.0.3.12,false,512,34.45,InvokeFunction,,,LATEST,1-690ef4c9-0c0a43-3adbc5cfef43,OnDemand,,,451.23,
,715E1B0E1B21EEA77E59E1CCA6C827A1-C,1762587853,FCRequestMetrics:/n-matmul-512,105,105,,,3254.78,n-matmul-512,false,227434a33de2,,c-690ef4b3-0cf1abd9-7a1935f5d276,1762587850591,Sync,3989.39,1762587849857,21.0.3.11,false,512,34.25,InvokeFunction,,,LATEST,1-690ef4c9-0c49fa-deda23c68a4d,OnDemand,,,733.70,
,E28B31C1AD09CA2631349F2F5CD41FEA-D,1762587853,FCRequestMetrics:/n-matmul-512,102,102,,,3447.34,n-matmul-512,false,378303f5ffb1,,c-690ef4b4-0cf1abd9-4d6de11efb71,1762587849789,Sync,4018.82,1762587849218,21.0.3.9,false,512,36.44,InvokeFunction,,,LATEST,1-690ef4c9-0c0a43-240c0806a1cd,OnDemand,,,570.19,
,F031090DB7497FBE9C5AA393E7E68561-20,1762587853,FCRequestMetrics:/n-matmul-512,104,104,,,2924.70,n-matmul-512,false,ac449c8e7f33,,c-690ef48f-0cf1abd9-a7a4b84ee62d,1762587850355,Sync,3426.29,1762587849855,21.0.3.9,false,512,34.15,InvokeFunction,,,LATEST,1-690ef4c9-0c49fa-c006cc04a994,OnDemand,,,500.57,
,E4C186C27FC2E01612D2685505BDC1C8-D,1762587853,FCRequestMetrics:/n-matmul-512,97,97,,,3286.34,n-matmul-512,false,2f46f223d44b,,c-690ef4b3-0cf1abd9-b7dfa30d9e6b,1762587850586,Sync,3288.36,1762587850584,21.0.3.8,false,512,36.81,InvokeFunction,,,LATEST,1-690ef4cb-0c49fa-cbb9b17872c4,OnDemand,,,1.18,
,D57BF307AB3C1DBB07F853EA29DFAA8E-1F,1762587853,FCRequestMetrics:/n-matmul-512,105,105,,,2856.62,n-matmul-512,false,4a02a8b2ccf7,,c-690ef48f-0cf1abd9-3378a67d936f,1762587850761,Sync,3721.44,1762587849898,21.0.3.10,false,512,35.86,InvokeFunction,,,LATEST,1-690ef4c9-0c0a43-c7ea18ab1f96,OnDemand,,,862.68,
,FFBE1F54232C7105BB9D9D9815146807-D,1762587853,FCRequestMetrics:/n-matmul-512,104,104,,,3102.89,n-matmul-512,false,4210c93d9e28,,c-690ef4b2-0cf1abd9-734e58adbe38,1762587850256,Sync,3678.95,1762587849681,21.0.3.10,false,512,36.83,InvokeFunction,,,LATEST,1-690ef4c9-0c0a43-39c42b5065a3,OnDemand,,,573.90,
,A6333F63464BC687DF1965DBFE05F1DB-1F,1762587853,FCRequestMetrics:/n-matmul-512,105,105,,,2855.32,n-matmul-512,false,3e88eb377bf5,,c-690ef490-0cf1abd9-507f1daf6985,1762587850843,Sync,3584.21,1762587850115,21.0.3.11,false,512,34.36,InvokeFunction,,,LATEST,1-690ef4ca-0c49fa-afb2eccc89cc,OnDemand,,,727.95,
,86C97E3549B8E428464CF6B56B68BFDC-D,1762587853,FCRequestMetrics:/n-matmul-512,105,105,,,3213.96,n-matmul-512,false,5a3240bb4b57,,c-690ef4b1-0cf1abd9-ef240bcd1d76,1762587850277,Sync,3957.62,1762587849535,21.0.3.12,false,512,36.25,InvokeFunction,,,LATEST,1-690ef4ca-0c49fa-7b25b2226d06,OnDemand,,,742.52,
,19D19504A7F011D98456D47931F40832-D,1762587853,FCRequestMetrics:/n-matmul-512,105,105,,,3266.01,n-matmul-512,false,d76a12fc0134,,c-690ef4b1-0cf1abd9-3da89f7b182b,1762587850396,Sync,3452.16,1762587850211,21.0.3.11,false,512,38.82,InvokeFunction,,,LATEST,1-690ef4ca-0c0a43-4d3d1b62a0cb,OnDemand,,,185.27,
,BD1D69C9267D95E53B2A79C6CB35D41D-1D,1762587853,FCRequestMetrics:/n-matmul-512,101,101,,,3605.21,n-matmul-512,false,987841b3d4f5,,c-690ef492-0cf1abd9-b72bb88bbd36,1762587849849,Sync,4055.18,1762587849400,21.0.3.12,false,512,38.52,InvokeFunction,,,LATEST,1-690ef4c9-0c49fa-bc0669fb1f28,OnDemand,,,449.21,
,3BDEEDD6F6C1B51E5137A970AE75BAA4-1D,1762587853,FCRequestMetrics:/n-matmul-512,105,105,,,3053.89,n-matmul-512,false,3b2b33dbd196,,c-690ef492-0cf1abd9-bbdff8eda83c,1762587850616,Sync,3800.35,1762587849871,21.0.3.9,false,512,37.68,InvokeFunction,,,LATEST,1-690ef4c9-0c0a43-37fb9a0e43b6,OnDemand,,,744.81,
,5E37C0E4F38EC01A59BF0AC51B37D7D9-C,1762587853,FCRequestMetrics:/n-matmul-512,105,105,,,3173.52,n-matmul-512,false,675e218faad5,,c-690ef4b2-0cf1abd9-5c68fc00ab92,1762587850803,Sync,3900.37,1762587850077,21.0.3.12,false,512,38.35,InvokeFunction,,,LATEST,1-690ef4ca-0c49fa-3cdfdc5bef98,OnDemand,,,725.21,
,C1D7342C162E0433E3DCC69A36E49279-18,1762587853,FCRequestMetrics:/n-matmul-512,105,105,,,0.04,n-matmul-512,true,c1850f6d6120,,c-690ef49e-0cf1abd9-bea541164f91,1762587852062,Sync,1269.36,1762587851878,21.0.3.11,false,512,2.05,InvokeFunction,,,LATEST,1-690ef4cb-0c49fa-62dff7fa51f4,OnDemand,,,183.71,,"{""errorType"":""FunctionAbnormalExitError""}"
,8009EC769EAF82E94BE4682B8C0E45B5-6,1762587853,FCRequestMetrics:/n-matmul-512,105,105,,,3092.83,n-matmul-512,false,e18d84b3712e,,c-690ef4c1-0cf1abd9-2df610e1f3e8,1762587850661,Sync,3095.23,1762587850660,21.0.3.8,false,512,36.01,InvokeFunction,,,LATEST,1-690ef4cb-0c49fa-eb7b398e61e0,OnDemand,,,1.21,
,D09BCBD485576D911D13CE495A97C108-D,1762587853,FCRequestMetrics:/n-matmul-512,100,100,,,3301.25,n-matmul-512,false,67959926d07f,,c-690ef4b3-0cf1abd9-62c5a8cabd6b,1762587850577,Sync,3302.80,1762587850576,21.0.3.10,false,512,36.50,InvokeFunction,,,LATEST,1-690ef4cb-0c0a43-063718fde500,OnDemand,,,0.56,
,7FDD645C18A05AFCA1EE540844E336B4-1D,1762587853,FCRequestMetrics:/n-matmul-512,105,105,,,0.03,n-matmul-512,true,005047e6f771,,c-690ef48f-0cf1abd9-a4e85c44b759,1762587852052,Sync,1566.44,1762587851877,21.0.3.10,false,512,2.05,InvokeFunction,,,LATEST,1-690ef4cb-0c49fa-7396e1cf8cca,OnDemand,,,174.79,,"{""errorType"":""FunctionAbnormalExitError""}"
,CF8B8E5EDA76CE1E15E6DE137B05F0FC-8,1762587853,FCRequestMetrics:/n-matmul-512,99,99,,,0.05,n-matmul-512,true,09ed6314a647,,c-690ef4bd-0cf1abd9-4b304ea77a49,1762587850479,Sync,2808.76,1762587850479,21.0.3.12,false,512,2.11,InvokeFunction,,,LATEST,1-690ef4cb-0c0a43-2d21ac709817,OnDemand,,,0.49,,"{""errorType"":""FunctionAbnormalExitError""}"
,A07FED3AC0D9C87237C2A7F7FEAC1FF2-9,1762587853,FCRequestMetrics:/n-matmul-512,100,100,,,0.06,n-matmul-512,true,5059a3c012ce,,c-690ef4bc-0cf1abd9-aaba1ef8e3d8,1762587850679,Sync,2574.86,1762587850677,21.0.3.8,false,512,60.42,InvokeFunction,,,LATEST,1-690ef4cb-0c49fa-bdeda6c7dffc,OnDemand,,,0.98,,"{""errorType"":""FunctionAbnormalExitError""}"
,67EF79BC30A82AE98BE59702C8F66831-9,1762587853,FCRequestMetrics:/n-matmul-512,105,105,,,0.03,n-matmul-512,true,9d91d3cbe239,,c-690ef4bd-0cf1abd9-3b4ee6796d7a,1762587851040,Sync,2471.65,1762587850722,21.0.3.11,false,512,2.37,InvokeFunction,,,LATEST,1-690ef4cb-0c49fa-314a1bcdbb7b,OnDemand,,,317.95,,"{""errorType"":""FunctionAbnormalExitError""}"
,8C91CD9281F35024322C2F606CD0B1FE-9,1762587853,FCRequestMetrics:/n-matmul-512,105,105,,,0.03,n-matmul-512,true,44c83b518121,,c-690ef4bd-0cf1abd9-e8c2a2bb7f02,1762587850766,Sync,2836.10,1762587850527,21.0.3.11,false,512,2.09,InvokeFunction,,,LATEST,1-690ef4cb-0c0a43-10155fcdff48,OnDemand,,,238.72,,"{""errorType"":""FunctionAbnormalExitError""}"
,32D30CAFDEB66ED4BA2C61AB57673DE9-9,1762587853,FCRequestMetrics:/n-matmul-512,105,105,,,0.25,n-matmul-512,true,1e73088b591b,,c-690ef4bd-0cf1abd9-2266afd5303d,1762587850882,Sync,2998.37,1762587850589,21.0.3.9,false,512,4.20,InvokeFunction,,,LATEST,1-690ef4cb-0c0a43-eda65534bc01,OnDemand,,,292.31,,"{""errorType"":""FunctionAbnormalExitError""}"
,5A4B169E4A6A12AF96E6A9F31574ACDB-9,1762587853,FCRequestMetrics:/n-matmul-512,105,105,,,0.04,n-matmul-512,true,e49c1078154a,,c-690ef4bd-0cf1abd9-52730e96d71d,1762587851536,Sync,2674.61,1762587851151,21.0.3.12,false,512,2.12,InvokeFunction,,,LATEST,1-690ef4cc-0c0a43-928262c2665b,OnDemand,,,384.86,,"{""errorType"":""FunctionAbnormalExitError""}"
,F07C00865CBCDDD3603F2861EC1005E7-1E,1762587854,FCRequestMetrics:/n-matmul-512,105,105,,,3396.23,n-matmul-512,false,23ed8e688827,,c-690ef48f-0cf1abd9-c9d277f8db04,1762587850627,Sync,4151.17,1762587849873,21.0.3.12,false,512,39.50,InvokeFunction,,,LATEST,1-690ef4c9-0c0a43-8e46b73430ea,OnDemand,,,753.80,
,1F1FFC412871BA58DE9DD242432C9C35-1D,1762587854,FCRequestMetrics:/n-matmul-512,97,97,,,3202.28,n-matmul-512,false,a2dfb552053b,,c-690ef492-0cf1abd9-8c97f365993b,1762587851441,Sync,3203.66,1762587851440,21.0.3.8,false,512,37.85,InvokeFunction,,,LATEST,1-690ef4cb-0c0a43-cd784bb51dea,OnDemand,,,0.54,
,9E860D881BD9449D0F2C4975F44F7ABC-10,1762587854,FCRequestMetrics:/n-matmul-512,100,100,,,3377.37,n-matmul-512,false,dc22095edf84,,c-690ef4b1-0cf1abd9-834eca231e91,1762587851391,Sync,3379.19,1762587851390,21.0.3.9,false,512,37.94,InvokeFunction,,,LATEST,1-690ef4cb-0c0a43-d91503002921,OnDemand,,,0.54,
,028699F502CA3D7E230041FC52AB4DE5-D,1762587854,FCRequestMetrics:/n-matmul-512,99,99,,,3533.34,n-matmul-512,false,c3f0f0de03a0,,c-690ef4b1-0cf1abd9-f906b5304a3d,1762587851074,Sync,3537.63,1762587851073,21.0.3.8,false,512,39.75,InvokeFunction,,,LATEST,1-690ef4cb-0c49fa-e47fb4729bbc,OnDemand,,,1.18,
,ED99555BBD66FF347A8C8145C62ABE99-17,1762587854,FCRequestMetrics:/n-matmul-512,105,105,,,3403.13,n-matmul-512,false,4bed96722f41,,c-690ef49c-0cf1abd9-8088ae7c339c,1762587851160,Sync,4173.41,1762587850390,21.0.3.8,false,512,26.77,InvokeFunction,,,LATEST,1-690ef4ca-0c49fa-70996509af9c,OnDemand,,,769.34,
,BF0051A2DC4BF4DDC3679E47B8B32C9C-6,1762587854,FCRequestMetrics:/n-matmul-512,105,105,,,3033.73,n-matmul-512,false,e797c285140c,,c-690ef4c0-0cf1abd9-8278610d83f5,1762587851013,Sync,3369.03,1762587850678,21.0.3.8,false,512,57.85,InvokeFunction,,,LATEST,1-690ef4cc-0c0a43-00e5a5f7fb46,OnDemand,,,334.33,
,F633B574683DE8AA2BF0D3EEBDF4C796-D,1762587854,FCRequestMetrics:/n-matmul-512,97,97,,,3098.47,n-matmul-512,false,2aab02d9eb5a,,c-690ef4b2-0cf1abd9-a85fa9ced593,1762587851465,Sync,3100.95,1762587851463,21.0.3.8,false,512,35.82,InvokeFunction,,,LATEST,1-690ef4cb-0c49fa-39ee51a3db52,OnDemand,,,1.33,
,386DA6364528A35F673B30D821826132-D,1762587854,FCRequestMetrics:/n-matmul-512,100,100,,,3502.08,n-matmul-512,false,2f0b32a49385,,c-690ef4b1-0cf1abd9-06c370eb6fc5,1762587850914,Sync,3504.43,1762587850912,21.0.3.12,false,512,36.72,InvokeFunction,,,LATEST,1-690ef4cb-0c49fa-ec784537c1f7,OnDemand,,,1.12,
,22E833C237D88A72ACDEEBC774861945-5,1762587854,FCRequestMetrics:/n-matmul-512,99,99,,,2913.21,n-matmul-512,false,3ad91ce1f715,,c-690ef4c1-0cf1abd9-a9ad8a9b0501,1762587851207,Sync,2915.31,1762587851206,21.0.3.5,false,512,87.48,InvokeFunction,,,LATEST,1-690ef4cb-0c49fa-0cf31c38c18f,OnDemand,,,0.84,
,5F40BF3643AE590E1A0AFBFC2BB1CC92-C,1762587854,FCRequestMetrics:/n-matmul-512,97,97,,,3391.07,n-matmul-512,false,918ade19bbee,,c-690ef4b1-0cf1abd9-3df7810e23e4,1762587851038,Sync,3392.64,1762587851037,21.0.3.11,false,512,38.00,InvokeFunction,,,LATEST,1-690ef4cb-0c0a43-8a8af87cf2f5,OnDemand,,,0.54,
,27BDDCAD80E91AC92FDFCC1C9A1A4216-D,1762587854,FCRequestMetrics:/n-matmul-512,105,105,,,3665.89,n-matmul-512,false,2ff8f58d97fc,,c-690ef4b4-0cf1abd9-3de0c61b5b68,1762587850629,Sync,4600.45,1762587849695,21.0.3.10,false,512,34.16,InvokeFunction,,,LATEST,1-690ef4c9-0c49fa-87556e0eb543,OnDemand,,,933.10,
,52D7D507918D931708B22C4CE8E63CCC-D,1762587854,FCRequestMetrics:/n-matmul-512,97,97,,,3249.01,n-matmul-512,false,7e3f21c3452b,,c-690ef4b2-0cf1abd9-448ba4a6e619,1762587851494,Sync,3251.82,1762587851493,21.0.3.9,false,512,36.43,InvokeFunction,,,LATEST,1-690ef4cb-0c49fa-64c61625951b,OnDemand,,,0.83,
,7F41C0AC9649E78CE4E6389BA04F93F7-20,1762587854,FCRequestMetrics:/n-matmul-512,100,100,,,2501.03,n-matmul-512,false,2f9a827ac39a,,c-690ef48f-0cf1abd9-d481ef5b70cb,1762587851869,Sync,2502.59,1762587851868,21.0.3.12,false,512,34.16,InvokeFunction,,,LATEST,1-690ef4cb-0c0a43-79a660fa6f5e,OnDemand,,,0.51,
,22262E23B35913584F104007F60CDE44-20,1762587854,FCRequestMetrics:/n-matmul-512,105,105,,,3318.29,n-matmul-512,false,5c984f724ebf,,c-690ef48f-0cf1abd9-4d671f684c9c,1762587850820,Sync,4087.01,1762587850054,21.0.3.9,false,512,34.55,InvokeFunction,,,LATEST,1-690ef4ca-0c49fa-a1cd300f9a48,OnDemand,,,765.69,
,395AF19B30E923F04509691974E770B2-E,1762587854,FCRequestMetrics:/n-matmul-512,100,100,,,3463.19,n-matmul-512,false,16c28b2331e7,,c-690ef4b3-0cf1abd9-03841df006e6,1762587851049,Sync,3465.50,1762587851047,21.0.3.9,false,512,38.13,InvokeFunction,,,LATEST,1-690ef4cb-0c49fa-3a0d30998213,OnDemand,,,1.01,
,A58D23371A460570694E59E83C205D35-1F,1762587854,FCRequestMetrics:/n-matmul-512,102,102,,,2983.01,n-matmul-512,false,f5099c18cdf1,,c-690ef48f-0cf1abd9-aa29b9d0aa99,1762587851287,Sync,2985.59,1762587851285,21.0.3.11,false,512,34.27,InvokeFunction,,,LATEST,1-690ef4cb-0c49fa-41865d8e452a,OnDemand,,,1.47,
,7780C0688E26C68EB0D69712BCDE475F-20,1762587854,FCRequestMetrics:/n-matmul-512,100,100,,,2582.23,n-matmul-512,false,333740b1eaee,,c-690ef490-0cf1abd9-b30a2e13f5eb,1762587851869,Sync,2585.10,1762587851867,21.0.3.12,false,512,36.28,InvokeFunction,,,LATEST,1-690ef4cb-0c49fa-4b4c000760a8,OnDemand,,,1.15,
,B23CDAA9EFB02072F2EA6F095891B977-D,1762587854,FCRequestMetrics:/n-matmul-512,99,99,,,3190.40,n-matmul-512,false,01cbc6dce386,,c-690ef4b2-0cf1abd9-ad92bd478abd,1762587851625,Sync,3192.54,1762587851623,21.0.3.11,false,512,36.24,InvokeFunction,,,LATEST,1-690ef4cb-0c49fa-59e5773ea58d,OnDemand,,,1.34,
,AF248E24051D33CE2911D9A18C89C2D3-6,1762587854,FCRequestMetrics:/n-matmul-512,99,99,,,3066.94,n-matmul-512,false,8c4cd304f247,,c-690ef4c1-0cf1abd9-e614043a0e89,1762587851247,Sync,3068.86,1762587851246,21.0.3.10,false,512,36.91,InvokeFunction,,,LATEST,1-690ef4cb-0c0a43-3401c188cf34,OnDemand,,,0.53,
,32144092075796B61E66CC5CB449FE74-20,1762587854,FCRequestMetrics:/n-matmul-512,99,99,,,2850.39,n-matmul-512,false,4e09d5ee1757,,c-690ef48f-0cf1abd9-c9b2724f454d,1762587851665,Sync,2852.29,1762587851665,21.0.3.11,false,512,34.64,InvokeFunction,,,LATEST,1-690ef4cb-0c0a43-ba8546af66eb,OnDemand,,,0.52,
,B50B6C7E4A9EFD8ADCDAE8E71A8A357B-20,1762587854,FCRequestMetrics:/n-matmul-512,105,105,,,2789.44,n-matmul-512,false,0c3cf93849f8,,c-690ef48f-0cf1abd9-ad135b628654,1762587851967,Sync,2885.94,1762587851871,21.0.3.8,false,512,34.17,InvokeFunction,,,LATEST,1-690ef4cb-0c0a43-594fb1c07197,OnDemand,,,95.33,
,49B64A5B3FBA9FC6678BE15B3FA1CAE0-C,1762587854,FCRequestMetrics:/n-matmul-512,105,105,,,3356.07,n-matmul-512,false,b69b715c17a5,,c-690ef4b3-0cf1abd9-2077a8676f3b,1762587851498,Sync,3538.02,1762587851318,21.0.3.11,false,512,36.70,InvokeFunction,,,LATEST,1-690ef4cc-0c49fa-459f7d482664,OnDemand,,,180.09,
,3D3F830804794EE934A3F39C618D6DA7-D,1762587854,FCRequestMetrics:/n-matmul-512,105,105,,,3379.43,n-matmul-512,false,a5074fb07ccb,,c-690ef4b3-0cf1abd9-4204fc55cfbc,1762587851379,Sync,3666.40,1762587851093,21.0.3.12,false,512,42.10,InvokeFunction,,,LATEST,1-690ef4cb-0c49fa-6214208787ed,OnDemand,,,285.99,
,4D57B9EBA87590C7398CF6540746C6BE-20,1762587854,FCRequestMetrics:/n-matmul-512,100,100,,,3072.07,n-matmul-512,false,cf9fc6279e9f,,c-690ef490-0cf1abd9-f9b75dacbfca,1762587851896,Sync,3099.57,1762587851870,21.0.3.10,false,512,34.54,InvokeFunction,,,LATEST,1-690ef4cb-0c49fa-4943054e21b6,OnDemand,,,25.71,
,537821DDAFE9614566F0064DDB274514-17,1762587854,FCRequestMetrics:/n-matmul-512,105,105,,,0.03,n-matmul-512,true,e7a61b8cb4fe,,c-690ef4a1-0cf1abd9-564b243bc6a8,1762587852792,Sync,1943.82,1762587852370,21.0.3.8,false,512,2.05,InvokeFunction,,,LATEST,1-690ef4cc-0c0a43-1c17385f9a2f,OnDemand,,,421.66,,"{""errorType"":""FunctionAbnormalExitError""}"
,5D2FE67C0EB5779BF4214AF0D6312E51-17,1762587854,FCRequestMetrics:/n-matmul-512,105,105,,,0.03,n-matmul-512,true,19252a223023,,c-690ef49c-0cf1abd9-daf5d7835f02,1762587852891,Sync,1778.53,1762587852512,21.0.3.10,false,512,4.20,InvokeFunction,,,LATEST,1-690ef4cc-0c0a43-efa89a8bb202,OnDemand,,,378.42,,"{""errorType"":""FunctionAbnormalExitError""}"
,EAD7BD32D52FA8C0EC561AB86D8BB129-17,1762587854,FCRequestMetrics:/n-matmul-512,105,105,,,0.02,n-matmul-512,true,9697e733b066,,c-690ef49e-0cf1abd9-b7f83cb23224,1762587852926,Sync,1862.45,1762587852552,21.0.3.10,false,512,2.03,InvokeFunction,,,LATEST,1-690ef4cc-0c49fa-c9114be45d33,OnDemand,,,373.57,,"{""errorType"":""FunctionAbnormalExitError""}"
,3D753EA828DEDBBB0DF10FE8437E0EE2-16,1762587854,FCRequestMetrics:/n-matmul-512,105,105,,,0.03,n-matmul-512,true,13a75e602ffd,,c-690ef49e-0cf1abd9-124626cd631e,1762587853049,Sync,1748.24,1762587852846,21.0.3.12,false,512,4.04,InvokeFunction,,,LATEST,1-690ef4cc-0c0a43-05bccde2585a,OnDemand,,,202.97,,"{""errorType"":""FunctionAbnormalExitError""}"
,9ADEFA90B0D30226FA9EC5C9D5AE07C5-17,1762587854,FCRequestMetrics:/n-matmul-512,105,105,,,0.03,n-matmul-512,true,720d5821fc65,,c-690ef4a1-0cf1abd9-d2a0858351d9,1762587853410,Sync,1721.46,1762587852903,21.0.3.9,false,512,4.19,InvokeFunction,,,LATEST,1-690ef4cc-0c0a43-634e165761b1,OnDemand,,,506.72,,"{""errorType"":""FunctionAbnormalExitError""}"
,9095B2C1B61D208836CC9B1C85A0D40A-10,1762587854,FCRequestMetrics:/n-matmul-512,105,105,,,0.03,n-matmul-512,true,ca295ccdb9ef,,c-690ef4b1-0cf1abd9-20d8276cdfb4,1762587853704,Sync,1485.70,1762587853145,21.0.3.8,false,512,2.14,InvokeFunction,,,LATEST,1-690ef4cd-0c49fa-018923d21921,OnDemand,,,559.23,,"{""errorType"":""FunctionAbnormalExitError""}"
,B6CBE8EBA74250AA907E560C90566BB4-19,1762587854,FCRequestMetrics:/n-matmul-512,105,105,,,0.04,n-matmul-512,true,ab282a8889ea,,c-690ef49c-0cf1abd9-bbfeef60bc24,1762587853408,Sync,2002.68,1762587852902,21.0.3.11,false,512,2.21,InvokeFunction,,,LATEST,1-690ef4cc-0c0a43-ded90541fdf8,OnDemand,,,502.67,,"{""errorType"":""FunctionAbnormalExitError""}"
,1C05D5B02F01F46143D999E67440A343-20,1762587855,FCRequestMetrics:/n-matmul-512,105,105,,,2779.99,n-matmul-512,false,ded09bee0b2d,,c-690ef48f-0cf1abd9-2bb86706a2c4,1762587852326,Sync,2940.00,1762587852167,21.0.3.9,false,512,39.82,InvokeFunction,,,LATEST,1-690ef4cc-0c49fa-1976d33c8054,OnDemand,,,158.37,
,148C1B09986999E20AA0FF04F10942D0-20,1762587855,FCRequestMetrics:/n-matmul-512,105,105,,,2905.80,n-matmul-512,false,aa1e2085073a,,c-690ef48f-0cf1abd9-2b72cdd5c5c2,1762587852267,Sync,3110.30,1762587852063,21.0.3.10,false,512,36.40,InvokeFunction,,,LATEST,1-690ef4cc-0c0a43-c8136f7552cd,OnDemand,,,203.59,
,F898A01EEA6FFC9C575701D6D0948E55-1F,1762587855,FCRequestMetrics:/n-matmul-512,105,105,,,2896.61,n-matmul-512,false,7a16d098497d,,c-690ef48f-0cf1abd9-9a6242cc8b28,1762587852187,Sync,3202.24,1762587851883,21.0.3.8,false,512,36.41,InvokeFunction,,,LATEST,1-690ef4cb-0c0a43-c39c7a9981f6,OnDemand,,,303.91,
,447511FEAA2C196192B29D0355E78B1D-20,1762587855,FCRequestMetrics:/n-matmul-512,105,105,,,2969.94,n-matmul-512,false,2be5f8bcaa9a,,c-690ef48f-0cf1abd9-405aaa419009,1762587852264,Sync,3230.48,1762587852004,21.0.3.9,false,512,38.61,InvokeFunction,,,LATEST,1-690ef4cc-0c0a43-da27b1460690,OnDemand,,,259.67,
,86D3C1657BB7CB6F9D6C1B5957027679-D,1762587855,FCRequestMetrics:/n-matmul-512,105,105,,,3269.11,n-matmul-512,false,41e163ab7845,,c-690ef4b1-0cf1abd9-383b8cf3b88f,1762587852039,Sync,3469.97,1762587851838,21.0.3.10,false,512,40.08,InvokeFunction,,,LATEST,1-690ef4cc-0c0a43-3ccda8ba6f76,OnDemand,,,200.03,
,646B33D459BD0A9244D32F781DAF3418-14,1762587855,FCRequestMetrics:/n-matmul-512,105,105,,,3044.60,n-matmul-512,false,5d92a283eb8a,,c-690ef4a1-0cf1abd9-de1abe369d37,1762587852476,Sync,3221.52,1762587852300,21.0.3.10,false,512,38.12,InvokeFunction,,,LATEST,1-690ef4cc-0c0a43-4f802638ed4b,OnDemand,,,175.59,
,B1B3EF35016788C3424F79DCBD83BB05-20,1762587855,FCRequestMetrics:/n-matmul-512,105,105,,,2939.34,n-matmul-512,false,8e7a4967c312,,c-690ef48f-0cf1abd9-e1933dd451ba,1762587852787,Sync,3365.30,1762587852362,21.0.3.10,false,512,36.57,InvokeFunction,,,LATEST,1-690ef4cc-0c0a43-2b33345526d9,OnDemand,,,425.15,
,3801AF28D1F06D15DE702CA3D1A78840-20,1762587855,FCRequestMetrics:/n-matmul-512,105,105,,,2850.69,n-matmul-512,false,85f7f63caa28,,c-690ef48f-0cf1abd9-8d9a75cfa22a,1762587853001,Sync,3022.30,1762587852830,21.0.3.8,false,512,36.39,InvokeFunction,,,LATEST,1-690ef4cc-0c49fa-0372ec824cfe,OnDemand,,,170.77,
,C9A28A785F95831BC9FC8EA20129FD05-6,1762587855,FCRequestMetrics:/n-matmul-512,105,105,,,2938.06,n-matmul-512,false,4856bc7a68f1,,c-690ef4c1-0cf1abd9-aae68ff129ed,1762587852423,Sync,3087.73,1762587852274,21.0.3.6,false,512,46.40,InvokeFunction,,,LATEST,1-690ef4cc-0c49fa-d7da56ce29ac,OnDemand,,,148.79,
,6C268265BE6071088D6F784688423FBC-16,1762587855,FCRequestMetrics:/n-matmul-512,105,105,,,4112.23,n-matmul-512,false,f3794d0f4bed,,c-690ef4a4-0cf1abd9-3f60d30fa7e2,1762587850982,Sync,4856.86,1762587850238,21.0.3.11,false,512,34.09,InvokeFunction,,,LATEST,1-690ef4ca-0c49fa-d888ec8ba01f,OnDemand,,,743.50,
,FD6981321571EC68F9E27CDAD26BAC19-17,1762587855,FCRequestMetrics:/n-matmul-512,105,105,,,3319.59,n-matmul-512,false,b2349f9a27e7,,c-690ef49c-0cf1abd9-a2407a052b71,1762587852070,Sync,3511.77,1762587851879,21.0.3.12,false,512,26.61,InvokeFunction,,,LATEST,1-690ef4cb-0c0a43-b8a4364819a1,OnDemand,,,190.95,
,E438D6118493E314AD4DA785D820E022-D,1762587855,FCRequestMetrics:/n-matmul-512,105,105,,,3137.72,n-matmul-512,false,b191993e8dc4,,c-690ef4b3-0cf1abd9-0d3f75ed2006,1762587852271,Sync,3321.43,1762587852088,21.0.3.8,false,512,36.59,InvokeFunction,,,LATEST,1-690ef4cc-0c49fa-c9fba4905c57,OnDemand,,,182.19,
,E336B2A6408E27B02C6CAB82C50088BC-6,1762587855,FCRequestMetrics:/n-matmul-512,105,105,,,3153.46,n-matmul-512,false,b76d94444b2f,,c-690ef4c1-0cf1abd9-48675e1450f8,1762587852414,Sync,3437.96,1762587852130,21.0.3.7,false,512,41.25,InvokeFunction,,,LATEST,1-690ef4cc-0c49fa-935fe9978c80,OnDemand,,,283.55,
,333D4C666C8B83BB41B1C7D79452A532-5,1762587855,FCRequestMetrics:/n-matmul-512,105,105,,,3408.87,n-matmul-512,false,e3c6c131f32d,,c-690ef4c0-0cf1abd9-c5743552479f,1762587851818,Sync,3936.86,1762587851291,21.0.3.9,false,512,42.10,InvokeFunction,,,LATEST,1-690ef4cc-0c49fa-3155819d7651,OnDemand,,,526.97,
,2C250D9B2FF86C019F81DAC520815883-15,1762587855,FCRequestMetrics:/n-matmul-512,105,105,,,4505.50,n-matmul-512,false,52c1693be583,,c-690ef4a4-0cf1abd9-b2b9a6cf3285,1762587851175,Sync,4517.50,1762587851164,21.0.3.10,false,512,34.60,InvokeFunction,,,LATEST,1-690ef4cb-0c49fa-b4c27d4ea54e,OnDemand,,,10.55,
,5F3A1644AB2A1C8B074AB8754A10A293-14,1762587855,FCRequestMetrics:/n-matmul-512,105,105,,,4247.41,n-matmul-512,false,69f1f8b4cc9d,,c-690ef4a4-0cf1abd9-06b3493bf27e,1762587851128,Sync,5039.03,1762587850337,21.0.3.12,false,512,34.56,InvokeFunction,,,LATEST,1-690ef4ca-0c49fa-08ed50484981,OnDemand,,,790.45,
,30B0C091F501AEB24D6930948CD8CD12-9,1762587855,FCRequestMetrics:/n-matmul-512,105,105,,,4068.50,n-matmul-512,false,f585a3de42a9,,c-690ef4c0-0cf1abd9-2f59d877e38b,1762587851459,Sync,4297.51,1762587851230,21.0.3.10,false,512,70.12,InvokeFunction,,,LATEST,1-690ef4cc-0c0a43-b33a8730725e,OnDemand,,,227.97,
,FE4CB4BB334203537C4452D39CB19CCC-9,1762587855,FCRequestMetrics:/n-matmul-512,105,105,,,3523.48,n-matmul-512,false,a7689194af96,,c-690ef4c0-0cf1abd9-beaedf295aad,1762587852105,Sync,3987.93,1762587851642,21.0.3.12,false,512,41.80,InvokeFunction,,,LATEST,1-690ef4cd-0c0a43-ef371963d4dd,OnDemand,,,463.16,
,812F252289DEF5D6E7CEF166CCF20854-9,1762587855,FCRequestMetrics:/n-matmul-512,105,105,,,4175.35,n-matmul-512,false,7cd4cf254b2b,,c-690ef4c0-0cf1abd9-f295f1869449,1762587851726,Sync,4642.55,1762587851259,21.0.3.11,false,512,43.73,InvokeFunction,,,LATEST,1-690ef4cc-0c49fa-c04e2d06b9b3,OnDemand,,,466.16,
,A61C5B29A1D7F2390D1E51D697C6283B-D,1762587855,FCRequestMetrics:/n-matmul-512,105,105,,,3295.05,n-matmul-512,false,14782dc1bc2e,,c-690ef4b4-0cf1abd9-744e5d667f19,1762587852239,Sync,3443.81,1762587852099,21.0.3.12,false,512,38.77,InvokeFunction,,,LATEST,1-690ef4cc-0c0a43-086330d10c92,OnDemand,,,139.64,
,A89833F386C2C0AAB19D937BC0A8D2F3-D,1762587855,FCRequestMetrics:/n-matmul-512,105,105,,,3157.03,n-matmul-512,false,ea0bccbe44d2,,c-690ef4b4-0cf1abd9-c9ccab6a1a6a,1762587852311,Sync,3301.40,1762587852168,21.0.3.8,false,512,34.30,InvokeFunction,,,LATEST,1-690ef4cc-0c49fa-01172d6a967a,OnDemand,,,143.00,
,604D7A139A336D459A8701B8728ED443-D,1762587855,FCRequestMetrics:/n-matmul-512,105,105,,,3146.66,n-matmul-512,false,3ccc09a5376a,,c-690ef4b4-0cf1abd9-6384931551e4,1762587852471,Sync,3356.59,1762587852264,21.0.3.11,false,512,34.14,InvokeFunction,,,LATEST,1-690ef4cc-0c0a43-f3071d845fa1,OnDemand,,,207.06,
,A0E18646E4ED1862BB7852A818D6BD84-20,1762587855,FCRequestMetrics:/n-matmul-512,105,105,,,3517.15,n-matmul-512,false,455c2c4df2d2,,c-690ef48f-0cf1abd9-fff0447ff1dc,1762587852185,Sync,3824.36,1762587851884,21.0.3.8,false,512,33.99,InvokeFunction,,,LATEST,1-690ef4cb-0c0a43-0008ad8a2e61,OnDemand,,,300.07,
,8A4C9F8EC0081A54D335C35B65D1357D-16,1762587855,FCRequestMetrics:/n-matmul-512,97,97,,,3479.47,n-matmul-512,false,1c5ca9e1c7f9,,c-690ef4a4-0cf1abd9-274debaa5e8f,1762587851633,Sync,3481.63,1762587851632,21.0.3.9,false,512,38.59,InvokeFunction,,,LATEST,1-690ef4cb-0c49fa-e735b774a337,OnDemand,,,1.13,
,CA067C7B13641001A367D67FE1936091-20,1762587855,FCRequestMetrics:/n-matmul-512,105,105,,,3013.83,n-matmul-512,false,5046f6076057,,c-690ef490-0cf1abd9-851ce87263d1,1762587852126,Sync,3259.70,1762587851881,21.0.3.11,false,512,34.43,InvokeFunction,,,LATEST,1-690ef4cb-0c0a43-aeb5f771f0f4,OnDemand,,,244.90,
,F91A17FDEE204113BD7FCEE97E77B19D-20,1762587855,FCRequestMetrics:/n-matmul-512,105,105,,,3002.16,n-matmul-512,false,b4a55f945517,,c-690ef48f-0cf1abd9-f3db6505083a,1762587852515,Sync,3212.12,1762587852308,21.0.3.12,false,512,34.22,InvokeFunction,,,LATEST,1-690ef4cc-0c0a43-34669c0312a9,OnDemand,,,206.50,
,805D0B9C50B0CFD3CF77F88B01A3CC36-20,1762587855,FCRequestMetrics:/n-matmul-512,105,105,,,2935.18,n-matmul-512,false,4277c8c89afa,,c-690ef490-0cf1abd9-df579b907295,1762587852333,Sync,3072.71,1762587852203,21.0.3.12,false,512,34.64,InvokeFunction,,,LATEST,1-690ef4cc-0c0a43-e24d99b6798f,OnDemand,,,129.32,
,6448458DC5EEDA4B01194355EB33D0AF-1D,1762587855,FCRequestMetrics:/n-matmul-512,105,105,,,3464.07,n-matmul-512,false,e9af6d91c5a8,,c-690ef492-0cf1abd9-8e96e2aae5ad,1762587852407,Sync,3648.86,1762587852223,21.0.3.11,false,512,36.46,InvokeFunction,,,LATEST,1-690ef4cc-0c0a43-0f8b062262ed,OnDemand,,,183.81,
,F07C00865CBCDDD3603F2861EC1005E7-1F,1762587855,FCRequestMetrics:/n-matmul-512,105,105,,,0.03,n-matmul-512,true,23ed8e688827,,c-690ef48f-0cf1abd9-c9d277f8db04,1762587854028,Sync,1551.05,1762587853537,21.0.3.12,false,512,2.18,InvokeFunction,,,LATEST,1-690ef4cd-0c49fa-1ea5b90199aa,OnDemand,,,490.92,,"{""errorType"":""FunctionAbnormalExitError""}"
,414BD1893AE2054C5F533C4E4BFB2474-19,1762587855,FCRequestMetrics:/n-matmul-512,105,105,,,0.02,n-matmul-512,true,e09eb6f846c4,,c-690ef49c-0cf1abd9-96967c00da02,1762587853425,Sync,2120.05,1762587852905,21.0.3.9,false,512,2.23,InvokeFunction,,,LATEST,1-690ef4cc-0c49fa-1c5f4f9ed492,OnDemand,,,519.43,,"{""errorType"":""FunctionAbnormalExitError""}"
,D47609DF0A0B8379D6163E9247FE0B62-10,1762587855,FCRequestMetrics:/n-matmul-512,99,99,,,0.03,n-matmul-512,true,94f30db206a9,,c-690ef4b1-0cf1abd9-5ce21036fb60,1762587853920,Sync,1193.65,1762587853919,21.0.3.9,false,512,6.04,InvokeFunction,,,LATEST,1-690ef4ce-0c0a43-39a240a9698d,OnDemand,,,0.50,,"{""errorType"":""FunctionAbnormalExitError""}"
,028699F502CA3D7E230041FC52AB4DE5-10,1762587855,FCRequestMetrics:/n-matmul-512,105,105,,,0.03,n-matmul-512,true,c3f0f0de03a0,,c-690ef4b1-0cf1abd9-f906b5304a3d,1762587854614,Sync,1322.38,1762587854524,21.0.3.8,false,512,2.19,InvokeFunction,,,LATEST,1-690ef4ce-0c49fa-00ed4e9d1e1c,OnDemand,,,90.42,,"{""errorType"":""FunctionAbnormalExitError""}"
,1F1FFC412871BA58DE9DD242432C9C35-20,1762587855,FCRequestMetrics:/n-matmul-512,97,97,,,0.03,n-matmul-512,true,a2dfb552053b,,c-690ef492-0cf1abd9-8c97f365993b,1762587854721,Sync,1225.62,1762587854720,21.0.3.8,false,512,2.10,InvokeFunction,,,LATEST,1-690ef4ce-0c49fa-22af313e3191,OnDemand,,,1.15,,"{""errorType"":""FunctionAbnormalExitError""}"
,BF0051A2DC4BF4DDC3679E47B8B32C9C-9,1762587855,FCRequestMetrics:/n-matmul-512,105,105,,,0.03,n-matmul-512,true,e797c285140c,,c-690ef4c0-0cf1abd9-8278610d83f5,1762587854051,Sync,1840.47,1762587853557,21.0.3.8,false,512,22.30,InvokeFunction,,,LATEST,1-690ef4cf-0c49fa-7685fc6361b1,OnDemand,,,493.50,,"{""errorType"":""FunctionAbnormalExitError""}"
,F031090DB7497FBE9C5AA393E7E68561-20,1762587856,FCRequestMetrics:/n-matmul-512,105,105,,,2867.23,n-matmul-512,false,ac449c8e7f33,,c-690ef48f-0cf1abd9-a7a4b84ee62d,1762587853284,Sync,3260.09,1762587852892,21.0.3.9,false,512,36.59,InvokeFunction,,,LATEST,1-690ef4cc-0c49fa-6864d1ae658a,OnDemand,,,392.18,
,78CD85FE04C684FD432ABFF362CBF50C-1D,1762587856,FCRequestMetrics:/n-matmul-512,105,105,,,4335.70,n-matmul-512,false,6999fff919fb,,c-690ef48f-0cf1abd9-6c6d9044c534,1762587851991,Sync,4453.77,1762587851874,21.0.3.9,false,512,26.76,InvokeFunction,,,LATEST,1-690ef4cb-0c0a43-b7701c559cab,OnDemand,,,115.43,
,13AC9179567B6A88BE4E678F8CBCF027-14,1762587856,FCRequestMetrics:/n-matmul-512,105,105,,,3258.84,n-matmul-512,false,c1270f7ffdb8,,c-690ef4a1-0cf1abd9-661404bfd8df,1762587852858,Sync,3616.15,1762587852502,21.0.3.12,false,512,39.84,InvokeFunction,,,LATEST,1-690ef4cc-0c49fa-14c37c999721,OnDemand,,,356.58,
,90D8D68606671C7D3CC9428DB5D1A5ED-14,1762587856,FCRequestMetrics:/n-matmul-512,105,105,,,3405.00,n-matmul-512,false,43290576c1e6,,c-690ef4a1-0cf1abd9-784f475cf818,1762587852749,Sync,3820.58,1762587852334,21.0.3.11,false,512,39.73,InvokeFunction,,,LATEST,1-690ef4cc-0c49fa-99b319983030,OnDemand,,,414.61,
,D383B16911701B57D8112BE288DB8A26-D,1762587856,FCRequestMetrics:/n-matmul-512,105,105,,,3662.74,n-matmul-512,false,bb19602af764,,c-690ef4b1-0cf1abd9-7e88298a556b,1762587852763,Sync,4115.56,1762587852311,21.0.3.10,false,512,39.75,InvokeFunction,,,LATEST,1-690ef4cc-0c0a43-41de6edc2aea,OnDemand,,,451.72,
,D57BF307AB3C1DBB07F853EA29DFAA8E-1F,1762587856,FCRequestMetrics:/n-matmul-512,105,105,,,3054.98,n-matmul-512,false,4a02a8b2ccf7,,c-690ef48f-0cf1abd9-3378a67d936f,1762587853622,Sync,3746.03,1762587852932,21.0.3.10,false,512,37.79,InvokeFunction,,,LATEST,1-690ef4cc-0c0a43-6d32b64f6207,OnDemand,,,690.01,
,FFBE1F54232C7105BB9D9D9815146807-D,1762587856,FCRequestMetrics:/n-matmul-512,105,105,,,2947.34,n-matmul-512,false,4210c93d9e28,,c-690ef4b2-0cf1abd9-734e58adbe38,1762587853363,Sync,3413.91,1762587852898,21.0.3.10,false,512,39.91,InvokeFunction,,,LATEST,1-690ef4cc-0c0a43-78c56b0ff4b3,OnDemand,,,465.51,
,3638871BA5BA6CB81D64084B08F55201-22,1762587856,FCRequestMetrics:/n-matmul-512,105,105,,,2903.61,n-matmul-512,false,d9ddc014a95e,,c-690ef48f-0cf1abd9-ec0c220edbce,1762587853514,Sync,3379.58,1762587853039,21.0.3.8,false,512,41.84,InvokeFunction,,,LATEST,1-690ef4cd-0c0a43-bdfae4f517ba,OnDemand,,,475.23,
,A6333F63464BC687DF1965DBFE05F1DB-1F,1762587856,FCRequestMetrics:/n-matmul-512,105,105,,,2814.81,n-matmul-512,false,3e88eb377bf5,,c-690ef490-0cf1abd9-507f1daf6985,1762587853702,Sync,3607.14,1762587852911,21.0.3.11,false,512,36.21,InvokeFunction,,,LATEST,1-690ef4cc-0c0a43-9e9036ed477b,OnDemand,,,791.39,
,7C823A060900EA64C601C711AE9A8E7B-1F,1762587856,FCRequestMetrics:/n-matmul-512,105,105,,,3154.97,n-matmul-512,false,a9c1f9cad0fa,,c-690ef492-0cf1abd9-41b4dd0accbf,1762587853501,Sync,3641.83,1762587853015,21.0.3.10,false,512,39.93,InvokeFunction,,,LATEST,1-690ef4cd-0c49fa-42a71d85737a,OnDemand,,,485.79,
,BD1D69C9267D95E53B2A79C6CB35D41D-1D,1762587856,FCRequestMetrics:/n-matmul-512,105,105,,,3264.29,n-matmul-512,false,987841b3d4f5,,c-690ef492-0cf1abd9-b72bb88bbd36,1762587853459,Sync,3765.76,1762587852958,21.0.3.12,false,512,41.64,InvokeFunction,,,LATEST,1-690ef4cc-0c49fa-ea38802224c6,OnDemand,,,500.54,
,60315181B24B66886819325A3EA49E6F-19,1762587856,FCRequestMetrics:/n-matmul-512,105,105,,,3432.08,n-matmul-512,false,0d1aec41c426,,c-690ef49e-0cf1abd9-079fb8593d22,1762587852842,Sync,3794.01,1762587852481,21.0.3.9,false,512,28.83,InvokeFunction,,,LATEST,1-690ef4cc-0c49fa-c36ecac658f0,OnDemand,,,356.73,
,3BDEEDD6F6C1B51E5137A970AE75BAA4-1D,1762587856,FCRequestMetrics:/n-matmul-512,105,105,,,3158.68,n-matmul-512,false,3b2b33dbd196,,c-690ef492-0cf1abd9-bbdff8eda83c,1762587853674,Sync,3918.04,1762587852916,21.0.3.9,false,512,39.78,InvokeFunction,,,LATEST,1-690ef4cc-0c0a43-1857a759b110,OnDemand,,,757.76,
,BD9BE3600CF3EADC822FC16C6CE56C55-9,1762587856,FCRequestMetrics:/n-matmul-512,105,105,,,4223.62,n-matmul-512,false,a90b8e21cc4e,,c-690ef4bd-0cf1abd9-4533cb176176,1762587852057,Sync,4476.40,1762587851805,21.0.3.10,false,512,27.35,InvokeFunction,,,LATEST,1-690ef4cc-0c0a43-11b222f2d689,OnDemand,,,251.87,
,6CCFB4E4193C923DA012941FDF8BA7C1-1E,1762587856,FCRequestMetrics:/n-matmul-512,105,105,,,3759.66,n-matmul-512,false,1ea218c34989,,c-690ef48f-0cf1abd9-4c65696b73c9,1762587852971,Sync,3943.04,1762587852788,21.0.3.11,false,512,27.10,InvokeFunction,,,LATEST,1-690ef4cc-0c0a43-35ff12b44a73,OnDemand,,,182.31,
,C2EB2A92BA9B62B2586CA2C02FC71F03-9,1762587856,FCRequestMetrics:/n-matmul-512,105,105,,,4237.40,n-matmul-512,false,d33c82b43d3d,,c-690ef4bd-0cf1abd9-a491e17680d2,1762587852194,Sync,4767.90,1762587851668,21.0.3.8,false,512,28.76,InvokeFunction,,,LATEST,1-690ef4cc-0c49fa-57a36265f8db,OnDemand,,,526.25,
,C1D7342C162E0433E3DCC69A36E49279-18,1762587856,FCRequestMetrics:/n-matmul-512,105,105,,,3273.60,n-matmul-512,false,c1850f6d6120,,c-690ef49e-0cf1abd9-bea541164f91,1762587853150,Sync,3537.24,1762587852888,21.0.3.11,false,512,27.12,InvokeFunction,,,LATEST,1-690ef4cc-0c49fa-baf76d8a29c2,OnDemand,,,262.61,
,8009EC769EAF82E94BE4682B8C0E45B5-6,1762587856,FCRequestMetrics:/n-matmul-512,99,99,,,3070.26,n-matmul-512,false,e18d84b3712e,,c-690ef4c1-0cf1abd9-2df610e1f3e8,1762587853781,Sync,3072.57,1762587853779,21.0.3.8,false,512,37.77,InvokeFunction,,,LATEST,1-690ef4ce-0c49fa-fa66f634fe85,OnDemand,,,1.14,
,9DDF92507C03E777F745C0AA5C83C458-19,1762587856,FCRequestMetrics:/n-matmul-512,105,105,,,3511.10,n-matmul-512,false,ab20715057dd,,c-690ef49e-0cf1abd9-a4d3e4836d71,1762587852920,Sync,3891.25,1762587852547,21.0.3.8,false,512,34.52,InvokeFunction,,,LATEST,1-690ef4cc-0c0a43-46753bc33f13,OnDemand,,,372.27,
,F78928E4C3048B992F5E5A9DC10A82CD-4,1762587856,FCRequestMetrics:/n-matmul-512,105,105,,,3221.95,n-matmul-512,false,4756408993b7,,c-690ef4c8-0cf1abd9-87a481f567c5,1762587853351,Sync,3998.25,1762587852582,21.0.3.8,false,512,90.44,InvokeFunction,,,LATEST,1-690ef4cc-0c0a43-a76d48ccd745,OnDemand,,,767.95,
,0AE60AD6E226644C212775A9AD9DBC3A-D,1762587856,FCRequestMetrics:/n-matmul-512,105,105,,,3299.77,n-matmul-512,false,e5c3b3dfa4c1,,c-690ef4b3-0cf1abd9-04675e7328d5,1762587852810,Sync,3710.82,1762587852399,21.0.3.10,false,512,34.45,InvokeFunction,,,LATEST,1-690ef4cc-0c49fa-7c8f5edc8787,OnDemand,,,409.97,
,F0A5925498435F2F6D9BDDB34BF193EA-4,1762587856,FCRequestMetrics:/n-matmul-512,105,105,,,3081.20,n-matmul-512,false,498ae363af0a,,c-690ef4c8-0cf1abd9-33e32577488c,1762587853425,Sync,3535.50,1762587852973,21.0.3.10,false,512,36.69,InvokeFunction,,,LATEST,1-690ef4cd-0c49fa-46b6a63d1368,OnDemand,,,451.81,
,3EC79B1A2832FEBC3A7D2A1336CBC72B-4,1762587856,FCRequestMetrics:/n-matmul-512,105,105,,,3061.80,n-matmul-512,false,1ba7f32a1a20,,c-690ef4c8-0cf1abd9-b1f4c901d515,1762587853602,Sync,3616.54,1762587853050,21.0.3.12,false,512,36.32,InvokeFunction,,,LATEST,1-690ef4cd-0c49fa-395638d0a351,OnDemand,,,551.80,
,454D28B9ADC842A2E21EC3C429AA5038-3,1762587856,FCRequestMetrics:/n-matmul-512,105,105,,,3195.11,n-matmul-512,false,68ffeb726d24,,c-690ef4c8-0cf1abd9-e95db563c2a4,1762587853654,Sync,3709.47,1762587853141,21.0.3.11,false,512,34.54,InvokeFunction,,,LATEST,1-690ef4cd-0c49fa-7e4985c6d7dc,OnDemand,,,513.04,
,270B9EACE82C5E95387DFC3023475A37-18,1762587856,FCRequestMetrics:/n-matmul-512,105,105,,,3789.59,n-matmul-512,false,fe7ebaee4797,,c-690ef4a4-0cf1abd9-3aa2f2400266,1762587852443,Sync,3996.94,1762587852239,21.0.3.8,false,512,36.95,InvokeFunction,,,LATEST,1-690ef4cc-0c0a43-d53021776075,OnDemand,,,203.92,
,E28B31C1AD09CA2631349F2F5CD41FEA-F,1762587856,FCRequestMetrics:/n-matmul-512,105,105,,,3243.99,n-matmul-512,false,378303f5ffb1,,c-690ef4b4-0cf1abd9-4d6de11efb71,1762587853240,Sync,3596.31,1762587852889,21.0.3.9,false,512,38.42,InvokeFunction,,,LATEST,1-690ef4cc-0c49fa-11669547e782,OnDemand,,,351.30,
,023E1362E98622AC0BA42C246E757652-F,1762587856,FCRequestMetrics:/n-matmul-512,105,105,,,3373.74,n-matmul-512,false,c2dc25ac0291,,c-690ef4b3-0cf1abd9-482c4f6b212d,1762587853555,Sync,4013.93,1762587852915,21.0.3.9,false,512,36.45,InvokeFunction,,,LATEST,1-690ef4cc-0c0a43-2b55cf61e043,OnDemand,,,639.53,
,EC65B6B96723558D074A84C970ABFB6D-F,1762587856,FCRequestMetrics:/n-matmul-512,105,105,,,2985.52,n-matmul-512,false,dc0d493de807,,c-690ef4b3-0cf1abd9-88427ba7f908,1762587853496,Sync,3477.84,1762587853004,21.0.3.12,false,512,36.32,InvokeFunction,,,LATEST,1-690ef4cd-0c49fa-9368723e4ab6,OnDemand,,,491.65,
,9E860D881BD9449D0F2C4975F44F7ABC-12,1762587856,FCRequestMetrics:/n-matmul-512,94,94,,,0.03,n-matmul-512,true,dc22095edf84,,c-690ef4b1-0cf1abd9-834eca231e91,1762587854772,Sync,1457.82,1762587854748,21.0.3.9,false,512,2.06,InvokeFunction,,,LATEST,1-690ef4ce-0c0a43-951c307cbf84,OnDemand,,,24.35,,"{""errorType"":""FunctionAbnormalExitError""}"
,86D3C1657BB7CB6F9D6C1B5957027679-10,1762587856,FCRequestMetrics:/n-matmul-512,105,105,,,0.03,n-matmul-512,true,41e163ab7845,,c-690ef4b1-0cf1abd9-383b8cf3b88f,1762587855311,Sync,1949.07,1762587854937,21.0.3.10,false,512,4.10,InvokeFunction,,,LATEST,1-690ef4cf-0c0a43-06ed1e6dc351,OnDemand,,,373.98,,"{""errorType"":""FunctionAbnormalExitError""}"
,646B33D459BD0A9244D32F781DAF3418-17,1762587856,FCRequestMetrics:/n-matmul-512,105,105,,,0.03,n-matmul-512,true,5d92a283eb8a,,c-690ef4a1-0cf1abd9-de1abe369d37,1762587855525,Sync,1644.45,1762587855116,21.0.3.10,false,512,2.14,InvokeFunction,,,LATEST,1-690ef4cf-0c0a43-f3a77e151457,OnDemand,,,407.92,,"{""errorType"":""FunctionAbnormalExitError""}"
,C9A28A785F95831BC9FC8EA20129FD05-9,1762587856,FCRequestMetrics:/n-matmul-512,105,105,,,0.03,n-matmul-512,true,4856bc7a68f1,,c-690ef4c1-0cf1abd9-aae68ff129ed,1762587855366,Sync,2034.32,1762587854686,21.0.3.6,false,512,7.49,InvokeFunction,,,LATEST,1-690ef4cf-0c49fa-6e0eeb078ff9,OnDemand,,,679.45,,"{""errorType"":""FunctionAbnormalExitError""}"
,333D4C666C8B83BB41B1C7D79452A532-8,1762587856,FCRequestMetrics:/n-matmul-512,105,105,,,0.03,n-matmul-512,true,e3c6c131f32d,,c-690ef4c0-0cf1abd9-c5743552479f,1762587855231,Sync,1762.34,1762587855086,21.0.3.9,false,512,6.12,InvokeFunction,,,LATEST,1-690ef4d0-0c0a43-1aa80c7c690d,OnDemand,,,144.49,,"{""errorType"":""FunctionAbnormalExitError""}"
,22262E23B35913584F104007F60CDE44-20,1762587857,FCRequestMetrics:/n-matmul-512,105,105,,,2989.56,n-matmul-512,false,5c984f724ebf,,c-690ef48f-0cf1abd9-4d671f684c9c,1762587854145,Sync,4222.82,1762587852912,21.0.3.9,false,512,36.45,InvokeFunction,,,LATEST,1-690ef4cc-0c0a43-5d33bc10da75,OnDemand,,,1232.30,
,5E37C0E4F38EC01A59BF0AC51B37D7D9-C,1762587857,FCRequestMetrics:/n-matmul-512,105,105,,,3057.28,n-matmul-512,false,675e218faad5,,c-690ef4b2-0cf1abd9-5c68fc00ab92,1762587853981,Sync,3641.06,1762587853399,21.0.3.12,false,512,39.79,InvokeFunction,,,LATEST,1-690ef4cd-0c0a43-65951d09ad78,OnDemand,,,581.47,
,7780C0688E26C68EB0D69712BCDE475F-20,1762587857,FCRequestMetrics:/n-matmul-512,99,99,,,2897.27,n-matmul-512,false,333740b1eaee,,c-690ef490-0cf1abd9-b30a2e13f5eb,1762587854516,Sync,2901.06,1762587854515,21.0.3.12,false,512,38.31,InvokeFunction,,,LATEST,1-690ef4ce-0c0a43-94175bf302af,OnDemand,,,0.50,
,D09BCBD485576D911D13CE495A97C108-D,1762587857,FCRequestMetrics:/n-matmul-512,99,99,,,3223.06,n-matmul-512,false,67959926d07f,,c-690ef4b3-0cf1abd9-62c5a8cabd6b,1762587853899,Sync,3226.79,1762587853897,21.0.3.10,false,512,39.57,InvokeFunction,,,LATEST,1-690ef4ce-0c49fa-df9e90d8ae2b,OnDemand,,,1.36,
,86C97E3549B8E428464CF6B56B68BFDC-10,1762587857,FCRequestMetrics:/n-matmul-512,105,105,,,3698.93,n-matmul-512,false,5a3240bb4b57,,c-690ef4b1-0cf1abd9-ef240bcd1d76,1762587853496,Sync,4226.23,1762587852969,21.0.3.12,false,512,39.80,InvokeFunction,,,LATEST,1-690ef4cd-0c49fa-54816c364187,OnDemand,,,526.34,
,7FDD645C18A05AFCA1EE540844E336B4-1D,1762587857,FCRequestMetrics:/n-matmul-512,105,105,,,3558.51,n-matmul-512,false,005047e6f771,,c-690ef48f-0cf1abd9-a4e85c44b759,1762587853446,Sync,4085.43,1762587852920,21.0.3.10,false,512,26.91,InvokeFunction,,,LATEST,1-690ef4cc-0c49fa-5228439ac5a9,OnDemand,,,525.47,
,E4C186C27FC2E01612D2685505BDC1C8-10,1762587857,FCRequestMetrics:/n-matmul-512,99,99,,,3345.85,n-matmul-512,false,2f46f223d44b,,c-690ef4b3-0cf1abd9-b7dfa30d9e6b,1762587853917,Sync,3353.99,1762587853916,21.0.3.8,false,512,40.05,InvokeFunction,,,LATEST,1-690ef4ce-0c49fa-b78a2f5debf1,OnDemand,,,1.39,
,19D19504A7F011D98456D47931F40832-10,1762587857,FCRequestMetrics:/n-matmul-512,105,105,,,3750.21,n-matmul-512,false,d76a12fc0134,,c-690ef4b1-0cf1abd9-3da89f7b182b,1762587853670,Sync,3752.86,1762587853669,21.0.3.11,false,512,41.87,InvokeFunction,,,LATEST,1-690ef4ce-0c49fa-0d92a2523755,OnDemand,,,1.37,
,F898A01EEA6FFC9C575701D6D0948E55-21,1762587857,FCRequestMetrics:/n-matmul-512,105,105,,,2703.89,n-matmul-512,false,7a16d098497d,,c-690ef48f-0cf1abd9-9a6242cc8b28,1762587855088,Sync,2749.59,1762587855043,21.0.3.8,false,512,37.99,InvokeFunction,,,LATEST,1-690ef4cf-0c49fa-9c791ceb2876,OnDemand,,,44.87,
,5F40BF3643AE590E1A0AFBFC2BB1CC92-10,1762587857,FCRequestMetrics:/n-matmul-512,97,97,,,3373.92,n-matmul-512,false,918ade19bbee,,c-690ef4b1-0cf1abd9-3df7810e23e4,1762587854461,Sync,3380.64,1762587854459,21.0.3.11,false,512,39.84,InvokeFunction,,,LATEST,1-690ef4ce-0c49fa-2cecf40f5108,OnDemand,,,1.34,
,32144092075796B61E66CC5CB449FE74-20,1762587857,FCRequestMetrics:/n-matmul-512,98,98,,,2952.23,n-matmul-512,false,4e09d5ee1757,,c-690ef48f-0cf1abd9-c9b2724f454d,1762587854558,Sync,2953.70,1762587854558,21.0.3.11,false,512,37.03,InvokeFunction,,,LATEST,1-690ef4ce-0c0a43-b4c0a65076ce,OnDemand,,,0.49,
,52D7D507918D931708B22C4CE8E63CCC-10,1762587857,FCRequestMetrics:/n-matmul-512,96,96,,,3128.82,n-matmul-512,false,7e3f21c3452b,,c-690ef4b2-0cf1abd9-448ba4a6e619,1762587854798,Sync,3130.14,1762587854797,21.0.3.9,false,512,39.46,InvokeFunction,,,LATEST,1-690ef4ce-0c0a43-185f36cd3717,OnDemand,,,0.53,
,67EF79BC30A82AE98BE59702C8F66831-9,1762587857,FCRequestMetrics:/n-matmul-512,105,105,,,4413.54,n-matmul-512,false,9d91d3cbe239,,c-690ef4bd-0cf1abd9-3b4ee6796d7a,1762587853221,Sync,4416.78,1762587853221,21.0.3.11,false,512,26.71,InvokeFunction,,,LATEST,1-690ef4ce-0c0a43-952a49259423,OnDemand,,,0.51,
,22E833C237D88A72ACDEEBC774861945-8,1762587857,FCRequestMetrics:/n-matmul-512,97,97,,,3350.90,n-matmul-512,false,3ad91ce1f715,,c-690ef4c1-0cf1abd9-a9ad8a9b0501,1762587854128,Sync,3352.53,1762587854127,21.0.3.5,false,512,90.90,InvokeFunction,,,LATEST,1-690ef4ce-0c0a43-dc0e208d5d55,OnDemand,,,0.56,
,03A714A9772EC266AA0C3B3C7C5F7666-9,1762587857,FCRequestMetrics:/n-matmul-512,105,105,,,4454.85,n-matmul-512,false,579930c5ac3a,,c-690ef4bd-0cf1abd9-7053d50dd4cd,1762587852891,Sync,4986.12,1762587852362,21.0.3.10,false,512,26.91,InvokeFunction,,,LATEST,1-690ef4cd-0c49fa-139c4add806a,OnDemand,,,528.72,
,B50B6C7E4A9EFD8ADCDAE8E71A8A357B-20,1762587857,FCRequestMetrics:/n-matmul-512,96,96,,,3078.14,n-matmul-512,false,0c3cf93849f8,,c-690ef48f-0cf1abd9-ad135b628654,1762587854787,Sync,3082.22,1762587854786,21.0.3.8,false,512,36.07,InvokeFunction,,,LATEST,1-690ef4ce-0c49fa-4978b256778f,OnDemand,,,1.16,
,49B64A5B3FBA9FC6678BE15B3FA1CAE0-C,1762587857,FCRequestMetrics:/n-matmul-512,105,105,,,2888.37,n-matmul-512,false,b69b715c17a5,,c-690ef4b3-0cf1abd9-2077a8676f3b,1762587854860,Sync,3171.31,1762587854579,21.0.3.11,false,512,38.08,InvokeFunction,,,LATEST,1-690ef4cf-0c49fa-ea40ae814440,OnDemand,,,280.64,
,3D3F830804794EE934A3F39C618D6DA7-D,1762587857,FCRequestMetrics:/n-matmul-512,105,105,,,3053.94,n-matmul-512,false,a5074fb07ccb,,c-690ef4b3-0cf1abd9-4204fc55cfbc,1762587854763,Sync,3253.08,1762587854568,21.0.3.12,false,512,43.64,InvokeFunction,,,LATEST,1-690ef4cf-0c0a43-1baec4f55bde,OnDemand,,,194.59,
,395AF19B30E923F04509691974E770B2-10,1762587857,FCRequestMetrics:/n-matmul-512,105,105,,,3329.43,n-matmul-512,false,16c28b2331e7,,c-690ef4b3-0cf1abd9-03841df006e6,1762587854516,Sync,3430.83,1762587854416,21.0.3.9,false,512,41.33,InvokeFunction,,,LATEST,1-690ef4ce-0c0a43-ce12ac7da050,OnDemand,,,100.14,
,AF248E24051D33CE2911D9A18C89C2D3-9,1762587857,FCRequestMetrics:/n-matmul-512,94,94,,,3354.93,n-matmul-512,false,8c4cd304f247,,c-690ef4c1-0cf1abd9-e614043a0e89,1762587854383,Sync,3357.16,1762587854381,21.0.3.10,false,512,39.91,InvokeFunction,,,LATEST,1-690ef4ce-0c49fa-c43d0f57c4b1,OnDemand,,,1.14,
,537821DDAFE9614566F0064DDB274514-17,1762587857,FCRequestMetrics:/n-matmul-512,105,105,,,2868.46,n-matmul-512,false,e7a61b8cb4fe,,c-690ef4a1-0cf1abd9-564b243bc6a8,1762587854326,Sync,2869.90,1762587854325,21.0.3.8,false,512,27.34,InvokeFunction,,,LATEST,1-690ef4ce-0c0a43-44deb09b0cfa,OnDemand,,,0.47,
,5D2FE67C0EB5779BF4214AF0D6312E51-17,1762587857,FCRequestMetrics:/n-matmul-512,99,99,,,3215.49,n-matmul-512,false,19252a223023,,c-690ef49c-0cf1abd9-daf5d7835f02,1762587854353,Sync,3219.59,1762587854352,21.0.3.10,false,512,26.71,InvokeFunction,,,LATEST,1-690ef4ce-0c49fa-91ed8dc97258,OnDemand,,,1.18,
,32D30CAFDEB66ED4BA2C61AB57673DE9-9,1762587857,FCRequestMetrics:/n-matmul-512,94,94,,,4148.16,n-matmul-512,false,1e73088b591b,,c-690ef4bd-0cf1abd9-2266afd5303d,1762587853826,Sync,4153.65,1762587853826,21.0.3.9,false,512,26.91,InvokeFunction,,,LATEST,1-690ef4ce-0c0a43-ea2e25b4a106,OnDemand,,,0.42,
,EAD7BD32D52FA8C0EC561AB86D8BB129-17,1762587857,FCRequestMetrics:/n-matmul-512,99,99,,,3195.37,n-matmul-512,false,9697e733b066,,c-690ef49e-0cf1abd9-b7f83cb23224,1762587854437,Sync,3202.32,1762587854435,21.0.3.10,false,512,29.09,InvokeFunction,,,LATEST,1-690ef4ce-0c49fa-155ebbee486b,OnDemand,,,0.86,
,3D753EA828DEDBBB0DF10FE8437E0EE2-16,1762587857,FCRequestMetrics:/n-matmul-512,98,98,,,2977.10,n-matmul-512,false,13a75e602ffd,,c-690ef49e-0cf1abd9-124626cd631e,1762587854606,Sync,2979.62,1762587854604,21.0.3.12,false,512,28.52,InvokeFunction,,,LATEST,1-690ef4ce-0c49fa-9c394573499c,OnDemand,,,1.16,
,B6CBE8EBA74250AA907E560C90566BB4-19,1762587857,FCRequestMetrics:/n-matmul-512,95,95,,,3052.56,n-matmul-512,false,ab282a8889ea,,c-690ef49c-0cf1abd9-bbfeef60bc24,1762587854913,Sync,3054.13,1762587854912,21.0.3.11,false,512,27.16,InvokeFunction,,,LATEST,1-690ef4ce-0c0a43-408fbc436f7a,OnDemand,,,0.51,
,93FE45F5D80B3384897CEBE39059D2B9-4,1762587857,FCRequestMetrics:/n-matmul-512,94,94,,,3063.57,n-matmul-512,false,ce40ea9a9210,,c-690ef4c8-0cf1abd9-21c972c4a8d9,1762587854607,Sync,3065.53,1762587854606,21.0.3.9,false,512,34.80,InvokeFunction,,,LATEST,1-690ef4ce-0c49fa-9dcb21e2d933,OnDemand,,,0.82,
,715E1B0E1B21EEA77E59E1CCA6C827A1-E,1762587857,FCRequestMetrics:/n-matmul-512,105,105,,,3383.73,n-matmul-512,false,227434a33de2,,c-690ef4b3-0cf1abd9-7a1935f5d276,1762587853850,Sync,3852.86,1762587853381,21.0.3.11,false,512,36.38,InvokeFunction,,,LATEST,1-690ef4cd-0c49fa-76eb6ffb6986,OnDemand,,,468.48,
,ED99555BBD66FF347A8C8145C62ABE99-19,1762587857,FCRequestMetrics:/n-matmul-512,98,98,,,3241.70,n-matmul-512,false,4bed96722f41,,c-690ef49c-0cf1abd9-8088ae7c339c,1762587854615,Sync,3247.19,1762587854611,21.0.3.8,false,512,34.50,InvokeFunction,,,LATEST,1-690ef4ce-0c49fa-fedb23168047,OnDemand,,,1.34,
,A58D23371A460570694E59E83C205D35-22,1762587857,FCRequestMetrics:/n-matmul-512,94,94,,,2961.80,n-matmul-512,false,f5099c18cdf1,,c-690ef48f-0cf1abd9-aa29b9d0aa99,1762587854959,Sync,2963.25,1762587854958,21.0.3.11,false,512,36.58,InvokeFunction,,,LATEST,1-690ef4ce-0c0a43-a39f978e020f,OnDemand,,,0.54,
,27BDDCAD80E91AC92FDFCC1C9A1A4216-F,1762587857,FCRequestMetrics:/n-matmul-512,105,105,,,3373.40,n-matmul-512,false,2ff8f58d97fc,,c-690ef4b4-0cf1abd9-3de0c61b5b68,1762587854312,Sync,3375.74,1762587854310,21.0.3.10,false,512,36.37,InvokeFunction,,,LATEST,1-690ef4ce-0c49fa-79336f26b007,OnDemand,,,1.35,
,E336B2A6408E27B02C6CAB82C50088BC-9,1762587857,FCRequestMetrics:/n-matmul-512,105,105,,,0.04,n-matmul-512,true,b76d94444b2f,,c-690ef4c1-0cf1abd9-48675e1450f8,1762587855572,Sync,2419.24,1762587854586,21.0.3.7,false,512,2.24,InvokeFunction,,,LATEST,1-690ef4cf-0c0a43-e6248f83f85d,OnDemand,,,986.44,,"{""errorType"":""FunctionAbnormalExitError""}"
,FFBE1F54232C7105BB9D9D9815146807-10,1762587857,FCRequestMetrics:/n-matmul-512,105,105,,,0.04,n-matmul-512,true,4210c93d9e28,,c-690ef4b2-0cf1abd9-734e58adbe38,1762587856314,Sync,1811.55,1762587855582,21.0.3.10,false,512,2.21,InvokeFunction,,,LATEST,1-690ef4cf-0c0a43-ee905b342559,OnDemand,,,731.58,,"{""errorType"":""FunctionAbnormalExitError""}"
,3638871BA5BA6CB81D64084B08F55201-25,1762587857,FCRequestMetrics:/n-matmul-512,105,105,,,0.02,n-matmul-512,true,d9ddc014a95e,,c-690ef48f-0cf1abd9-ec0c220edbce,1762587856421,Sync,2498.80,1762587855147,21.0.3.8,false,512,4.38,InvokeFunction,,,LATEST,1-690ef4cf-0c0a43-8203e18f53cc,OnDemand,,,1273.44,,"{""errorType"":""FunctionAbnormalExitError""}"
,D383B16911701B57D8112BE288DB8A26-10,1762587857,FCRequestMetrics:/n-matmul-512,105,105,,,0.04,n-matmul-512,true,bb19602af764,,c-690ef4b1-0cf1abd9-7e88298a556b,1762587856430,Sync,1438.36,1762587856419,21.0.3.10,false,512,2.08,InvokeFunction,,,LATEST,1-690ef4d0-0c0a43-39aaaf1f8e2c,OnDemand,,,10.92,,"{""errorType"":""FunctionAbnormalExitError""}"
,47EEBB4524D816241D6164558AEC1FDB-B,1762587857,FCRequestMetrics:/n-matmul-512,105,105,,,5067.93,n-matmul-512,false,cf2f5a306fef,,c-690ef4bc-0cf1abd9-4bc9539c85b8,1762587852381,Sync,5597.67,1762587851852,21.0.3.9,false,512,28.80,InvokeFunction,,,LATEST,1-690ef4cc-0c49fa-2ee758176617,OnDemand,,,524.61,
,90D8D68606671C7D3CC9428DB5D1A5ED-17,1762587857,FCRequestMetrics:/n-matmul-512,105,105,,,0.03,n-matmul-512,true,43290576c1e6,,c-690ef4a1-0cf1abd9-784f475cf818,1762587856158,Sync,2431.90,1762587855415,21.0.3.11,false,512,2.19,InvokeFunction,,,LATEST,1-690ef4cf-0c49fa-e36d62ed0c00,OnDemand,,,743.19,,"{""errorType"":""FunctionAbnormalExitError""}"
,13AC9179567B6A88BE4E678F8CBCF027-17,1762587857,FCRequestMetrics:/n-matmul-512,105,105,,,0.04,n-matmul-512,true,c1270f7ffdb8,,c-690ef4a1-0cf1abd9-661404bfd8df,1762587856123,Sync,2514.36,1762587855379,21.0.3.12,false,512,2.21,InvokeFunction,,,LATEST,1-690ef4cf-0c0a43-d5ced126351e,OnDemand,,,743.46,,"{""errorType"":""FunctionAbnormalExitError""}"
,30B0C091F501AEB24D6930948CD8CD12-B,1762587857,FCRequestMetrics:/n-matmul-512,105,105,,,0.08,n-matmul-512,true,f585a3de42a9,,c-690ef4c0-0cf1abd9-2f59d877e38b,1762587855535,Sync,2212.99,1762587855534,21.0.3.10,false,512,32.29,InvokeFunction,,,LATEST,1-690ef4d0-0c49fa-749ea18070e2,OnDemand,,,0.86,,"{""errorType"":""FunctionAbnormalExitError""}"
,8A4C9F8EC0081A54D335C35B65D1357D-16,1762587858,FCRequestMetrics:/n-matmul-512,105,105,,,2954.04,n-matmul-512,false,1c5ca9e1c7f9,,c-690ef4a4-0cf1abd9-274debaa5e8f,1762587855117,Sync,2984.10,1762587855088,21.0.3.9,false,512,43.61,InvokeFunction,,,LATEST,1-690ef4cf-0c49fa-2a3da41cf274,OnDemand,,,28.95,
,F633B574683DE8AA2BF0D3EEBDF4C796-10,1762587858,FCRequestMetrics:/n-matmul-512,94,94,,,3078.68,n-matmul-512,false,2aab02d9eb5a,,c-690ef4b2-0cf1abd9-a85fa9ced593,1762587854948,Sync,3080.22,1762587854947,21.0.3.8,false,512,37.61,InvokeFunction,,,LATEST,1-690ef4ce-0c0a43-75474feb316b,OnDemand,,,0.45,
,148C1B09986999E20AA0FF04F10942D0-22,1762587858,FCRequestMetrics:/n-matmul-512,105,105,,,2918.91,n-matmul-512,false,aa1e2085073a,,c-690ef48f-0cf1abd9-2b72cdd5c5c2,1762587855177,Sync,3006.26,1762587855090,21.0.3.10,false,512,39.79,InvokeFunction,,,LATEST,1-690ef4cf-0c49fa-9703f4fd52d7,OnDemand,,,86.33,
,386DA6364528A35F673B30D821826132-10,1762587858,FCRequestMetrics:/n-matmul-512,97,97,,,3602.15,n-matmul-512,false,2f0b32a49385,,c-690ef4b1-0cf1abd9-06c370eb6fc5,1762587854473,Sync,3603.55,1762587854472,21.0.3.12,false,512,39.87,InvokeFunction,,,LATEST,1-690ef4ce-0c0a43-8c050d621a2f,OnDemand,,,0.57,
,CA067C7B13641001A367D67FE1936091-20,1762587858,FCRequestMetrics:/n-matmul-512,105,105,,,2864.76,n-matmul-512,false,5046f6076057,,c-690ef490-0cf1abd9-851ce87263d1,1762587855144,Sync,2918.86,1762587855090,21.0.3.11,false,512,36.36,InvokeFunction,,,LATEST,1-690ef4cf-0c49fa-7d370271940a,OnDemand,,,53.05,
,4D57B9EBA87590C7398CF6540746C6BE-20,1762587858,FCRequestMetrics:/n-matmul-512,94,94,,,3036.56,n-matmul-512,false,cf9fc6279e9f,,c-690ef490-0cf1abd9-f9b75dacbfca,1762587854973,Sync,3050.34,1762587854960,21.0.3.10,false,512,36.28,InvokeFunction,,,LATEST,1-690ef4ce-0c49fa-cd49dd41f85b,OnDemand,,,12.79,
,1C05D5B02F01F46143D999E67440A343-22,1762587858,FCRequestMetrics:/n-matmul-512,105,105,,,3074.37,n-matmul-512,false,ded09bee0b2d,,c-690ef48f-0cf1abd9-2bb86706a2c4,1762587855110,Sync,3097.67,1762587855087,21.0.3.9,false,512,43.26,InvokeFunction,,,LATEST,1-690ef4cf-0c0a43-58e0babf0273,OnDemand,,,22.47,
,B23CDAA9EFB02072F2EA6F095891B977-10,1762587858,FCRequestMetrics:/n-matmul-512,94,94,,,3219.04,n-matmul-512,false,01cbc6dce386,,c-690ef4b2-0cf1abd9-ad92bd478abd,1762587854942,Sync,3225.28,1762587854941,21.0.3.11,false,512,37.84,InvokeFunction,,,LATEST,1-690ef4ce-0c49fa-86387b529b27,OnDemand,,,1.37,
,447511FEAA2C196192B29D0355E78B1D-22,1762587858,FCRequestMetrics:/n-matmul-512,105,105,,,3154.73,n-matmul-512,false,2be5f8bcaa9a,,c-690ef48f-0cf1abd9-405aaa419009,1762587855237,Sync,3299.56,1762587855094,21.0.3.9,false,512,41.56,InvokeFunction,,,LATEST,1-690ef4cf-0c0a43-c1debecb249e,OnDemand,,,142.39,
,E438D6118493E314AD4DA785D820E022-10,1762587858,FCRequestMetrics:/n-matmul-512,105,105,,,2986.83,n-matmul-512,false,b191993e8dc4,,c-690ef4b3-0cf1abd9-0d3f75ed2006,1762587855413,Sync,3294.25,1762587855106,21.0.3.8,false,512,38.14,InvokeFunction,,,LATEST,1-690ef4cf-0c0a43-029fb6b86cd7,OnDemand,,,306.47,
,F91A17FDEE204113BD7FCEE97E77B19D-20,1762587858,FCRequestMetrics:/n-matmul-512,105,105,,,2879.12,n-matmul-512,false,b4a55f945517,,c-690ef48f-0cf1abd9-f3db6505083a,1762587855523,Sync,3295.03,1762587855115,21.0.3.12,false,512,36.38,InvokeFunction,,,LATEST,1-690ef4cf-0c0a43-86f4ce528898,OnDemand,,,407.35,
,805D0B9C50B0CFD3CF77F88B01A3CC36-20,1762587858,FCRequestMetrics:/n-matmul-512,105,105,,,3168.56,n-matmul-512,false,4277c8c89afa,,c-690ef490-0cf1abd9-df579b907295,1762587855279,Sync,3353.49,1762587855094,21.0.3.12,false,512,36.90,InvokeFunction,,,LATEST,1-690ef4cf-0c0a43-24ec5bd03716,OnDemand,,,183.95,
,5A4B169E4A6A12AF96E6A9F31574ACDB-9,1762587858,FCRequestMetrics:/n-matmul-512,94,94,,,4198.50,n-matmul-512,false,e49c1078154a,,c-690ef4bd-0cf1abd9-52730e96d71d,1762587853857,Sync,4228.15,1762587853829,21.0.3.12,false,512,27.20,InvokeFunction,,,LATEST,1-690ef4ce-0c0a43-e69b757e9664,OnDemand,,,0.47,
,B1B3EF35016788C3424F79DCBD83BB05-22,1762587858,FCRequestMetrics:/n-matmul-512,105,105,,,2892.71,n-matmul-512,false,8e7a4967c312,,c-690ef48f-0cf1abd9-e1933dd451ba,1762587855730,Sync,3495.25,1762587855128,21.0.3.10,false,512,38.18,InvokeFunction,,,LATEST,1-690ef4cf-0c0a43-16e808805326,OnDemand,,,601.60,
,9ADEFA90B0D30226FA9EC5C9D5AE07C5-17,1762587858,FCRequestMetrics:/n-matmul-512,94,94,,,3349.11,n-matmul-512,false,720d5821fc65,,c-690ef4a1-0cf1abd9-d2a0858351d9,1762587854945,Sync,3351.39,1762587854944,21.0.3.9,false,512,26.75,InvokeFunction,,,LATEST,1-690ef4ce-0c49fa-3170d9bdd152,OnDemand,,,0.84,
,9095B2C1B61D208836CC9B1C85A0D40A-10,1762587858,FCRequestMetrics:/n-matmul-512,95,95,,,3877.64,n-matmul-512,false,ca295ccdb9ef,,c-690ef4b1-0cf1abd9-20d8276cdfb4,1762587854634,Sync,3880.26,1762587854633,21.0.3.8,false,512,26.67,InvokeFunction,,,LATEST,1-690ef4ce-0c49fa-7d098c50696b,OnDemand,,,1.00,
,6448458DC5EEDA4B01194355EB33D0AF-1D,1762587858,FCRequestMetrics:/n-matmul-512,105,105,,,3018.35,n-matmul-512,false,e9af6d91c5a8,,c-690ef492-0cf1abd9-8e96e2aae5ad,1762587855875,Sync,3712.53,1762587855181,21.0.3.11,false,512,39.56,InvokeFunction,,,LATEST,1-690ef4cf-0c0a43-44667b58986b,OnDemand,,,693.30,
,3801AF28D1F06D15DE702CA3D1A78840-22,1762587858,FCRequestMetrics:/n-matmul-512,105,105,,,3057.38,n-matmul-512,false,85f7f63caa28,,c-690ef48f-0cf1abd9-8d9a75cfa22a,1762587855856,Sync,3771.24,1762587855143,21.0.3.8,false,512,39.72,InvokeFunction,,,LATEST,1-690ef4cf-0c0a43-2bc5c6409d63,OnDemand,,,712.86,
,F07C00865CBCDDD3603F2861EC1005E7-1F,1762587858,FCRequestMetrics:/n-matmul-512,105,105,,,3141.28,n-matmul-512,false,23ed8e688827,,c-690ef48f-0cf1abd9-c9d277f8db04,1762587855090,Sync,3187.44,1762587855045,21.0.3.12,false,512,26.75,InvokeFunction,,,LATEST,1-690ef4cf-0c0a43-26f45bf56798,OnDemand,,,45.21,
,414BD1893AE2054C5F533C4E4BFB2474-19,1762587858,FCRequestMetrics:/n-matmul-512,94,94,,,3223.20,n-matmul-512,false,e09eb6f846c4,,c-690ef49c-0cf1abd9-96967c00da02,1762587855027,Sync,3289.40,1762587854962,21.0.3.9,false,512,27.35,InvokeFunction,,,LATEST,1-690ef4ce-0c49fa-02a7b83d88f4,OnDemand,,,65.04,
,D47609DF0A0B8379D6163E9247FE0B62-10,1762587858,FCRequestMetrics:/n-matmul-512,105,105,,,3503.50,n-matmul-512,false,94f30db206a9,,c-690ef4b1-0cf1abd9-5ce21036fb60,1762587855117,Sync,3908.91,1762587854714,21.0.3.9,false,512,27.14,InvokeFunction,,,LATEST,1-690ef4cf-0c49fa-f37fcb329937,OnDemand,,,400.73,
,6C268265BE6071088D6F784688423FBC-18,1762587858,FCRequestMetrics:/n-matmul-512,105,105,,,3440.29,n-matmul-512,false,f3794d0f4bed,,c-690ef4a4-0cf1abd9-3f60d30fa7e2,1762587855098,Sync,3456.54,1762587855084,21.0.3.11,false,512,36.08,InvokeFunction,,,LATEST,1-690ef4cf-0c0a43-4f71b597d745,OnDemand,,,13.52,
,FD6981321571EC68F9E27CDAD26BAC19-19,1762587858,FCRequestMetrics:/n-matmul-512,105,105,,,2972.38,n-matmul-512,false,b2349f9a27e7,,c-690ef49c-0cf1abd9-a2407a052b71,1762587855394,Sync,3264.15,1762587855103,21.0.3.12,false,512,34.40,InvokeFunction,,,LATEST,1-690ef4cf-0c49fa-d4514028c3a2,OnDemand,,,290.79,
,7F41C0AC9649E78CE4E6389BA04F93F7-22,1762587858,FCRequestMetrics:/n-matmul-512,94,94,,,3270.25,n-matmul-512,false,2f9a827ac39a,,c-690ef48f-0cf1abd9-d481ef5b70cb,1762587854956,Sync,3273.74,1762587854955,21.0.3.12,false,512,35.97,InvokeFunction,,,LATEST,1-690ef4ce-0c49fa-76a6ee0060a3,OnDemand,,,1.03,
,5F3A1644AB2A1C8B074AB8754A10A293-16,1762587858,FCRequestMetrics:/n-matmul-512,105,105,,,3567.73,n-matmul-512,false,69f1f8b4cc9d,,c-690ef4a4-0cf1abd9-06b3493bf27e,1762587855380,Sync,3851.65,1762587855098,21.0.3.12,false,512,36.73,InvokeFunction,,,LATEST,1-690ef4cf-0c49fa-2ed330bc23ca,OnDemand,,,282.11,
,604D7A139A336D459A8701B8728ED443-F,1762587858,FCRequestMetrics:/n-matmul-512,105,105,,,2956.10,n-matmul-512,false,3ccc09a5376a,,c-690ef4b4-0cf1abd9-6384931551e4,1762587855623,Sync,3459.09,1762587855121,21.0.3.11,false,512,35.86,InvokeFunction,,,LATEST,1-690ef4cf-0c0a43-59339648d6db,OnDemand,,,501.64,
,A0E18646E4ED1862BB7852A818D6BD84-21,1762587858,FCRequestMetrics:/n-matmul-512,105,105,,,3267.10,n-matmul-512,false,455c2c4df2d2,,c-690ef48f-0cf1abd9-fff0447ff1dc,1762587855712,Sync,3852.10,1762587855127,21.0.3.8,false,512,36.28,InvokeFunction,,,LATEST,1-690ef4cf-0c49fa-45d0f279e026,OnDemand,,,584.12,
,5E37C0E4F38EC01A59BF0AC51B37D7D9-F,1762587858,FCRequestMetrics:/n-matmul-512,105,105,,,0.03,n-matmul-512,true,675e218faad5,,c-690ef4b2-0cf1abd9-5c68fc00ab92,1762587857043,Sync,1241.67,1762587856987,21.0.3.12,false,512,4.18,InvokeFunction,,,LATEST,1-690ef4d0-0c0a43-242fb7ac546c,OnDemand,,,55.73,,"{""errorType"":""FunctionAbnormalExitError""}"
,A61C5B29A1D7F2390D1E51D697C6283B-F,1762587858,FCRequestMetrics:/n-matmul-512,105,105,,,3269.42,n-matmul-512,false,14782dc1bc2e,,c-690ef4b4-0cf1abd9-744e5d667f19,1762587855546,Sync,3699.20,1762587855117,21.0.3.12,false,512,40.42,InvokeFunction,,,LATEST,1-690ef4cf-0c49fa-d89265e791b0,OnDemand,,,428.35,
,A89833F386C2C0AAB19D937BC0A8D2F3-F,1762587858,FCRequestMetrics:/n-matmul-512,105,105,,,3142.65,n-matmul-512,false,ea0bccbe44d2,,c-690ef4b4-0cf1abd9-c9ccab6a1a6a,1762587855473,Sync,3508.32,1762587855109,21.0.3.8,false,512,36.09,InvokeFunction,,,LATEST,1-690ef4cf-0c49fa-e907f789e2a8,OnDemand,,,363.76,
,CF8B8E5EDA76CE1E15E6DE137B05F0FC-B,1762587858,FCRequestMetrics:/n-matmul-512,94,94,,,4672.07,n-matmul-512,false,09ed6314a647,,c-690ef4bd-0cf1abd9-4b304ea77a49,1762587854029,Sync,4675.01,1762587854027,21.0.3.12,false,512,29.01,InvokeFunction,,,LATEST,1-690ef4ce-0c0a43-f63964ab2cc2,OnDemand,,,0.68,
,A07FED3AC0D9C87237C2A7F7FEAC1FF2-B,1762587858,FCRequestMetrics:/n-matmul-512,94,94,,,4846.10,n-matmul-512,false,5059a3c012ce,,c-690ef4bc-0cf1abd9-aaba1ef8e3d8,1762587854029,Sync,4848.04,1762587854028,21.0.3.8,false,512,24.75,InvokeFunction,,,LATEST,1-690ef4ce-0c0a43-15ced1762fe8,OnDemand,,,0.48,
,8009EC769EAF82E94BE4682B8C0E45B5-9,1762587858,FCRequestMetrics:/n-matmul-512,105,105,,,0.03,n-matmul-512,true,e18d84b3712e,,c-690ef4c1-0cf1abd9-2df610e1f3e8,1762587856859,Sync,1949.68,1762587856448,21.0.3.8,false,512,2.24,InvokeFunction,,,LATEST,1-690ef4d0-0c0a43-4fc8dc5a4fde,OnDemand,,,410.72,,"{""errorType"":""FunctionAbnormalExitError""}"
,7C823A060900EA64C601C711AE9A8E7B-22,1762587858,FCRequestMetrics:/n-matmul-512,105,105,,,0.02,n-matmul-512,true,a9c1f9cad0fa,,c-690ef492-0cf1abd9-41b4dd0accbf,1762587856660,Sync,1965.02,1762587856459,21.0.3.10,false,512,4.10,InvokeFunction,,,LATEST,1-690ef4d0-0c0a43-74a2b629fd8a,OnDemand,,,201.16,,"{""errorType"":""FunctionAbnormalExitError""}"
,BD1D69C9267D95E53B2A79C6CB35D41D-1F,1762587858,FCRequestMetrics:/n-matmul-512,105,105,,,0.03,n-matmul-512,true,987841b3d4f5,,c-690ef492-0cf1abd9-b72bb88bbd36,1762587856728,Sync,2024.60,1762587856699,21.0.3.12,false,512,4.16,InvokeFunction,,,LATEST,1-690ef4d0-0c49fa-ffa78a43a6dd,OnDemand,,,29.40,,"{""errorType"":""FunctionAbnormalExitError""}"
,3BDEEDD6F6C1B51E5137A970AE75BAA4-20,1762587858,FCRequestMetrics:/n-matmul-512,105,105,,,0.03,n-matmul-512,true,3b2b33dbd196,,c-690ef492-0cf1abd9-bbdff8eda83c,1762587856838,Sync,1846.55,1762587856766,21.0.3.9,false,512,2.11,InvokeFunction,,,LATEST,1-690ef4d0-0c0a43-ffcfc683ae91,OnDemand,,,71.51,,"{""errorType"":""FunctionAbnormalExitError""}"
,8C91CD9281F35024322C2F606CD0B1FE-B,1762587858,FCRequestMetrics:/n-matmul-512,94,94,,,4222.57,n-matmul-512,false,44c83b518121,,c-690ef4bd-0cf1abd9-e8c2a2bb7f02,1762587853839,Sync,4227.13,1762587853837,21.0.3.11,false,512,27.49,InvokeFunction,,,LATEST,1-690ef4ce-0c49fa-515f39406010,OnDemand,,,1.18,
,86C97E3549B8E428464CF6B56B68BFDC-12,1762587858,FCRequestMetrics:/n-matmul-512,105,105,,,0.04,n-matmul-512,true,5a3240bb4b57,,c-690ef4b1-0cf1abd9-ef240bcd1d76,1762587857199,Sync,2087.55,1762587856760,21.0.3.12,false,512,2.22,InvokeFunction,,,LATEST,1-690ef4d1-0c0a43-edd362faf11b,OnDemand,,,438.28,,"{""errorType"":""FunctionAbnormalExitError""}"
,E4C186C27FC2E01612D2685505BDC1C8-12,1762587858,FCRequestMetrics:/n-matmul-512,105,105,,,4.19,n-matmul-512,true,2f46f223d44b,,c-690ef4b3-0cf1abd9-b7dfa30d9e6b,1762587857277,Sync,2006.74,1762587856747,21.0.3.8,false,512,2.19,InvokeFunction,,,LATEST,1-690ef4d1-0c0a43-6d5a992ba267,OnDemand,,,530.53,,"{""errorType"":""FunctionAbnormalExitError""}"
,812F252289DEF5D6E7CEF166CCF20854-B,1762587858,FCRequestMetrics:/n-matmul-512,105,105,,,0.04,n-matmul-512,true,7cd4cf254b2b,,c-690ef4c0-0cf1abd9-f295f1869449,1762587855911,Sync,2717.03,1762587855578,21.0.3.11,false,512,6.47,InvokeFunction,,,LATEST,1-690ef4d0-0c49fa-27a6a2a68fdb,OnDemand,,,333.06,,"{""errorType"":""FunctionAbnormalExitError""}"
,19D19504A7F011D98456D47931F40832-12,1762587858,FCRequestMetrics:/n-matmul-512,105,105,,,0.03,n-matmul-512,true,d76a12fc0134,,c-690ef4b1-0cf1abd9-3da89f7b182b,1762587857425,Sync,2010.03,1762587856951,21.0.3.11,false,512,4.13,InvokeFunction,,,LATEST,1-690ef4d1-0c0a43-d10e945ba6ee,OnDemand,,,473.43,,"{""errorType"":""FunctionAbnormalExitError""}"
,D09BCBD485576D911D13CE495A97C108-10,1762587858,FCRequestMetrics:/n-matmul-512,105,105,,,0.02,n-matmul-512,true,67959926d07f,,c-690ef4b3-0cf1abd9-62c5a8cabd6b,1762587857127,Sync,2172.65,1762587856654,21.0.3.10,false,512,2.07,InvokeFunction,,,LATEST,1-690ef4d1-0c0a43-26e3f54e1c8c,OnDemand,,,472.14,,"{""errorType"":""FunctionAbnormalExitError""}"
,FE4CB4BB334203537C4452D39CB19CCC-B,1762587858,FCRequestMetrics:/n-matmul-512,105,105,,,0.04,n-matmul-512,true,a7689194af96,,c-690ef4c0-0cf1abd9-beaedf295aad,1762587855633,Sync,2791.50,1762587855548,21.0.3.12,false,512,4.06,InvokeFunction,,,LATEST,1-690ef4d0-0c0a43-791919863245,OnDemand,,,84.56,,"{""errorType"":""FunctionAbnormalExitError""}"
,0AE60AD6E226644C212775A9AD9DBC3A-D,1762587859,FCRequestMetrics:/n-matmul-512,105,105,,,3108.89,n-matmul-512,false,e5c3b3dfa4c1,,c-690ef4b3-0cf1abd9-04675e7328d5,1762587856113,Sync,4091.94,1762587855131,21.0.3.10,false,512,36.20,InvokeFunction,,,LATEST,1-690ef4cf-0c0a43-6f49aafb797b,OnDemand,,,982.14,
,F031090DB7497FBE9C5AA393E7E68561-22,1762587859,FCRequestMetrics:/n-matmul-512,105,105,,,3163.70,n-matmul-512,false,ac449c8e7f33,,c-690ef48f-0cf1abd9-a7a4b84ee62d,1762587856156,Sync,4172.85,1762587855147,21.0.3.9,false,512,39.52,InvokeFunction,,,LATEST,1-690ef4cf-0c49fa-c1dcdf1606dd,OnDemand,,,1008.18,
,270B9EACE82C5E95387DFC3023475A37-18,1762587859,FCRequestMetrics:/n-matmul-512,105,105,,,3169.35,n-matmul-512,false,fe7ebaee4797,,c-690ef4a4-0cf1abd9-3aa2f2400266,1762587856239,Sync,3888.62,1762587855521,21.0.3.8,false,512,40.05,InvokeFunction,,,LATEST,1-690ef4cf-0c0a43-3299be3667e1,OnDemand,,,718.21,
,E28B31C1AD09CA2631349F2F5CD41FEA-F,1762587859,FCRequestMetrics:/n-matmul-512,105,105,,,3047.76,n-matmul-512,false,378303f5ffb1,,c-690ef4b4-0cf1abd9-4d6de11efb71,1762587856488,Sync,3161.76,1762587856375,21.0.3.9,false,512,40.07,InvokeFunction,,,LATEST,1-690ef4d0-0c0a43-84f1ff73a563,OnDemand,,,113.15,
,028699F502CA3D7E230041FC52AB4DE5-10,1762587859,FCRequestMetrics:/n-matmul-512,105,105,,,3862.64,n-matmul-512,false,c3f0f0de03a0,,c-690ef4b1-0cf1abd9-f906b5304a3d,1762587855849,Sync,4548.47,1762587855164,21.0.3.8,false,512,26.71,InvokeFunction,,,LATEST,1-690ef4cf-0c49fa-2215c5f2f770,OnDemand,,,684.36,
,1F1FFC412871BA58DE9DD242432C9C35-20,1762587859,FCRequestMetrics:/n-matmul-512,105,105,,,3203.14,n-matmul-512,false,a2dfb552053b,,c-690ef492-0cf1abd9-8c97f365993b,1762587855948,Sync,4020.12,1762587855132,21.0.3.8,false,512,26.62,InvokeFunction,,,LATEST,1-690ef4cf-0c49fa-3d5e2e3ad0d6,OnDemand,,,815.96,
,EC65B6B96723558D074A84C970ABFB6D-F,1762587859,FCRequestMetrics:/n-matmul-512,105,105,,,3261.47,n-matmul-512,false,dc0d493de807,,c-690ef4b3-0cf1abd9-88427ba7f908,1762587856485,Sync,3396.59,1762587856351,21.0.3.12,false,512,38.03,InvokeFunction,,,LATEST,1-690ef4d0-0c0a43-2cb70c18c431,OnDemand,,,133.69,
,A6333F63464BC687DF1965DBFE05F1DB-21,1762587859,FCRequestMetrics:/n-matmul-512,105,105,,,3129.57,n-matmul-512,false,3e88eb377bf5,,c-690ef490-0cf1abd9-507f1daf6985,1762587856520,Sync,3218.01,1762587856433,21.0.3.11,false,512,39.62,InvokeFunction,,,LATEST,1-690ef4d0-0c0a43-18dd2bbbff99,OnDemand,,,87.42,
,9E860D881BD9449D0F2C4975F44F7ABC-12,1762587859,FCRequestMetrics:/n-matmul-512,105,105,,,3566.34,n-matmul-512,false,dc22095edf84,,c-690ef4b1-0cf1abd9-834eca231e91,1762587856208,Sync,4317.76,1762587855458,21.0.3.9,false,512,29.14,InvokeFunction,,,LATEST,1-690ef4cf-0c0a43-c39289ba708e,OnDemand,,,749.45,
,D57BF307AB3C1DBB07F853EA29DFAA8E-22,1762587859,FCRequestMetrics:/n-matmul-512,105,105,,,2779.42,n-matmul-512,false,4a02a8b2ccf7,,c-690ef48f-0cf1abd9-3378a67d936f,1762587856680,Sync,2982.65,1762587856477,21.0.3.10,false,512,39.44,InvokeFunction,,,LATEST,1-690ef4d0-0c0a43-32a031dea290,OnDemand,,,202.62,
,BF0051A2DC4BF4DDC3679E47B8B32C9C-9,1762587859,FCRequestMetrics:/n-matmul-512,105,105,,,3757.51,n-matmul-512,false,e797c285140c,,c-690ef4c0-0cf1abd9-8278610d83f5,1762587855400,Sync,3845.87,1762587855312,21.0.3.8,false,512,26.81,InvokeFunction,,,LATEST,1-690ef4d0-0c0a43-83249b3f78bc,OnDemand,,,86.80,
,646B33D459BD0A9244D32F781DAF3418-17,1762587859,FCRequestMetrics:/n-matmul-512,105,105,,,3121.22,n-matmul-512,false,5d92a283eb8a,,c-690ef4a1-0cf1abd9-de1abe369d37,1762587856767,Sync,3122.93,1762587856766,21.0.3.10,false,512,28.82,InvokeFunction,,,LATEST,1-690ef4d0-0c49fa-b3ab515165ac,OnDemand,,,0.76,
,78CD85FE04C684FD432ABFF362CBF50C-20,1762587859,FCRequestMetrics:/n-matmul-512,105,105,,,3035.40,n-matmul-512,false,6999fff919fb,,c-690ef48f-0cf1abd9-6c6d9044c534,1762587856338,Sync,3735.34,1762587855648,21.0.3.9,false,512,34.17,InvokeFunction,,,LATEST,1-690ef4cf-0c0a43-4863c79ccce2,OnDemand,,,689.69,
,2C250D9B2FF86C019F81DAC520815883-17,1762587859,FCRequestMetrics:/n-matmul-512,105,105,,,3361.84,n-matmul-512,false,52c1693be583,,c-690ef4a4-0cf1abd9-b2b9a6cf3285,1762587855685,Sync,3925.61,1762587855122,21.0.3.10,false,512,36.79,InvokeFunction,,,LATEST,1-690ef4cf-0c49fa-a174fd89c193,OnDemand,,,562.80,
,60315181B24B66886819325A3EA49E6F-1A,1762587859,FCRequestMetrics:/n-matmul-512,105,105,,,3020.40,n-matmul-512,false,0d1aec41c426,,c-690ef49e-0cf1abd9-079fb8593d22,1762587856278,Sync,3739.29,1762587855560,21.0.3.9,false,512,36.29,InvokeFunction,,,LATEST,1-690ef4cf-0c0a43-adb16ea6de80,OnDemand,,,717.81,
,C2EB2A92BA9B62B2586CA2C02FC71F03-B,1762587859,FCRequestMetrics:/n-matmul-512,105,105,,,3346.52,n-matmul-512,false,d33c82b43d3d,,c-690ef4bd-0cf1abd9-a491e17680d2,1762587856442,Sync,3709.48,1762587856080,21.0.3.8,false,512,36.56,InvokeFunction,,,LATEST,1-690ef4d0-0c49fa-97dcd0326a8b,OnDemand,,,361.72,
,C1D7342C162E0433E3DCC69A36E49279-1A,1762587859,FCRequestMetrics:/n-matmul-512,105,105,,,3097.83,n-matmul-512,false,c1850f6d6120,,c-690ef49e-0cf1abd9-bea541164f91,1762587856428,Sync,3211.85,1762587856315,21.0.3.11,false,512,34.23,InvokeFunction,,,LATEST,1-690ef4d0-0c0a43-e386076e0113,OnDemand,,,112.38,
,7FDD645C18A05AFCA1EE540844E336B4-1F,1762587859,FCRequestMetrics:/n-matmul-512,105,105,,,2987.82,n-matmul-512,false,005047e6f771,,c-690ef48f-0cf1abd9-a4e85c44b759,1762587857009,Sync,3016.14,1762587856982,21.0.3.10,false,512,34.51,InvokeFunction,,,LATEST,1-690ef4d0-0c0a43-f0137546ecc7,OnDemand,,,26.89,
,F78928E4C3048B992F5E5A9DC10A82CD-6,1762587859,FCRequestMetrics:/n-matmul-512,105,105,,,2922.23,n-matmul-512,false,4756408993b7,,c-690ef4c8-0cf1abd9-87a481f567c5,1762587856624,Sync,2923.53,1762587856624,21.0.3.8,false,512,92.71,InvokeFunction,,,LATEST,1-690ef4d0-0c0a43-b010ac636371,OnDemand,,,0.48,
,9DDF92507C03E777F745C0AA5C83C458-1B,1762587859,FCRequestMetrics:/n-matmul-512,105,105,,,3051.12,n-matmul-512,false,ab20715057dd,,c-690ef49e-0cf1abd9-a4d3e4836d71,1762587856441,Sync,3185.87,1762587856316,21.0.3.8,false,512,36.69,InvokeFunction,,,LATEST,1-690ef4d0-0c0a43-50c1d1e380fe,OnDemand,,,124.78,
,F898A01EEA6FFC9C575701D6D0948E55-25,1762587859,FCRequestMetrics:/n-matmul-512,105,105,,,0.03,n-matmul-512,true,7a16d098497d,,c-690ef48f-0cf1abd9-9a6242cc8b28,1762587857796,Sync,1926.65,1762587857234,21.0.3.8,false,512,2.22,InvokeFunction,,,LATEST,1-690ef4d1-0c0a43-6666a6103ca2,OnDemand,,,561.81,,"{""errorType"":""FunctionAbnormalExitError""}"
,148C1B09986999E20AA0FF04F10942D0-25,1762587859,FCRequestMetrics:/n-matmul-512,105,105,,,0.02,n-matmul-512,true,aa1e2085073a,,c-690ef48f-0cf1abd9-2b72cdd5c5c2,1762587858100,Sync,1502.13,1762587857677,21.0.3.10,false,512,2.04,InvokeFunction,,,LATEST,1-690ef4d1-0c49fa-c13b4a76dde2,OnDemand,,,422.41,,"{""errorType"":""FunctionAbnormalExitError""}"
,22E833C237D88A72ACDEEBC774861945-A,1762587859,FCRequestMetrics:/n-matmul-512,105,105,,,0.03,n-matmul-512,true,3ad91ce1f715,,c-690ef4c1-0cf1abd9-a9ad8a9b0501,1762587857483,Sync,2223.78,1762587856964,21.0.3.5,false,512,53.20,InvokeFunction,,,LATEST,1-690ef4d1-0c49fa-ef41154c59e3,OnDemand,,,517.92,,"{""errorType"":""FunctionAbnormalExitError""}"
,AF248E24051D33CE2911D9A18C89C2D3-B,1762587859,FCRequestMetrics:/n-matmul-512,105,105,,,0.03,n-matmul-512,true,8c4cd304f247,,c-690ef4c1-0cf1abd9-e614043a0e89,1762587857759,Sync,1711.41,1762587857541,21.0.3.10,false,512,2.20,InvokeFunction,,,LATEST,1-690ef4d2-0c0a43-010ba6b5dce1,OnDemand,,,217.47,,"{""errorType"":""FunctionAbnormalExitError""}"
,49B64A5B3FBA9FC6678BE15B3FA1CAE0-10,1762587859,FCRequestMetrics:/n-matmul-512,105,105,,,0.04,n-matmul-512,true,b69b715c17a5,,c-690ef4b3-0cf1abd9-2077a8676f3b,1762587857775,Sync,1986.09,1762587857332,21.0.3.11,false,512,2.05,InvokeFunction,,,LATEST,1-690ef4d1-0c49fa-48032502064f,OnDemand,,,442.52,,"{""errorType"":""FunctionAbnormalExitError""}"
,8A4C9F8EC0081A54D335C35B65D1357D-19,1762587859,FCRequestMetrics:/n-matmul-512,105,105,,,0.03,n-matmul-512,true,1c5ca9e1c7f9,,c-690ef4a4-0cf1abd9-274debaa5e8f,1762587858076,Sync,1592.16,1762587857647,21.0.3.9,false,512,4.21,InvokeFunction,,,LATEST,1-690ef4d1-0c49fa-effa992ea8fe,OnDemand,,,428.17,,"{""errorType"":""FunctionAbnormalExitError""}"
,1C05D5B02F01F46143D999E67440A343-25,1762587859,FCRequestMetrics:/n-matmul-512,105,105,,,0.03,n-matmul-512,true,ded09bee0b2d,,c-690ef48f-0cf1abd9-2bb86706a2c4,1762587858189,Sync,1548.54,1762587857884,21.0.3.9,false,512,4.07,InvokeFunction,,,LATEST,1-690ef4d1-0c49fa-3f5849d1d883,OnDemand,,,304.77,,"{""errorType"":""FunctionAbnormalExitError""}"
,5F40BF3643AE590E1A0AFBFC2BB1CC92-12,1762587859,FCRequestMetrics:/n-matmul-512,105,105,,,0.03,n-matmul-512,true,918ade19bbee,,c-690ef4b1-0cf1abd9-3df7810e23e4,1762587857851,Sync,1883.13,1762587857242,21.0.3.11,false,512,4.25,InvokeFunction,,,LATEST,1-690ef4d1-0c49fa-a7d33b2bb421,OnDemand,,,608.16,,"{""errorType"":""FunctionAbnormalExitError""}"
,386DA6364528A35F673B30D821826132-12,1762587859,FCRequestMetrics:/n-matmul-512,105,105,,,0.03,n-matmul-512,true,2f0b32a49385,,c-690ef4b1-0cf1abd9-06c370eb6fc5,1762587858079,Sync,1983.63,1762587857179,21.0.3.12,false,512,2.17,InvokeFunction,,,LATEST,1-690ef4d1-0c49fa-3e07acda9fca,OnDemand,,,899.80,,"{""errorType"":""FunctionAbnormalExitError""}"
,3EC79B1A2832FEBC3A7D2A1336CBC72B-6,1762587859,FCRequestMetrics:/n-matmul-512,105,105,,,3210.45,n-matmul-512,false,1ba7f32a1a20,,c-690ef4c8-0cf1abd9-b1f4c901d515,1762587856670,Sync,3246.02,1762587856635,21.0.3.12,false,512,38.21,InvokeFunction,,,LATEST,1-690ef4d0-0c49fa-feb99c9969f3,OnDemand,,,34.69,
,E438D6118493E314AD4DA785D820E022-12,1762587859,FCRequestMetrics:/n-matmul-512,105,105,,,0.03,n-matmul-512,true,b191993e8dc4,,c-690ef4b3-0cf1abd9-0d3f75ed2006,1762587858403,Sync,1426.98,1762587858110,21.0.3.8,false,512,2.25,InvokeFunction,,,LATEST,1-690ef4d2-0c49fa-3bf9cf5a1497,OnDemand,,,292.94,,"{""errorType"":""FunctionAbnormalExitError""}"
,447511FEAA2C196192B29D0355E78B1D-25,1762587859,FCRequestMetrics:/n-matmul-512,105,105,,,0.02,n-matmul-512,true,2be5f8bcaa9a,,c-690ef48f-0cf1abd9-405aaa419009,1762587858399,Sync,1359.48,1762587858105,21.0.3.9,false,512,4.05,InvokeFunction,,,LATEST,1-690ef4d2-0c49fa-216227254833,OnDemand,,,293.87,,"{""errorType"":""FunctionAbnormalExitError""}"
,F0A5925498435F2F6D9BDDB34BF193EA-6,1762587859,FCRequestMetrics:/n-matmul-512,105,105,,,3247.53,n-matmul-512,false,498ae363af0a,,c-690ef4c8-0cf1abd9-33e32577488c,1762587856533,Sync,3249.34,1762587856532,21.0.3.10,false,512,40.07,InvokeFunction,,,LATEST,1-690ef4d0-0c0a43-df9363f1fe1e,OnDemand,,,0.58,
,52D7D507918D931708B22C4CE8E63CCC-12,1762587859,FCRequestMetrics:/n-matmul-512,105,105,,,0.05,n-matmul-512,true,7e3f21c3452b,,c-690ef4b2-0cf1abd9-448ba4a6e619,1762587857930,Sync,2242.50,1762587857446,21.0.3.9,false,512,2.06,InvokeFunction,,,LATEST,1-690ef4d1-0c49fa-9927f828fe20,OnDemand,,,483.89,,"{""errorType"":""FunctionAbnormalExitError""}"
,B1B3EF35016788C3424F79DCBD83BB05-25,1762587859,FCRequestMetrics:/n-matmul-512,105,105,,,0.02,n-matmul-512,true,8e7a4967c312,,c-690ef48f-0cf1abd9-e1933dd451ba,1762587858626,Sync,1558.68,1762587858208,21.0.3.10,false,512,2.11,InvokeFunction,,,LATEST,1-690ef4d2-0c49fa-29a7c4aee1df,OnDemand,,,418.41,,"{""errorType"":""FunctionAbnormalExitError""}"
,3D3F830804794EE934A3F39C618D6DA7-10,1762587859,FCRequestMetrics:/n-matmul-512,105,105,,,0.03,n-matmul-512,true,a5074fb07ccb,,c-690ef4b3-0cf1abd9-4204fc55cfbc,1762587857826,Sync,2406.35,1762587857392,21.0.3.12,false,512,2.03,InvokeFunction,,,LATEST,1-690ef4d1-0c49fa-d97ead8d3dc8,OnDemand,,,433.81,,"{""errorType"":""FunctionAbnormalExitError""}"
,395AF19B30E923F04509691974E770B2-12,1762587859,FCRequestMetrics:/n-matmul-512,105,105,,,0.03,n-matmul-512,true,16c28b2331e7,,c-690ef4b3-0cf1abd9-03841df006e6,1762587857850,Sync,2653.81,1762587857262,21.0.3.9,false,512,4.18,InvokeFunction,,,LATEST,1-690ef4d1-0c0a43-53d6e554b6fa,OnDemand,,,587.46,,"{""errorType"":""FunctionAbnormalExitError""}"
,F633B574683DE8AA2BF0D3EEBDF4C796-12,1762587859,FCRequestMetrics:/n-matmul-512,105,105,,,0.03,n-matmul-512,true,2aab02d9eb5a,,c-690ef4b2-0cf1abd9-a85fa9ced593,1762587858037,Sync,2396.64,1762587857375,21.0.3.8,false,512,2.11,InvokeFunction,,,LATEST,1-690ef4d1-0c0a43-cec3c1189001,OnDemand,,,662.20,,"{""errorType"":""FunctionAbnormalExitError""}"
,B23CDAA9EFB02072F2EA6F095891B977-12,1762587859,FCRequestMetrics:/n-matmul-512,105,105,,,0.03,n-matmul-512,true,01cbc6dce386,,c-690ef4b2-0cf1abd9-ad92bd478abd,1762587858172,Sync,2071.28,1762587857833,21.0.3.11,false,512,2.11,InvokeFunction,,,LATEST,1-690ef4d1-0c49fa-e5328208d3ef,OnDemand,,,337.98,,"{""errorType"":""FunctionAbnormalExitError""}"
,023E1362E98622AC0BA42C246E757652-F,1762587860,FCRequestMetrics:/n-matmul-512,105,105,,,3107.55,n-matmul-512,false,c2dc25ac0291,,c-690ef4b3-0cf1abd9-482c4f6b212d,1762587856932,Sync,3141.94,1762587856898,21.0.3.9,false,512,38.16,InvokeFunction,,,LATEST,1-690ef4d0-0c49fa-96aea599e871,OnDemand,,,33.57,
,715E1B0E1B21EEA77E59E1CCA6C827A1-E,1762587860,FCRequestMetrics:/n-matmul-512,105,105,,,2936.78,n-matmul-512,false,227434a33de2,,c-690ef4b3-0cf1abd9-7a1935f5d276,1762587857237,Sync,3180.47,1762587856994,21.0.3.11,false,512,37.87,InvokeFunction,,,LATEST,1-690ef4d0-0c0a43-9ef26f8f599d,OnDemand,,,243.00,
,22262E23B35913584F104007F60CDE44-22,1762587860,FCRequestMetrics:/n-matmul-512,105,105,,,3178.86,n-matmul-512,false,5c984f724ebf,,c-690ef48f-0cf1abd9-4d671f684c9c,1762587857137,Sync,3328.74,1762587856988,21.0.3.9,false,512,38.15,InvokeFunction,,,LATEST,1-690ef4d0-0c0a43-448c21d46d22,OnDemand,,,148.84,
,7780C0688E26C68EB0D69712BCDE475F-22,1762587860,FCRequestMetrics:/n-matmul-512,105,105,,,3117.88,n-matmul-512,false,333740b1eaee,,c-690ef490-0cf1abd9-b30a2e13f5eb,1762587857420,Sync,3537.95,1762587857000,21.0.3.12,false,512,39.73,InvokeFunction,,,LATEST,1-690ef4d1-0c49fa-ea22ac92dbd3,OnDemand,,,419.12,
,A58D23371A460570694E59E83C205D35-22,1762587860,FCRequestMetrics:/n-matmul-512,105,105,,,2762.17,n-matmul-512,false,f5099c18cdf1,,c-690ef48f-0cf1abd9-aa29b9d0aa99,1762587857927,Sync,3511.51,1762587857180,21.0.3.11,false,512,39.55,InvokeFunction,,,LATEST,1-690ef4d1-0c49fa-f18ead2a6ab8,OnDemand,,,746.84,
,86D3C1657BB7CB6F9D6C1B5957027679-10,1762587860,FCRequestMetrics:/n-matmul-512,105,105,,,3421.69,n-matmul-512,false,41e163ab7845,,c-690ef4b1-0cf1abd9-383b8cf3b88f,1762587856921,Sync,3423.30,1762587856920,21.0.3.10,false,512,28.82,InvokeFunction,,,LATEST,1-690ef4d0-0c0a43-34c0ffae10fa,OnDemand,,,0.53,
,32144092075796B61E66CC5CB449FE74-22,1762587860,FCRequestMetrics:/n-matmul-512,105,105,,,3407.51,n-matmul-512,false,4e09d5ee1757,,c-690ef48f-0cf1abd9-c9b2724f454d,1762587857514,Sync,3920.38,1762587857002,21.0.3.11,false,512,41.64,InvokeFunction,,,LATEST,1-690ef4d1-0c0a43-c02029c0c483,OnDemand,,,511.93,
,27BDDCAD80E91AC92FDFCC1C9A1A4216-F,1762587860,FCRequestMetrics:/n-matmul-512,105,105,,,3262.63,n-matmul-512,false,2ff8f58d97fc,,c-690ef4b4-0cf1abd9-3de0c61b5b68,1762587857689,Sync,3775.22,1762587857177,21.0.3.10,false,512,39.43,InvokeFunction,,,LATEST,1-690ef4d1-0c0a43-0a509fefb669,OnDemand,,,511.59,
,B50B6C7E4A9EFD8ADCDAE8E71A8A357B-23,1762587860,FCRequestMetrics:/n-matmul-512,105,105,,,3077.36,n-matmul-512,false,0c3cf93849f8,,c-690ef48f-0cf1abd9-ad135b628654,1762587857872,Sync,3585.66,1762587857364,21.0.3.8,false,512,39.54,InvokeFunction,,,LATEST,1-690ef4d1-0c49fa-66715e9aecb7,OnDemand,,,507.06,
,C9A28A785F95831BC9FC8EA20129FD05-9,1762587860,FCRequestMetrics:/n-matmul-512,105,105,,,4114.30,n-matmul-512,false,4856bc7a68f1,,c-690ef4c1-0cf1abd9-aae68ff129ed,1762587856724,Sync,4398.72,1762587856440,21.0.3.6,false,512,26.82,InvokeFunction,,,LATEST,1-690ef4d0-0c49fa-23ac9c905574,OnDemand,,,283.49,
,E336B2A6408E27B02C6CAB82C50088BC-9,1762587860,FCRequestMetrics:/n-matmul-512,105,105,,,3590.38,n-matmul-512,false,b76d94444b2f,,c-690ef4c1-0cf1abd9-48675e1450f8,1762587857008,Sync,4133.10,1762587856466,21.0.3.7,false,512,28.83,InvokeFunction,,,LATEST,1-690ef4d1-0c0a43-4244a26cd2c6,OnDemand,,,540.04,
,FFBE1F54232C7105BB9D9D9815146807-10,1762587860,FCRequestMetrics:/n-matmul-512,105,105,,,3166.64,n-matmul-512,false,4210c93d9e28,,c-690ef4b2-0cf1abd9-734e58adbe38,1762587857396,Sync,3568.60,1762587856999,21.0.3.10,false,512,28.80,InvokeFunction,,,LATEST,1-690ef4d0-0c49fa-a64363938af9,OnDemand,,,396.63,
,3638871BA5BA6CB81D64084B08F55201-25,1762587860,FCRequestMetrics:/n-matmul-512,105,105,,,3107.55,n-matmul-512,false,d9ddc014a95e,,c-690ef48f-0cf1abd9-ec0c220edbce,1762587857648,Sync,3646.23,1762587857110,21.0.3.8,false,512,27.28,InvokeFunction,,,LATEST,1-690ef4d1-0c0a43-103cd3545bbf,OnDemand,,,537.42,
,BD9BE3600CF3EADC822FC16C6CE56C55-B,1762587860,FCRequestMetrics:/n-matmul-512,105,105,,,4080.56,n-matmul-512,false,a90b8e21cc4e,,c-690ef4bd-0cf1abd9-4533cb176176,1762587856284,Sync,4139.41,1762587856227,21.0.3.10,false,512,34.69,InvokeFunction,,,LATEST,1-690ef4d0-0c49fa-a3bfed262305,OnDemand,,,57.09,
,90D8D68606671C7D3CC9428DB5D1A5ED-17,1762587860,FCRequestMetrics:/n-matmul-512,105,105,,,2925.34,n-matmul-512,false,43290576c1e6,,c-690ef4a1-0cf1abd9-784f475cf818,1762587857849,Sync,3502.50,1762587857273,21.0.3.11,false,512,28.59,InvokeFunction,,,LATEST,1-690ef4d1-0c49fa-a88b2e4b9a3d,OnDemand,,,575.66,
,13AC9179567B6A88BE4E678F8CBCF027-17,1762587860,FCRequestMetrics:/n-matmul-512,105,105,,,2916.27,n-matmul-512,false,c1270f7ffdb8,,c-690ef4a1-0cf1abd9-661404bfd8df,1762587857898,Sync,3448.65,1762587857366,21.0.3.12,false,512,27.02,InvokeFunction,,,LATEST,1-690ef4d1-0c0a43-bd6d5c64c484,OnDemand,,,529.08,
,6CCFB4E4193C923DA012941FDF8BA7C1-20,1762587860,FCRequestMetrics:/n-matmul-512,105,105,,,3398.63,n-matmul-512,false,1ea218c34989,,c-690ef48f-0cf1abd9-4c65696b73c9,1762587856739,Sync,3401.51,1762587856738,21.0.3.11,false,512,34.10,InvokeFunction,,,LATEST,1-690ef4d0-0c49fa-4d7036232bf4,OnDemand,,,1.13,
,03A714A9772EC266AA0C3B3C7C5F7666-A,1762587860,FCRequestMetrics:/n-matmul-512,105,105,,,3002.31,n-matmul-512,false,579930c5ac3a,,c-690ef4bd-0cf1abd9-7053d50dd4cd,1762587857352,Sync,3293.30,1762587857062,21.0.3.10,false,512,34.62,InvokeFunction,,,LATEST,1-690ef4d1-0c49fa-6eb78357a5ef,OnDemand,,,289.93,
,5AFAB66E1E7466E5D8B7B9E08DE1641F-2,1762587860,FCRequestMetrics:/n-matmul-512,105,105,,,3231.41,n-matmul-512,false,b625bc4b4ab4,,c-690ef4d1-0cf1abd9-cc0167f16a90,1762587857320,Sync,3739.62,1762587856814,21.0.3.6,false,512,84.61,InvokeFunction,,,LATEST,1-690ef4d2-0c0a43-594d2605f576,OnDemand,,,505.97,
,537821DDAFE9614566F0064DDB274514-19,1762587860,FCRequestMetrics:/n-matmul-512,105,105,,,2812.79,n-matmul-512,false,e7a61b8cb4fe,,c-690ef4a1-0cf1abd9-564b243bc6a8,1762587857198,Sync,3024.35,1762587856989,21.0.3.8,false,512,34.53,InvokeFunction,,,LATEST,1-690ef4d0-0c49fa-c562b266e48d,OnDemand,,,209.03,
,5D2FE67C0EB5779BF4214AF0D6312E51-19,1762587860,FCRequestMetrics:/n-matmul-512,105,105,,,3185.30,n-matmul-512,false,19252a223023,,c-690ef49c-0cf1abd9-daf5d7835f02,1762587857577,Sync,3718.70,1762587857045,21.0.3.10,false,512,34.04,InvokeFunction,,,LATEST,1-690ef4d1-0c49fa-555a93c36b0d,OnDemand,,,531.80,
,76578469F84FCD1CB8F7AE0D7CEF0D58-2,1762587860,FCRequestMetrics:/n-matmul-512,106,106,,,2995.17,n-matmul-512,false,8c2f5578c019,,c-690ef4d1-0cf1abd9-df87844cb3e3,1762587857749,Sync,3016.75,1762587857728,21.0.3.7,false,512,26.77,InvokeFunction,,,LATEST,1-690ef4d3-0c49fa-ff378ee32c4e,OnDemand,,,20.78,
,EAD7BD32D52FA8C0EC561AB86D8BB129-19,1762587860,FCRequestMetrics:/n-matmul-512,105,105,,,2738.32,n-matmul-512,false,9697e733b066,,c-690ef49e-0cf1abd9-b7f83cb23224,1762587857647,Sync,3300.54,1762587857086,21.0.3.10,false,512,36.23,InvokeFunction,,,LATEST,1-690ef4d1-0c0a43-4cce3efba9c7,OnDemand,,,561.43,
,3D753EA828DEDBBB0DF10FE8437E0EE2-18,1762587860,FCRequestMetrics:/n-matmul-512,105,105,,,2634.10,n-matmul-512,false,13a75e602ffd,,c-690ef49e-0cf1abd9-124626cd631e,1762587857588,Sync,3167.22,1762587857056,21.0.3.12,false,512,35.88,InvokeFunction,,,LATEST,1-690ef4d1-0c49fa-cc7c3e3bbbbc,OnDemand,,,531.27,
,454D28B9ADC842A2E21EC3C429AA5038-6,1762587860,FCRequestMetrics:/n-matmul-512,105,105,,,3178.51,n-matmul-512,false,68ffeb726d24,,c-690ef4c8-0cf1abd9-e95db563c2a4,1762587856855,Sync,3392.14,1762587856643,21.0.3.11,false,512,36.79,InvokeFunction,,,LATEST,1-690ef4d0-0c0a43-deafa6dee0ae,OnDemand,,,211.22,
,93FE45F5D80B3384897CEBE39059D2B9-6,1762587860,FCRequestMetrics:/n-matmul-512,105,105,,,3000.43,n-matmul-512,false,ce40ea9a9210,,c-690ef4c8-0cf1abd9-21c972c4a8d9,1762587857675,Sync,3631.88,1762587857044,21.0.3.9,false,512,36.77,InvokeFunction,,,LATEST,1-690ef4d1-0c49fa-0ec0fb5d9dbd,OnDemand,,,630.50,
,3801AF28D1F06D15DE702CA3D1A78840-25,1762587860,FCRequestMetrics:/n-matmul-512,105,105,,,0.03,n-matmul-512,true,85f7f63caa28,,c-690ef48f-0cf1abd9-8d9a75cfa22a,1762587858917,Sync,1615.75,1762587858434,21.0.3.8,false,512,2.08,InvokeFunction,,,LATEST,1-690ef4d2-0c0a43-2ba19145872f,OnDemand,,,482.57,,"{""errorType"":""FunctionAbnormalExitError""}"
,6448458DC5EEDA4B01194355EB33D0AF-20,1762587860,FCRequestMetrics:/n-matmul-512,105,105,,,0.04,n-matmul-512,true,e9af6d91c5a8,,c-690ef492-0cf1abd9-8e96e2aae5ad,1762587858897,Sync,1925.21,1762587858224,21.0.3.11,false,512,2.23,InvokeFunction,,,LATEST,1-690ef4d2-0c0a43-9e416f69b2f6,OnDemand,,,672.21,,"{""errorType"":""FunctionAbnormalExitError""}"
,0AE60AD6E226644C212775A9AD9DBC3A-10,1762587860,FCRequestMetrics:/n-matmul-512,103,103,,,0.03,n-matmul-512,true,e5c3b3dfa4c1,,c-690ef4b3-0cf1abd9-04675e7328d5,1762587859233,Sync,891.64,1762587859232,21.0.3.10,false,512,2.04,InvokeFunction,,,LATEST,1-690ef4d3-0c49fa-0eabdfc32872,OnDemand,,,1.33,,"{""errorType"":""FunctionAbnormalExitError""}"
,F031090DB7497FBE9C5AA393E7E68561-25,1762587860,FCRequestMetrics:/n-matmul-512,101,101,,,0.02,n-matmul-512,true,ac449c8e7f33,,c-690ef48f-0cf1abd9-a7a4b84ee62d,1762587859328,Sync,1136.18,1762587859316,21.0.3.9,false,512,2.09,InvokeFunction,,,LATEST,1-690ef4d3-0c0a43-1febd41d8e34,OnDemand,,,12.44,,"{""errorType"":""FunctionAbnormalExitError""}"
,270B9EACE82C5E95387DFC3023475A37-1B,1762587860,FCRequestMetrics:/n-matmul-512,106,106,,,0.04,n-matmul-512,true,fe7ebaee4797,,c-690ef4a4-0cf1abd9-3aa2f2400266,1762587859426,Sync,1171.20,1762587859425,21.0.3.8,false,512,2.21,InvokeFunction,,,LATEST,1-690ef4d3-0c0a43-66678e3200b4,OnDemand,,,0.50,,"{""errorType"":""FunctionAbnormalExitError""}"
,E28B31C1AD09CA2631349F2F5CD41FEA-11,1762587860,FCRequestMetrics:/n-matmul-512,101,101,,,0.04,n-matmul-512,true,378303f5ffb1,,c-690ef4b4-0cf1abd9-4d6de11efb71,1762587859541,Sync,1056.68,1762587859540,21.0.3.9,false,512,4.14,InvokeFunction,,,LATEST,1-690ef4d3-0c0a43-244eea980067,OnDemand,,,0.55,,"{""errorType"":""FunctionAbnormalExitError""}"
,4D57B9EBA87590C7398CF6540746C6BE-22,1762587861,FCRequestMetrics:/n-matmul-512,105,105,,,3007.64,n-matmul-512,false,cf9fc6279e9f,,c-690ef490-0cf1abd9-f9b75dacbfca,1762587858020,Sync,3653.98,1762587857374,21.0.3.10,false,512,38.05,InvokeFunction,,,LATEST,1-690ef4d1-0c49fa-d2e30a774b12,OnDemand,,,645.42,
,FD6981321571EC68F9E27CDAD26BAC19-19,1762587861,FCRequestMetrics:/n-matmul-512,105,105,,,3092.88,n-matmul-512,false,b2349f9a27e7,,c-690ef49c-0cf1abd9-a2407a052b71,1762587858374,Sync,3397.72,1762587858070,21.0.3.12,false,512,36.45,InvokeFunction,,,LATEST,1-690ef4d2-0c0a43-a0c7fb8bc912,OnDemand,,,303.03,
,7F41C0AC9649E78CE4E6389BA04F93F7-22,1762587861,FCRequestMetrics:/n-matmul-512,105,105,,,3009.52,n-matmul-512,false,2f9a827ac39a,,c-690ef48f-0cf1abd9-d481ef5b70cb,1762587858232,Sync,3275.94,1762587857966,21.0.3.12,false,512,37.84,InvokeFunction,,,LATEST,1-690ef4d1-0c0a43-a09ef52515aa,OnDemand,,,265.46,
,CA067C7B13641001A367D67FE1936091-22,1762587861,FCRequestMetrics:/n-matmul-512,105,105,,,3254.46,n-matmul-512,false,5046f6076057,,c-690ef490-0cf1abd9-851ce87263d1,1762587858012,Sync,3757.95,1762587857510,21.0.3.11,false,512,38.00,InvokeFunction,,,LATEST,1-690ef4d1-0c49fa-6d1ded7d0af9,OnDemand,,,502.24,
,F91A17FDEE204113BD7FCEE97E77B19D-22,1762587861,FCRequestMetrics:/n-matmul-512,105,105,,,2957.36,n-matmul-512,false,b4a55f945517,,c-690ef48f-0cf1abd9-f3db6505083a,1762587858413,Sync,3256.55,1762587858115,21.0.3.12,false,512,37.82,InvokeFunction,,,LATEST,1-690ef4d2-0c0a43-f510df5baeaf,OnDemand,,,298.18,
,5F3A1644AB2A1C8B074AB8754A10A293-16,1762587861,FCRequestMetrics:/n-matmul-512,105,105,,,2995.34,n-matmul-512,false,69f1f8b4cc9d,,c-690ef4a4-0cf1abd9-06b3493bf27e,1762587858953,Sync,3507.84,1762587858441,21.0.3.12,false,512,39.94,InvokeFunction,,,LATEST,1-690ef4d2-0c0a43-8d68d0fa06fc,OnDemand,,,511.34,
,D383B16911701B57D8112BE288DB8A26-10,1762587861,FCRequestMetrics:/n-matmul-512,105,105,,,3270.10,n-matmul-512,false,bb19602af764,,c-690ef4b1-0cf1abd9-7e88298a556b,1762587857862,Sync,3707.75,1762587857425,21.0.3.10,false,512,27.07,InvokeFunction,,,LATEST,1-690ef4d1-0c49fa-0be081d6106c,OnDemand,,,433.39,
,805D0B9C50B0CFD3CF77F88B01A3CC36-22,1762587861,FCRequestMetrics:/n-matmul-512,105,105,,,3300.37,n-matmul-512,false,4277c8c89afa,,c-690ef490-0cf1abd9-df579b907295,1762587858456,Sync,3612.98,1762587858144,21.0.3.12,false,512,40.04,InvokeFunction,,,LATEST,1-690ef4d2-0c49fa-629cf5e72833,OnDemand,,,311.86,
,47EEBB4524D816241D6164558AEC1FDB-B,1762587861,FCRequestMetrics:/n-matmul-512,105,105,,,4171.12,n-matmul-512,false,cf2f5a306fef,,c-690ef4bc-0cf1abd9-4bc9539c85b8,1762587857453,Sync,4568.90,1762587857056,21.0.3.9,false,512,36.30,InvokeFunction,,,LATEST,1-690ef4d1-0c49fa-fbe206b6055f,OnDemand,,,396.87,
,5E37C0E4F38EC01A59BF0AC51B37D7D9-F,1762587861,FCRequestMetrics:/n-matmul-512,105,105,,,2978.29,n-matmul-512,false,675e218faad5,,c-690ef4b2-0cf1abd9-5c68fc00ab92,1762587858234,Sync,3250.00,1762587857963,21.0.3.12,false,512,26.88,InvokeFunction,,,LATEST,1-690ef4d1-0c0a43-19cf4698a7a9,OnDemand,,,267.27,
,6C268265BE6071088D6F784688423FBC-1B,1762587861,FCRequestMetrics:/n-matmul-512,105,105,,,3384.84,n-matmul-512,false,f3794d0f4bed,,c-690ef4a4-0cf1abd9-3f60d30fa7e2,1762587858544,Sync,3750.90,1762587858178,21.0.3.11,false,512,41.20,InvokeFunction,,,LATEST,1-690ef4d2-0c0a43-30f293840a3a,OnDemand,,,365.02,
,7C823A060900EA64C601C711AE9A8E7B-22,1762587861,FCRequestMetrics:/n-matmul-512,105,105,,,3347.29,n-matmul-512,false,a9c1f9cad0fa,,c-690ef492-0cf1abd9-41b4dd0accbf,1762587858425,Sync,4406.67,1762587857367,21.0.3.10,false,512,29.04,InvokeFunction,,,LATEST,1-690ef4d1-0c0a43-897939283875,OnDemand,,,1058.11,
,BD1D69C9267D95E53B2A79C6CB35D41D-1F,1762587861,FCRequestMetrics:/n-matmul-512,105,105,,,3245.91,n-matmul-512,false,987841b3d4f5,,c-690ef492-0cf1abd9-b72bb88bbd36,1762587858725,Sync,3765.02,1762587858208,21.0.3.12,false,512,26.97,InvokeFunction,,,LATEST,1-690ef4d2-0c0a43-97c4e4613b15,OnDemand,,,517.05,
,3BDEEDD6F6C1B51E5137A970AE75BAA4-20,1762587861,FCRequestMetrics:/n-matmul-512,105,105,,,3201.59,n-matmul-512,false,3b2b33dbd196,,c-690ef492-0cf1abd9-bbdff8eda83c,1762587858614,Sync,3614.59,1762587858202,21.0.3.9,false,512,28.65,InvokeFunction,,,LATEST,1-690ef4d2-0c49fa-179bd3413611,OnDemand,,,412.12,
,8C91CD9281F35024322C2F606CD0B1FE-B,1762587861,FCRequestMetrics:/n-matmul-512,105,105,,,3044.65,n-matmul-512,false,44c83b518121,,c-690ef4bd-0cf1abd9-e8c2a2bb7f02,1762587858067,Sync,3573.35,1762587857540,21.0.3.11,false,512,34.61,InvokeFunction,,,LATEST,1-690ef4d2-0c0a43-0cc5ada7efad,OnDemand,,,527.22,
,E4C186C27FC2E01612D2685505BDC1C8-12,1762587861,FCRequestMetrics:/n-matmul-512,105,105,,,3215.97,n-matmul-512,false,2f46f223d44b,,c-690ef4b3-0cf1abd9-b7dfa30d9e6b,1762587858755,Sync,3707.07,1762587858265,21.0.3.8,false,512,28.80,InvokeFunction,,,LATEST,1-690ef4d2-0c0a43-6dbdff9661f8,OnDemand,,,489.29,
,D09BCBD485576D911D13CE495A97C108-10,1762587861,FCRequestMetrics:/n-matmul-512,106,106,,,3138.68,n-matmul-512,false,67959926d07f,,c-690ef4b3-0cf1abd9-62c5a8cabd6b,1762587858832,Sync,3527.60,1762587858447,21.0.3.10,false,512,29.72,InvokeFunction,,,LATEST,1-690ef4d2-0c0a43-1f58868cd1b2,OnDemand,,,384.44,
,32D30CAFDEB66ED4BA2C61AB57673DE9-A,1762587861,FCRequestMetrics:/n-matmul-512,105,105,,,3453.45,n-matmul-512,false,1e73088b591b,,c-690ef4bd-0cf1abd9-2266afd5303d,1762587857983,Sync,4002.04,1762587857437,21.0.3.9,false,512,34.49,InvokeFunction,,,LATEST,1-690ef4d2-0c0a43-ef83384d0bba,OnDemand,,,546.25,
,5A4B169E4A6A12AF96E6A9F31574ACDB-A,1762587861,FCRequestMetrics:/n-matmul-512,105,105,,,3417.02,n-matmul-512,false,e49c1078154a,,c-690ef4bd-0cf1abd9-52730e96d71d,1762587858062,Sync,4017.20,1762587857463,21.0.3.12,false,512,34.76,InvokeFunction,,,LATEST,1-690ef4d2-0c0a43-448fcb3c4110,OnDemand,,,598.43,
,9ADEFA90B0D30226FA9EC5C9D5AE07C5-19,1762587861,FCRequestMetrics:/n-matmul-512,105,105,,,2946.69,n-matmul-512,false,720d5821fc65,,c-690ef4a1-0cf1abd9-d2a0858351d9,1762587858300,Sync,3187.39,1762587858060,21.0.3.9,false,512,34.06,InvokeFunction,,,LATEST,1-690ef4d2-0c49fa-878c52cbfd87,OnDemand,,,239.76,
,BF93D493C22D4491C67A697A08986BFB-2,1762587861,FCRequestMetrics:/n-matmul-512,89,89,,,3291.80,n-matmul-512,false,3624fd232b03,,c-690ef4d1-0cf1abd9-fa48bfbc8b06,1762587858626,Sync,3293.08,1762587858625,21.0.3.9,false,512,29.27,InvokeFunction,,,LATEST,1-690ef4d4-0c0a43-cefbb40e22dd,OnDemand,,,0.48,
,01D4E8E7911B88CA9BFEF68BF58454E3-0,1762587861,FCRequestMetrics:/n-matmul-512,101,101,,,3101.59,n-matmul-512,false,af9f8faefca2,,c-690ef4d1-0cf1abd9-2cb97b541620,1762587857929,Sync,3102.85,1762587857928,21.0.3.10,false,512,27.29,InvokeFunction,,,LATEST,1-690ef4d3-0c0a43-0147bd0b2592,OnDemand,,,0.54,
,9095B2C1B61D208836CC9B1C85A0D40A-12,1762587861,FCRequestMetrics:/n-matmul-512,105,105,,,3132.89,n-matmul-512,false,ca295ccdb9ef,,c-690ef4b1-0cf1abd9-20d8276cdfb4,1762587858518,Sync,3494.11,1762587858157,21.0.3.8,false,512,34.72,InvokeFunction,,,LATEST,1-690ef4d2-0c0a43-678c4b89ad17,OnDemand,,,360.21,
,B6CBE8EBA74250AA907E560C90566BB4-1B,1762587861,FCRequestMetrics:/n-matmul-512,105,105,,,3109.81,n-matmul-512,false,ab282a8889ea,,c-690ef49c-0cf1abd9-bbfeef60bc24,1762587857969,Sync,3623.27,1762587857456,21.0.3.11,false,512,34.21,InvokeFunction,,,LATEST,1-690ef4d1-0c0a43-f680b963d901,OnDemand,,,512.28,
,F07C00865CBCDDD3603F2861EC1005E7-21,1762587861,FCRequestMetrics:/n-matmul-512,105,105,,,3139.86,n-matmul-512,false,23ed8e688827,,c-690ef48f-0cf1abd9-c9d277f8db04,1762587858236,Sync,3372.30,1762587858007,21.0.3.12,false,512,34.48,InvokeFunction,,,LATEST,1-690ef4d2-0c0a43-3b9ab7e516ab,OnDemand,,,229.21,
,D47609DF0A0B8379D6163E9247FE0B62-12,1762587861,FCRequestMetrics:/n-matmul-512,105,105,,,2963.79,n-matmul-512,false,94f30db206a9,,c-690ef4b1-0cf1abd9-5ce21036fb60,1762587858626,Sync,3492.50,1762587858100,21.0.3.9,false,512,34.23,InvokeFunction,,,LATEST,1-690ef4d2-0c0a43-e63b82e0e496,OnDemand,,,525.32,
,414BD1893AE2054C5F533C4E4BFB2474-1B,1762587861,FCRequestMetrics:/n-matmul-512,105,105,,,3079.88,n-matmul-512,false,e09eb6f846c4,,c-690ef49c-0cf1abd9-96967c00da02,1762587858255,Sync,3285.74,1762587858050,21.0.3.9,false,512,34.82,InvokeFunction,,,LATEST,1-690ef4d2-0c49fa-555fa52ac511,OnDemand,,,204.69,
,ED99555BBD66FF347A8C8145C62ABE99-1A,1762587861,FCRequestMetrics:/n-matmul-512,105,105,,,3247.28,n-matmul-512,false,4bed96722f41,,c-690ef49c-0cf1abd9-8088ae7c339c,1762587857862,Sync,3931.29,1762587857180,21.0.3.8,false,512,36.57,InvokeFunction,,,LATEST,1-690ef4d1-0c49fa-1d817a01fadc,OnDemand,,,682.42,
,22262E23B35913584F104007F60CDE44-25,1762587861,FCRequestMetrics:/n-matmul-512,106,106,,,0.04,n-matmul-512,true,5c984f724ebf,,c-690ef48f-0cf1abd9-4d671f684c9c,1762587860423,Sync,1239.77,1762587860422,21.0.3.9,false,512,2.22,InvokeFunction,,,LATEST,1-690ef4d4-0c0a43-62f55c2925d6,OnDemand,,,0.69,,"{""errorType"":""FunctionAbnormalExitError""}"
,D57BF307AB3C1DBB07F853EA29DFAA8E-24,1762587861,FCRequestMetrics:/n-matmul-512,89,89,,,0.04,n-matmul-512,true,4a02a8b2ccf7,,c-690ef48f-0cf1abd9-3378a67d936f,1762587860272,Sync,1313.45,1762587860271,21.0.3.10,false,512,4.02,InvokeFunction,,,LATEST,1-690ef4d4-0c49fa-e412899a3fa2,OnDemand,,,1.35,,"{""errorType"":""FunctionAbnormalExitError""}"
,A6333F63464BC687DF1965DBFE05F1DB-24,1762587861,FCRequestMetrics:/n-matmul-512,89,89,,,0.04,n-matmul-512,true,3e88eb377bf5,,c-690ef490-0cf1abd9-507f1daf6985,1762587860264,Sync,1437.77,1762587860263,21.0.3.11,false,512,2.17,InvokeFunction,,,LATEST,1-690ef4d4-0c0a43-8f6b98f34dff,OnDemand,,,0.52,,"{""errorType"":""FunctionAbnormalExitError""}"
,715E1B0E1B21EEA77E59E1CCA6C827A1-10,1762587861,FCRequestMetrics:/n-matmul-512,90,90,,,0.02,n-matmul-512,true,227434a33de2,,c-690ef4b3-0cf1abd9-7a1935f5d276,1762587860179,Sync,1724.51,1762587860178,21.0.3.11,false,512,2.18,InvokeFunction,,,LATEST,1-690ef4d4-0c49fa-61624a03be24,OnDemand,,,1.11,,"{""errorType"":""FunctionAbnormalExitError""}"
,023E1362E98622AC0BA42C246E757652-12,1762587861,FCRequestMetrics:/n-matmul-512,89,89,,,0.05,n-matmul-512,true,c2dc25ac0291,,c-690ef4b3-0cf1abd9-482c4f6b212d,1762587860256,Sync,1699.32,1762587860255,21.0.3.9,false,512,2.22,InvokeFunction,,,LATEST,1-690ef4d4-0c0a43-cb76758a97b3,OnDemand,,,0.48,,"{""errorType"":""FunctionAbnormalExitError""}"
,60315181B24B66886819325A3EA49E6F-1A,1762587862,FCRequestMetrics:/n-matmul-512,101,101,,,2923.31,n-matmul-512,false,0d1aec41c426,,c-690ef49e-0cf1abd9-079fb8593d22,1762587859303,Sync,2973.95,1762587859253,21.0.3.9,false,512,38.21,InvokeFunction,,,LATEST,1-690ef4d3-0c49fa-ea96efc53b0a,OnDemand,,,49.26,
,604D7A139A336D459A8701B8728ED443-F,1762587862,FCRequestMetrics:/n-matmul-512,105,105,,,3528.48,n-matmul-512,false,3ccc09a5376a,,c-690ef4b4-0cf1abd9-6384931551e4,1762587858583,Sync,3913.51,1762587858199,21.0.3.11,false,512,39.35,InvokeFunction,,,LATEST,1-690ef4d2-0c49fa-ed66ee5f57cd,OnDemand,,,384.18,
,2C250D9B2FF86C019F81DAC520815883-1B,1762587862,FCRequestMetrics:/n-matmul-512,101,101,,,2957.48,n-matmul-512,false,52c1693be583,,c-690ef4a4-0cf1abd9-b2b9a6cf3285,1762587859251,Sync,2958.93,1762587859250,21.0.3.10,false,512,39.86,InvokeFunction,,,LATEST,1-690ef4d3-0c0a43-4dd1132f1111,OnDemand,,,0.48,
,A0E18646E4ED1862BB7852A818D6BD84-21,1762587862,FCRequestMetrics:/n-matmul-512,105,105,,,3194.28,n-matmul-512,false,455c2c4df2d2,,c-690ef48f-0cf1abd9-fff0447ff1dc,1762587858983,Sync,3595.62,1762587858582,21.0.3.8,false,512,39.50,InvokeFunction,,,LATEST,1-690ef4d2-0c0a43-10a3f2254540,OnDemand,,,400.46,
,A61C5B29A1D7F2390D1E51D697C6283B-F,1762587862,FCRequestMetrics:/n-matmul-512,105,105,,,3397.07,n-matmul-512,false,14782dc1bc2e,,c-690ef4b4-0cf1abd9-744e5d667f19,1762587858820,Sync,3978.24,1762587858239,21.0.3.12,false,512,42.02,InvokeFunction,,,LATEST,1-690ef4d2-0c0a43-a5ac4f9fdaf5,OnDemand,,,580.13,
,A89833F386C2C0AAB19D937BC0A8D2F3-F,1762587862,FCRequestMetrics:/n-matmul-512,105,105,,,3666.12,n-matmul-512,false,ea0bccbe44d2,,c-690ef4b4-0cf1abd9-c9ccab6a1a6a,1762587858620,Sync,4085.11,1762587858203,21.0.3.8,false,512,39.57,InvokeFunction,,,LATEST,1-690ef4d2-0c0a43-78a65264e186,OnDemand,,,417.50,
,8009EC769EAF82E94BE4682B8C0E45B5-9,1762587862,FCRequestMetrics:/n-matmul-512,105,105,,,4293.14,n-matmul-512,false,e18d84b3712e,,c-690ef4c1-0cf1abd9-2df610e1f3e8,1762587858403,Sync,4888.31,1762587857809,21.0.3.8,false,512,26.85,InvokeFunction,,,LATEST,1-690ef4d2-0c0a43-825848e51b89,OnDemand,,,592.07,
,67EF79BC30A82AE98BE59702C8F66831-B,1762587862,FCRequestMetrics:/n-matmul-512,105,105,,,4406.63,n-matmul-512,false,9d91d3cbe239,,c-690ef4bd-0cf1abd9-3b4ee6796d7a,1762587857641,Sync,4650.81,1762587857397,21.0.3.11,false,512,34.30,InvokeFunction,,,LATEST,1-690ef4d2-0c49fa-7adbb7f5a84d,OnDemand,,,243.27,
,F78928E4C3048B992F5E5A9DC10A82CD-6,1762587862,FCRequestMetrics:/n-matmul-512,94,94,,,3119.67,n-matmul-512,false,4756408993b7,,c-690ef4c8-0cf1abd9-87a481f567c5,1762587859590,Sync,3121.30,1762587859589,21.0.3.8,false,512,97.59,InvokeFunction,,,LATEST,1-690ef4d3-0c0a43-1b2e2239ae65,OnDemand,,,0.53,
,86C97E3549B8E428464CF6B56B68BFDC-12,1762587862,FCRequestMetrics:/n-matmul-512,105,105,,,3207.25,n-matmul-512,false,5a3240bb4b57,,c-690ef4b1-0cf1abd9-ef240bcd1d76,1762587858850,Sync,3958.69,1762587858099,21.0.3.12,false,512,27.22,InvokeFunction,,,LATEST,1-690ef4d2-0c0a43-7beb49960794,OnDemand,,,750.06,
,9DDF92507C03E777F745C0AA5C83C458-1B,1762587862,FCRequestMetrics:/n-matmul-512,89,89,,,2726.24,n-matmul-512,false,ab20715057dd,,c-690ef49e-0cf1abd9-a4d3e4836d71,1762587860269,Sync,2729.41,1762587860267,21.0.3.8,false,512,39.91,InvokeFunction,,,LATEST,1-690ef4d4-0c49fa-bd75d4f659a8,OnDemand,,,1.16,
,19D19504A7F011D98456D47931F40832-12,1762587862,FCRequestMetrics:/n-matmul-512,101,101,,,3294.07,n-matmul-512,false,d76a12fc0134,,c-690ef4b1-0cf1abd9-3da89f7b182b,1762587859161,Sync,3296.50,1762587859159,21.0.3.11,false,512,27.09,InvokeFunction,,,LATEST,1-690ef4d3-0c49fa-43be90841df9,OnDemand,,,1.15,
,F898A01EEA6FFC9C575701D6D0948E55-25,1762587862,FCRequestMetrics:/n-matmul-512,101,101,,,2915.23,n-matmul-512,false,7a16d098497d,,c-690ef48f-0cf1abd9-9a6242cc8b28,1762587859241,Sync,2917.63,1762587859240,21.0.3.8,false,512,26.69,InvokeFunction,,,LATEST,1-690ef4d3-0c49fa-773eaea83265,OnDemand,,,1.16,
,148C1B09986999E20AA0FF04F10942D0-25,1762587862,FCRequestMetrics:/n-matmul-512,103,103,,,3198.28,n-matmul-512,false,aa1e2085073a,,c-690ef48f-0cf1abd9-2b72cdd5c5c2,1762587859198,Sync,3200.62,1762587859197,21.0.3.10,false,512,26.92,InvokeFunction,,,LATEST,1-690ef4d3-0c49fa-21c3401d8245,OnDemand,,,1.44,
,49B64A5B3FBA9FC6678BE15B3FA1CAE0-10,1762587862,FCRequestMetrics:/n-matmul-512,106,106,,,3241.38,n-matmul-512,false,b69b715c17a5,,c-690ef4b3-0cf1abd9-2077a8676f3b,1762587859333,Sync,3251.50,1762587859324,21.0.3.11,false,512,27.12,InvokeFunction,,,LATEST,1-690ef4d3-0c0a43-d8d423f8a6da,OnDemand,,,0.49,
,8A4C9F8EC0081A54D335C35B65D1357D-19,1762587862,FCRequestMetrics:/n-matmul-512,101,101,,,3095.17,n-matmul-512,false,1c5ca9e1c7f9,,c-690ef4a4-0cf1abd9-274debaa5e8f,1762587859247,Sync,3105.36,1762587859246,21.0.3.9,false,512,27.21,InvokeFunction,,,LATEST,1-690ef4d3-0c49fa-732072963172,OnDemand,,,0.76,
,5F40BF3643AE590E1A0AFBFC2BB1CC92-12,1762587862,FCRequestMetrics:/n-matmul-512,101,101,,,3051.78,n-matmul-512,false,918ade19bbee,,c-690ef4b1-0cf1abd9-3df7810e23e4,1762587859250,Sync,3054.08,1762587859248,21.0.3.11,false,512,26.98,InvokeFunction,,,LATEST,1-690ef4d3-0c49fa-f0820f10a9f0,OnDemand,,,1.13,
,386DA6364528A35F673B30D821826132-12,1762587862,FCRequestMetrics:/n-matmul-512,103,103,,,3154.74,n-matmul-512,false,2f0b32a49385,,c-690ef4b1-0cf1abd9-06c370eb6fc5,1762587859224,Sync,3157.31,1762587859223,21.0.3.12,false,512,26.92,InvokeFunction,,,LATEST,1-690ef4d3-0c49fa-8608b501bea5,OnDemand,,,1.36,
,C5E3D6C1456AB3A159B70500C779D02C-2,1762587862,FCRequestMetrics:/n-matmul-512,89,89,,,3574.49,n-matmul-512,false,03aa7a5e978e,,c-690ef4d1-0cf1abd9-37e40b6fa245,1762587858630,Sync,3579.19,1762587858629,21.0.3.11,false,512,26.77,InvokeFunction,,,LATEST,1-690ef4d4-0c49fa-03da1a379e5e,OnDemand,,,0.88,
,447511FEAA2C196192B29D0355E78B1D-25,1762587862,FCRequestMetrics:/n-matmul-512,106,106,,,2795.29,n-matmul-512,false,2be5f8bcaa9a,,c-690ef48f-0cf1abd9-405aaa419009,1762587859479,Sync,2801.45,1762587859478,21.0.3.9,false,512,27.14,InvokeFunction,,,LATEST,1-690ef4d3-0c0a43-74163c959a72,OnDemand,,,0.50,
,52D7D507918D931708B22C4CE8E63CCC-12,1762587862,FCRequestMetrics:/n-matmul-512,99,99,,,2971.80,n-matmul-512,false,7e3f21c3452b,,c-690ef4b2-0cf1abd9-448ba4a6e619,1762587859691,Sync,2973.28,1762587859690,21.0.3.9,false,512,27.07,InvokeFunction,,,LATEST,1-690ef4d3-0c0a43-c9004c3e1b1e,OnDemand,,,0.49,
,B1B3EF35016788C3424F79DCBD83BB05-25,1762587862,FCRequestMetrics:/n-matmul-512,98,98,,,3162.29,n-matmul-512,false,8e7a4967c312,,c-690ef48f-0cf1abd9-e1933dd451ba,1762587859818,Sync,3165.97,1762587859817,21.0.3.10,false,512,27.24,InvokeFunction,,,LATEST,1-690ef4d3-0c0a43-ac9ca3071d39,OnDemand,,,0.51,
,395AF19B30E923F04509691974E770B2-12,1762587862,FCRequestMetrics:/n-matmul-512,92,92,,,3030.72,n-matmul-512,false,16c28b2331e7,,c-690ef4b3-0cf1abd9-03841df006e6,1762587859952,Sync,3034.07,1762587859950,21.0.3.12,false,512,27.23,InvokeFunction,,,LATEST,1-690ef4d4-0c49fa-38c211ca7652,OnDemand,,,1.37,
,F633B574683DE8AA2BF0D3EEBDF4C796-12,1762587862,FCRequestMetrics:/n-matmul-512,98,98,,,3145.01,n-matmul-512,false,2aab02d9eb5a,,c-690ef4b2-0cf1abd9-a85fa9ced593,1762587859801,Sync,3147.17,1762587859800,21.0.3.8,false,512,26.71,InvokeFunction,,,LATEST,1-690ef4d3-0c49fa-741076c5b78b,OnDemand,,,1.36,
,1F1FFC412871BA58DE9DD242432C9C35-22,1762587862,FCRequestMetrics:/n-matmul-512,101,101,,,3049.73,n-matmul-512,false,a2dfb552053b,,c-690ef492-0cf1abd9-8c97f365993b,1762587859249,Sync,3051.56,1762587859247,21.0.3.8,false,512,34.39,InvokeFunction,,,LATEST,1-690ef4d3-0c49fa-fc207406f5b2,OnDemand,,,1.10,
,9E860D881BD9449D0F2C4975F44F7ABC-14,1762587862,FCRequestMetrics:/n-matmul-512,98,98,,,3077.40,n-matmul-512,false,dc22095edf84,,c-690ef4b1-0cf1abd9-834eca231e91,1762587859790,Sync,3079.57,1762587859789,21.0.3.9,false,512,36.32,InvokeFunction,,,LATEST,1-690ef4d3-0c0a43-6581bedcda3f,OnDemand,,,0.49,
,C2EB2A92BA9B62B2586CA2C02FC71F03-D,1762587862,FCRequestMetrics:/n-matmul-512,110,110,,,3082.71,n-matmul-512,false,d33c82b43d3d,,c-690ef4bd-0cf1abd9-a491e17680d2,1762587859793,Sync,3109.68,1762587859767,21.0.3.8,false,512,38.68,InvokeFunction,,,LATEST,1-690ef4d4-0c49fa-7769921900a2,OnDemand,,,26.20,
,27BDDCAD80E91AC92FDFCC1C9A1A4216-12,1762587862,FCRequestMetrics:/n-matmul-512,110,110,,,0.04,n-matmul-512,true,2ff8f58d97fc,,c-690ef4b4-0cf1abd9-3de0c61b5b68,1762587860955,Sync,1747.89,1762587860465,21.0.3.10,false,512,2.15,InvokeFunction,,,LATEST,1-690ef4d4-0c0a43-ed532cad94cc,OnDemand,,,489.89,,"{""errorType"":""FunctionAbnormalExitError""}"
,EC65B6B96723558D074A84C970ABFB6D-11,1762587862,FCRequestMetrics:/n-matmul-512,89,89,,,0.04,n-matmul-512,true,dc0d493de807,,c-690ef4b3-0cf1abd9-88427ba7f908,1762587860262,Sync,1778.53,1762587860261,21.0.3.12,false,512,2.21,InvokeFunction,,,LATEST,1-690ef4d4-0c0a43-71fe364eac85,OnDemand,,,0.43,,"{""errorType"":""FunctionAbnormalExitError""}"
,7780C0688E26C68EB0D69712BCDE475F-25,1762587862,FCRequestMetrics:/n-matmul-512,110,110,,,0.03,n-matmul-512,true,333740b1eaee,,c-690ef490-0cf1abd9-b30a2e13f5eb,1762587860542,Sync,1861.63,1762587860436,21.0.3.12,false,512,4.03,InvokeFunction,,,LATEST,1-690ef4d4-0c49fa-9a4145a89995,OnDemand,,,106.01,,"{""errorType"":""FunctionAbnormalExitError""}"
,32144092075796B61E66CC5CB449FE74-25,1762587862,FCRequestMetrics:/n-matmul-512,110,110,,,0.02,n-matmul-512,true,4e09d5ee1757,,c-690ef48f-0cf1abd9-c9b2724f454d,1762587860926,Sync,1864.11,1762587860462,21.0.3.11,false,512,2.21,InvokeFunction,,,LATEST,1-690ef4d4-0c49fa-18c5663a6731,OnDemand,,,463.84,,"{""errorType"":""FunctionAbnormalExitError""}"
,CA067C7B13641001A367D67FE1936091-25,1762587862,FCRequestMetrics:/n-matmul-512,110,110,,,0.03,n-matmul-512,true,5046f6076057,,c-690ef490-0cf1abd9-851ce87263d1,1762587861272,Sync,1596.74,1762587860815,21.0.3.11,false,512,2.18,InvokeFunction,,,LATEST,1-690ef4d4-0c49fa-086302a42b3d,OnDemand,,,456.72,,"{""errorType"":""FunctionAbnormalExitError""}"
,4D57B9EBA87590C7398CF6540746C6BE-25,1762587862,FCRequestMetrics:/n-matmul-512,110,110,,,0.03,n-matmul-512,true,cf9fc6279e9f,,c-690ef490-0cf1abd9-f9b75dacbfca,1762587861033,Sync,1942.09,1762587860580,21.0.3.10,false,512,2.20,InvokeFunction,,,LATEST,1-690ef4d4-0c49fa-04a53ea3504e,OnDemand,,,453.11,,"{""errorType"":""FunctionAbnormalExitError""}"
,A58D23371A460570694E59E83C205D35-25,1762587862,FCRequestMetrics:/n-matmul-512,110,110,,,0.04,n-matmul-512,true,f5099c18cdf1,,c-690ef48f-0cf1abd9-aa29b9d0aa99,1762587860695,Sync,2148.37,1762587860441,21.0.3.11,false,512,2.18,InvokeFunction,,,LATEST,1-690ef4d4-0c0a43-8feff358fa51,OnDemand,,,252.99,,"{""errorType"":""FunctionAbnormalExitError""}"
,333D4C666C8B83BB41B1C7D79452A532-A,1762587862,FCRequestMetrics:/n-matmul-512,105,105,,,5579.89,n-matmul-512,false,e3c6c131f32d,,c-690ef4c0-0cf1abd9-c5743552479f,1762587856853,Sync,5880.30,1762587856554,21.0.3.9,false,512,27.06,InvokeFunction,,,LATEST,1-690ef4d1-0c49fa-d619ad52985f,OnDemand,,,298.85,
,7F41C0AC9649E78CE4E6389BA04F93F7-25,1762587862,FCRequestMetrics:/n-matmul-512,110,110,,,0.03,n-matmul-512,true,2f9a827ac39a,,c-690ef48f-0cf1abd9-d481ef5b70cb,1762587861246,Sync,1772.82,1762587860796,21.0.3.12,false,512,2.07,InvokeFunction,,,LATEST,1-690ef4d4-0c0a43-11eadef446af,OnDemand,,,449.73,,"{""errorType"":""FunctionAbnormalExitError""}"
,B50B6C7E4A9EFD8ADCDAE8E71A8A357B-26,1762587862,FCRequestMetrics:/n-matmul-512,110,110,,,0.03,n-matmul-512,true,0c3cf93849f8,,c-690ef48f-0cf1abd9-ad135b628654,1762587860953,Sync,2354.46,1762587860463,21.0.3.8,false,512,2.20,InvokeFunction,,,LATEST,1-690ef4d4-0c0a43-fb3193834ea5,OnDemand,,,489.58,,"{""errorType"":""FunctionAbnormalExitError""}"
,F91A17FDEE204113BD7FCEE97E77B19D-24,1762587862,FCRequestMetrics:/n-matmul-512,110,110,,,0.04,n-matmul-512,true,b4a55f945517,,c-690ef48f-0cf1abd9-f3db6505083a,1762587861378,Sync,1969.03,1762587860854,21.0.3.12,false,512,2.05,InvokeFunction,,,LATEST,1-690ef4d4-0c0a43-1f53f37dc317,OnDemand,,,523.38,,"{""errorType"":""FunctionAbnormalExitError""}"
,805D0B9C50B0CFD3CF77F88B01A3CC36-25,1762587862,FCRequestMetrics:/n-matmul-512,108,108,,,0.03,n-matmul-512,true,4277c8c89afa,,c-690ef490-0cf1abd9-df579b907295,1762587861813,Sync,1056.61,1762587861813,21.0.3.12,false,512,2.06,InvokeFunction,,,LATEST,1-690ef4d5-0c0a43-396c9f7123e8,OnDemand,,,0.55,,"{""errorType"":""FunctionAbnormalExitError""}"
,A07FED3AC0D9C87237C2A7F7FEAC1FF2-D,1762587862,FCRequestMetrics:/n-matmul-512,106,106,,,3992.00,n-matmul-512,false,5059a3c012ce,,c-690ef4bc-0cf1abd9-aaba1ef8e3d8,1762587858893,Sync,3995.24,1762587858892,21.0.3.8,false,512,32.47,InvokeFunction,,,LATEST,1-690ef4d3-0c0a43-fe0b858bfb47,OnDemand,,,0.52,
,537821DDAFE9614566F0064DDB274514-19,1762587863,FCRequestMetrics:/n-matmul-512,92,92,,,3015.55,n-matmul-512,false,e7a61b8cb4fe,,c-690ef4a1-0cf1abd9-564b243bc6a8,1762587860038,Sync,3018.24,1762587860037,21.0.3.8,false,512,36.44,InvokeFunction,,,LATEST,1-690ef4d4-0c0a43-1b83a029210c,OnDemand,,,0.58,
,1C05D5B02F01F46143D999E67440A343-25,1762587863,FCRequestMetrics:/n-matmul-512,106,106,,,3113.34,n-matmul-512,false,ded09bee0b2d,,c-690ef48f-0cf1abd9-2bb86706a2c4,1762587860425,Sync,3114.87,1762587860424,21.0.3.9,false,512,26.89,InvokeFunction,,,LATEST,1-690ef4d4-0c0a43-fde5d6a05f7a,OnDemand,,,0.49,
,3EC79B1A2832FEBC3A7D2A1336CBC72B-6,1762587863,FCRequestMetrics:/n-matmul-512,89,89,,,3554.40,n-matmul-512,false,1ba7f32a1a20,,c-690ef4c8-0cf1abd9-b1f4c901d515,1762587859896,Sync,3556.29,1762587859895,21.0.3.12,false,512,41.50,InvokeFunction,,,LATEST,1-690ef4d4-0c49fa-6c77c1d1f9b9,OnDemand,,,0.95,
,E438D6118493E314AD4DA785D820E022-12,1762587863,FCRequestMetrics:/n-matmul-512,89,89,,,3325.74,n-matmul-512,false,b191993e8dc4,,c-690ef4b3-0cf1abd9-0d3f75ed2006,1762587860265,Sync,3327.60,1762587860264,21.0.3.8,false,512,27.11,InvokeFunction,,,LATEST,1-690ef4d4-0c0a43-ee1c0cae63fe,OnDemand,,,0.49,
,3D753EA828DEDBBB0DF10FE8437E0EE2-18,1762587863,FCRequestMetrics:/n-matmul-512,89,89,,,3324.84,n-matmul-512,false,13a75e602ffd,,c-690ef49e-0cf1abd9-124626cd631e,1762587860246,Sync,3327.56,1762587860246,21.0.3.12,false,512,38.25,InvokeFunction,,,LATEST,1-690ef4d4-0c0a43-7865762eeac5,OnDemand,,,0.48,
,F0A5925498435F2F6D9BDDB34BF193EA-6,1762587863,FCRequestMetrics:/n-matmul-512,89,89,,,3817.20,n-matmul-512,false,498ae363af0a,,c-690ef4c8-0cf1abd9-33e32577488c,1762587859900,Sync,3819.10,1762587859899,21.0.3.10,false,512,42.43,InvokeFunction,,,LATEST,1-690ef4d4-0c49fa-263b326ad129,OnDemand,,,0.90,
,454D28B9ADC842A2E21EC3C429AA5038-6,1762587863,FCRequestMetrics:/n-matmul-512,106,106,,,3764.96,n-matmul-512,false,68ffeb726d24,,c-690ef4c8-0cf1abd9-e95db563c2a4,1762587860042,Sync,3772.25,1762587860041,21.0.3.11,false,512,39.86,InvokeFunction,,,LATEST,1-690ef4d4-0c0a43-72446e7906a7,OnDemand,,,0.51,
,3D3F830804794EE934A3F39C618D6DA7-10,1762587863,FCRequestMetrics:/n-matmul-512,89,89,,,3217.15,n-matmul-512,false,a5074fb07ccb,,c-690ef4b3-0cf1abd9-4204fc55cfbc,1762587860143,Sync,3219.54,1762587860141,21.0.3.9,false,512,27.10,InvokeFunction,,,LATEST,1-690ef4d4-0c49fa-3ab046053502,OnDemand,,,1.13,
,B23CDAA9EFB02072F2EA6F095891B977-12,1762587863,FCRequestMetrics:/n-matmul-512,96,96,,,3348.55,n-matmul-512,false,01cbc6dce386,,c-690ef4b2-0cf1abd9-ad92bd478abd,1762587859931,Sync,3351.01,1762587859929,21.0.3.11,false,512,28.96,InvokeFunction,,,LATEST,1-690ef4d3-0c49fa-b991dc9184ec,OnDemand,,,1.40,
,3801AF28D1F06D15DE702CA3D1A78840-25,1762587863,FCRequestMetrics:/n-matmul-512,92,92,,,3301.31,n-matmul-512,false,85f7f63caa28,,c-690ef48f-0cf1abd9-8d9a75cfa22a,1762587860054,Sync,3306.29,1762587860052,21.0.3.8,false,512,27.02,InvokeFunction,,,LATEST,1-690ef4d4-0c49fa-45556fda0f8b,OnDemand,,,1.15,
,6448458DC5EEDA4B01194355EB33D0AF-20,1762587863,FCRequestMetrics:/n-matmul-512,90,90,,,3316.13,n-matmul-512,false,e9af6d91c5a8,,c-690ef492-0cf1abd9-8e96e2aae5ad,1762587860173,Sync,3317.81,1762587860172,21.0.3.11,false,512,26.85,InvokeFunction,,,LATEST,1-690ef4d4-0c0a43-e55a4ce55d6c,OnDemand,,,0.58,
,0AE60AD6E226644C212775A9AD9DBC3A-10,1762587863,FCRequestMetrics:/n-matmul-512,89,89,,,3369.06,n-matmul-512,false,e5c3b3dfa4c1,,c-690ef4b3-0cf1abd9-04675e7328d5,1762587860250,Sync,3371.61,1762587860249,21.0.3.10,false,512,26.83,InvokeFunction,,,LATEST,1-690ef4d4-0c0a43-8f9f2539343b,OnDemand,,,0.44,
,F031090DB7497FBE9C5AA393E7E68561-25,1762587863,FCRequestMetrics:/n-matmul-512,110,110,,,3112.22,n-matmul-512,false,ac449c8e7f33,,c-690ef48f-0cf1abd9-a7a4b84ee62d,1762587860454,Sync,3140.28,1762587860427,21.0.3.9,false,512,27.04,InvokeFunction,,,LATEST,1-690ef4d4-0c49fa-2df30e32381a,OnDemand,,,27.14,
,270B9EACE82C5E95387DFC3023475A37-1B,1762587863,FCRequestMetrics:/n-matmul-512,110,110,,,3341.13,n-matmul-512,false,fe7ebaee4797,,c-690ef4a4-0cf1abd9-3aa2f2400266,1762587860597,Sync,3499.07,1762587860440,21.0.3.8,false,512,26.97,InvokeFunction,,,LATEST,1-690ef4d4-0c0a43-7e75486778e2,OnDemand,,,156.86,
,028699F502CA3D7E230041FC52AB4DE5-11,1762587863,FCRequestMetrics:/n-matmul-512,89,89,,,3342.43,n-matmul-512,false,c3f0f0de03a0,,c-690ef4b1-0cf1abd9-f906b5304a3d,1762587860253,Sync,3345.09,1762587860252,21.0.3.8,false,512,34.20,InvokeFunction,,,LATEST,1-690ef4d4-0c49fa-509912e0d48b,OnDemand,,,1.00,
,BF0051A2DC4BF4DDC3679E47B8B32C9C-B,1762587863,FCRequestMetrics:/n-matmul-512,106,106,,,4754.97,n-matmul-512,false,e797c285140c,,c-690ef4c0-0cf1abd9-8278610d83f5,1762587859211,Sync,4757.67,1762587859210,21.0.3.8,false,512,34.50,InvokeFunction,,,LATEST,1-690ef4d4-0c0a43-f680ed8a799d,OnDemand,,,0.50,
,646B33D459BD0A9244D32F781DAF3418-19,1762587863,FCRequestMetrics:/n-matmul-512,89,89,,,2866.03,n-matmul-512,false,5d92a283eb8a,,c-690ef4a1-0cf1abd9-de1abe369d37,1762587860258,Sync,2877.18,1762587860257,21.0.3.10,false,512,36.23,InvokeFunction,,,LATEST,1-690ef4d4-0c49fa-bb31238eac14,OnDemand,,,1.15,
,C1D7342C162E0433E3DCC69A36E49279-1D,1762587863,FCRequestMetrics:/n-matmul-512,89,89,,,3053.48,n-matmul-512,false,c1850f6d6120,,c-690ef49e-0cf1abd9-bea541164f91,1762587860267,Sync,3055.70,1762587860265,21.0.3.11,false,512,36.50,InvokeFunction,,,LATEST,1-690ef4d4-0c49fa-a630d95ba78b,OnDemand,,,0.97,
,FFBE1F54232C7105BB9D9D9815146807-12,1762587863,FCRequestMetrics:/n-matmul-512,110,110,,,3121.86,n-matmul-512,false,4210c93d9e28,,c-690ef4b2-0cf1abd9-734e58adbe38,1762587860571,Sync,3258.61,1762587860436,21.0.3.10,false,512,36.32,InvokeFunction,,,LATEST,1-690ef4d4-0c0a43-16ed27f22caa,OnDemand,,,134.85,
,3638871BA5BA6CB81D64084B08F55201-27,1762587863,FCRequestMetrics:/n-matmul-512,110,110,,,3206.03,n-matmul-512,false,d9ddc014a95e,,c-690ef48f-0cf1abd9-ec0c220edbce,1762587860760,Sync,3522.40,1762587860444,21.0.3.8,false,512,34.41,InvokeFunction,,,LATEST,1-690ef4d4-0c49fa-6d4c75688cbe,OnDemand,,,315.48,
,7FDD645C18A05AFCA1EE540844E336B4-22,1762587863,FCRequestMetrics:/n-matmul-512,89,89,,,3356.31,n-matmul-512,false,005047e6f771,,c-690ef48f-0cf1abd9-a4e85c44b759,1762587860255,Sync,3358.14,1762587860254,21.0.3.10,false,512,36.74,InvokeFunction,,,LATEST,1-690ef4d4-0c49fa-140beb5f822b,OnDemand,,,0.87,
,90D8D68606671C7D3CC9428DB5D1A5ED-19,1762587863,FCRequestMetrics:/n-matmul-512,110,110,,,3095.42,n-matmul-512,false,43290576c1e6,,c-690ef4a1-0cf1abd9-784f475cf818,1762587860779,Sync,3422.64,1762587860453,21.0.3.11,false,512,36.68,InvokeFunction,,,LATEST,1-690ef4d4-0c0a43-b2d0b99e80c2,OnDemand,,,326.10,
,13AC9179567B6A88BE4E678F8CBCF027-19,1762587863,FCRequestMetrics:/n-matmul-512,110,110,,,2925.45,n-matmul-512,false,c1270f7ffdb8,,c-690ef4a1-0cf1abd9-661404bfd8df,1762587860818,Sync,3283.32,1762587860461,21.0.3.12,false,512,34.59,InvokeFunction,,,LATEST,1-690ef4d4-0c49fa-8c1aacde524f,OnDemand,,,356.88,
,CF8B8E5EDA76CE1E15E6DE137B05F0FC-D,1762587863,FCRequestMetrics:/n-matmul-512,101,101,,,4430.75,n-matmul-512,false,09ed6314a647,,c-690ef4bd-0cf1abd9-4b304ea77a49,1762587858707,Sync,4462.07,1762587858679,21.0.3.12,false,512,36.48,InvokeFunction,,,LATEST,1-690ef4d3-0c49fa-5a05df60d8d8,OnDemand,,,27.37,
,03A714A9772EC266AA0C3B3C7C5F7666-D,1762587863,FCRequestMetrics:/n-matmul-512,110,110,,,3308.90,n-matmul-512,false,579930c5ac3a,,c-690ef4bd-0cf1abd9-7053d50dd4cd,1762587860360,Sync,3818.77,1762587859850,21.0.3.10,false,512,36.40,InvokeFunction,,,LATEST,1-690ef4d4-0c49fa-dcf51910cbf0,OnDemand,,,508.98,
,6CCFB4E4193C923DA012941FDF8BA7C1-22,1762587863,FCRequestMetrics:/n-matmul-512,90,90,,,3776.20,n-matmul-512,false,1ea218c34989,,c-690ef48f-0cf1abd9-4c65696b73c9,1762587860215,Sync,3777.76,1762587860215,21.0.3.11,false,512,36.00,InvokeFunction,,,LATEST,1-690ef4d4-0c0a43-892916cde84a,OnDemand,,,0.49,
,30B0C091F501AEB24D6930948CD8CD12-D,1762587863,FCRequestMetrics:/n-matmul-512,105,105,,,5540.30,n-matmul-512,false,f585a3de42a9,,c-690ef4c0-0cf1abd9-2f59d877e38b,1762587857752,Sync,5948.66,1762587857345,21.0.3.10,false,512,28.70,InvokeFunction,,,LATEST,1-690ef4d2-0c0a43-54b0113f1958,OnDemand,,,406.30,
,A0E18646E4ED1862BB7852A818D6BD84-25,1762587863,FCRequestMetrics:/n-matmul-512,101,101,,,0.07,n-matmul-512,true,455c2c4df2d2,,c-690ef48f-0cf1abd9-fff0447ff1dc,1762587862268,Sync,957.63,1762587862266,21.0.3.8,false,512,2.21,InvokeFunction,,,LATEST,1-690ef4d6-0c49fa-aad799b3851f,OnDemand,,,1.17,,"{""errorType"":""FunctionAbnormalExitError""}"
,2C250D9B2FF86C019F81DAC520815883-1D,1762587863,FCRequestMetrics:/n-matmul-512,101,101,,,0.04,n-matmul-512,true,52c1693be583,,c-690ef4a4-0cf1abd9-b2b9a6cf3285,1762587862259,Sync,1103.32,1762587862258,21.0.3.10,false,512,2.30,InvokeFunction,,,LATEST,1-690ef4d6-0c0a43-bce871a37ec4,OnDemand,,,0.46,,"{""errorType"":""FunctionAbnormalExitError""}"
,812F252289DEF5D6E7CEF166CCF20854-D,1762587863,FCRequestMetrics:/n-matmul-512,89,89,,,4881.55,n-matmul-512,false,7cd4cf254b2b,,c-690ef4c0-0cf1abd9-f295f1869449,1762587859093,Sync,4884.33,1762587859092,21.0.3.11,false,512,26.79,InvokeFunction,,,LATEST,1-690ef4d4-0c49fa-2e82290435b1,OnDemand,,,1.46,
,FE4CB4BB334203537C4452D39CB19CCC-C,1762587863,FCRequestMetrics:/n-matmul-512,101,101,,,5288.95,n-matmul-512,false,a7689194af96,,c-690ef4c0-0cf1abd9-beaedf295aad,1762587858348,Sync,5293.47,1762587858345,21.0.3.12,false,512,27.14,InvokeFunction,,,LATEST,1-690ef4d3-0c0a43-c354b617ae86,OnDemand,,,0.50,
,604D7A139A336D459A8701B8728ED443-12,1762587863,FCRequestMetrics:/n-matmul-512,105,105,,,0.04,n-matmul-512,true,3ccc09a5376a,,c-690ef4b4-0cf1abd9-6384931551e4,1762587862155,Sync,1709.83,1762587862153,21.0.3.11,false,512,2.11,InvokeFunction,,,LATEST,1-690ef4d6-0c49fa-f2ea61de050f,OnDemand,,,1.38,,"{""errorType"":""FunctionAbnormalExitError""}"
,F78928E4C3048B992F5E5A9DC10A82CD-9,1762587863,FCRequestMetrics:/n-matmul-512,112,112,,,0.03,n-matmul-512,true,4756408993b7,,c-690ef4c8-0cf1abd9-87a481f567c5,1762587862714,Sync,1544.19,1762587862369,21.0.3.8,false,512,58.46,InvokeFunction,,,LATEST,1-690ef4d6-0c0a43-8ca0c41543d9,OnDemand,,,344.19,,"{""errorType"":""FunctionAbnormalExitError""}"
,EAD7BD32D52FA8C0EC561AB86D8BB129-19,1762587864,FCRequestMetrics:/n-matmul-512,106,106,,,3635.65,n-matmul-512,false,9697e733b066,,c-690ef49e-0cf1abd9-b7f83cb23224,1762587860421,Sync,3637.64,1762587860420,21.0.3.10,false,512,38.50,InvokeFunction,,,LATEST,1-690ef4d4-0c49fa-901380234364,OnDemand,,,1.12,
,93FE45F5D80B3384897CEBE39059D2B9-6,1762587864,FCRequestMetrics:/n-matmul-512,110,110,,,3406.72,n-matmul-512,false,ce40ea9a9210,,c-690ef4c8-0cf1abd9-21c972c4a8d9,1762587860680,Sync,3902.53,1762587860185,21.0.3.9,false,512,38.35,InvokeFunction,,,LATEST,1-690ef4d4-0c49fa-f1f9a32ffda2,OnDemand,,,494.79,
,B6CBE8EBA74250AA907E560C90566BB4-1B,1762587864,FCRequestMetrics:/n-matmul-512,110,110,,,3402.61,n-matmul-512,false,ab282a8889ea,,c-690ef49c-0cf1abd9-bbfeef60bc24,1762587861082,Sync,3900.97,1762587860586,21.0.3.11,false,512,36.52,InvokeFunction,,,LATEST,1-690ef4d4-0c0a43-df247e4bd279,OnDemand,,,496.16,
,414BD1893AE2054C5F533C4E4BFB2474-1B,1762587864,FCRequestMetrics:/n-matmul-512,110,110,,,3285.23,n-matmul-512,false,e09eb6f846c4,,c-690ef49c-0cf1abd9-96967c00da02,1762587861339,Sync,3774.62,1762587860851,21.0.3.9,false,512,37.02,InvokeFunction,,,LATEST,1-690ef4d4-0c49fa-ccd8a192b347,OnDemand,,,488.45,
,E28B31C1AD09CA2631349F2F5CD41FEA-11,1762587864,FCRequestMetrics:/n-matmul-512,110,110,,,3421.28,n-matmul-512,false,378303f5ffb1,,c-690ef4b4-0cf1abd9-4d6de11efb71,1762587860599,Sync,3580.01,1762587860441,21.0.3.9,false,512,26.59,InvokeFunction,,,LATEST,1-690ef4d4-0c49fa-f3a1a42d9e34,OnDemand,,,157.47,
,ED99555BBD66FF347A8C8145C62ABE99-1A,1762587864,FCRequestMetrics:/n-matmul-512,110,110,,,3283.85,n-matmul-512,false,4bed96722f41,,c-690ef49c-0cf1abd9-8088ae7c339c,1762587861114,Sync,3919.65,1762587860479,21.0.3.8,false,512,38.07,InvokeFunction,,,LATEST,1-690ef4d4-0c0a43-5b8b01ffda5c,OnDemand,,,634.80,
,5D2FE67C0EB5779BF4214AF0D6312E51-1B,1762587864,FCRequestMetrics:/n-matmul-512,110,110,,,3444.78,n-matmul-512,false,19252a223023,,c-690ef49c-0cf1abd9-daf5d7835f02,1762587860767,Sync,3769.27,1762587860444,21.0.3.10,false,512,36.11,InvokeFunction,,,LATEST,1-690ef4d4-0c0a43-64d983c8b671,OnDemand,,,322.80,
,FD6981321571EC68F9E27CDAD26BAC19-1B,1762587864,FCRequestMetrics:/n-matmul-512,110,110,,,3147.14,n-matmul-512,false,b2349f9a27e7,,c-690ef49c-0cf1abd9-a2407a052b71,1762587861471,Sync,3656.77,1762587860962,21.0.3.12,false,512,39.57,InvokeFunction,,,LATEST,1-690ef4d4-0c0a43-0b8dc0a8a608,OnDemand,,,508.62,
,D57BF307AB3C1DBB07F853EA29DFAA8E-24,1762587864,FCRequestMetrics:/n-matmul-512,110,110,,,3117.47,n-matmul-512,false,4a02a8b2ccf7,,c-690ef48f-0cf1abd9-3378a67d936f,1762587861587,Sync,3719.02,1762587860989,21.0.3.10,false,512,26.72,InvokeFunction,,,LATEST,1-690ef4d4-0c49fa-71070eaca1ed,OnDemand,,,597.46,
,A6333F63464BC687DF1965DBFE05F1DB-24,1762587864,FCRequestMetrics:/n-matmul-512,110,110,,,3027.07,n-matmul-512,false,3e88eb377bf5,,c-690ef490-0cf1abd9-507f1daf6985,1762587861734,Sync,4287.42,1762587860475,21.0.3.11,false,512,26.39,InvokeFunction,,,LATEST,1-690ef4d4-0c49fa-64c899bea2a1,OnDemand,,,1259.09,
,C9A28A785F95831BC9FC8EA20129FD05-B,1762587864,FCRequestMetrics:/n-matmul-512,110,110,,,3795.27,n-matmul-512,false,4856bc7a68f1,,c-690ef4c1-0cf1abd9-aae68ff129ed,1762587860842,Sync,4282.48,1762587860356,21.0.3.6,false,512,34.57,InvokeFunction,,,LATEST,1-690ef4d4-0c49fa-cba4dff0c9fd,OnDemand,,,486.37,
,86D3C1657BB7CB6F9D6C1B5957027679-11,1762587864,FCRequestMetrics:/n-matmul-512,106,106,,,3689.47,n-matmul-512,false,41e163ab7845,,c-690ef4b1-0cf1abd9-383b8cf3b88f,1762587860375,Sync,3692.84,1762587860374,21.0.3.10,false,512,36.34,InvokeFunction,,,LATEST,1-690ef4d4-0c0a43-2631eb068ebc,OnDemand,,,0.58,
,E336B2A6408E27B02C6CAB82C50088BC-B,1762587864,FCRequestMetrics:/n-matmul-512,110,110,,,4076.55,n-matmul-512,false,b76d94444b2f,,c-690ef4c1-0cf1abd9-48675e1450f8,1762587860614,Sync,4494.65,1762587860197,21.0.3.7,false,512,36.50,InvokeFunction,,,LATEST,1-690ef4d4-0c0a43-b10e73eac586,OnDemand,,,416.50,
,78CD85FE04C684FD432ABFF362CBF50C-22,1762587864,FCRequestMetrics:/n-matmul-512,106,106,,,3657.96,n-matmul-512,false,6999fff919fb,,c-690ef48f-0cf1abd9-6c6d9044c534,1762587860425,Sync,3665.07,1762587860424,21.0.3.9,false,512,36.03,InvokeFunction,,,LATEST,1-690ef4d4-0c0a43-877c8a2822fa,OnDemand,,,0.38,
,BD9BE3600CF3EADC822FC16C6CE56C55-D,1762587864,FCRequestMetrics:/n-matmul-512,110,110,,,4487.94,n-matmul-512,false,a90b8e21cc4e,,c-690ef4bd-0cf1abd9-4533cb176176,1762587860370,Sync,4845.87,1762587860013,21.0.3.10,false,512,36.60,InvokeFunction,,,LATEST,1-690ef4d4-0c0a43-c3b615563c76,OnDemand,,,356.74,
,A215E42A48869DE9E4DCA54EC0297126-2,1762587864,FCRequestMetrics:/n-matmul-512,110,110,,,3313.69,n-matmul-512,false,ae96b778c52c,,c-690ef4d4-0cf1abd9-80805a6a9659,1762587861173,Sync,3357.94,1762587861134,21.0.3.8,false,512,79.92,InvokeFunction,,,LATEST,1-690ef4d6-0c49fa-3e51ac9e302d,OnDemand,,,37.05,
,E763FEDED2DD2923A606C1ABC0F0B8DF-2,1762587864,FCRequestMetrics:/n-matmul-512,110,110,,,3535.75,n-matmul-512,false,6d406cad06b1,,c-690ef4d4-0cf1abd9-1184c15b4902,1762587861173,Sync,3577.22,1762587861142,21.0.3.9,false,512,29.73,InvokeFunction,,,LATEST,1-690ef4d6-0c49fa-b1248a581ee0,OnDemand,,,30.71,
,D383B16911701B57D8112BE288DB8A26-12,1762587864,FCRequestMetrics:/n-matmul-512,110,110,,,3480.45,n-matmul-512,false,bb19602af764,,c-690ef4b1-0cf1abd9-7e88298a556b,1762587861136,Sync,4145.70,1762587860472,21.0.3.10,false,512,34.16,InvokeFunction,,,LATEST,1-690ef4d4-0c49fa-21c5da8b6797,OnDemand,,,663.83,
,5E37C0E4F38EC01A59BF0AC51B37D7D9-11,1762587864,FCRequestMetrics:/n-matmul-512,110,110,,,3548.41,n-matmul-512,false,675e218faad5,,c-690ef4b2-0cf1abd9-5c68fc00ab92,1762587861216,Sync,4284.21,1762587860481,21.0.3.12,false,512,34.35,InvokeFunction,,,LATEST,1-690ef4d4-0c0a43-16326e80892f,OnDemand,,,734.75,
,8C91CD9281F35024322C2F606CD0B1FE-E,1762587864,FCRequestMetrics:/n-matmul-512,107,107,,,3411.16,n-matmul-512,false,44c83b518121,,c-690ef4bd-0cf1abd9-e8c2a2bb7f02,1762587861345,Sync,3412.83,1762587861344,21.0.3.11,false,512,36.75,InvokeFunction,,,LATEST,1-690ef4d5-0c49fa-0170de36a6f1,OnDemand,,,0.82,
,7C823A060900EA64C601C711AE9A8E7B-24,1762587864,FCRequestMetrics:/n-matmul-512,108,108,,,3135.96,n-matmul-512,false,a9c1f9cad0fa,,c-690ef492-0cf1abd9-41b4dd0accbf,1762587861800,Sync,3138.76,1762587861799,21.0.3.10,false,512,36.09,InvokeFunction,,,LATEST,1-690ef4d5-0c49fa-978a5eca2cd2,OnDemand,,,1.37,
,32D30CAFDEB66ED4BA2C61AB57673DE9-D,1762587864,FCRequestMetrics:/n-matmul-512,107,107,,,3275.33,n-matmul-512,false,1e73088b591b,,c-690ef4bd-0cf1abd9-2266afd5303d,1762587861485,Sync,3276.80,1762587861484,21.0.3.9,false,512,36.81,InvokeFunction,,,LATEST,1-690ef4d6-0c0a43-f8757920af59,OnDemand,,,0.50,
,3BDEEDD6F6C1B51E5137A970AE75BAA4-22,1762587864,FCRequestMetrics:/n-matmul-512,107,107,,,3057.71,n-matmul-512,false,3b2b33dbd196,,c-690ef492-0cf1abd9-bbdff8eda83c,1762587861857,Sync,3060.91,1762587861856,21.0.3.9,false,512,36.20,InvokeFunction,,,LATEST,1-690ef4d5-0c49fa-2392fb9d4ccc,OnDemand,,,0.80,
,5A4B169E4A6A12AF96E6A9F31574ACDB-D,1762587864,FCRequestMetrics:/n-matmul-512,107,107,,,3165.54,n-matmul-512,false,e49c1078154a,,c-690ef4bd-0cf1abd9-52730e96d71d,1762587861483,Sync,3166.83,1762587861483,21.0.3.12,false,512,36.61,InvokeFunction,,,LATEST,1-690ef4d6-0c0a43-6c0a8cd5c776,OnDemand,,,0.42,
,5AFAB66E1E7466E5D8B7B9E08DE1641F-3,1762587864,FCRequestMetrics:/n-matmul-512,105,105,,,3723.68,n-matmul-512,false,b625bc4b4ab4,,c-690ef4d1-0cf1abd9-cc0167f16a90,1762587860561,Sync,3726.57,1762587860559,21.0.3.6,false,512,92.57,InvokeFunction,,,LATEST,1-690ef4d6-0c49fa-354bcaa23e4d,OnDemand,,,1.37,
,E4C186C27FC2E01612D2685505BDC1C8-14,1762587864,FCRequestMetrics:/n-matmul-512,107,107,,,2843.83,n-matmul-512,false,2f46f223d44b,,c-690ef4b3-0cf1abd9-b7dfa30d9e6b,1762587862012,Sync,2846.52,1762587862011,21.0.3.8,false,512,36.21,InvokeFunction,,,LATEST,1-690ef4d6-0c0a43-b526861d9946,OnDemand,,,0.53,
,9DDF92507C03E777F745C0AA5C83C458-1E,1762587864,FCRequestMetrics:/n-matmul-512,114,114,,,0.03,n-matmul-512,true,ab20715057dd,,c-690ef49e-0cf1abd9-a4d3e4836d71,1762587863000,Sync,1396.34,1762587862703,21.0.3.8,false,512,2.22,InvokeFunction,,,LATEST,1-690ef4d6-0c0a43-e0bc89589f66,OnDemand,,,297.45,,"{""errorType"":""FunctionAbnormalExitError""}"
,22E833C237D88A72ACDEEBC774861945-C,1762587864,FCRequestMetrics:/n-matmul-512,89,89,,,4089.81,n-matmul-512,false,3ad91ce1f715,,c-690ef4c1-0cf1abd9-a9ad8a9b0501,1762587859943,Sync,4093.08,1762587859943,21.0.3.5,false,512,26.81,InvokeFunction,,,LATEST,1-690ef4d4-0c49fa-345d54bb4b18,OnDemand,,,0.75,
,AF248E24051D33CE2911D9A18C89C2D3-D,1762587864,FCRequestMetrics:/n-matmul-512,89,89,,,4612.37,n-matmul-512,false,8c4cd304f247,,c-690ef4c1-0cf1abd9-e614043a0e89,1762587859942,Sync,4613.91,1762587859941,21.0.3.10,false,512,27.16,InvokeFunction,,,LATEST,1-690ef4d4-0c0a43-8e05dbd8801a,OnDemand,,,0.43,
,5F3A1644AB2A1C8B074AB8754A10A293-19,1762587864,FCRequestMetrics:/n-matmul-512,101,101,,,0.06,n-matmul-512,true,69f1f8b4cc9d,,c-690ef4a4-0cf1abd9-06b3493bf27e,1762587862308,Sync,2024.52,1762587862307,21.0.3.12,false,512,2.19,InvokeFunction,,,LATEST,1-690ef4d6-0c49fa-41732c6f80b8,OnDemand,,,1.13,,"{""errorType"":""FunctionAbnormalExitError""}"
,6C268265BE6071088D6F784688423FBC-1D,1762587864,FCRequestMetrics:/n-matmul-512,101,101,,,0.02,n-matmul-512,true,f3794d0f4bed,,c-690ef4a4-0cf1abd9-3f60d30fa7e2,1762587862308,Sync,1967.58,1762587862307,21.0.3.11,false,512,2.05,InvokeFunction,,,LATEST,1-690ef4d6-0c49fa-6188861ffb31,OnDemand,,,0.92,,"{""errorType"":""FunctionAbnormalExitError""}"
,9ADEFA90B0D30226FA9EC5C9D5AE07C5-1B,1762587864,FCRequestMetrics:/n-matmul-512,110,110,,,3074.17,n-matmul-512,false,720d5821fc65,,c-690ef4a1-0cf1abd9-d2a0858351d9,1762587861259,Sync,3529.75,1762587860804,21.0.3.9,false,512,35.98,InvokeFunction,,,LATEST,1-690ef4d4-0c49fa-2f2f2632c7e3,OnDemand,,,454.65,
,76578469F84FCD1CB8F7AE0D7CEF0D58-4,1762587864,FCRequestMetrics:/n-matmul-512,110,110,,,3292.39,n-matmul-512,false,8c2f5578c019,,c-690ef4d1-0cf1abd9-df87844cb3e3,1762587860748,Sync,3352.50,1762587860689,21.0.3.7,false,512,34.50,InvokeFunction,,,LATEST,1-690ef4d6-0c0a43-4ab995b2ea9b,OnDemand,,,59.16,
,A61C5B29A1D7F2390D1E51D697C6283B-12,1762587864,FCRequestMetrics:/n-matmul-512,101,101,,,0.05,n-matmul-512,true,14782dc1bc2e,,c-690ef4b4-0cf1abd9-744e5d667f19,1762587862250,Sync,2172.30,1762587862249,21.0.3.12,false,512,4.06,InvokeFunction,,,LATEST,1-690ef4d6-0c0a43-cecce7c931fd,OnDemand,,,0.51,,"{""errorType"":""FunctionAbnormalExitError""}"
,A89833F386C2C0AAB19D937BC0A8D2F3-12,1762587864,FCRequestMetrics:/n-matmul-512,101,101,,,0.03,n-matmul-512,true,ea0bccbe44d2,,c-690ef4b4-0cf1abd9-c9ccab6a1a6a,1762587862298,Sync,2519.04,1762587862297,21.0.3.8,false,512,2.34,InvokeFunction,,,LATEST,1-690ef4d6-0c49fa-0ab738953b94,OnDemand,,,1.34,,"{""errorType"":""FunctionAbnormalExitError""}"
,01D4E8E7911B88CA9BFEF68BF58454E3-4,1762587864,FCRequestMetrics:/n-matmul-512,112,112,,,3526.40,n-matmul-512,false,af9f8faefca2,,c-690ef4d1-0cf1abd9-2cb97b541620,1762587861035,Sync,3696.75,1762587860865,21.0.3.10,false,512,34.50,InvokeFunction,,,LATEST,1-690ef4d6-0c0a43-35d2eb2d9548,OnDemand,,,169.12,
,60315181B24B66886819325A3EA49E6F-1D,1762587865,FCRequestMetrics:/n-matmul-512,101,101,,,2922.33,n-matmul-512,false,0d1aec41c426,,c-690ef49e-0cf1abd9-079fb8593d22,1762587862234,Sync,2924.66,1762587862234,21.0.3.9,false,512,39.84,InvokeFunction,,,LATEST,1-690ef4d6-0c0a43-fd42bfdff503,OnDemand,,,0.53,
,5D2FE67C0EB5779BF4214AF0D6312E51-1B,1762587865,FCRequestMetrics:/n-matmul-512,121,121,,,1166.55,n-matmul-512,false,19252a223023,,c-690ef49c-0cf1abd9-daf5d7835f02,1762587864216,Sync,1867.54,1762587863516,21.0.3.10,false,512,37.56,InvokeFunction,,,LATEST,1-690ef4d7-0c0a43-de2b52b9aecb,OnDemand,,,699.90,
,22262E23B35913584F104007F60CDE44-25,1762587865,FCRequestMetrics:/n-matmul-512,101,101,,,3185.41,n-matmul-512,false,5c984f724ebf,,c-690ef48f-0cf1abd9-4d671f684c9c,1762587862309,Sync,3187.06,1762587862308,21.0.3.9,false,512,28.30,InvokeFunction,,,LATEST,1-690ef4d6-0c0a43-4ff4b11f1549,OnDemand,,,0.51,
,646B33D459BD0A9244D32F781DAF3418-19,1762587865,FCRequestMetrics:/n-matmul-512,115,115,,,2840.46,n-matmul-512,false,5d92a283eb8a,,c-690ef4a1-0cf1abd9-de1abe369d37,1762587863141,Sync,3133.04,1762587862849,21.0.3.10,false,512,39.80,InvokeFunction,,,LATEST,1-690ef4d6-0c0a43-85ad3d6d89ea,OnDemand,,,291.11,
,C2EB2A92BA9B62B2586CA2C02FC71F03-D,1762587865,FCRequestMetrics:/n-matmul-512,115,115,,,2949.74,n-matmul-512,false,d33c82b43d3d,,c-690ef4bd-0cf1abd9-a491e17680d2,1762587862880,Sync,3481.93,1762587862349,21.0.3.8,false,512,40.17,InvokeFunction,,,LATEST,1-690ef4d6-0c0a43-0445df2eb478,OnDemand,,,531.38,
,27BDDCAD80E91AC92FDFCC1C9A1A4216-12,1762587865,FCRequestMetrics:/n-matmul-512,105,105,,,3331.37,n-matmul-512,false,2ff8f58d97fc,,c-690ef4b4-0cf1abd9-3de0c61b5b68,1762587862224,Sync,3336.66,1762587862220,21.0.3.10,false,512,28.33,InvokeFunction,,,LATEST,1-690ef4d6-0c0a43-7a5057b58e24,OnDemand,,,0.51,
,715E1B0E1B21EEA77E59E1CCA6C827A1-10,1762587865,FCRequestMetrics:/n-matmul-512,101,101,,,3506.22,n-matmul-512,false,227434a33de2,,c-690ef4b3-0cf1abd9-7a1935f5d276,1762587862310,Sync,3508.39,1762587862309,21.0.3.11,false,512,26.45,InvokeFunction,,,LATEST,1-690ef4d6-0c49fa-2dc34e0d5b4a,OnDemand,,,1.31,
,023E1362E98622AC0BA42C246E757652-12,1762587865,FCRequestMetrics:/n-matmul-512,107,107,,,3837.41,n-matmul-512,false,c2dc25ac0291,,c-690ef4b3-0cf1abd9-482c4f6b212d,1762587861972,Sync,3841.11,1762587861971,21.0.3.9,false,512,26.84,InvokeFunction,,,LATEST,1-690ef4d5-0c0a43-b3e44ef619f5,OnDemand,,,0.58,
,EC65B6B96723558D074A84C970ABFB6D-11,1762587865,FCRequestMetrics:/n-matmul-512,106,106,,,3755.09,n-matmul-512,false,dc0d493de807,,c-690ef4b3-0cf1abd9-88427ba7f908,1762587862051,Sync,3757.15,1762587862051,21.0.3.12,false,512,27.13,InvokeFunction,,,LATEST,1-690ef4d6-0c0a43-b7a5e3d6fb77,OnDemand,,,0.54,
,7780C0688E26C68EB0D69712BCDE475F-25,1762587865,FCRequestMetrics:/n-matmul-512,101,101,,,2920.56,n-matmul-512,false,333740b1eaee,,c-690ef490-0cf1abd9-b30a2e13f5eb,1762587862302,Sync,2931.73,1762587862301,21.0.3.12,false,512,27.04,InvokeFunction,,,LATEST,1-690ef4d6-0c0a43-02cebdb1d372,OnDemand,,,0.43,
,32144092075796B61E66CC5CB449FE74-25,1762587865,FCRequestMetrics:/n-matmul-512,101,101,,,3026.19,n-matmul-512,false,4e09d5ee1757,,c-690ef48f-0cf1abd9-c9b2724f454d,1762587862327,Sync,3050.33,1762587862308,21.0.3.11,false,512,28.80,InvokeFunction,,,LATEST,1-690ef4d6-0c0a43-6ea315479fa1,OnDemand,,,19.02,
,CA067C7B13641001A367D67FE1936091-25,1762587865,FCRequestMetrics:/n-matmul-512,110,110,,,3149.48,n-matmul-512,false,5046f6076057,,c-690ef490-0cf1abd9-851ce87263d1,1762587862415,Sync,3223.56,1762587862342,21.0.3.11,false,512,29.18,InvokeFunction,,,LATEST,1-690ef4d6-0c49fa-f1cc4dac498c,OnDemand,,,73.13,
,47EEBB4524D816241D6164558AEC1FDB-D,1762587865,FCRequestMetrics:/n-matmul-512,107,107,,,4122.33,n-matmul-512,false,cf2f5a306fef,,c-690ef4bc-0cf1abd9-4bc9539c85b8,1762587861667,Sync,4124.11,1762587861666,21.0.3.9,false,512,38.23,InvokeFunction,,,LATEST,1-690ef4d6-0c0a43-fabbc89432fd,OnDemand,,,0.62,
,4D57B9EBA87590C7398CF6540746C6BE-25,1762587865,FCRequestMetrics:/n-matmul-512,110,110,,,3038.99,n-matmul-512,false,cf9fc6279e9f,,c-690ef490-0cf1abd9-f9b75dacbfca,1762587862524,Sync,3139.38,1762587862425,21.0.3.10,false,512,26.70,InvokeFunction,,,LATEST,1-690ef4d6-0c49fa-28a94773ab5a,OnDemand,,,99.04,
,A58D23371A460570694E59E83C205D35-25,1762587865,FCRequestMetrics:/n-matmul-512,112,112,,,3128.07,n-matmul-512,false,f5099c18cdf1,,c-690ef48f-0cf1abd9-aa29b9d0aa99,1762587862592,Sync,3223.59,1762587862498,21.0.3.11,false,512,26.20,InvokeFunction,,,LATEST,1-690ef4d6-0c49fa-14585abbbd40,OnDemand,,,93.44,
,333D4C666C8B83BB41B1C7D79452A532-A,1762587865,FCRequestMetrics:/n-matmul-512,115,115,,,3077.61,n-matmul-512,false,e3c6c131f32d,,c-690ef4c0-0cf1abd9-c5743552479f,1762587862446,Sync,3451.46,1762587862073,21.0.3.9,false,512,34.07,InvokeFunction,,,LATEST,1-690ef4d6-0c49fa-6b76c7c93597,OnDemand,,,369.13,
,7F41C0AC9649E78CE4E6389BA04F93F7-25,1762587865,FCRequestMetrics:/n-matmul-512,112,112,,,2975.36,n-matmul-512,false,2f9a827ac39a,,c-690ef48f-0cf1abd9-d481ef5b70cb,1762587862571,Sync,3108.59,1762587862439,21.0.3.12,false,512,26.28,InvokeFunction,,,LATEST,1-690ef4d6-0c49fa-33eba6826904,OnDemand,,,132.06,
,B50B6C7E4A9EFD8ADCDAE8E71A8A357B-26,1762587865,FCRequestMetrics:/n-matmul-512,112,112,,,2897.13,n-matmul-512,false,0c3cf93849f8,,c-690ef48f-0cf1abd9-ad135b628654,1762587862820,Sync,3210.08,1762587862508,21.0.3.8,false,512,26.80,InvokeFunction,,,LATEST,1-690ef4d6-0c49fa-43877b121b76,OnDemand,,,311.82,
,95881DBD69A5D46DBD0CE5603278C262-2,1762587865,FCRequestMetrics:/n-matmul-512,112,112,,,3658.28,n-matmul-512,false,0cc96397dcc6,,c-690ef4d5-0cf1abd9-bb46dcba3bb4,1762587861639,Sync,4056.45,1762587861242,21.0.3.11,false,512,27.17,InvokeFunction,,,LATEST,1-690ef4d6-0c49fa-ec4dd05badde,OnDemand,,,397.33,
,C669C9C152D9C54DF2797A7C10154A81-1,1762587865,FCRequestMetrics:/n-matmul-512,112,112,,,3900.79,n-matmul-512,false,e117dfcc4a03,,c-690ef4d5-0cf1abd9-8087fa0fddfa,1762587861640,Sync,4222.30,1762587861319,21.0.3.10,false,512,27.29,InvokeFunction,,,LATEST,1-690ef4d6-0c49fa-77aa8e4121d1,OnDemand,,,320.08,
,51921E23C89315F7BBF480D8419B0A1D-2,1762587865,FCRequestMetrics:/n-matmul-512,114,114,,,3954.36,n-matmul-512,false,394b6570c5ea,,c-690ef4d5-0cf1abd9-8026978f4fdc,1762587861725,Sync,4052.80,1762587861628,21.0.3.12,false,512,27.19,InvokeFunction,,,LATEST,1-690ef4d6-0c0a43-46f9e697e666,OnDemand,,,97.11,
,805D0B9C50B0CFD3CF77F88B01A3CC36-25,1762587865,FCRequestMetrics:/n-matmul-512,112,112,,,3036.65,n-matmul-512,false,4277c8c89afa,,c-690ef490-0cf1abd9-df579b907295,1762587862871,Sync,3398.81,1762587862510,21.0.3.12,false,512,33.02,InvokeFunction,,,LATEST,1-690ef4d6-0c0a43-f8db9f34b586,OnDemand,,,360.85,
,67EF79BC30A82AE98BE59702C8F66831-C,1762587865,FCRequestMetrics:/n-matmul-512,110,110,,,3891.37,n-matmul-512,false,9d91d3cbe239,,c-690ef4bd-0cf1abd9-3b4ee6796d7a,1762587862054,Sync,3950.99,1762587861996,21.0.3.11,false,512,36.47,InvokeFunction,,,LATEST,1-690ef4d6-0c49fa-f627fc47053c,OnDemand,,,57.09,
,BD1D69C9267D95E53B2A79C6CB35D41D-21,1762587865,FCRequestMetrics:/n-matmul-512,107,107,,,3023.01,n-matmul-512,false,987841b3d4f5,,c-690ef492-0cf1abd9-b72bb88bbd36,1762587862015,Sync,3028.36,1762587862013,21.0.3.12,false,512,34.63,InvokeFunction,,,LATEST,1-690ef4d6-0c49fa-8ce77f3280ab,OnDemand,,,1.37,
,86C97E3549B8E428464CF6B56B68BFDC-14,1762587865,FCRequestMetrics:/n-matmul-512,106,106,,,3331.59,n-matmul-512,false,5a3240bb4b57,,c-690ef4b1-0cf1abd9-ef240bcd1d76,1762587862098,Sync,3333.63,1762587862097,21.0.3.12,false,512,34.09,InvokeFunction,,,LATEST,1-690ef4d6-0c0a43-dee672ff1ffb,OnDemand,,,0.51,
,D09BCBD485576D911D13CE495A97C108-12,1762587865,FCRequestMetrics:/n-matmul-512,107,107,,,3057.28,n-matmul-512,false,67959926d07f,,c-690ef4b3-0cf1abd9-62c5a8cabd6b,1762587861991,Sync,3059.63,1762587861990,21.0.3.10,false,512,36.53,InvokeFunction,,,LATEST,1-690ef4d5-0c0a43-9fc1aab8a0a5,OnDemand,,,0.53,
,F898A01EEA6FFC9C575701D6D0948E55-27,1762587865,FCRequestMetrics:/n-matmul-512,101,101,,,2776.59,n-matmul-512,false,7a16d098497d,,c-690ef48f-0cf1abd9-9a6242cc8b28,1762587862303,Sync,2782.25,1762587862298,21.0.3.8,false,512,34.45,InvokeFunction,,,LATEST,1-690ef4d6-0c0a43-3bb31de1e6fe,OnDemand,,,0.50,
,148C1B09986999E20AA0FF04F10942D0-27,1762587865,FCRequestMetrics:/n-matmul-512,110,110,,,3075.03,n-matmul-512,false,aa1e2085073a,,c-690ef48f-0cf1abd9-2b72cdd5c5c2,1762587862404,Sync,3151.11,1762587862338,21.0.3.10,false,512,34.53,InvokeFunction,,,LATEST,1-690ef4d6-0c49fa-90459b7b67e7,OnDemand,,,66.04,
,8A4C9F8EC0081A54D335C35B65D1357D-1B,1762587865,FCRequestMetrics:/n-matmul-512,110,110,,,3014.92,n-matmul-512,false,1c5ca9e1c7f9,,c-690ef4a4-0cf1abd9-274debaa5e8f,1762587862364,Sync,3075.79,1762587862311,21.0.3.9,false,512,34.14,InvokeFunction,,,LATEST,1-690ef4d6-0c0a43-594252f2aaf7,OnDemand,,,52.79,
,5F40BF3643AE590E1A0AFBFC2BB1CC92-14,1762587865,FCRequestMetrics:/n-matmul-512,101,101,,,3518.88,n-matmul-512,false,918ade19bbee,,c-690ef4b1-0cf1abd9-3df7810e23e4,1762587862305,Sync,3520.19,1762587862305,21.0.3.11,false,512,34.78,InvokeFunction,,,LATEST,1-690ef4d6-0c0a43-ea0d4a779ded,OnDemand,,,0.52,
,C5E3D6C1456AB3A159B70500C779D02C-4,1762587865,FCRequestMetrics:/n-matmul-512,117,117,,,3481.59,n-matmul-512,false,03aa7a5e978e,,c-690ef4d1-0cf1abd9-37e40b6fa245,1762587862212,Sync,3809.18,1762587861886,21.0.3.11,false,512,34.28,InvokeFunction,,,LATEST,1-690ef4d7-0c49fa-c914505d0b4e,OnDemand,,,326.33,
,447511FEAA2C196192B29D0355E78B1D-27,1762587865,FCRequestMetrics:/n-matmul-512,101,101,,,2878.85,n-matmul-512,false,2be5f8bcaa9a,,c-690ef48f-0cf1abd9-405aaa419009,1762587862300,Sync,2882.70,1762587862298,21.0.3.9,false,512,34.38,InvokeFunction,,,LATEST,1-690ef4d6-0c49fa-e7c696413793,OnDemand,,,0.89,
,BF93D493C22D4491C67A697A08986BFB-4,1762587865,FCRequestMetrics:/n-matmul-512,115,115,,,3497.95,n-matmul-512,false,3624fd232b03,,c-690ef4d1-0cf1abd9-fa48bfbc8b06,1762587861922,Sync,3738.23,1762587861683,21.0.3.9,false,512,36.27,InvokeFunction,,,LATEST,1-690ef4d7-0c49fa-5e65980b14ad,OnDemand,,,238.96,
,F07C00865CBCDDD3603F2861EC1005E7-24,1762587865,FCRequestMetrics:/n-matmul-512,110,110,,,3787.32,n-matmul-512,false,23ed8e688827,,c-690ef48f-0cf1abd9-c9d277f8db04,1762587861384,Sync,4255.41,1762587860917,21.0.3.12,false,512,36.30,InvokeFunction,,,LATEST,1-690ef4d4-0c0a43-02ee41890388,OnDemand,,,467.28,
,B1B3EF35016788C3424F79DCBD83BB05-27,1762587865,FCRequestMetrics:/n-matmul-512,114,114,,,2946.50,n-matmul-512,false,8e7a4967c312,,c-690ef48f-0cf1abd9-e1933dd451ba,1762587862986,Sync,3345.11,1762587862589,21.0.3.10,false,512,34.37,InvokeFunction,,,LATEST,1-690ef4d6-0c49fa-747f45f7be71,OnDemand,,,397.61,
,9095B2C1B61D208836CC9B1C85A0D40A-14,1762587865,FCRequestMetrics:/n-matmul-512,110,110,,,3598.67,n-matmul-512,false,ca295ccdb9ef,,c-690ef4b1-0cf1abd9-20d8276cdfb4,1762587861655,Sync,4775.69,1762587860479,21.0.3.8,false,512,36.87,InvokeFunction,,,LATEST,1-690ef4d4-0c49fa-56085094ff8c,OnDemand,,,1176.11,
,D47609DF0A0B8379D6163E9247FE0B62-14,1762587865,FCRequestMetrics:/n-matmul-512,110,110,,,3474.07,n-matmul-512,false,94f30db206a9,,c-690ef4b1-0cf1abd9-5ce21036fb60,1762587861596,Sync,4078.78,1762587860992,21.0.3.9,false,512,36.06,InvokeFunction,,,LATEST,1-690ef4d4-0c0a43-20a4cbccfec9,OnDemand,,,603.73,
,1F1FFC412871BA58DE9DD242432C9C35-24,1762587865,FCRequestMetrics:/n-matmul-512,101,101,,,3360.80,n-matmul-512,false,a2dfb552053b,,c-690ef492-0cf1abd9-8c97f365993b,1762587862306,Sync,3364.49,1762587862305,21.0.3.8,false,512,36.27,InvokeFunction,,,LATEST,1-690ef4d6-0c49fa-5744d0ae009a,OnDemand,,,1.13,
,3EC79B1A2832FEBC3A7D2A1336CBC72B-9,1762587865,FCRequestMetrics:/n-matmul-512,115,115,,,0.05,n-matmul-512,true,1ba7f32a1a20,,c-690ef4c8-0cf1abd9-b1f4c901d515,1762587863456,Sync,2414.38,1762587862956,21.0.3.12,false,512,4.21,InvokeFunction,,,LATEST,1-690ef4d7-0c49fa-487d0fe44383,OnDemand,,,499.83,,"{""errorType"":""FunctionAbnormalExitError""}"
,F0A5925498435F2F6D9BDDB34BF193EA-9,1762587865,FCRequestMetrics:/n-matmul-512,117,117,,,0.04,n-matmul-512,true,498ae363af0a,,c-690ef4c8-0cf1abd9-33e32577488c,1762587863722,Sync,2434.55,1762587863450,21.0.3.10,false,512,4.19,InvokeFunction,,,LATEST,1-690ef4d7-0c49fa-9cf910bb88c4,OnDemand,,,272.72,,"{""errorType"":""FunctionAbnormalExitError""}"
,537821DDAFE9614566F0064DDB274514-1B,1762587866,FCRequestMetrics:/n-matmul-512,115,115,,,2954.90,n-matmul-512,false,e7a61b8cb4fe,,c-690ef4a1-0cf1abd9-564b243bc6a8,1762587863058,Sync,3502.37,1762587862511,21.0.3.8,false,512,39.93,InvokeFunction,,,LATEST,1-690ef4d6-0c0a43-420635972be2,OnDemand,,,546.50,
,C1D7342C162E0433E3DCC69A36E49279-1D,1762587866,FCRequestMetrics:/n-matmul-512,115,115,,,3051.64,n-matmul-512,false,c1850f6d6120,,c-690ef49e-0cf1abd9-bea541164f91,1762587863324,Sync,3672.27,1762587862709,21.0.3.11,false,512,39.61,InvokeFunction,,,LATEST,1-690ef4d6-0c0a43-0dfb8fafc491,OnDemand,,,615.13,
,3638871BA5BA6CB81D64084B08F55201-27,1762587866,FCRequestMetrics:/n-matmul-512,117,117,,,2988.84,n-matmul-512,false,d9ddc014a95e,,c-690ef48f-0cf1abd9-ec0c220edbce,1762587863970,Sync,3432.29,1762587863529,21.0.3.8,false,512,36.61,InvokeFunction,,,LATEST,1-690ef4d7-0c49fa-70eed75a2c22,OnDemand,,,441.33,
,3D753EA828DEDBBB0DF10FE8437E0EE2-1A,1762587866,FCRequestMetrics:/n-matmul-512,115,115,,,3113.53,n-matmul-512,false,13a75e602ffd,,c-690ef49e-0cf1abd9-124626cd631e,1762587863577,Sync,3355.20,1762587863338,21.0.3.12,false,512,41.16,InvokeFunction,,,LATEST,1-690ef4d7-0c49fa-b4d05f2918c6,OnDemand,,,238.45,
,7FDD645C18A05AFCA1EE540844E336B4-22,1762587866,FCRequestMetrics:/n-matmul-512,115,115,,,3185.41,n-matmul-512,false,005047e6f771,,c-690ef48f-0cf1abd9-a4e85c44b759,1762587863617,Sync,3411.51,1762587863391,21.0.3.10,false,512,41.52,InvokeFunction,,,LATEST,1-690ef4d7-0c49fa-bcbfaa8f5b1a,OnDemand,,,225.12,
,F91A17FDEE204113BD7FCEE97E77B19D-24,1762587866,FCRequestMetrics:/n-matmul-512,112,112,,,3199.05,n-matmul-512,false,b4a55f945517,,c-690ef48f-0cf1abd9-f3db6505083a,1762587862825,Sync,3516.45,1762587862508,21.0.3.12,false,512,32.99,InvokeFunction,,,LATEST,1-690ef4d6-0c0a43-c62225bbd867,OnDemand,,,316.16,
,13AC9179567B6A88BE4E678F8CBCF027-19,1762587866,FCRequestMetrics:/n-matmul-512,117,117,,,3214.82,n-matmul-512,false,c1270f7ffdb8,,c-690ef4a1-0cf1abd9-661404bfd8df,1762587863747,Sync,3551.24,1762587863412,21.0.3.12,false,512,36.73,InvokeFunction,,,LATEST,1-690ef4d7-0c49fa-ac680d6005b5,OnDemand,,,335.24,
,CF8B8E5EDA76CE1E15E6DE137B05F0FC-D,1762587866,FCRequestMetrics:/n-matmul-512,115,115,,,3491.89,n-matmul-512,false,09ed6314a647,,c-690ef4bd-0cf1abd9-4b304ea77a49,1762587863145,Sync,3695.29,1762587862943,21.0.3.12,false,512,38.04,InvokeFunction,,,LATEST,1-690ef4d7-0c49fa-f55a83db7cdd,OnDemand,,,201.55,
,A07FED3AC0D9C87237C2A7F7FEAC1FF2-D,1762587866,FCRequestMetrics:/n-matmul-512,115,115,,,3418.67,n-matmul-512,false,5059a3c012ce,,c-690ef4bc-0cf1abd9-aaba1ef8e3d8,1762587862891,Sync,3667.92,1762587862642,21.0.3.8,false,512,34.84,InvokeFunction,,,LATEST,1-690ef4d6-0c0a43-f13019281b50,OnDemand,,,248.00,
,30B0C091F501AEB24D6930948CD8CD12-D,1762587866,FCRequestMetrics:/n-matmul-512,121,121,,,3170.05,n-matmul-512,false,f585a3de42a9,,c-690ef4c0-0cf1abd9-2f59d877e38b,1762587863297,Sync,3803.37,1762587862665,21.0.3.10,false,512,36.34,InvokeFunction,,,LATEST,1-690ef4d7-0c0a43-ea9710dd5f7b,OnDemand,,,632.29,
,8009EC769EAF82E94BE4682B8C0E45B5-B,1762587866,FCRequestMetrics:/n-matmul-512,112,112,,,3396.61,n-matmul-512,false,e18d84b3712e,,c-690ef4c1-0cf1abd9-2df610e1f3e8,1762587862700,Sync,3702.88,1762587862395,21.0.3.8,false,512,34.47,InvokeFunction,,,LATEST,1-690ef4d6-0c0a43-4fa42a875f50,OnDemand,,,305.45,
,A0E18646E4ED1862BB7852A818D6BD84-25,1762587866,FCRequestMetrics:/n-matmul-512,115,115,,,3336.83,n-matmul-512,false,455c2c4df2d2,,c-690ef48f-0cf1abd9-fff0447ff1dc,1762587863226,Sync,3667.94,1762587862898,21.0.3.8,false,512,26.69,InvokeFunction,,,LATEST,1-690ef4d6-0c49fa-ac6117f7e240,OnDemand,,,327.41,
,2C250D9B2FF86C019F81DAC520815883-1D,1762587866,FCRequestMetrics:/n-matmul-512,115,115,,,3373.53,n-matmul-512,false,52c1693be583,,c-690ef4a4-0cf1abd9-b2b9a6cf3285,1762587863363,Sync,3713.26,1762587863025,21.0.3.10,false,512,27.12,InvokeFunction,,,LATEST,1-690ef4d7-0c49fa-3fb99fb4a567,OnDemand,,,338.09,
,61FB77CF084CA2B121CED83B1B2F8CB8-1,1762587866,FCRequestMetrics:/n-matmul-512,115,115,,,3783.54,n-matmul-512,false,cbf3b5341b24,,c-690ef4d5-0cf1abd9-896a7d670f7a,1762587863009,Sync,3837.40,1762587862961,21.0.3.7,false,512,74.85,InvokeFunction,,,LATEST,1-690ef4d7-0c49fa-6dc12b5afbca,OnDemand,,,47.84,
,7E61C224A0C92ACF29245CE740336474-2,1762587866,FCRequestMetrics:/n-matmul-512,115,115,,,3965.53,n-matmul-512,false,54fa523719bf,,c-690ef4d5-0cf1abd9-a1fddea636ac,1762587862981,Sync,3985.81,1762587862964,21.0.3.8,false,512,37.29,InvokeFunction,,,LATEST,1-690ef4d7-0c49fa-2cc40a94be36,OnDemand,,,17.28,
,19D19504A7F011D98456D47931F40832-14,1762587866,FCRequestMetrics:/n-matmul-512,110,110,,,3640.86,n-matmul-512,false,d76a12fc0134,,c-690ef4b1-0cf1abd9-3da89f7b182b,1762587862464,Sync,3684.68,1762587862424,21.0.3.11,false,512,34.51,InvokeFunction,,,LATEST,1-690ef4d6-0c49fa-242deb187252,OnDemand,,,39.82,
,22E833C237D88A72ACDEEBC774861945-C,1762587866,FCRequestMetrics:/n-matmul-512,119,119,,,2837.67,n-matmul-512,false,3ad91ce1f715,,c-690ef4c1-0cf1abd9-a9ad8a9b0501,1762587864039,Sync,3306.90,1762587863571,21.0.3.5,false,512,34.04,InvokeFunction,,,LATEST,1-690ef4d7-0c0a43-76f3bde3f2d8,OnDemand,,,467.80,
,49B64A5B3FBA9FC6678BE15B3FA1CAE0-12,1762587866,FCRequestMetrics:/n-matmul-512,112,112,,,3504.52,n-matmul-512,false,b69b715c17a5,,c-690ef4b3-0cf1abd9-2077a8676f3b,1762587862579,Sync,3587.06,1762587862497,21.0.3.11,false,512,34.20,InvokeFunction,,,LATEST,1-690ef4d6-0c49fa-eaa4c20618a8,OnDemand,,,81.37,
,1C05D5B02F01F46143D999E67440A343-27,1762587866,FCRequestMetrics:/n-matmul-512,115,115,,,3021.42,n-matmul-512,false,ded09bee0b2d,,c-690ef48f-0cf1abd9-2bb86706a2c4,1762587863542,Sync,3755.19,1762587862810,21.0.3.9,false,512,34.63,InvokeFunction,,,LATEST,1-690ef4d6-0c49fa-a410c9d48bcb,OnDemand,,,732.41,
,386DA6364528A35F673B30D821826132-14,1762587866,FCRequestMetrics:/n-matmul-512,110,110,,,3767.66,n-matmul-512,false,2f0b32a49385,,c-690ef4b1-0cf1abd9-06c370eb6fc5,1762587862383,Sync,3838.42,1762587862319,21.0.3.12,false,512,34.41,InvokeFunction,,,LATEST,1-690ef4d6-0c0a43-cdde85e62131,OnDemand,,,63.72,
,52D7D507918D931708B22C4CE8E63CCC-14,1762587866,FCRequestMetrics:/n-matmul-512,112,112,,,3611.18,n-matmul-512,false,7e3f21c3452b,,c-690ef4b2-0cf1abd9-448ba4a6e619,1762587862666,Sync,3777.29,1762587862502,21.0.3.9,false,512,34.05,InvokeFunction,,,LATEST,1-690ef4d6-0c49fa-8e3f52ebf669,OnDemand,,,164.58,
,3D3F830804794EE934A3F39C618D6DA7-11,1762587866,FCRequestMetrics:/n-matmul-512,115,115,,,3432.94,n-matmul-512,false,a5074fb07ccb,,c-690ef4b3-0cf1abd9-4204fc55cfbc,1762587863366,Sync,3705.84,1762587863094,21.0.3.9,false,512,34.34,InvokeFunction,,,LATEST,1-690ef4d7-0c0a43-8bd25c05daad,OnDemand,,,271.61,
,395AF19B30E923F04509691974E770B2-14,1762587866,FCRequestMetrics:/n-matmul-512,114,114,,,3339.69,n-matmul-512,false,16c28b2331e7,,c-690ef4b3-0cf1abd9-03841df006e6,1762587862988,Sync,3713.98,1762587862615,21.0.3.12,false,512,34.21,InvokeFunction,,,LATEST,1-690ef4d6-0c0a43-fcfeafd628ca,OnDemand,,,373.07,
,F633B574683DE8AA2BF0D3EEBDF4C796-14,1762587866,FCRequestMetrics:/n-matmul-512,114,114,,,3481.60,n-matmul-512,false,2aab02d9eb5a,,c-690ef4b2-0cf1abd9-a85fa9ced593,1762587862950,Sync,3844.64,1762587862588,21.0.3.8,false,512,34.55,InvokeFunction,,,LATEST,1-690ef4d6-0c0a43-224794ba328f,OnDemand,,,362.03,
,B23CDAA9EFB02072F2EA6F095891B977-14,1762587866,FCRequestMetrics:/n-matmul-512,115,115,,,3430.20,n-matmul-512,false,01cbc6dce386,,c-690ef4b2-0cf1abd9-ad92bd478abd,1762587863284,Sync,3806.63,1762587862908,21.0.3.11,false,512,36.55,InvokeFunction,,,LATEST,1-690ef4d6-0c0a43-0ba4874ffe5b,OnDemand,,,375.26,
,3801AF28D1F06D15DE702CA3D1A78840-27,1762587866,FCRequestMetrics:/n-matmul-512,115,115,,,2885.44,n-matmul-512,false,85f7f63caa28,,c-690ef48f-0cf1abd9-8d9a75cfa22a,1762587863362,Sync,3224.20,1762587863024,21.0.3.8,false,512,34.47,InvokeFunction,,,LATEST,1-690ef4d7-0c0a43-13cb916e2b56,OnDemand,,,337.63,
,6448458DC5EEDA4B01194355EB33D0AF-22,1762587866,FCRequestMetrics:/n-matmul-512,115,115,,,3181.23,n-matmul-512,false,e9af6d91c5a8,,c-690ef492-0cf1abd9-8e96e2aae5ad,1762587863493,Sync,3497.47,1762587863177,21.0.3.11,false,512,34.48,InvokeFunction,,,LATEST,1-690ef4d7-0c0a43-3fc09f771314,OnDemand,,,315.25,
,F031090DB7497FBE9C5AA393E7E68561-27,1762587866,FCRequestMetrics:/n-matmul-512,115,115,,,3055.24,n-matmul-512,false,ac449c8e7f33,,c-690ef48f-0cf1abd9-a7a4b84ee62d,1762587863571,Sync,3821.78,1762587862805,21.0.3.9,false,512,34.09,InvokeFunction,,,LATEST,1-690ef4d6-0c49fa-0b97912392ad,OnDemand,,,765.68,
,454D28B9ADC842A2E21EC3C429AA5038-9,1762587866,FCRequestMetrics:/n-matmul-512,117,117,,,0.04,n-matmul-512,true,68ffeb726d24,,c-690ef4c8-0cf1abd9-e95db563c2a4,1762587863825,Sync,2686.60,1762587863476,21.0.3.11,false,512,2.23,InvokeFunction,,,LATEST,1-690ef4d7-0c49fa-93e2b54b7970,OnDemand,,,349.42,,"{""errorType"":""FunctionAbnormalExitError""}"
,9E860D881BD9449D0F2C4975F44F7ABC-16,1762587866,FCRequestMetrics:/n-matmul-512,112,112,,,3791.59,n-matmul-512,false,dc22095edf84,,c-690ef4b1-0cf1abd9-834eca231e91,1762587862872,Sync,4162.67,1762587862510,21.0.3.9,false,512,38.21,InvokeFunction,,,LATEST,1-690ef4d6-0c49fa-243f3ea0716c,OnDemand,,,361.88,
,93FE45F5D80B3384897CEBE39059D2B9-9,1762587866,FCRequestMetrics:/n-matmul-512,119,119,,,0.04,n-matmul-512,true,ce40ea9a9210,,c-690ef4c8-0cf1abd9-21c972c4a8d9,1762587864099,Sync,2680.05,1762587863627,21.0.3.9,false,512,2.38,InvokeFunction,,,LATEST,1-690ef4d7-0c0a43-c5e77b2d7a7d,OnDemand,,,471.35,,"{""errorType"":""FunctionAbnormalExitError""}"
,60315181B24B66886819325A3EA49E6F-20,1762587866,FCRequestMetrics:/n-matmul-512,105,105,,,0.05,n-matmul-512,true,0d1aec41c426,,c-690ef49e-0cf1abd9-079fb8593d22,1762587865223,Sync,1166.45,1762587865222,21.0.3.9,false,512,4.20,InvokeFunction,,,LATEST,1-690ef4d9-0c49fa-0537300295cc,OnDemand,,,0.77,,"{""errorType"":""FunctionAbnormalExitError""}"
,5D2FE67C0EB5779BF4214AF0D6312E51-1D,1762587866,FCRequestMetrics:/n-matmul-512,105,105,,,0.04,n-matmul-512,true,19252a223023,,c-690ef49c-0cf1abd9-daf5d7835f02,1762587865423,Sync,1476.27,1762587865423,21.0.3.10,false,512,2.23,InvokeFunction,,,LATEST,1-690ef4d9-0c0a43-cd832d19fb1d,OnDemand,,,0.55,,"{""errorType"":""FunctionAbnormalExitError""}"
,90D8D68606671C7D3CC9428DB5D1A5ED-19,1762587867,FCRequestMetrics:/n-matmul-512,117,117,,,3203.63,n-matmul-512,false,43290576c1e6,,c-690ef4a1-0cf1abd9-784f475cf818,1762587863879,Sync,3556.57,1762587863526,21.0.3.11,false,512,38.79,InvokeFunction,,,LATEST,1-690ef4d7-0c49fa-651a2ab7660e,OnDemand,,,351.79,
,03A714A9772EC266AA0C3B3C7C5F7666-D,1762587867,FCRequestMetrics:/n-matmul-512,117,117,,,3443.49,n-matmul-512,false,579930c5ac3a,,c-690ef4bd-0cf1abd9-7053d50dd4cd,1762587863673,Sync,3905.52,1762587863212,21.0.3.10,false,512,39.99,InvokeFunction,,,LATEST,1-690ef4d7-0c49fa-93cad9b45c99,OnDemand,,,461.12,
,6CCFB4E4193C923DA012941FDF8BA7C1-22,1762587867,FCRequestMetrics:/n-matmul-512,117,117,,,3386.28,n-matmul-512,false,1ea218c34989,,c-690ef48f-0cf1abd9-4c65696b73c9,1762587863995,Sync,3852.84,1762587863529,21.0.3.11,false,512,37.95,InvokeFunction,,,LATEST,1-690ef4d7-0c0a43-bfa438345874,OnDemand,,,465.83,
,78CD85FE04C684FD432ABFF362CBF50C-25,1762587867,FCRequestMetrics:/n-matmul-512,119,119,,,3292.17,n-matmul-512,false,6999fff919fb,,c-690ef48f-0cf1abd9-6c6d9044c534,1762587864092,Sync,3736.50,1762587863648,21.0.3.9,false,512,39.49,InvokeFunction,,,LATEST,1-690ef4d7-0c0a43-ede1271e22ca,OnDemand,,,443.64,
,EAD7BD32D52FA8C0EC561AB86D8BB129-1A,1762587867,FCRequestMetrics:/n-matmul-512,119,119,,,3522.62,n-matmul-512,false,9697e733b066,,c-690ef49e-0cf1abd9-b7f83cb23224,1762587864061,Sync,3988.17,1762587863597,21.0.3.10,false,512,41.50,InvokeFunction,,,LATEST,1-690ef4d7-0c0a43-34b615517b96,OnDemand,,,463.86,
,BD9BE3600CF3EADC822FC16C6CE56C55-10,1762587867,FCRequestMetrics:/n-matmul-512,104,104,,,2882.37,n-matmul-512,false,a90b8e21cc4e,,c-690ef4bd-0cf1abd9-4533cb176176,1762587864878,Sync,2883.74,1762587864877,21.0.3.10,false,512,38.14,InvokeFunction,,,LATEST,1-690ef4d8-0c0a43-c1faa2407036,OnDemand,,,0.56,
,5A4B169E4A6A12AF96E6A9F31574ACDB-D,1762587867,FCRequestMetrics:/n-matmul-512,104,104,,,3173.96,n-matmul-512,false,e49c1078154a,,c-690ef4bd-0cf1abd9-52730e96d71d,1762587864695,Sync,3176.04,1762587864694,21.0.3.12,false,512,38.31,InvokeFunction,,,LATEST,1-690ef4d8-0c49fa-0ca0246dbc90,OnDemand,,,0.88,
,604D7A139A336D459A8701B8728ED443-12,1762587867,FCRequestMetrics:/n-matmul-512,117,117,,,3802.23,n-matmul-512,false,3ccc09a5376a,,c-690ef4b4-0cf1abd9-6384931551e4,1762587863865,Sync,4145.37,1762587863525,21.0.3.11,false,512,26.59,InvokeFunction,,,LATEST,1-690ef4d7-0c49fa-25c336f4390d,OnDemand,,,340.37,
,F78928E4C3048B992F5E5A9DC10A82CD-9,1762587867,FCRequestMetrics:/n-matmul-512,117,117,,,3594.84,n-matmul-512,false,4756408993b7,,c-690ef4c8-0cf1abd9-87a481f567c5,1762587863917,Sync,4030.51,1762587863482,21.0.3.8,false,512,26.76,InvokeFunction,,,LATEST,1-690ef4d7-0c0a43-c4d09e850e18,OnDemand,,,434.43,
,E49E041E26792B5C9FA746FE5A0F2654-2,1762587867,FCRequestMetrics:/n-matmul-512,117,117,,,4414.15,n-matmul-512,false,c7d5890c0209,,c-690ef4d6-0cf1abd9-a844f7d6b61a,1762587863268,Sync,4721.71,1762587862962,21.0.3.9,false,512,27.09,InvokeFunction,,,LATEST,1-690ef4d7-0c49fa-2ec15646ba1b,OnDemand,,,302.41,
,85AE7850BCAF6CD3F0510D61A3C3BE5F-2,1762587867,FCRequestMetrics:/n-matmul-512,119,119,,,4047.50,n-matmul-512,false,d876faebd573,,c-690ef4d6-0cf1abd9-67e660b3df1a,1762587863722,Sync,4492.77,1762587863278,21.0.3.8,false,512,80.38,InvokeFunction,,,LATEST,1-690ef4d7-0c0a43-8441d103a819,OnDemand,,,443.56,
,49858DB541AAB1B6611A1511B91F5B3F-2,1762587867,FCRequestMetrics:/n-matmul-512,117,117,,,4190.11,n-matmul-512,false,1cfed078e6f6,,c-690ef4d6-0cf1abd9-296db67e1edb,1762587863316,Sync,4551.94,1762587862955,21.0.3.10,false,512,26.93,InvokeFunction,,,LATEST,1-690ef4d7-0c0a43-11dbd3ee891f,OnDemand,,,360.70,
,9DBD82D68A5F344D47B8DE1951A258DF-2,1762587867,FCRequestMetrics:/n-matmul-512,121,121,,,4188.57,n-matmul-512,false,25404d1b02d2,,c-690ef4d6-0cf1abd9-9ab608ee2fc4,1762587863468,Sync,4814.75,1762587862845,21.0.3.12,false,512,25.35,InvokeFunction,,,LATEST,1-690ef4d7-0c0a43-dae631c69360,OnDemand,,,622.49,
,9DDF92507C03E777F745C0AA5C83C458-1E,1762587867,FCRequestMetrics:/n-matmul-512,119,119,,,3810.99,n-matmul-512,false,ab20715057dd,,c-690ef49e-0cf1abd9-a4d3e4836d71,1762587864106,Sync,4267.86,1762587863652,21.0.3.8,false,512,28.79,InvokeFunction,,,LATEST,1-690ef4d7-0c49fa-a8fb1091b1eb,OnDemand,,,448.81,
,6C268265BE6071088D6F784688423FBC-1D,1762587867,FCRequestMetrics:/n-matmul-512,123,123,,,3550.83,n-matmul-512,false,f3794d0f4bed,,c-690ef4a4-0cf1abd9-3f60d30fa7e2,1762587864277,Sync,4000.70,1762587863828,21.0.3.11,false,512,27.06,InvokeFunction,,,LATEST,1-690ef4d7-0c49fa-901d4440312e,OnDemand,,,448.53,
,76578469F84FCD1CB8F7AE0D7CEF0D58-4,1762587867,FCRequestMetrics:/n-matmul-512,124,124,,,3064.90,n-matmul-512,false,8c2f5578c019,,c-690ef4d1-0cf1abd9-df87844cb3e3,1762587864081,Sync,3066.20,1762587864080,21.0.3.7,false,512,36.29,InvokeFunction,,,LATEST,1-690ef4d9-0c0a43-052c39173e87,OnDemand,,,0.49,
,01D4E8E7911B88CA9BFEF68BF58454E3-4,1762587867,FCRequestMetrics:/n-matmul-512,122,122,,,2995.62,n-matmul-512,false,af9f8faefca2,,c-690ef4d1-0cf1abd9-2cb97b541620,1762587864605,Sync,2997.42,1762587864604,21.0.3.10,false,512,36.94,InvokeFunction,,,LATEST,1-690ef4da-0c49fa-46908fb2103c,OnDemand,,,0.89,
,0AE60AD6E226644C212775A9AD9DBC3A-12,1762587867,FCRequestMetrics:/n-matmul-512,115,115,,,3815.48,n-matmul-512,false,e5c3b3dfa4c1,,c-690ef4b3-0cf1abd9-04675e7328d5,1762587863625,Sync,4031.27,1762587863409,21.0.3.10,false,512,34.12,InvokeFunction,,,LATEST,1-690ef4d7-0c49fa-935ba008c3d8,OnDemand,,,215.08,
,270B9EACE82C5E95387DFC3023475A37-1D,1762587867,FCRequestMetrics:/n-matmul-512,117,117,,,3123.16,n-matmul-512,false,fe7ebaee4797,,c-690ef4a4-0cf1abd9-3aa2f2400266,1762587863943,Sync,3540.31,1762587863527,21.0.3.8,false,512,34.14,InvokeFunction,,,LATEST,1-690ef4d7-0c0a43-c633cb62e108,OnDemand,,,416.10,
,E28B31C1AD09CA2631349F2F5CD41FEA-13,1762587867,FCRequestMetrics:/n-matmul-512,117,117,,,3931.68,n-matmul-512,false,378303f5ffb1,,c-690ef4b4-0cf1abd9-4d6de11efb71,1762587864027,Sync,4430.74,1762587863530,21.0.3.9,false,512,34.10,InvokeFunction,,,LATEST,1-690ef4d7-0c49fa-e8f9f9087c4e,OnDemand,,,496.15,
,028699F502CA3D7E230041FC52AB4DE5-14,1762587867,FCRequestMetrics:/n-matmul-512,115,115,,,3562.98,n-matmul-512,false,c3f0f0de03a0,,c-690ef4b1-0cf1abd9-f906b5304a3d,1762587863604,Sync,4360.83,1762587862807,21.0.3.8,false,512,36.18,InvokeFunction,,,LATEST,1-690ef4d6-0c0a43-d4d10cfcbdf4,OnDemand,,,796.88,
,FFBE1F54232C7105BB9D9D9815146807-14,1762587867,FCRequestMetrics:/n-matmul-512,115,115,,,3788.41,n-matmul-512,false,4210c93d9e28,,c-690ef4b2-0cf1abd9-734e58adbe38,1762587863698,Sync,4078.19,1762587863409,21.0.3.10,false,512,38.43,InvokeFunction,,,LATEST,1-690ef4d7-0c49fa-cfc208a59217,OnDemand,,,288.98,
,C2EB2A92BA9B62B2586CA2C02FC71F03-10,1762587867,FCRequestMetrics:/n-matmul-512,124,124,,,0.04,n-matmul-512,true,d33c82b43d3d,,c-690ef4bd-0cf1abd9-a491e17680d2,1762587865863,Sync,1326.07,1762587865862,21.0.3.8,false,512,4.27,InvokeFunction,,,LATEST,1-690ef4da-0c0a43-daf1ee504bb0,OnDemand,,,0.50,,"{""errorType"":""FunctionAbnormalExitError""}"
,537821DDAFE9614566F0064DDB274514-1E,1762587867,FCRequestMetrics:/n-matmul-512,122,122,,,0.03,n-matmul-512,true,e7a61b8cb4fe,,c-690ef4a1-0cf1abd9-564b243bc6a8,1762587866022,Sync,1082.29,1762587866022,21.0.3.8,false,512,2.11,InvokeFunction,,,LATEST,1-690ef4da-0c0a43-03052942a1a2,OnDemand,,,0.48,,"{""errorType"":""FunctionAbnormalExitError""}"
,FD6981321571EC68F9E27CDAD26BAC19-1E,1762587867,FCRequestMetrics:/n-matmul-512,103,103,,,0.03,n-matmul-512,true,b2349f9a27e7,,c-690ef49c-0cf1abd9-a2407a052b71,1762587865595,Sync,1840.43,1762587865594,21.0.3.12,false,512,2.18,InvokeFunction,,,LATEST,1-690ef4d9-0c49fa-09c716af9288,OnDemand,,,1.13,,"{""errorType"":""FunctionAbnormalExitError""}"
,ED99555BBD66FF347A8C8145C62ABE99-1E,1762587867,FCRequestMetrics:/n-matmul-512,103,103,,,0.04,n-matmul-512,true,4bed96722f41,,c-690ef49c-0cf1abd9-8088ae7c339c,1762587865604,Sync,1789.98,1762587865602,21.0.3.8,false,512,2.07,InvokeFunction,,,LATEST,1-690ef4d9-0c0a43-29c34cb22432,OnDemand,,,0.49,,"{""errorType"":""FunctionAbnormalExitError""}"
,C1D7342C162E0433E3DCC69A36E49279-20,1762587867,FCRequestMetrics:/n-matmul-512,125,125,,,0.03,n-matmul-512,true,c1850f6d6120,,c-690ef49e-0cf1abd9-bea541164f91,1762587866384,Sync,1327.45,1762587866329,21.0.3.11,false,512,2.12,InvokeFunction,,,LATEST,1-690ef4da-0c49fa-1330ecf1e378,OnDemand,,,54.67,,"{""errorType"":""FunctionAbnormalExitError""}"
,5AFAB66E1E7466E5D8B7B9E08DE1641F-6,1762587867,FCRequestMetrics:/n-matmul-512,122,122,,,3067.05,n-matmul-512,false,b625bc4b4ab4,,c-690ef4d1-0cf1abd9-cc0167f16a90,1762587864311,Sync,3068.39,1762587864310,21.0.3.6,false,512,94.76,InvokeFunction,,,LATEST,1-690ef4d9-0c0a43-ddd18ae6f605,OnDemand,,,0.49,
,7C823A060900EA64C601C711AE9A8E7B-24,1762587868,FCRequestMetrics:/n-matmul-512,104,104,,,3098.81,n-matmul-512,false,a9c1f9cad0fa,,c-690ef492-0cf1abd9-41b4dd0accbf,1762587864958,Sync,3101.12,1762587864957,21.0.3.10,false,512,38.47,InvokeFunction,,,LATEST,1-690ef4d8-0c49fa-6547e0f25844,OnDemand,,,1.40,
,4B2A5B6DBC4B791759CF9FA5FD5DDA4E-0,1762587868,FCRequestMetrics:/n-matmul-512,119,119,,,4533.44,n-matmul-512,false,d9816709289a,,c-690ef4d6-0cf1abd9-2c6970162d0e,1762587863723,Sync,5072.36,1762587863185,21.0.3.9,false,512,33.54,InvokeFunction,,,LATEST,1-690ef4d7-0c0a43-c3249eb2784e,OnDemand,,,537.28,
,F898A01EEA6FFC9C575701D6D0948E55-27,1762587868,FCRequestMetrics:/n-matmul-512,105,105,,,3077.10,n-matmul-512,false,7a16d098497d,,c-690ef48f-0cf1abd9-9a6242cc8b28,1762587865092,Sync,3078.32,1762587865091,21.0.3.8,false,512,36.29,InvokeFunction,,,LATEST,1-690ef4d9-0c0a43-125721bbd33e,OnDemand,,,0.51,
,148C1B09986999E20AA0FF04F10942D0-27,1762587868,FCRequestMetrics:/n-matmul-512,103,103,,,2983.95,n-matmul-512,false,aa1e2085073a,,c-690ef48f-0cf1abd9-2b72cdd5c5c2,1762587865535,Sync,2985.49,1762587865534,21.0.3.10,false,512,36.44,InvokeFunction,,,LATEST,1-690ef4d9-0c0a43-5240e51862c5,OnDemand,,,0.57,
,5E4A59CDF3E7A5F12FFA6D69EE5EC6FC-2,1762587868,FCRequestMetrics:/n-matmul-512,121,121,,,4225.05,n-matmul-512,false,2e799e3149e9,,c-690ef4d7-0cf1abd9-47d2e00207ec,1762587863894,Sync,4672.50,1762587863447,21.0.3.10,false,512,29.10,InvokeFunction,,,LATEST,1-690ef4d7-0c49fa-9714e52222eb,OnDemand,,,446.38,
,AF248E24051D33CE2911D9A18C89C2D3-D,1762587868,FCRequestMetrics:/n-matmul-512,103,103,,,2860.83,n-matmul-512,false,8c4cd304f247,,c-690ef4c1-0cf1abd9-e614043a0e89,1762587865599,Sync,2863.54,1762587865596,21.0.3.10,false,512,34.30,InvokeFunction,,,LATEST,1-690ef4d9-0c0a43-98edb93af349,OnDemand,,,0.54,
,5F3A1644AB2A1C8B074AB8754A10A293-19,1762587868,FCRequestMetrics:/n-matmul-512,103,103,,,3024.89,n-matmul-512,false,69f1f8b4cc9d,,c-690ef4a4-0cf1abd9-06b3493bf27e,1762587865602,Sync,3026.45,1762587865601,21.0.3.12,false,512,28.90,InvokeFunction,,,LATEST,1-690ef4d9-0c0a43-83249103db78,OnDemand,,,0.50,
,9ADEFA90B0D30226FA9EC5C9D5AE07C5-1B,1762587868,FCRequestMetrics:/n-matmul-512,103,103,,,2814.65,n-matmul-512,false,720d5821fc65,,c-690ef4a1-0cf1abd9-d2a0858351d9,1762587865601,Sync,2816.77,1762587865600,21.0.3.9,false,512,37.73,InvokeFunction,,,LATEST,1-690ef4d9-0c49fa-2a62f0fd2fd8,OnDemand,,,1.14,
,414BD1893AE2054C5F533C4E4BFB2474-1D,1762587868,FCRequestMetrics:/n-matmul-512,103,103,,,2960.43,n-matmul-512,false,e09eb6f846c4,,c-690ef49c-0cf1abd9-96967c00da02,1762587865593,Sync,2962.51,1762587865593,21.0.3.9,false,512,40.14,InvokeFunction,,,LATEST,1-690ef4d9-0c0a43-76240ee03d61,OnDemand,,,0.57,
,32D30CAFDEB66ED4BA2C61AB57673DE9-10,1762587868,FCRequestMetrics:/n-matmul-512,105,105,,,3710.19,n-matmul-512,false,1e73088b591b,,c-690ef4bd-0cf1abd9-2266afd5303d,1762587864840,Sync,3712.10,1762587864839,21.0.3.9,false,512,39.82,InvokeFunction,,,LATEST,1-690ef4d9-0c0a43-213d25314889,OnDemand,,,0.49,
,B6CBE8EBA74250AA907E560C90566BB4-1D,1762587868,FCRequestMetrics:/n-matmul-512,103,103,,,2960.90,n-matmul-512,false,ab282a8889ea,,c-690ef49c-0cf1abd9-bbfeef60bc24,1762587865600,Sync,2963.87,1762587865598,21.0.3.11,false,512,39.48,InvokeFunction,,,LATEST,1-690ef4d9-0c49fa-83fee745fc98,OnDemand,,,1.40,
,8C91CD9281F35024322C2F606CD0B1FE-10,1762587868,FCRequestMetrics:/n-matmul-512,105,105,,,3698.36,n-matmul-512,false,44c83b518121,,c-690ef4bd-0cf1abd9-e8c2a2bb7f02,1762587864850,Sync,3699.63,1762587864849,21.0.3.11,false,512,41.61,InvokeFunction,,,LATEST,1-690ef4d9-0c0a43-46396a45db67,OnDemand,,,0.47,
,E438D6118493E314AD4DA785D820E022-14,1762587868,FCRequestMetrics:/n-matmul-512,115,115,,,4527.93,n-matmul-512,false,b191993e8dc4,,c-690ef4b3-0cf1abd9-0d3f75ed2006,1762587863597,Sync,4767.87,1762587863362,21.0.3.8,false,512,34.26,InvokeFunction,,,LATEST,1-690ef4d7-0c49fa-81d232ba2c96,OnDemand,,,235.18,
,447511FEAA2C196192B29D0355E78B1D-27,1762587868,FCRequestMetrics:/n-matmul-512,105,105,,,2903.27,n-matmul-512,false,2be5f8bcaa9a,,c-690ef48f-0cf1abd9-405aaa419009,1762587865201,Sync,2905.09,1762587865200,21.0.3.9,false,512,36.25,InvokeFunction,,,LATEST,1-690ef4d9-0c0a43-2871c2e7fc9c,OnDemand,,,0.49,
,A89833F386C2C0AAB19D937BC0A8D2F3-12,1762587868,FCRequestMetrics:/n-matmul-512,105,105,,,4029.89,n-matmul-512,false,ea0bccbe44d2,,c-690ef4b4-0cf1abd9-c9ccab6a1a6a,1762587864860,Sync,4031.94,1762587864859,21.0.3.8,false,512,26.50,InvokeFunction,,,LATEST,1-690ef4d8-0c49fa-849c99856d6d,OnDemand,,,1.11,
,F07C00865CBCDDD3603F2861EC1005E7-24,1762587868,FCRequestMetrics:/n-matmul-512,105,105,,,3549.76,n-matmul-512,false,23ed8e688827,,c-690ef48f-0cf1abd9-c9d277f8db04,1762587865213,Sync,3551.19,1762587865212,21.0.3.12,false,512,38.14,InvokeFunction,,,LATEST,1-690ef4d9-0c0a43-eb8ff45d7ff3,OnDemand,,,0.50,
,B1B3EF35016788C3424F79DCBD83BB05-27,1762587868,FCRequestMetrics:/n-matmul-512,122,122,,,2747.46,n-matmul-512,false,8e7a4967c312,,c-690ef48f-0cf1abd9-e1933dd451ba,1762587865943,Sync,2934.07,1762587865757,21.0.3.10,false,512,36.17,InvokeFunction,,,LATEST,1-690ef4d9-0c49fa-9fafc738d0cd,OnDemand,,,185.71,
,D47609DF0A0B8379D6163E9247FE0B62-14,1762587868,FCRequestMetrics:/n-matmul-512,105,105,,,3793.83,n-matmul-512,false,94f30db206a9,,c-690ef4b1-0cf1abd9-5ce21036fb60,1762587865075,Sync,3796.11,1762587865073,21.0.3.9,false,512,39.50,InvokeFunction,,,LATEST,1-690ef4d9-0c49fa-82dd6bc65098,OnDemand,,,1.35,
,67EF79BC30A82AE98BE59702C8F66831-10,1762587868,FCRequestMetrics:/n-matmul-512,122,122,,,2927.57,n-matmul-512,false,9d91d3cbe239,,c-690ef4bd-0cf1abd9-3b4ee6796d7a,1762587865964,Sync,2930.24,1762587865963,21.0.3.11,false,512,39.56,InvokeFunction,,,LATEST,1-690ef4d9-0c49fa-ec47204461d4,OnDemand,,,1.34,
,47EEBB4524D816241D6164558AEC1FDB-10,1762587868,FCRequestMetrics:/n-matmul-512,121,121,,,3101.86,n-matmul-512,false,cf2f5a306fef,,c-690ef4bc-0cf1abd9-4bc9539c85b8,1762587865821,Sync,3308.62,1762587865615,21.0.3.9,false,512,39.96,InvokeFunction,,,LATEST,1-690ef4d9-0c49fa-29a3a594c129,OnDemand,,,205.37,
,BF0051A2DC4BF4DDC3679E47B8B32C9C-E,1762587868,FCRequestMetrics:/n-matmul-512,103,103,,,3581.68,n-matmul-512,false,e797c285140c,,c-690ef4c0-0cf1abd9-8278610d83f5,1762587864855,Sync,3585.67,1762587864853,21.0.3.8,false,512,36.86,InvokeFunction,,,LATEST,1-690ef4d9-0c0a43-dacd02047cd5,OnDemand,,,0.46,
,22262E23B35913584F104007F60CDE44-27,1762587868,FCRequestMetrics:/n-matmul-512,103,103,,,2859.87,n-matmul-512,false,5c984f724ebf,,c-690ef48f-0cf1abd9-4d671f684c9c,1762587865531,Sync,2862.26,1762587865529,21.0.3.9,false,512,35.02,InvokeFunction,,,LATEST,1-690ef4d9-0c49fa-acda2aeb27e8,OnDemand,,,1.24,
,D57BF307AB3C1DBB07F853EA29DFAA8E-27,1762587868,FCRequestMetrics:/n-matmul-512,103,103,,,2549.87,n-matmul-512,false,4a02a8b2ccf7,,c-690ef48f-0cf1abd9-3378a67d936f,1762587865591,Sync,2552.87,1762587865589,21.0.3.10,false,512,34.52,InvokeFunction,,,LATEST,1-690ef4d9-0c49fa-5e81a3f0701d,OnDemand,,,1.40,
,A6333F63464BC687DF1965DBFE05F1DB-26,1762587868,FCRequestMetrics:/n-matmul-512,103,103,,,2562.88,n-matmul-512,false,3e88eb377bf5,,c-690ef490-0cf1abd9-507f1daf6985,1762587865588,Sync,2565.20,1762587865587,21.0.3.11,false,512,34.40,InvokeFunction,,,LATEST,1-690ef4d9-0c0a43-e07d66744346,OnDemand,,,0.43,
,C9A28A785F95831BC9FC8EA20129FD05-D,1762587868,FCRequestMetrics:/n-matmul-512,103,103,,,3131.21,n-matmul-512,false,4856bc7a68f1,,c-690ef4c1-0cf1abd9-aae68ff129ed,1762587865593,Sync,3132.70,1762587865592,21.0.3.6,false,512,36.80,InvokeFunction,,,LATEST,1-690ef4d9-0c49fa-31d4b2878400,OnDemand,,,0.76,
,86D3C1657BB7CB6F9D6C1B5957027679-13,1762587868,FCRequestMetrics:/n-matmul-512,119,119,,,4057.67,n-matmul-512,false,41e163ab7845,,c-690ef4b1-0cf1abd9-383b8cf3b88f,1762587864070,Sync,4486.84,1762587863643,21.0.3.10,false,512,38.07,InvokeFunction,,,LATEST,1-690ef4d7-0c0a43-f20a48100c19,OnDemand,,,426.96,
,E336B2A6408E27B02C6CAB82C50088BC-D,1762587868,FCRequestMetrics:/n-matmul-512,103,103,,,2608.32,n-matmul-512,false,b76d94444b2f,,c-690ef4c1-0cf1abd9-48675e1450f8,1762587865593,Sync,2611.92,1762587865591,21.0.3.7,false,512,38.34,InvokeFunction,,,LATEST,1-690ef4d9-0c49fa-ef9ae39f3dea,OnDemand,,,1.21,
,A215E42A48869DE9E4DCA54EC0297126-3,1762587868,FCRequestMetrics:/n-matmul-512,123,123,,,3512.12,n-matmul-512,false,ae96b778c52c,,c-690ef4d4-0cf1abd9-80805a6a9659,1762587864534,Sync,3514.89,1762587864533,21.0.3.8,false,512,86.97,InvokeFunction,,,LATEST,1-690ef4d9-0c49fa-73d9d03ec4bf,OnDemand,,,0.75,
,7780C0688E26C68EB0D69712BCDE475F-26,1762587868,FCRequestMetrics:/n-matmul-512,105,105,,,2823.85,n-matmul-512,false,333740b1eaee,,c-690ef490-0cf1abd9-b30a2e13f5eb,1762587865296,Sync,2833.87,1762587865295,21.0.3.12,false,512,34.48,InvokeFunction,,,LATEST,1-690ef4d9-0c49fa-2d982bbf60b0,OnDemand,,,1.38,
,32144092075796B61E66CC5CB449FE74-27,1762587868,FCRequestMetrics:/n-matmul-512,103,103,,,2881.06,n-matmul-512,false,4e09d5ee1757,,c-690ef48f-0cf1abd9-c9b2724f454d,1762587865576,Sync,2888.62,1762587865575,21.0.3.11,false,512,36.21,InvokeFunction,,,LATEST,1-690ef4d9-0c0a43-7ff164d8cb14,OnDemand,,,0.58,
,CA067C7B13641001A367D67FE1936091-27,1762587868,FCRequestMetrics:/n-matmul-512,103,103,,,3062.81,n-matmul-512,false,5046f6076057,,c-690ef490-0cf1abd9-851ce87263d1,1762587865570,Sync,3064.65,1762587865568,21.0.3.11,false,512,36.65,InvokeFunction,,,LATEST,1-690ef4d9-0c49fa-17b9d00e5707,OnDemand,,,1.12,
,E763FEDED2DD2923A606C1ABC0F0B8DF-4,1762587868,FCRequestMetrics:/n-matmul-512,122,122,,,3331.91,n-matmul-512,false,6d406cad06b1,,c-690ef4d4-0cf1abd9-1184c15b4902,1762587864730,Sync,3476.41,1762587864587,21.0.3.9,false,512,37.30,InvokeFunction,,,LATEST,1-690ef4d9-0c0a43-8ec11b6645b3,OnDemand,,,143.10,
,4D57B9EBA87590C7398CF6540746C6BE-27,1762587868,FCRequestMetrics:/n-matmul-512,103,103,,,2986.27,n-matmul-512,false,cf9fc6279e9f,,c-690ef490-0cf1abd9-f9b75dacbfca,1762587865571,Sync,2988.87,1762587865569,21.0.3.10,false,512,34.41,InvokeFunction,,,LATEST,1-690ef4d9-0c49fa-14916818ca60,OnDemand,,,1.32,
,A58D23371A460570694E59E83C205D35-27,1762587868,FCRequestMetrics:/n-matmul-512,123,123,,,2962.83,n-matmul-512,false,f5099c18cdf1,,c-690ef48f-0cf1abd9-aa29b9d0aa99,1762587865749,Sync,2964.87,1762587865748,21.0.3.11,false,512,33.93,InvokeFunction,,,LATEST,1-690ef4d9-0c49fa-9e39415debba,OnDemand,,,0.86,
,7F41C0AC9649E78CE4E6389BA04F93F7-27,1762587868,FCRequestMetrics:/n-matmul-512,103,103,,,3004.06,n-matmul-512,false,2f9a827ac39a,,c-690ef48f-0cf1abd9-d481ef5b70cb,1762587865578,Sync,3010.37,1762587865574,21.0.3.12,false,512,34.07,InvokeFunction,,,LATEST,1-690ef4d9-0c0a43-638bd04e5653,OnDemand,,,0.50,
,BD1D69C9267D95E53B2A79C6CB35D41D-24,1762587868,FCRequestMetrics:/n-matmul-512,105,105,,,3237.01,n-matmul-512,false,987841b3d4f5,,c-690ef492-0cf1abd9-b72bb88bbd36,1762587865082,Sync,3239.23,1762587865081,21.0.3.12,false,512,36.91,InvokeFunction,,,LATEST,1-690ef4d9-0c49fa-e5ccdf19edab,OnDemand,,,1.12,
,B50B6C7E4A9EFD8ADCDAE8E71A8A357B-28,1762587868,FCRequestMetrics:/n-matmul-512,123,123,,,3116.10,n-matmul-512,false,0c3cf93849f8,,c-690ef48f-0cf1abd9-ad135b628654,1762587865757,Sync,3119.14,1762587865757,21.0.3.8,false,512,34.49,InvokeFunction,,,LATEST,1-690ef4d9-0c0a43-521c673e8c75,OnDemand,,,0.50,
,95881DBD69A5D46DBD0CE5603278C262-4,1762587868,FCRequestMetrics:/n-matmul-512,125,125,,,3006.02,n-matmul-512,false,0cc96397dcc6,,c-690ef4d5-0cf1abd9-bb46dcba3bb4,1762587865302,Sync,3240.77,1762587865068,21.0.3.11,false,512,34.50,InvokeFunction,,,LATEST,1-690ef4da-0c0a43-c613ef510c7c,OnDemand,,,233.34,
,C669C9C152D9C54DF2797A7C10154A81-4,1762587868,FCRequestMetrics:/n-matmul-512,125,125,,,2863.61,n-matmul-512,false,e117dfcc4a03,,c-690ef4d5-0cf1abd9-8087fa0fddfa,1762587865549,Sync,3262.34,1762587865151,21.0.3.10,false,512,34.45,InvokeFunction,,,LATEST,1-690ef4da-0c0a43-0a68aed3614d,OnDemand,,,397.52,
,5E37C0E4F38EC01A59BF0AC51B37D7D9-13,1762587868,FCRequestMetrics:/n-matmul-512,103,103,,,3215.45,n-matmul-512,false,675e218faad5,,c-690ef4b2-0cf1abd9-5c68fc00ab92,1762587865584,Sync,3224.04,1762587865583,21.0.3.12,false,512,36.68,InvokeFunction,,,LATEST,1-690ef4d9-0c0a43-4caa287d1d06,OnDemand,,,0.51,
,F91A17FDEE204113BD7FCEE97E77B19D-27,1762587868,FCRequestMetrics:/n-matmul-512,122,122,,,2892.53,n-matmul-512,false,b4a55f945517,,c-690ef48f-0cf1abd9-f3db6505083a,1762587866032,Sync,2895.50,1762587866031,21.0.3.12,false,512,40.49,InvokeFunction,,,LATEST,1-690ef4da-0c49fa-25061817b18d,OnDemand,,,1.16,
,51921E23C89315F7BBF480D8419B0A1D-4,1762587868,FCRequestMetrics:/n-matmul-512,125,125,,,2736.22,n-matmul-512,false,394b6570c5ea,,c-690ef4d5-0cf1abd9-8026978f4fdc,1762587865689,Sync,2958.44,1762587865475,21.0.3.12,false,512,34.48,InvokeFunction,,,LATEST,1-690ef4da-0c0a43-5b36ecaa576a,OnDemand,,,213.92,
,3BDEEDD6F6C1B51E5137A970AE75BAA4-24,1762587868,FCRequestMetrics:/n-matmul-512,104,104,,,3322.17,n-matmul-512,false,3b2b33dbd196,,c-690ef492-0cf1abd9-bbdff8eda83c,1762587864998,Sync,3323.39,1762587864997,21.0.3.9,false,512,38.00,InvokeFunction,,,LATEST,1-690ef4d8-0c0a43-809c926e307f,OnDemand,,,0.51,
,D09BCBD485576D911D13CE495A97C108-14,1762587868,FCRequestMetrics:/n-matmul-512,105,105,,,3584.55,n-matmul-512,false,67959926d07f,,c-690ef4b3-0cf1abd9-62c5a8cabd6b,1762587865079,Sync,3587.68,1762587865078,21.0.3.10,false,512,38.91,InvokeFunction,,,LATEST,1-690ef4d9-0c0a43-72f6c92ebb8a,OnDemand,,,0.51,
,7FDD645C18A05AFCA1EE540844E336B4-25,1762587868,FCRequestMetrics:/n-matmul-512,125,125,,,0.03,n-matmul-512,true,005047e6f771,,c-690ef48f-0cf1abd9-a4e85c44b759,1762587866806,Sync,1662.13,1762587866368,21.0.3.10,false,512,2.20,InvokeFunction,,,LATEST,1-690ef4da-0c0a43-a80e87c4d45d,OnDemand,,,438.04,,"{""errorType"":""FunctionAbnormalExitError""}"
,3D753EA828DEDBBB0DF10FE8437E0EE2-1D,1762587868,FCRequestMetrics:/n-matmul-512,125,125,,,0.03,n-matmul-512,true,13a75e602ffd,,c-690ef49e-0cf1abd9-124626cd631e,1762587866708,Sync,1830.77,1762587866346,21.0.3.12,false,512,2.09,InvokeFunction,,,LATEST,1-690ef4da-0c0a43-0e1c9287b3b8,OnDemand,,,356.27,,"{""errorType"":""FunctionAbnormalExitError""}"
,805D0B9C50B0CFD3CF77F88B01A3CC36-27,1762587868,FCRequestMetrics:/n-matmul-512,122,122,,,2905.09,n-matmul-512,false,4277c8c89afa,,c-690ef490-0cf1abd9-df579b907295,1762587865960,Sync,3103.40,1762587865762,21.0.3.12,false,512,40.47,InvokeFunction,,,LATEST,1-690ef4d9-0c49fa-20ebc6edb8cd,OnDemand,,,197.44,
,812F252289DEF5D6E7CEF166CCF20854-F,1762587868,FCRequestMetrics:/n-matmul-512,103,103,,,3576.97,n-matmul-512,false,7cd4cf254b2b,,c-690ef4c0-0cf1abd9-f295f1869449,1762587864852,Sync,3578.42,1762587864851,21.0.3.11,false,512,34.05,InvokeFunction,,,LATEST,1-690ef4d9-0c0a43-0675a924f4bb,OnDemand,,,0.56,
,FE4CB4BB334203537C4452D39CB19CCC-F,1762587868,FCRequestMetrics:/n-matmul-512,103,103,,,3843.76,n-matmul-512,false,a7689194af96,,c-690ef4c0-0cf1abd9-beaedf295aad,1762587864870,Sync,3846.58,1762587864869,21.0.3.12,false,512,34.48,InvokeFunction,,,LATEST,1-690ef4d9-0c0a43-719d6f263518,OnDemand,,,0.45,
,03A714A9772EC266AA0C3B3C7C5F7666-10,1762587868,FCRequestMetrics:/n-matmul-512,125,125,,,0.04,n-matmul-512,true,579930c5ac3a,,c-690ef4bd-0cf1abd9-7053d50dd4cd,1762587867120,Sync,1824.78,1762587866654,21.0.3.10,false,512,2.32,InvokeFunction,,,LATEST,1-690ef4da-0c0a43-7463fae5a5bd,OnDemand,,,466.08,,"{""errorType"":""FunctionAbnormalExitError""}"
,EAD7BD32D52FA8C0EC561AB86D8BB129-1E,1762587868,FCRequestMetrics:/n-matmul-512,120,120,,,0.03,n-matmul-512,true,9697e733b066,,c-690ef49e-0cf1abd9-b7f83cb23224,1762587867608,Sync,1283.89,1762587867608,21.0.3.10,false,512,4.07,InvokeFunction,,,LATEST,1-690ef4db-0c0a43-963b16fe51e8,OnDemand,,,0.53,,"{""errorType"":""FunctionAbnormalExitError""}"
,8A4C9F8EC0081A54D335C35B65D1357D-1D,1762587868,FCRequestMetrics:/n-matmul-512,105,105,,,3569.37,n-matmul-512,false,1c5ca9e1c7f9,,c-690ef4a4-0cf1abd9-274debaa5e8f,1762587865400,Sync,3571.08,1762587865399,21.0.3.9,false,512,35.86,InvokeFunction,,,LATEST,1-690ef4d9-0c0a43-b57d21eae08c,OnDemand,,,0.52,
,BF93D493C22D4491C67A697A08986BFB-6,1762587868,FCRequestMetrics:/n-matmul-512,125,125,,,3088.40,n-matmul-512,false,3624fd232b03,,c-690ef4d1-0cf1abd9-fa48bfbc8b06,1762587865425,Sync,3406.08,1762587865108,21.0.3.9,false,512,38.52,InvokeFunction,,,LATEST,1-690ef4da-0c49fa-178179916295,OnDemand,,,316.58,
,C5E3D6C1456AB3A159B70500C779D02C-6,1762587868,FCRequestMetrics:/n-matmul-512,120,120,,,2915.36,n-matmul-512,false,03aa7a5e978e,,c-690ef4d1-0cf1abd9-37e40b6fa245,1762587865977,Sync,2917.87,1762587865976,21.0.3.11,false,512,36.20,InvokeFunction,,,LATEST,1-690ef4db-0c0a43-658697e74486,OnDemand,,,0.49,
,9095B2C1B61D208836CC9B1C85A0D40A-14,1762587869,FCRequestMetrics:/n-matmul-512,105,105,,,3905.53,n-matmul-512,false,ca295ccdb9ef,,c-690ef4b1-0cf1abd9-20d8276cdfb4,1762587865275,Sync,3906.85,1762587865275,21.0.3.8,false,512,38.28,InvokeFunction,,,LATEST,1-690ef4d9-0c0a43-da8b5b699a69,OnDemand,,,0.55,
,1F1FFC412871BA58DE9DD242432C9C35-24,1762587869,FCRequestMetrics:/n-matmul-512,124,124,,,3369.31,n-matmul-512,false,a2dfb552053b,,c-690ef492-0cf1abd9-8c97f365993b,1762587865673,Sync,3439.76,1762587865603,21.0.3.8,false,512,38.08,InvokeFunction,,,LATEST,1-690ef4d9-0c49fa-b918d2276939,OnDemand,,,69.53,
,3801AF28D1F06D15DE702CA3D1A78840-27,1762587869,FCRequestMetrics:/n-matmul-512,122,122,,,3199.82,n-matmul-512,false,85f7f63caa28,,c-690ef48f-0cf1abd9-8d9a75cfa22a,1762587866327,Sync,3201.98,1762587866326,21.0.3.8,false,512,36.75,InvokeFunction,,,LATEST,1-690ef4da-0c0a43-b68dc1b1ecf0,OnDemand,,,0.46,
,EABCDA55D43EA68A09CAEB4C9E234812-1,1762587869,FCRequestMetrics:/n-matmul-512,103,103,,,4073.88,n-matmul-512,false,2ac0bc3d44f6,,c-690ef4d7-0cf1abd9-14d53d3e8f33,1762587865241,Sync,4076.96,1762587865240,21.0.3.11,false,512,27.02,InvokeFunction,,,LATEST,1-690ef4d9-0c49fa-09f48918cd8e,OnDemand,,,1.11,
,646B33D459BD0A9244D32F781DAF3418-1B,1762587869,FCRequestMetrics:/n-matmul-512,122,122,,,3229.61,n-matmul-512,false,5d92a283eb8a,,c-690ef4a1-0cf1abd9-de1abe369d37,1762587866005,Sync,3231.97,1762587866004,21.0.3.10,false,512,43.26,InvokeFunction,,,LATEST,1-690ef4da-0c49fa-06f3623dc5e1,OnDemand,,,1.34,
,3EC79B1A2832FEBC3A7D2A1336CBC72B-9,1762587869,FCRequestMetrics:/n-matmul-512,105,105,,,3800.44,n-matmul-512,false,1ba7f32a1a20,,c-690ef4c8-0cf1abd9-b1f4c901d515,1762587865429,Sync,3802.00,1762587865428,21.0.3.12,false,512,29.22,InvokeFunction,,,LATEST,1-690ef4d9-0c0a43-07e3335e676c,OnDemand,,,0.51,
,F031090DB7497FBE9C5AA393E7E68561-27,1762587869,FCRequestMetrics:/n-matmul-512,125,125,,,2870.12,n-matmul-512,false,ac449c8e7f33,,c-690ef48f-0cf1abd9-a7a4b84ee62d,1762587866631,Sync,3160.61,1762587866342,21.0.3.9,false,512,35.90,InvokeFunction,,,LATEST,1-690ef4da-0c49fa-6a0d2b27efa6,OnDemand,,,288.31,
,A07FED3AC0D9C87237C2A7F7FEAC1FF2-10,1762587869,FCRequestMetrics:/n-matmul-512,122,122,,,3273.60,n-matmul-512,false,5059a3c012ce,,c-690ef4bc-0cf1abd9-aaba1ef8e3d8,1762587866321,Sync,3276.03,1762587866319,21.0.3.8,false,512,37.88,InvokeFunction,,,LATEST,1-690ef4da-0c49fa-3fc186cd5889,OnDemand,,,1.36,
,4A1A7379ED68F1567875DE99C92BB621-1,1762587869,FCRequestMetrics:/n-matmul-512,124,124,,,3988.70,n-matmul-512,false,d5bc7449f792,,c-690ef4d8-0cf1abd9-7eb634cbbfaf,1762587865380,Sync,4001.78,1762587865373,21.0.3.12,false,512,27.09,InvokeFunction,,,LATEST,1-690ef4d9-0c49fa-e2d29ae6484c,OnDemand,,,1.15,
,3638871BA5BA6CB81D64084B08F55201-29,1762587869,FCRequestMetrics:/n-matmul-512,125,125,,,2861.11,n-matmul-512,false,d9ddc014a95e,,c-690ef48f-0cf1abd9-ec0c220edbce,1762587866964,Sync,3087.19,1762587866745,21.0.3.8,false,512,39.69,InvokeFunction,,,LATEST,1-690ef4da-0c0a43-998229364d1b,OnDemand,,,218.75,
,CF8B8E5EDA76CE1E15E6DE137B05F0FC-10,1762587869,FCRequestMetrics:/n-matmul-512,125,125,,,3150.36,n-matmul-512,false,09ed6314a647,,c-690ef4bd-0cf1abd9-4b304ea77a49,1762587866642,Sync,3450.72,1762587866342,21.0.3.12,false,512,41.58,InvokeFunction,,,LATEST,1-690ef4da-0c0a43-11c45671369a,OnDemand,,,299.16,
,028699F502CA3D7E230041FC52AB4DE5-14,1762587869,FCRequestMetrics:/n-matmul-512,125,125,,,2824.94,n-matmul-512,false,c3f0f0de03a0,,c-690ef4b1-0cf1abd9-f906b5304a3d,1762587867171,Sync,3247.55,1762587866749,21.0.3.8,false,512,37.92,InvokeFunction,,,LATEST,1-690ef4da-0c0a43-23353e2c0d87,OnDemand,,,421.72,
,27BDDCAD80E91AC92FDFCC1C9A1A4216-14,1762587869,FCRequestMetrics:/n-matmul-512,103,103,,,4046.66,n-matmul-512,false,2ff8f58d97fc,,c-690ef4b4-0cf1abd9-3de0c61b5b68,1762587865572,Sync,4048.01,1762587865571,21.0.3.10,false,512,34.46,InvokeFunction,,,LATEST,1-690ef4d9-0c0a43-ccce4bbf06ef,OnDemand,,,0.51,
,715E1B0E1B21EEA77E59E1CCA6C827A1-12,1762587869,FCRequestMetrics:/n-matmul-512,121,121,,,3948.84,n-matmul-512,false,227434a33de2,,c-690ef4b3-0cf1abd9-7a1935f5d276,1762587865850,Sync,3950.19,1762587865849,21.0.3.11,false,512,34.29,InvokeFunction,,,LATEST,1-690ef4d9-0c0a43-2d84b5fae73d,OnDemand,,,0.42,
,023E1362E98622AC0BA42C246E757652-14,1762587869,FCRequestMetrics:/n-matmul-512,121,121,,,3944.86,n-matmul-512,false,c2dc25ac0291,,c-690ef4b3-0cf1abd9-482c4f6b212d,1762587865855,Sync,3947.86,1762587865854,21.0.3.9,false,512,34.14,InvokeFunction,,,LATEST,1-690ef4d9-0c0a43-41e41553fa65,OnDemand,,,0.48,
,EC65B6B96723558D074A84C970ABFB6D-13,1762587869,FCRequestMetrics:/n-matmul-512,121,121,,,3806.49,n-matmul-512,false,dc0d493de807,,c-690ef4b3-0cf1abd9-88427ba7f908,1762587865858,Sync,3808.94,1762587865857,21.0.3.12,false,512,34.25,InvokeFunction,,,LATEST,1-690ef4d9-0c49fa-eb0ec96dac87,OnDemand,,,0.95,
,333D4C666C8B83BB41B1C7D79452A532-D,1762587869,FCRequestMetrics:/n-matmul-512,122,122,,,3799.20,n-matmul-512,false,e3c6c131f32d,,c-690ef4c0-0cf1abd9-c5743552479f,1762587865565,Sync,3800.63,1762587865564,21.0.3.9,false,512,36.06,InvokeFunction,,,LATEST,1-690ef4da-0c0a43-fb010978f757,OnDemand,,,0.48,
,D383B16911701B57D8112BE288DB8A26-14,1762587869,FCRequestMetrics:/n-matmul-512,103,103,,,3729.58,n-matmul-512,false,bb19602af764,,c-690ef4b1-0cf1abd9-7e88298a556b,1762587865600,Sync,3732.26,1762587865598,21.0.3.10,false,512,36.47,InvokeFunction,,,LATEST,1-690ef4d9-0c0a43-83495d8abe9a,OnDemand,,,0.54,
,86C97E3549B8E428464CF6B56B68BFDC-16,1762587869,FCRequestMetrics:/n-matmul-512,103,103,,,3742.41,n-matmul-512,false,5a3240bb4b57,,c-690ef4b1-0cf1abd9-ef240bcd1d76,1762587865475,Sync,3748.62,1762587865469,21.0.3.12,false,512,36.01,InvokeFunction,,,LATEST,1-690ef4d9-0c0a43-19ca9927b569,OnDemand,,,0.55,
,8009EC769EAF82E94BE4682B8C0E45B5-D,1762587869,FCRequestMetrics:/n-matmul-512,123,123,,,3139.36,n-matmul-512,false,e18d84b3712e,,c-690ef4c1-0cf1abd9-2df610e1f3e8,1762587866137,Sync,3140.92,1762587866136,21.0.3.8,false,512,36.38,InvokeFunction,,,LATEST,1-690ef4da-0c0a43-29be5181dc0d,OnDemand,,,0.45,
,E4C186C27FC2E01612D2685505BDC1C8-16,1762587869,FCRequestMetrics:/n-matmul-512,103,103,,,3631.98,n-matmul-512,false,2f46f223d44b,,c-690ef4b3-0cf1abd9-b7dfa30d9e6b,1762587865583,Sync,3634.55,1762587865582,21.0.3.8,false,512,38.28,InvokeFunction,,,LATEST,1-690ef4d9-0c49fa-1f51cad7f951,OnDemand,,,1.02,
,49B64A5B3FBA9FC6678BE15B3FA1CAE0-14,1762587869,FCRequestMetrics:/n-matmul-512,123,123,,,3686.85,n-matmul-512,false,b69b715c17a5,,c-690ef4b3-0cf1abd9-2077a8676f3b,1762587866151,Sync,3689.42,1762587866149,21.0.3.11,false,512,36.19,InvokeFunction,,,LATEST,1-690ef4da-0c49fa-003dabcea2be,OnDemand,,,1.36,
,22E833C237D88A72ACDEEBC774861945-E,1762587869,FCRequestMetrics:/n-matmul-512,125,125,,,2880.92,n-matmul-512,false,3ad91ce1f715,,c-690ef4c1-0cf1abd9-a9ad8a9b0501,1762587866888,Sync,3895.73,1762587865874,21.0.3.5,false,512,36.38,InvokeFunction,,,LATEST,1-690ef4d9-0c0a43-9580041f143a,OnDemand,,,1014.06,
,BD9BE3600CF3EADC822FC16C6CE56C55-11,1762587869,FCRequestMetrics:/n-matmul-512,125,125,,,0.02,n-matmul-512,true,a90b8e21cc4e,,c-690ef4bd-0cf1abd9-4533cb176176,1762587867764,Sync,1397.50,1762587867625,21.0.3.10,false,512,2.26,InvokeFunction,,,LATEST,1-690ef4db-0c0a43-81e168047096,OnDemand,,,139.24,,"{""errorType"":""FunctionAbnormalExitError""}"
,19D19504A7F011D98456D47931F40832-17,1762587869,FCRequestMetrics:/n-matmul-512,124,124,,,3783.09,n-matmul-512,false,d76a12fc0134,,c-690ef4b1-0cf1abd9-3da89f7b182b,1762587866127,Sync,3785.08,1762587866126,21.0.3.11,false,512,36.59,InvokeFunction,,,LATEST,1-690ef4da-0c49fa-8e5bf964e3f3,OnDemand,,,1.14,
,1C05D5B02F01F46143D999E67440A343-29,1762587869,FCRequestMetrics:/n-matmul-512,125,125,,,3005.62,n-matmul-512,false,ded09bee0b2d,,c-690ef48f-0cf1abd9-2bb86706a2c4,1762587866568,Sync,3239.19,1762587866336,21.0.3.9,false,512,36.94,InvokeFunction,,,LATEST,1-690ef4da-0c49fa-06d5e8976968,OnDemand,,,232.71,
,6CCFB4E4193C923DA012941FDF8BA7C1-25,1762587869,FCRequestMetrics:/n-matmul-512,125,125,,,0.04,n-matmul-512,true,1ea218c34989,,c-690ef48f-0cf1abd9-4c65696b73c9,1762587867425,Sync,2260.41,1762587866755,21.0.3.11,false,512,2.18,InvokeFunction,,,LATEST,1-690ef4da-0c0a43-33d45aedc954,OnDemand,,,670.51,,"{""errorType"":""FunctionAbnormalExitError""}"
,78CD85FE04C684FD432ABFF362CBF50C-27,1762587869,FCRequestMetrics:/n-matmul-512,125,125,,,0.11,n-matmul-512,true,6999fff919fb,,c-690ef48f-0cf1abd9-6c6d9044c534,1762587867425,Sync,1764.04,1762587867424,21.0.3.9,false,512,2.07,InvokeFunction,,,LATEST,1-690ef4db-0c0a43-6a3590a6fda1,OnDemand,,,0.57,,"{""errorType"":""FunctionAbnormalExitError""}"
,5F40BF3643AE590E1A0AFBFC2BB1CC92-16,1762587869,FCRequestMetrics:/n-matmul-512,123,123,,,3909.55,n-matmul-512,false,918ade19bbee,,c-690ef4b1-0cf1abd9-3df7810e23e4,1762587865831,Sync,4136.01,1762587865605,21.0.3.11,false,512,36.45,InvokeFunction,,,LATEST,1-690ef4d9-0c49fa-3393c6861479,OnDemand,,,225.71,
,5A4B169E4A6A12AF96E6A9F31574ACDB-10,1762587869,FCRequestMetrics:/n-matmul-512,125,125,,,0.03,n-matmul-512,true,e49c1078154a,,c-690ef4bd-0cf1abd9-52730e96d71d,1762587867873,Sync,1196.51,1762587867831,21.0.3.12,false,512,2.43,InvokeFunction,,,LATEST,1-690ef4db-0c49fa-f3a5d42e87c3,OnDemand,,,42.28,,"{""errorType"":""FunctionAbnormalExitError""}"
,A61C5B29A1D7F2390D1E51D697C6283B-14,1762587869,FCRequestMetrics:/n-matmul-512,103,103,,,3670.09,n-matmul-512,false,14782dc1bc2e,,c-690ef4b4-0cf1abd9-744e5d667f19,1762587865600,Sync,3673.84,1762587865599,21.0.3.12,false,512,26.79,InvokeFunction,,,LATEST,1-690ef4d9-0c49fa-3334d1c04729,OnDemand,,,1.23,
,9ADEFA90B0D30226FA9EC5C9D5AE07C5-1E,1762587869,FCRequestMetrics:/n-matmul-512,125,125,,,0.04,n-matmul-512,true,720d5821fc65,,c-690ef4a1-0cf1abd9-d2a0858351d9,1762587868420,Sync,1344.44,1762587868229,21.0.3.9,false,512,2.23,InvokeFunction,,,LATEST,1-690ef4dc-0c0a43-6d3e7508604d,OnDemand,,,191.11,,"{""errorType"":""FunctionAbnormalExitError""}"
,F07C00865CBCDDD3603F2861EC1005E7-27,1762587869,FCRequestMetrics:/n-matmul-512,125,125,,,0.04,n-matmul-512,true,23ed8e688827,,c-690ef48f-0cf1abd9-c9d277f8db04,1762587868767,Sync,1268.25,1762587868672,21.0.3.12,false,512,2.09,InvokeFunction,,,LATEST,1-690ef4dc-0c49fa-dbd782b2fb32,OnDemand,,,94.43,,"{""errorType"":""FunctionAbnormalExitError""}"
,D47609DF0A0B8379D6163E9247FE0B62-17,1762587869,FCRequestMetrics:/n-matmul-512,125,125,,,0.03,n-matmul-512,true,94f30db206a9,,c-690ef4b1-0cf1abd9-5ce21036fb60,1762587868873,Sync,1176.33,1762587868761,21.0.3.9,false,512,2.02,InvokeFunction,,,LATEST,1-690ef4dc-0c0a43-6eeb70f91e2c,OnDemand,,,111.07,,"{""errorType"":""FunctionAbnormalExitError""}"
,F0A5925498435F2F6D9BDDB34BF193EA-9,1762587870,FCRequestMetrics:/n-matmul-512,122,122,,,4360.99,n-matmul-512,false,498ae363af0a,,c-690ef4c8-0cf1abd9-33e32577488c,1762587865965,Sync,4363.09,1762587865963,21.0.3.10,false,512,27.02,InvokeFunction,,,LATEST,1-690ef4d9-0c49fa-16ea5d2ddc2f,OnDemand,,,1.34,
,13AC9179567B6A88BE4E678F8CBCF027-1B,1762587870,FCRequestMetrics:/n-matmul-512,125,125,,,3125.09,n-matmul-512,false,c1270f7ffdb8,,c-690ef4a1-0cf1abd9-661404bfd8df,1762587866967,Sync,3347.50,1762587866745,21.0.3.12,false,512,39.79,InvokeFunction,,,LATEST,1-690ef4da-0c49fa-f8a41bda4add,OnDemand,,,221.64,
,90D8D68606671C7D3CC9428DB5D1A5ED-1B,1762587870,FCRequestMetrics:/n-matmul-512,125,125,,,3075.39,n-matmul-512,false,43290576c1e6,,c-690ef4a1-0cf1abd9-784f475cf818,1762587867087,Sync,3414.98,1762587866748,21.0.3.11,false,512,40.23,InvokeFunction,,,LATEST,1-690ef4da-0c49fa-11d084dbb4df,OnDemand,,,338.68,
,454D28B9ADC842A2E21EC3C429AA5038-9,1762587870,FCRequestMetrics:/n-matmul-512,123,123,,,4319.21,n-matmul-512,false,68ffeb726d24,,c-690ef4c8-0cf1abd9-e95db563c2a4,1762587866201,Sync,4321.04,1762587866200,21.0.3.11,false,512,26.59,InvokeFunction,,,LATEST,1-690ef4da-0c0a43-25169d90d4ec,OnDemand,,,0.51,
,9E860D881BD9449D0F2C4975F44F7ABC-16,1762587870,FCRequestMetrics:/n-matmul-512,125,125,,,3692.08,n-matmul-512,false,dc22095edf84,,c-690ef4b1-0cf1abd9-834eca231e91,1762587866676,Sync,4025.54,1762587866343,21.0.3.9,false,512,39.87,InvokeFunction,,,LATEST,1-690ef4da-0c49fa-137b218e27b4,OnDemand,,,332.66,
,93FE45F5D80B3384897CEBE39059D2B9-9,1762587870,FCRequestMetrics:/n-matmul-512,122,122,,,4114.02,n-matmul-512,false,ce40ea9a9210,,c-690ef4c8-0cf1abd9-21c972c4a8d9,1762587866323,Sync,4373.91,1762587866064,21.0.3.9,false,512,29.11,InvokeFunction,,,LATEST,1-690ef4da-0c0a43-5bee8b217bbb,OnDemand,,,258.09,
,60315181B24B66886819325A3EA49E6F-20,1762587870,FCRequestMetrics:/n-matmul-512,125,125,,,3812.07,n-matmul-512,false,0d1aec41c426,,c-690ef49e-0cf1abd9-079fb8593d22,1762587866390,Sync,3872.47,1762587866331,21.0.3.9,false,512,26.84,InvokeFunction,,,LATEST,1-690ef4da-0c0a43-8ac7c74d9cbe,OnDemand,,,58.88,
,FFBE1F54232C7105BB9D9D9815146807-14,1762587870,FCRequestMetrics:/n-matmul-512,120,120,,,3130.01,n-matmul-512,false,4210c93d9e28,,c-690ef4b2-0cf1abd9-734e58adbe38,1762587867613,Sync,3134.80,1762587867611,21.0.3.10,false,512,41.59,InvokeFunction,,,LATEST,1-690ef4db-0c49fa-0b5f6987741c,OnDemand,,,1.14,
,A6333F63464BC687DF1965DBFE05F1DB-26,1762587870,FCRequestMetrics:/n-matmul-512,125,125,,,2762.73,n-matmul-512,false,3e88eb377bf5,,c-690ef490-0cf1abd9-507f1daf6985,1762587868157,Sync,2774.02,1762587868146,21.0.3.11,false,512,36.71,InvokeFunction,,,LATEST,1-690ef4dc-0c0a43-47052ddee420,OnDemand,,,10.20,
,5D2FE67C0EB5779BF4214AF0D6312E51-1D,1762587870,FCRequestMetrics:/n-matmul-512,125,125,,,3413.20,n-matmul-512,false,19252a223023,,c-690ef49c-0cf1abd9-daf5d7835f02,1762587866902,Sync,3575.48,1762587866741,21.0.3.10,false,512,28.87,InvokeFunction,,,LATEST,1-690ef4da-0c49fa-3f9d6bdeef01,OnDemand,,,160.56,
,C2EB2A92BA9B62B2586CA2C02FC71F03-10,1762587870,FCRequestMetrics:/n-matmul-512,125,125,,,3315.80,n-matmul-512,false,d33c82b43d3d,,c-690ef4bd-0cf1abd9-a491e17680d2,1762587867190,Sync,3345.12,1762587867162,21.0.3.8,false,512,26.89,InvokeFunction,,,LATEST,1-690ef4db-0c49fa-90194bcc7de9,OnDemand,,,27.93,
,537821DDAFE9614566F0064DDB274514-1E,1762587870,FCRequestMetrics:/n-matmul-512,125,125,,,3147.12,n-matmul-512,false,e7a61b8cb4fe,,c-690ef4a1-0cf1abd9-564b243bc6a8,1762587867106,Sync,3505.80,1762587866748,21.0.3.8,false,512,27.25,InvokeFunction,,,LATEST,1-690ef4da-0c49fa-8beb859a92fd,OnDemand,,,357.55,
,FD6981321571EC68F9E27CDAD26BAC19-1E,1762587870,FCRequestMetrics:/n-matmul-512,120,120,,,3146.62,n-matmul-512,false,b2349f9a27e7,,c-690ef49c-0cf1abd9-a2407a052b71,1762587867611,Sync,3148.56,1762587867610,21.0.3.12,false,512,27.05,InvokeFunction,,,LATEST,1-690ef4db-0c0a43-55c6b991c9fe,OnDemand,,,0.48,
,ED99555BBD66FF347A8C8145C62ABE99-1E,1762587870,FCRequestMetrics:/n-matmul-512,125,125,,,3153.18,n-matmul-512,false,4bed96722f41,,c-690ef49c-0cf1abd9-8088ae7c339c,1762587867424,Sync,3157.63,1762587867423,21.0.3.8,false,512,26.90,InvokeFunction,,,LATEST,1-690ef4db-0c0a43-36c5c12a4266,OnDemand,,,0.58,
,76578469F84FCD1CB8F7AE0D7CEF0D58-6,1762587870,FCRequestMetrics:/n-matmul-512,125,125,,,2918.21,n-matmul-512,false,8c2f5578c019,,c-690ef4d1-0cf1abd9-df87844cb3e3,1762587867149,Sync,3000.56,1762587867068,21.0.3.7,false,512,38.14,InvokeFunction,,,LATEST,1-690ef4dc-0c0a43-a9e5dea07261,OnDemand,,,81.30,
,C1D7342C162E0433E3DCC69A36E49279-20,1762587870,FCRequestMetrics:/n-matmul-512,125,125,,,3268.74,n-matmul-512,false,c1850f6d6120,,c-690ef49e-0cf1abd9-bea541164f91,1762587867665,Sync,3313.33,1762587867622,21.0.3.11,false,512,27.12,InvokeFunction,,,LATEST,1-690ef4db-0c0a43-d055a000c454,OnDemand,,,37.72,
,30B0C091F501AEB24D6930948CD8CD12-10,1762587870,FCRequestMetrics:/n-matmul-512,125,125,,,3601.54,n-matmul-512,false,f585a3de42a9,,c-690ef4c0-0cf1abd9-2f59d877e38b,1762587866471,Sync,3934.74,1762587866141,21.0.3.10,false,512,38.65,InvokeFunction,,,LATEST,1-690ef4da-0c0a43-2a137daa019f,OnDemand,,,329.49,
,5AFAB66E1E7466E5D8B7B9E08DE1641F-6,1762587870,FCRequestMetrics:/n-matmul-512,125,125,,,3020.54,n-matmul-512,false,b625bc4b4ab4,,c-690ef4d1-0cf1abd9-cc0167f16a90,1762587867382,Sync,3267.66,1762587867136,21.0.3.6,false,512,97.90,InvokeFunction,,,LATEST,1-690ef4dc-0c0a43-e9cf69a24fb4,OnDemand,,,245.63,
,01D4E8E7911B88CA9BFEF68BF58454E3-6,1762587870,FCRequestMetrics:/n-matmul-512,125,125,,,3037.22,n-matmul-512,false,af9f8faefca2,,c-690ef4d1-0cf1abd9-2cb97b541620,1762587867605,Sync,3478.46,1762587867164,21.0.3.10,false,512,39.90,InvokeFunction,,,LATEST,1-690ef4dc-0c0a43-bd876b9bc8bd,OnDemand,,,440.33,
,A0E18646E4ED1862BB7852A818D6BD84-27,1762587870,FCRequestMetrics:/n-matmul-512,125,125,,,4087.36,n-matmul-512,false,455c2c4df2d2,,c-690ef48f-0cf1abd9-fff0447ff1dc,1762587866570,Sync,4322.52,1762587866336,21.0.3.8,false,512,34.58,InvokeFunction,,,LATEST,1-690ef4da-0c49fa-d9ba0bc8e830,OnDemand,,,233.81,
,61FB77CF084CA2B121CED83B1B2F8CB8-4,1762587870,FCRequestMetrics:/n-matmul-512,120,120,,,3554.86,n-matmul-512,false,cbf3b5341b24,,c-690ef4d5-0cf1abd9-896a7d670f7a,1762587866932,Sync,3556.54,1762587866931,21.0.3.7,false,512,81.98,InvokeFunction,,,LATEST,1-690ef4db-0c0a43-a3028c8a0dfe,OnDemand,,,0.73,
,2C250D9B2FF86C019F81DAC520815883-1E,1762587870,FCRequestMetrics:/n-matmul-512,125,125,,,3461.48,n-matmul-512,false,52c1693be583,,c-690ef4a4-0cf1abd9-b2b9a6cf3285,1762587866742,Sync,3858.26,1762587866346,21.0.3.10,false,512,34.43,InvokeFunction,,,LATEST,1-690ef4da-0c49fa-3b0ed4113d63,OnDemand,,,395.48,
,7E61C224A0C92ACF29245CE740336474-4,1762587870,FCRequestMetrics:/n-matmul-512,120,120,,,3747.81,n-matmul-512,false,54fa523719bf,,c-690ef4d5-0cf1abd9-a1fddea636ac,1762587866954,Sync,3762.80,1762587866940,21.0.3.8,false,512,44.79,InvokeFunction,,,LATEST,1-690ef4db-0c0a43-b789bb34d1da,OnDemand,,,14.15,
,604D7A139A336D459A8701B8728ED443-14,1762587870,FCRequestMetrics:/n-matmul-512,125,125,,,3312.04,n-matmul-512,false,3ccc09a5376a,,c-690ef4b4-0cf1abd9-6384931551e4,1762587867673,Sync,3364.82,1762587867621,21.0.3.11,false,512,34.61,InvokeFunction,,,LATEST,1-690ef4db-0c0a43-768fd444470b,OnDemand,,,51.79,
,F78928E4C3048B992F5E5A9DC10A82CD-B,1762587870,FCRequestMetrics:/n-matmul-512,120,120,,,3385.36,n-matmul-512,false,4756408993b7,,c-690ef4c8-0cf1abd9-87a481f567c5,1762587867555,Sync,3387.09,1762587867554,21.0.3.8,false,512,34.23,InvokeFunction,,,LATEST,1-690ef4db-0c0a43-0a3b1f737f03,OnDemand,,,0.57,
,E49E041E26792B5C9FA746FE5A0F2654-4,1762587870,FCRequestMetrics:/n-matmul-512,125,125,,,3253.74,n-matmul-512,false,c7d5890c0209,,c-690ef4d6-0cf1abd9-a844f7d6b61a,1762587867687,Sync,3674.93,1762587867268,21.0.3.9,false,512,34.55,InvokeFunction,,,LATEST,1-690ef4db-0c0a43-2764225f6c9a,OnDemand,,,418.65,
,49858DB541AAB1B6611A1511B91F5B3F-4,1762587870,FCRequestMetrics:/n-matmul-512,125,125,,,3472.06,n-matmul-512,false,1cfed078e6f6,,c-690ef4d6-0cf1abd9-296db67e1edb,1762587867511,Sync,3497.17,1762587867489,21.0.3.10,false,512,34.41,InvokeFunction,,,LATEST,1-690ef4dc-0c0a43-c67f29038539,OnDemand,,,22.59,
,395AF19B30E923F04509691974E770B2-16,1762587870,FCRequestMetrics:/n-matmul-512,122,122,,,3753.54,n-matmul-512,false,16c28b2331e7,,c-690ef4b3-0cf1abd9-03841df006e6,1762587866332,Sync,3757.99,1762587866329,21.0.3.12,false,512,36.43,InvokeFunction,,,LATEST,1-690ef4da-0c49fa-9d748efb165f,OnDemand,,,3.48,
,9DBD82D68A5F344D47B8DE1951A258DF-4,1762587870,FCRequestMetrics:/n-matmul-512,125,125,,,3229.61,n-matmul-512,false,25404d1b02d2,,c-690ef4d6-0cf1abd9-9ab608ee2fc4,1762587867663,Sync,3380.42,1762587867513,21.0.3.12,false,512,32.60,InvokeFunction,,,LATEST,1-690ef4dc-0c0a43-4d2910f009e4,OnDemand,,,149.69,
,52D7D507918D931708B22C4CE8E63CCC-16,1762587870,FCRequestMetrics:/n-matmul-512,122,122,,,3773.86,n-matmul-512,false,7e3f21c3452b,,c-690ef4b2-0cf1abd9-448ba4a6e619,1762587866290,Sync,3775.35,1762587866289,21.0.3.9,false,512,35.97,InvokeFunction,,,LATEST,1-690ef4da-0c0a43-5cd4e44b99ef,OnDemand,,,0.45,
,3D3F830804794EE934A3F39C618D6DA7-14,1762587870,FCRequestMetrics:/n-matmul-512,125,125,,,3799.50,n-matmul-512,false,a5074fb07ccb,,c-690ef4b3-0cf1abd9-4204fc55cfbc,1762587866803,Sync,4253.28,1762587866351,21.0.3.9,false,512,36.24,InvokeFunction,,,LATEST,1-690ef4da-0c0a43-972835335503,OnDemand,,,451.38,
,386DA6364528A35F673B30D821826132-16,1762587870,FCRequestMetrics:/n-matmul-512,122,122,,,4024.97,n-matmul-512,false,2f0b32a49385,,c-690ef4b1-0cf1abd9-06c370eb6fc5,1762587866247,Sync,4206.89,1762587866066,21.0.3.12,false,512,36.70,InvokeFunction,,,LATEST,1-690ef4da-0c0a43-9dbc9cbab647,OnDemand,,,180.71,
,0AE60AD6E226644C212775A9AD9DBC3A-14,1762587870,FCRequestMetrics:/n-matmul-512,124,124,,,3393.73,n-matmul-512,false,e5c3b3dfa4c1,,c-690ef4b3-0cf1abd9-04675e7328d5,1762587867464,Sync,3650.71,1762587867212,21.0.3.10,false,512,36.45,InvokeFunction,,,LATEST,1-690ef4db-0c0a43-58feac101090,OnDemand,,,252.49,
,F633B574683DE8AA2BF0D3EEBDF4C796-16,1762587870,FCRequestMetrics:/n-matmul-512,125,125,,,4081.05,n-matmul-512,false,2aab02d9eb5a,,c-690ef4b2-0cf1abd9-a85fa9ced593,1762587866435,Sync,4183.43,1762587866333,21.0.3.8,false,512,36.27,InvokeFunction,,,LATEST,1-690ef4da-0c0a43-a77865abc2da,OnDemand,,,101.59,
,270B9EACE82C5E95387DFC3023475A37-1F,1762587870,FCRequestMetrics:/n-matmul-512,125,125,,,3388.96,n-matmul-512,false,fe7ebaee4797,,c-690ef4a4-0cf1abd9-3aa2f2400266,1762587867071,Sync,3713.56,1762587866747,21.0.3.8,false,512,36.13,InvokeFunction,,,LATEST,1-690ef4da-0c49fa-b64dd56f44b9,OnDemand,,,323.53,
,B23CDAA9EFB02072F2EA6F095891B977-16,1762587870,FCRequestMetrics:/n-matmul-512,125,125,,,3595.95,n-matmul-512,false,01cbc6dce386,,c-690ef4b2-0cf1abd9-ad92bd478abd,1762587866718,Sync,3973.46,1762587866344,21.0.3.11,false,512,38.83,InvokeFunction,,,LATEST,1-690ef4da-0c49fa-e35f4190314b,OnDemand,,,373.07,
,6448458DC5EEDA4B01194355EB33D0AF-24,1762587870,FCRequestMetrics:/n-matmul-512,125,125,,,3516.85,n-matmul-512,false,e9af6d91c5a8,,c-690ef492-0cf1abd9-8e96e2aae5ad,1762587866678,Sync,3851.98,1762587866343,21.0.3.11,false,512,36.40,InvokeFunction,,,LATEST,1-690ef4da-0c49fa-a96813f0e680,OnDemand,,,334.29,
,1F1FFC412871BA58DE9DD242432C9C35-27,1762587870,FCRequestMetrics:/n-matmul-512,125,125,,,0.03,n-matmul-512,true,a2dfb552053b,,c-690ef492-0cf1abd9-8c97f365993b,1762587869046,Sync,1434.77,1762587868846,21.0.3.8,false,512,2.20,InvokeFunction,,,LATEST,1-690ef4dc-0c0a43-13c2c17e1a12,OnDemand,,,199.71,,"{""errorType"":""FunctionAbnormalExitError""}"
,8C91CD9281F35024322C2F606CD0B1FE-12,1762587870,FCRequestMetrics:/n-matmul-512,125,125,,,0.03,n-matmul-512,true,44c83b518121,,c-690ef4bd-0cf1abd9-e8c2a2bb7f02,1762587868555,Sync,1687.79,1762587868496,21.0.3.11,false,512,2.23,InvokeFunction,,,LATEST,1-690ef4dc-0c49fa-38d198c395d4,OnDemand,,,58.59,,"{""errorType"":""FunctionAbnormalExitError""}"
,32D30CAFDEB66ED4BA2C61AB57673DE9-12,1762587870,FCRequestMetrics:/n-matmul-512,125,125,,,0.03,n-matmul-512,true,1e73088b591b,,c-690ef4bd-0cf1abd9-2266afd5303d,1762587868556,Sync,1579.35,1762587868501,21.0.3.9,false,512,2.18,InvokeFunction,,,LATEST,1-690ef4dc-0c0a43-f780acbd5836,OnDemand,,,54.16,,"{""errorType"":""FunctionAbnormalExitError""}"
,646B33D459BD0A9244D32F781DAF3418-1D,1762587870,FCRequestMetrics:/n-matmul-512,125,125,,,0.04,n-matmul-512,true,5d92a283eb8a,,c-690ef4a1-0cf1abd9-de1abe369d37,1762587869260,Sync,1475.20,1762587868951,21.0.3.10,false,512,4.16,InvokeFunction,,,LATEST,1-690ef4dc-0c0a43-f659b856653c,OnDemand,,,307.91,,"{""errorType"":""FunctionAbnormalExitError""}"
,9095B2C1B61D208836CC9B1C85A0D40A-17,1762587870,FCRequestMetrics:/n-matmul-512,125,125,,,0.03,n-matmul-512,true,ca295ccdb9ef,,c-690ef4b1-0cf1abd9-20d8276cdfb4,1762587869185,Sync,1552.23,1762587868913,21.0.3.8,false,512,2.26,InvokeFunction,,,LATEST,1-690ef4dc-0c49fa-6ed6dea311c0,OnDemand,,,271.08,,"{""errorType"":""FunctionAbnormalExitError""}"
,414BD1893AE2054C5F533C4E4BFB2474-20,1762587870,FCRequestMetrics:/n-matmul-512,125,125,,,0.03,n-matmul-512,true,e09eb6f846c4,,c-690ef49c-0cf1abd9-96967c00da02,1762587868558,Sync,1862.44,1762587868502,21.0.3.9,false,512,2.43,InvokeFunction,,,LATEST,1-690ef4dc-0c0a43-df960af4619f,OnDemand,,,55.07,,"{""errorType"":""FunctionAbnormalExitError""}"
,B6CBE8EBA74250AA907E560C90566BB4-20,1762587870,FCRequestMetrics:/n-matmul-512,125,125,,,0.03,n-matmul-512,true,ab282a8889ea,,c-690ef49c-0cf1abd9-bbfeef60bc24,1762587868573,Sync,1896.05,1762587868572,21.0.3.11,false,512,2.20,InvokeFunction,,,LATEST,1-690ef4dc-0c0a43-693d9a8a813d,OnDemand,,,0.56,,"{""errorType"":""FunctionAbnormalExitError""}"
,47EEBB4524D816241D6164558AEC1FDB-12,1762587870,FCRequestMetrics:/n-matmul-512,125,125,,,0.03,n-matmul-512,true,cf2f5a306fef,,c-690ef4bc-0cf1abd9-4bc9539c85b8,1762587868927,Sync,1824.74,1762587868768,21.0.3.9,false,512,4.07,InvokeFunction,,,LATEST,1-690ef4dc-0c49fa-57432d2de515,OnDemand,,,158.55,,"{""errorType"":""FunctionAbnormalExitError""}"
,67EF79BC30A82AE98BE59702C8F66831-12,1762587870,FCRequestMetrics:/n-matmul-512,125,125,,,0.03,n-matmul-512,true,9d91d3cbe239,,c-690ef4bd-0cf1abd9-3b4ee6796d7a,1762587868897,Sync,2801.40,1762587868097,21.0.3.11,false,512,2.29,InvokeFunction,,,LATEST,1-690ef4dc-0c49fa-17564aa01086,OnDemand,,,799.17,,"{""errorType"":""FunctionAbnormalExitError""}"
,3638871BA5BA6CB81D64084B08F55201-2C,1762587870,FCRequestMetrics:/n-matmul-512,113,113,,,0.02,n-matmul-512,true,d9ddc014a95e,,c-690ef48f-0cf1abd9-ec0c220edbce,1762587869841,Sync,1027.49,1762587869841,21.0.3.8,false,512,2.33,InvokeFunction,,,LATEST,1-690ef4dd-0c0a43-71e64f5ee41b,OnDemand,,,0.50,,"{""errorType"":""FunctionAbnormalExitError""}"
,D57BF307AB3C1DBB07F853EA29DFAA8E-27,1762587871,FCRequestMetrics:/n-matmul-512,125,125,,,3044.92,n-matmul-512,false,4a02a8b2ccf7,,c-690ef48f-0cf1abd9-3378a67d936f,1762587868147,Sync,3249.86,1762587867943,21.0.3.10,false,512,36.67,InvokeFunction,,,LATEST,1-690ef4db-0c0a43-cea98951575d,OnDemand,,,203.74,
,E336B2A6408E27B02C6CAB82C50088BC-D,1762587871,FCRequestMetrics:/n-matmul-512,125,125,,,2963.03,n-matmul-512,false,b76d94444b2f,,c-690ef4c1-0cf1abd9-48675e1450f8,1762587868206,Sync,3001.79,1762587868168,21.0.3.7,false,512,40.11,InvokeFunction,,,LATEST,1-690ef4dc-0c49fa-1996586164d9,OnDemand,,,37.80,
,447511FEAA2C196192B29D0355E78B1D-29,1762587871,FCRequestMetrics:/n-matmul-512,125,125,,,2945.96,n-matmul-512,false,2be5f8bcaa9a,,c-690ef48f-0cf1abd9-405aaa419009,1762587868108,Sync,3107.28,1762587867948,21.0.3.9,false,512,37.98,InvokeFunction,,,LATEST,1-690ef4db-0c49fa-31d0a2782bd4,OnDemand,,,160.31,
,F898A01EEA6FFC9C575701D6D0948E55-29,1762587871,FCRequestMetrics:/n-matmul-512,125,125,,,3002.94,n-matmul-512,false,7a16d098497d,,c-690ef48f-0cf1abd9-9a6242cc8b28,1762587868172,Sync,3028.60,1762587868147,21.0.3.8,false,512,39.72,InvokeFunction,,,LATEST,1-690ef4dc-0c0a43-8f42cb010e40,OnDemand,,,25.02,
,7780C0688E26C68EB0D69712BCDE475F-26,1762587871,FCRequestMetrics:/n-matmul-512,125,125,,,2922.72,n-matmul-512,false,333740b1eaee,,c-690ef490-0cf1abd9-b30a2e13f5eb,1762587868132,Sync,3093.84,1762587867962,21.0.3.12,false,512,36.31,InvokeFunction,,,LATEST,1-690ef4db-0c49fa-98ae48097195,OnDemand,,,170.11,
,32144092075796B61E66CC5CB449FE74-27,1762587871,FCRequestMetrics:/n-matmul-512,125,125,,,2884.77,n-matmul-512,false,4e09d5ee1757,,c-690ef48f-0cf1abd9-c9b2724f454d,1762587868466,Sync,2949.68,1762587868402,21.0.3.11,false,512,38.54,InvokeFunction,,,LATEST,1-690ef4dc-0c49fa-5946b7c10787,OnDemand,,,64.00,
,148C1B09986999E20AA0FF04F10942D0-29,1762587871,FCRequestMetrics:/n-matmul-512,125,125,,,2897.99,n-matmul-512,false,aa1e2085073a,,c-690ef48f-0cf1abd9-2b72cdd5c5c2,1762587868523,Sync,2965.19,1762587868456,21.0.3.10,false,512,38.02,InvokeFunction,,,LATEST,1-690ef4dc-0c49fa-d0a1b9c34fbc,OnDemand,,,66.30,
,7C823A060900EA64C601C711AE9A8E7B-26,1762587871,FCRequestMetrics:/n-matmul-512,125,125,,,3408.65,n-matmul-512,false,a9c1f9cad0fa,,c-690ef492-0cf1abd9-41b4dd0accbf,1762587868061,Sync,3523.16,1762587867948,21.0.3.10,false,512,41.61,InvokeFunction,,,LATEST,1-690ef4db-0c49fa-0e446c981127,OnDemand,,,113.33,
,C9A28A785F95831BC9FC8EA20129FD05-10,1762587871,FCRequestMetrics:/n-matmul-512,125,125,,,2724.21,n-matmul-512,false,4856bc7a68f1,,c-690ef4c1-0cf1abd9-aae68ff129ed,1762587868728,Sync,2783.95,1762587868669,21.0.3.6,false,512,39.95,InvokeFunction,,,LATEST,1-690ef4dc-0c0a43-daf16fab6b41,OnDemand,,,58.70,
,CA067C7B13641001A367D67FE1936091-27,1762587871,FCRequestMetrics:/n-matmul-512,125,125,,,3161.32,n-matmul-512,false,5046f6076057,,c-690ef490-0cf1abd9-851ce87263d1,1762587868636,Sync,3420.04,1762587868378,21.0.3.11,false,512,38.68,InvokeFunction,,,LATEST,1-690ef4dc-0c0a43-542ea67af22a,OnDemand,,,257.65,
,4D57B9EBA87590C7398CF6540746C6BE-27,1762587871,FCRequestMetrics:/n-matmul-512,125,125,,,2964.91,n-matmul-512,false,cf9fc6279e9f,,c-690ef490-0cf1abd9-f9b75dacbfca,1762587868592,Sync,2966.46,1762587868592,21.0.3.10,false,512,36.41,InvokeFunction,,,LATEST,1-690ef4dc-0c0a43-cecb15e05f98,OnDemand,,,0.45,
,A58D23371A460570694E59E83C205D35-27,1762587871,FCRequestMetrics:/n-matmul-512,125,125,,,3034.70,n-matmul-512,false,f5099c18cdf1,,c-690ef48f-0cf1abd9-aa29b9d0aa99,1762587868716,Sync,3392.91,1762587868359,21.0.3.11,false,512,35.76,InvokeFunction,,,LATEST,1-690ef4dc-0c49fa-82beb6ed0723,OnDemand,,,357.01,
,86D3C1657BB7CB6F9D6C1B5957027679-16,1762587871,FCRequestMetrics:/n-matmul-512,125,125,,,3525.81,n-matmul-512,false,41e163ab7845,,c-690ef4b1-0cf1abd9-383b8cf3b88f,1762587868132,Sync,3595.32,1762587868063,21.0.3.10,false,512,39.90,InvokeFunction,,,LATEST,1-690ef4dc-0c49fa-5adc869bb972,OnDemand,,,68.65,
,7F41C0AC9649E78CE4E6389BA04F93F7-27,1762587871,FCRequestMetrics:/n-matmul-512,125,125,,,3356.55,n-matmul-512,false,2f9a827ac39a,,c-690ef48f-0cf1abd9-d481ef5b70cb,1762587868592,Sync,3359.84,1762587868591,21.0.3.12,false,512,35.97,InvokeFunction,,,LATEST,1-690ef4dc-0c0a43-78f2dc2f301c,OnDemand,,,0.52,
,BD1D69C9267D95E53B2A79C6CB35D41D-24,1762587871,FCRequestMetrics:/n-matmul-512,125,125,,,3532.33,n-matmul-512,false,987841b3d4f5,,c-690ef492-0cf1abd9-b72bb88bbd36,1762587868324,Sync,3671.61,1762587868186,21.0.3.12,false,512,40.02,InvokeFunction,,,LATEST,1-690ef4dc-0c49fa-9e9e38eb84e5,OnDemand,,,138.11,
,B50B6C7E4A9EFD8ADCDAE8E71A8A357B-28,1762587871,FCRequestMetrics:/n-matmul-512,125,125,,,3044.89,n-matmul-512,false,0c3cf93849f8,,c-690ef48f-0cf1abd9-ad135b628654,1762587868879,Sync,3161.65,1762587868763,21.0.3.8,false,512,36.80,InvokeFunction,,,LATEST,1-690ef4dc-0c49fa-79c0617b4467,OnDemand,,,115.56,
,B1B3EF35016788C3424F79DCBD83BB05-29,1762587871,FCRequestMetrics:/n-matmul-512,125,125,,,3232.06,n-matmul-512,false,8e7a4967c312,,c-690ef48f-0cf1abd9-e1933dd451ba,1762587868694,Sync,3293.10,1762587868634,21.0.3.10,false,512,37.85,InvokeFunction,,,LATEST,1-690ef4dc-0c0a43-03e63d50eabe,OnDemand,,,60.06,
,86C97E3549B8E428464CF6B56B68BFDC-16,1762587871,FCRequestMetrics:/n-matmul-512,125,125,,,2749.84,n-matmul-512,false,5a3240bb4b57,,c-690ef4b1-0cf1abd9-ef240bcd1d76,1762587869221,Sync,3240.51,1762587868731,21.0.3.12,false,512,37.87,InvokeFunction,,,LATEST,1-690ef4dc-0c49fa-67e5c3c9e4fc,OnDemand,,,489.80,
,5E37C0E4F38EC01A59BF0AC51B37D7D9-13,1762587871,FCRequestMetrics:/n-matmul-512,125,125,,,3157.74,n-matmul-512,false,675e218faad5,,c-690ef4b2-0cf1abd9-5c68fc00ab92,1762587868810,Sync,3216.64,1762587868752,21.0.3.12,false,512,39.66,InvokeFunction,,,LATEST,1-690ef4dc-0c49fa-c22601fb1e1a,OnDemand,,,57.72,
,F91A17FDEE204113BD7FCEE97E77B19D-27,1762587871,FCRequestMetrics:/n-matmul-512,125,125,,,2943.16,n-matmul-512,false,b4a55f945517,,c-690ef48f-0cf1abd9-f3db6505083a,1762587868930,Sync,3104.75,1762587868769,21.0.3.12,false,512,42.45,InvokeFunction,,,LATEST,1-690ef4dc-0c0a43-af4bb135cb5c,OnDemand,,,160.40,
,BF0051A2DC4BF4DDC3679E47B8B32C9C-10,1762587871,FCRequestMetrics:/n-matmul-512,125,125,,,3432.14,n-matmul-512,false,e797c285140c,,c-690ef4c0-0cf1abd9-8278610d83f5,1762587868442,Sync,3561.75,1762587868313,21.0.3.8,false,512,39.90,InvokeFunction,,,LATEST,1-690ef4dc-0c0a43-ea8b0262581d,OnDemand,,,128.45,
,7FDD645C18A05AFCA1EE540844E336B4-25,1762587871,FCRequestMetrics:/n-matmul-512,124,124,,,3657.12,n-matmul-512,false,005047e6f771,,c-690ef48f-0cf1abd9-a4e85c44b759,1762587868032,Sync,3748.31,1762587867942,21.0.3.10,false,512,26.72,InvokeFunction,,,LATEST,1-690ef4db-0c49fa-80d120cba872,OnDemand,,,89.65,
,3D753EA828DEDBBB0DF10FE8437E0EE2-1D,1762587871,FCRequestMetrics:/n-matmul-512,125,125,,,3156.17,n-matmul-512,false,13a75e602ffd,,c-690ef49e-0cf1abd9-124626cd631e,1762587868179,Sync,3169.79,1762587868168,21.0.3.12,false,512,26.79,InvokeFunction,,,LATEST,1-690ef4dc-0c49fa-bc54bcd12918,OnDemand,,,10.76,
,812F252289DEF5D6E7CEF166CCF20854-F,1762587871,FCRequestMetrics:/n-matmul-512,125,125,,,3278.22,n-matmul-512,false,7cd4cf254b2b,,c-690ef4c0-0cf1abd9-f295f1869449,1762587868433,Sync,3404.12,1762587868309,21.0.3.11,false,512,35.88,InvokeFunction,,,LATEST,1-690ef4dc-0c49fa-5c3ac3aa1442,OnDemand,,,124.37,
,03A714A9772EC266AA0C3B3C7C5F7666-10,1762587871,FCRequestMetrics:/n-matmul-512,125,125,,,3219.49,n-matmul-512,false,579930c5ac3a,,c-690ef4bd-0cf1abd9-7053d50dd4cd,1762587868486,Sync,3274.93,1762587868432,21.0.3.10,false,512,27.09,InvokeFunction,,,LATEST,1-690ef4dc-0c49fa-82725c8f5d93,OnDemand,,,49.39,
,85AE7850BCAF6CD3F0510D61A3C3BE5F-3,1762587871,FCRequestMetrics:/n-matmul-512,125,125,,,3475.84,n-matmul-512,false,d876faebd573,,c-690ef4d6-0cf1abd9-67e660b3df1a,1762587867775,Sync,3630.15,1762587867621,21.0.3.8,false,512,87.74,InvokeFunction,,,LATEST,1-690ef4db-0c49fa-819f12160444,OnDemand,,,153.24,
,BF93D493C22D4491C67A697A08986BFB-6,1762587871,FCRequestMetrics:/n-matmul-512,125,125,,,3039.22,n-matmul-512,false,3624fd232b03,,c-690ef4d1-0cf1abd9-fa48bfbc8b06,1762587868518,Sync,3095.88,1762587868462,21.0.3.9,false,512,41.64,InvokeFunction,,,LATEST,1-690ef4de-0c0a43-43cf6443703d,OnDemand,,,55.32,
,5E4A59CDF3E7A5F12FFA6D69EE5EC6FC-4,1762587871,FCRequestMetrics:/n-matmul-512,125,125,,,3794.50,n-matmul-512,false,2e799e3149e9,,c-690ef4d7-0cf1abd9-47d2e00207ec,1762587868123,Sync,4013.14,1762587867905,21.0.3.10,false,512,36.50,InvokeFunction,,,LATEST,1-690ef4dc-0c49fa-e2e801cdeff7,OnDemand,,,217.71,
,9DDF92507C03E777F745C0AA5C83C458-20,1762587871,FCRequestMetrics:/n-matmul-512,124,124,,,3089.24,n-matmul-512,false,ab20715057dd,,c-690ef49e-0cf1abd9-a4d3e4836d71,1762587867943,Sync,3094.02,1762587867942,21.0.3.8,false,512,36.69,InvokeFunction,,,LATEST,1-690ef4db-0c49fa-5d6346472709,OnDemand,,,0.96,
,AF248E24051D33CE2911D9A18C89C2D3-F,1762587871,FCRequestMetrics:/n-matmul-512,125,125,,,2989.73,n-matmul-512,false,8c4cd304f247,,c-690ef4c1-0cf1abd9-e614043a0e89,1762587868463,Sync,3096.59,1762587868359,21.0.3.10,false,512,36.25,InvokeFunction,,,LATEST,1-690ef4dc-0c0a43-8706247aafe7,OnDemand,,,103.53,
,6C268265BE6071088D6F784688423FBC-1F,1762587871,FCRequestMetrics:/n-matmul-512,125,125,,,3346.13,n-matmul-512,false,f3794d0f4bed,,c-690ef4a4-0cf1abd9-3f60d30fa7e2,1762587867832,Sync,3377.73,1762587867802,21.0.3.11,false,512,34.69,InvokeFunction,,,LATEST,1-690ef4db-0c0a43-e5029b4e7709,OnDemand,,,30.55,
,E438D6118493E314AD4DA785D820E022-16,1762587871,FCRequestMetrics:/n-matmul-512,125,125,,,2989.23,n-matmul-512,false,b191993e8dc4,,c-690ef4b3-0cf1abd9-0d3f75ed2006,1762587868133,Sync,3179.12,1762587867944,21.0.3.8,false,512,36.17,InvokeFunction,,,LATEST,1-690ef4db-0c0a43-e3a3f828a82f,OnDemand,,,188.87,
,A89833F386C2C0AAB19D937BC0A8D2F3-14,1762587871,FCRequestMetrics:/n-matmul-512,125,125,,,2918.26,n-matmul-512,false,ea0bccbe44d2,,c-690ef4b4-0cf1abd9-c9ccab6a1a6a,1762587868894,Sync,3048.17,1762587868766,21.0.3.8,false,512,34.13,InvokeFunction,,,LATEST,1-690ef4dc-0c0a43-58cbe1f609e5,OnDemand,,,128.24,
,E28B31C1AD09CA2631349F2F5CD41FEA-16,1762587871,FCRequestMetrics:/n-matmul-512,124,124,,,3212.06,n-matmul-512,false,378303f5ffb1,,c-690ef4b4-0cf1abd9-4d6de11efb71,1762587867964,Sync,3236.79,1762587867941,21.0.3.9,false,512,36.28,InvokeFunction,,,LATEST,1-690ef4db-0c0a43-0b4e2cc0ee28,OnDemand,,,23.39,
,22262E23B35913584F104007F60CDE44-29,1762587871,FCRequestMetrics:/n-matmul-512,125,125,,,3022.63,n-matmul-512,false,5c984f724ebf,,c-690ef48f-0cf1abd9-4d671f684c9c,1762587868395,Sync,3207.63,1762587868210,21.0.3.9,false,512,37.09,InvokeFunction,,,LATEST,1-690ef4dc-0c0a43-07ff9c6c6f47,OnDemand,,,184.05,
,028699F502CA3D7E230041FC52AB4DE5-17,1762587871,FCRequestMetrics:/n-matmul-512,113,113,,,0.04,n-matmul-512,true,c3f0f0de03a0,,c-690ef4b1-0cf1abd9-f906b5304a3d,1762587870039,Sync,1147.24,1762587870038,21.0.3.8,false,512,2.23,InvokeFunction,,,LATEST,1-690ef4de-0c49fa-8b2244049586,OnDemand,,,0.98,,"{""errorType"":""FunctionAbnormalExitError""}"
,A07FED3AC0D9C87237C2A7F7FEAC1FF2-12,1762587871,FCRequestMetrics:/n-matmul-512,119,119,,,0.04,n-matmul-512,true,5059a3c012ce,,c-690ef4bc-0cf1abd9-aaba1ef8e3d8,1762587869619,Sync,1576.40,1762587869619,21.0.3.8,false,512,2.16,InvokeFunction,,,LATEST,1-690ef4dd-0c0a43-3b4893d793cf,OnDemand,,,0.54,,"{""errorType"":""FunctionAbnormalExitError""}"
,9E860D881BD9449D0F2C4975F44F7ABC-19,1762587871,FCRequestMetrics:/n-matmul-512,125,125,,,0.02,n-matmul-512,true,dc22095edf84,,c-690ef4b1-0cf1abd9-834eca231e91,1762587870379,Sync,1501.35,1762587870066,21.0.3.9,false,512,4.11,InvokeFunction,,,LATEST,1-690ef4de-0c49fa-76af0cede863,OnDemand,,,313.12,,"{""errorType"":""FunctionAbnormalExitError""}"
,CF8B8E5EDA76CE1E15E6DE137B05F0FC-12,1762587871,FCRequestMetrics:/n-matmul-512,113,113,,,0.04,n-matmul-512,true,09ed6314a647,,c-690ef4bd-0cf1abd9-4b304ea77a49,1762587869872,Sync,1678.94,1762587869871,21.0.3.12,false,512,4.05,InvokeFunction,,,LATEST,1-690ef4dd-0c0a43-21a03c9e0659,OnDemand,,,0.69,,"{""errorType"":""FunctionAbnormalExitError""}"
,C669C9C152D9C54DF2797A7C10154A81-6,1762587871,FCRequestMetrics:/n-matmul-512,113,113,,,2980.38,n-matmul-512,false,e117dfcc4a03,,c-690ef4d5-0cf1abd9-8087fa0fddfa,1762587868610,Sync,2982.44,1762587868609,21.0.3.10,false,512,36.71,InvokeFunction,,,LATEST,1-690ef4dd-0c49fa-683f0a5b0565,OnDemand,,,1.16,
,13AC9179567B6A88BE4E678F8CBCF027-1D,1762587871,FCRequestMetrics:/n-matmul-512,113,113,,,0.02,n-matmul-512,true,c1270f7ffdb8,,c-690ef4a1-0cf1abd9-661404bfd8df,1762587870095,Sync,1437.56,1762587870065,21.0.3.12,false,512,2.09,InvokeFunction,,,LATEST,1-690ef4de-0c0a43-149802f10e5e,OnDemand,,,29.20,,"{""errorType"":""FunctionAbnormalExitError""}"
,90D8D68606671C7D3CC9428DB5D1A5ED-1E,1762587871,FCRequestMetrics:/n-matmul-512,125,125,,,0.03,n-matmul-512,true,43290576c1e6,,c-690ef4a1-0cf1abd9-784f475cf818,1762587870167,Sync,1685.17,1762587870106,21.0.3.11,false,512,4.06,InvokeFunction,,,LATEST,1-690ef4de-0c0a43-d50d13dc02e6,OnDemand,,,61.45,,"{""errorType"":""FunctionAbnormalExitError""}"
,95881DBD69A5D46DBD0CE5603278C262-6,1762587871,FCRequestMetrics:/n-matmul-512,113,113,,,3100.47,n-matmul-512,false,0cc96397dcc6,,c-690ef4d5-0cf1abd9-bb46dcba3bb4,1762587868774,Sync,3101.87,1762587868773,21.0.3.11,false,512,36.44,InvokeFunction,,,LATEST,1-690ef4de-0c0a43-474d2dd6a44d,OnDemand,,,0.47,
,A215E42A48869DE9E4DCA54EC0297126-5,1762587871,FCRequestMetrics:/n-matmul-512,113,113,,,3169.35,n-matmul-512,false,ae96b778c52c,,c-690ef4d4-0cf1abd9-80805a6a9659,1762587868783,Sync,3171.09,1762587868782,21.0.3.8,false,512,89.35,InvokeFunction,,,LATEST,1-690ef4de-0c0a43-e600cd2434cd,OnDemand,,,0.46,
,51921E23C89315F7BBF480D8419B0A1D-6,1762587871,FCRequestMetrics:/n-matmul-512,116,116,,,3234.78,n-matmul-512,false,394b6570c5ea,,c-690ef4d5-0cf1abd9-8026978f4fdc,1762587868459,Sync,3236.85,1762587868457,21.0.3.12,false,512,36.88,InvokeFunction,,,LATEST,1-690ef4dd-0c49fa-800f11969646,OnDemand,,,1.34,
,E763FEDED2DD2923A606C1ABC0F0B8DF-6,1762587871,FCRequestMetrics:/n-matmul-512,113,113,,,3041.22,n-matmul-512,false,6d406cad06b1,,c-690ef4d4-0cf1abd9-1184c15b4902,1762587868781,Sync,3042.88,1762587868780,21.0.3.9,false,512,39.17,InvokeFunction,,,LATEST,1-690ef4de-0c0a43-7c2814a3fbd2,OnDemand,,,0.47,
,FFBE1F54232C7105BB9D9D9815146807-17,1762587871,FCRequestMetrics:/n-matmul-512,125,125,,,0.05,n-matmul-512,true,4210c93d9e28,,c-690ef4b2-0cf1abd9-734e58adbe38,1762587870754,Sync,1367.16,1762587870478,21.0.3.10,false,512,4.18,InvokeFunction,,,LATEST,1-690ef4de-0c0a43-e6b7424e3a2c,OnDemand,,,276.54,,"{""errorType"":""FunctionAbnormalExitError""}"
,76578469F84FCD1CB8F7AE0D7CEF0D58-9,1762587871,FCRequestMetrics:/n-matmul-512,121,121,,,0.03,n-matmul-512,true,8c2f5578c019,,c-690ef4d1-0cf1abd9-df87844cb3e3,1762587870072,Sync,1663.02,1762587870028,21.0.3.7,false,512,2.50,InvokeFunction,,,LATEST,1-690ef4df-0c49fa-9aa71d87df71,OnDemand,,,43.68,,"{""errorType"":""FunctionAbnormalExitError""}"
,3BDEEDD6F6C1B51E5137A970AE75BAA4-24,1762587872,FCRequestMetrics:/n-matmul-512,125,125,,,3731.17,n-matmul-512,false,3b2b33dbd196,,c-690ef492-0cf1abd9-bbdff8eda83c,1762587868323,Sync,4109.60,1762587867946,21.0.3.9,false,512,41.55,InvokeFunction,,,LATEST,1-690ef4db-0c49fa-004e6af11a0a,OnDemand,,,377.20,
,D09BCBD485576D911D13CE495A97C108-14,1762587872,FCRequestMetrics:/n-matmul-512,125,125,,,3419.94,n-matmul-512,false,67959926d07f,,c-690ef4b3-0cf1abd9-62c5a8cabd6b,1762587868675,Sync,3464.19,1762587868632,21.0.3.10,false,512,42.02,InvokeFunction,,,LATEST,1-690ef4dc-0c0a43-eb4a47082366,OnDemand,,,43.09,
,805D0B9C50B0CFD3CF77F88B01A3CC36-27,1762587872,FCRequestMetrics:/n-matmul-512,125,125,,,3276.62,n-matmul-512,false,4277c8c89afa,,c-690ef490-0cf1abd9-df579b907295,1762587868869,Sync,3391.01,1762587868759,21.0.3.12,false,512,43.88,InvokeFunction,,,LATEST,1-690ef4dc-0c0a43-730ece919430,OnDemand,,,109.87,
,FE4CB4BB334203537C4452D39CB19CCC-F,1762587872,FCRequestMetrics:/n-matmul-512,125,125,,,3574.35,n-matmul-512,false,a7689194af96,,c-690ef4c0-0cf1abd9-beaedf295aad,1762587868719,Sync,4725.68,1762587867569,21.0.3.12,false,512,36.78,InvokeFunction,,,LATEST,1-690ef4dc-0c49fa-77345da6559e,OnDemand,,,1149.78,
,E4C186C27FC2E01612D2685505BDC1C8-16,1762587872,FCRequestMetrics:/n-matmul-512,125,125,,,3200.66,n-matmul-512,false,2f46f223d44b,,c-690ef4b3-0cf1abd9-b7dfa30d9e6b,1762587869219,Sync,3498.35,1762587868924,21.0.3.8,false,512,40.03,InvokeFunction,,,LATEST,1-690ef4dc-0c0a43-d25d8c0de31d,OnDemand,,,295.46,
,F031090DB7497FBE9C5AA393E7E68561-29,1762587872,FCRequestMetrics:/n-matmul-512,119,119,,,3090.47,n-matmul-512,false,ac449c8e7f33,,c-690ef48f-0cf1abd9-a7a4b84ee62d,1762587869568,Sync,3092.30,1762587869567,21.0.3.9,false,512,37.88,InvokeFunction,,,LATEST,1-690ef4dd-0c0a43-deacacd4532c,OnDemand,,,0.58,
,49B64A5B3FBA9FC6678BE15B3FA1CAE0-14,1762587872,FCRequestMetrics:/n-matmul-512,113,113,,,2939.35,n-matmul-512,false,b69b715c17a5,,c-690ef4b3-0cf1abd9-2077a8676f3b,1762587869844,Sync,2943.01,1762587869844,21.0.3.11,false,512,37.78,InvokeFunction,,,LATEST,1-690ef4dd-0c0a43-b63cdb680d2f,OnDemand,,,0.54,
,4B2A5B6DBC4B791759CF9FA5FD5DDA4E-3,1762587872,FCRequestMetrics:/n-matmul-512,125,125,,,3920.71,n-matmul-512,false,d9816709289a,,c-690ef4d6-0cf1abd9-2c6970162d0e,1762587868261,Sync,3924.18,1762587868259,21.0.3.9,false,512,41.48,InvokeFunction,,,LATEST,1-690ef4dc-0c0a43-2173ab175ce1,OnDemand,,,1.78,
,22E833C237D88A72ACDEEBC774861945-E,1762587872,FCRequestMetrics:/n-matmul-512,114,114,,,3204.59,n-matmul-512,false,3ad91ce1f715,,c-690ef4c1-0cf1abd9-a9ad8a9b0501,1762587869781,Sync,3206.44,1762587869780,21.0.3.5,false,512,39.36,InvokeFunction,,,LATEST,1-690ef4dd-0c49fa-b6c72e28e3c0,OnDemand,,,0.78,
,8009EC769EAF82E94BE4682B8C0E45B5-F,1762587872,FCRequestMetrics:/n-matmul-512,113,113,,,2928.51,n-matmul-512,false,e18d84b3712e,,c-690ef4c1-0cf1abd9-2df610e1f3e8,1762587870057,Sync,2930.41,1762587870056,21.0.3.8,false,512,37.91,InvokeFunction,,,LATEST,1-690ef4de-0c0a43-0c04d6299711,OnDemand,,,0.49,
,BD9BE3600CF3EADC822FC16C6CE56C55-11,1762587872,FCRequestMetrics:/n-matmul-512,125,125,,,3110.24,n-matmul-512,false,a90b8e21cc4e,,c-690ef4bd-0cf1abd9-4533cb176176,1762587869026,Sync,3537.84,1762587868599,21.0.3.10,false,512,29.18,InvokeFunction,,,LATEST,1-690ef4dc-0c49fa-8ecd24969331,OnDemand,,,426.84,
,EAD7BD32D52FA8C0EC561AB86D8BB129-1E,1762587872,FCRequestMetrics:/n-matmul-512,125,125,,,3162.71,n-matmul-512,false,9697e733b066,,c-690ef49e-0cf1abd9-b7f83cb23224,1762587868893,Sync,3291.11,1762587868766,21.0.3.10,false,512,27.23,InvokeFunction,,,LATEST,1-690ef4dc-0c49fa-880eb4eba1aa,OnDemand,,,127.46,
,3801AF28D1F06D15DE702CA3D1A78840-29,1762587872,FCRequestMetrics:/n-matmul-512,120,120,,,3094.62,n-matmul-512,false,85f7f63caa28,,c-690ef48f-0cf1abd9-8d9a75cfa22a,1762587869533,Sync,3095.97,1762587869532,21.0.3.8,false,512,39.77,InvokeFunction,,,LATEST,1-690ef4dd-0c0a43-13d50092e0ea,OnDemand,,,0.54,
,6CCFB4E4193C923DA012941FDF8BA7C1-25,1762587872,FCRequestMetrics:/n-matmul-512,125,125,,,3484.86,n-matmul-512,false,1ea218c34989,,c-690ef48f-0cf1abd9-4c65696b73c9,1762587869019,Sync,3733.06,1762587868771,21.0.3.9,false,512,26.78,InvokeFunction,,,LATEST,1-690ef4dc-0c49fa-022e5ae868a2,OnDemand,,,246.90,
,8A4C9F8EC0081A54D335C35B65D1357D-1D,1762587872,FCRequestMetrics:/n-matmul-512,125,125,,,3617.71,n-matmul-512,false,1c5ca9e1c7f9,,c-690ef4a4-0cf1abd9-274debaa5e8f,1762587868974,Sync,3825.30,1762587868770,21.0.3.9,false,512,39.39,InvokeFunction,,,LATEST,1-690ef4dc-0c49fa-fe91b96178d0,OnDemand,,,204.71,
,395AF19B30E923F04509691974E770B2-16,1762587872,FCRequestMetrics:/n-matmul-512,113,113,,,2867.81,n-matmul-512,false,16c28b2331e7,,c-690ef4b3-0cf1abd9-03841df006e6,1762587870095,Sync,2899.12,1762587870066,21.0.3.12,false,512,39.55,InvokeFunction,,,LATEST,1-690ef4de-0c0a43-e561a136968c,OnDemand,,,28.86,
,78CD85FE04C684FD432ABFF362CBF50C-27,1762587872,FCRequestMetrics:/n-matmul-512,125,125,,,3485.99,n-matmul-512,false,6999fff919fb,,c-690ef48f-0cf1abd9-6c6d9044c534,1762587869190,Sync,3759.56,1762587868917,21.0.3.11,false,512,26.86,InvokeFunction,,,LATEST,1-690ef4dc-0c0a43-22fc7dd9656e,OnDemand,,,272.34,
,5A4B169E4A6A12AF96E6A9F31574ACDB-10,1762587872,FCRequestMetrics:/n-matmul-512,125,125,,,3379.56,n-matmul-512,false,e49c1078154a,,c-690ef4bd-0cf1abd9-52730e96d71d,1762587869033,Sync,3590.78,1762587868826,21.0.3.12,false,512,27.25,InvokeFunction,,,LATEST,1-690ef4dc-0c0a43-75739de2aa97,OnDemand,,,205.81,
,5F3A1644AB2A1C8B074AB8754A10A293-1B,1762587872,FCRequestMetrics:/n-matmul-512,125,125,,,3444.79,n-matmul-512,false,69f1f8b4cc9d,,c-690ef4a4-0cf1abd9-06b3493bf27e,1762587868631,Sync,3475.09,1762587868603,21.0.3.12,false,512,36.25,InvokeFunction,,,LATEST,1-690ef4dc-0c49fa-053690edbd86,OnDemand,,,27.65,
,C5E3D6C1456AB3A159B70500C779D02C-6,1762587872,FCRequestMetrics:/n-matmul-512,125,125,,,3149.02,n-matmul-512,false,03aa7a5e978e,,c-690ef4d1-0cf1abd9-37e40b6fa245,1762587868897,Sync,3241.03,1762587868806,21.0.3.11,false,512,39.52,InvokeFunction,,,LATEST,1-690ef4de-0c0a43-bfa1c8459494,OnDemand,,,90.62,
,EABCDA55D43EA68A09CAEB4C9E234812-4,1762587872,FCRequestMetrics:/n-matmul-512,116,116,,,3676.27,n-matmul-512,false,2ac0bc3d44f6,,c-690ef4d7-0cf1abd9-14d53d3e8f33,1762587869321,Sync,3677.74,1762587869320,21.0.3.11,false,512,34.36,InvokeFunction,,,LATEST,1-690ef4dd-0c0a43-b34da11e2321,OnDemand,,,0.50,
,3EC79B1A2832FEBC3A7D2A1336CBC72B-B,1762587872,FCRequestMetrics:/n-matmul-512,125,125,,,3389.12,n-matmul-512,false,1ba7f32a1a20,,c-690ef4c8-0cf1abd9-b1f4c901d515,1762587869237,Sync,3694.14,1762587868933,21.0.3.12,false,512,36.32,InvokeFunction,,,LATEST,1-690ef4dc-0c49fa-21114e849aad,OnDemand,,,303.85,
,023E1362E98622AC0BA42C246E757652-16,1762587872,FCRequestMetrics:/n-matmul-512,114,114,,,2941.92,n-matmul-512,false,c2dc25ac0291,,c-690ef4b3-0cf1abd9-482c4f6b212d,1762587869813,Sync,2948.73,1762587869812,21.0.3.9,false,512,35.89,InvokeFunction,,,LATEST,1-690ef4dd-0c0a43-2ea1a7128178,OnDemand,,,0.44,
,715E1B0E1B21EEA77E59E1CCA6C827A1-14,1762587872,FCRequestMetrics:/n-matmul-512,113,113,,,3056.61,n-matmul-512,false,227434a33de2,,c-690ef4b3-0cf1abd9-7a1935f5d276,1762587869835,Sync,3059.67,1762587869834,21.0.3.11,false,512,36.27,InvokeFunction,,,LATEST,1-690ef4dd-0c0a43-f20fb5d75b99,OnDemand,,,0.48,
,EC65B6B96723558D074A84C970ABFB6D-15,1762587872,FCRequestMetrics:/n-matmul-512,114,114,,,3059.99,n-matmul-512,false,dc0d493de807,,c-690ef4b3-0cf1abd9-88427ba7f908,1762587869743,Sync,3061.61,1762587869742,21.0.3.12,false,512,36.36,InvokeFunction,,,LATEST,1-690ef4dd-0c0a43-66c79c45abcc,OnDemand,,,0.51,
,447511FEAA2C196192B29D0355E78B1D-2B,1762587872,FCRequestMetrics:/n-matmul-512,125,125,,,0.03,n-matmul-512,true,2be5f8bcaa9a,,c-690ef48f-0cf1abd9-405aaa419009,1762587871059,Sync,1867.43,1762587870622,21.0.3.9,false,512,2.18,InvokeFunction,,,LATEST,1-690ef4de-0c0a43-3cd8f67a9c48,OnDemand,,,436.69,,"{""errorType"":""FunctionAbnormalExitError""}"
,148C1B09986999E20AA0FF04F10942D0-2C,1762587872,FCRequestMetrics:/n-matmul-512,125,125,,,0.03,n-matmul-512,true,aa1e2085073a,,c-690ef48f-0cf1abd9-2b72cdd5c5c2,1762587871426,Sync,1511.51,1762587871072,21.0.3.10,false,512,2.16,InvokeFunction,,,LATEST,1-690ef4df-0c49fa-572d26491972,OnDemand,,,353.42,,"{""errorType"":""FunctionAbnormalExitError""}"
,E336B2A6408E27B02C6CAB82C50088BC-F,1762587872,FCRequestMetrics:/n-matmul-512,125,125,,,0.03,n-matmul-512,true,b76d94444b2f,,c-690ef4c1-0cf1abd9-48675e1450f8,1762587871174,Sync,1567.94,1762587871065,21.0.3.7,false,512,4.25,InvokeFunction,,,LATEST,1-690ef4df-0c49fa-aa664d15d7a7,OnDemand,,,109.27,,"{""errorType"":""FunctionAbnormalExitError""}"
,F898A01EEA6FFC9C575701D6D0948E55-2B,1762587872,FCRequestMetrics:/n-matmul-512,125,125,,,0.06,n-matmul-512,true,7a16d098497d,,c-690ef48f-0cf1abd9-9a6242cc8b28,1762587871181,Sync,1567.35,1762587871082,21.0.3.8,false,512,2.05,InvokeFunction,,,LATEST,1-690ef4df-0c49fa-f12fb571604f,OnDemand,,,98.74,,"{""errorType"":""FunctionAbnormalExitError""}"
,86D3C1657BB7CB6F9D6C1B5957027679-18,1762587872,FCRequestMetrics:/n-matmul-512,121,121,,,0.04,n-matmul-512,true,41e163ab7845,,c-690ef4b1-0cf1abd9-383b8cf3b88f,1762587871663,Sync,1175.57,1762587871659,21.0.3.10,false,512,4.21,InvokeFunction,,,LATEST,1-690ef4df-0c49fa-82e4c80f2ace,OnDemand,,,3.61,,"{""errorType"":""FunctionAbnormalExitError""}"
,C9A28A785F95831BC9FC8EA20129FD05-12,1762587872,FCRequestMetrics:/n-matmul-512,125,125,,,0.03,n-matmul-512,true,4856bc7a68f1,,c-690ef4c1-0cf1abd9-aae68ff129ed,1762587871460,Sync,1772.10,1762587871081,21.0.3.6,false,512,2.21,InvokeFunction,,,LATEST,1-690ef4df-0c49fa-b1a0b6c733ba,OnDemand,,,378.75,,"{""errorType"":""FunctionAbnormalExitError""}"
,7C823A060900EA64C601C711AE9A8E7B-28,1762587872,FCRequestMetrics:/n-matmul-512,125,125,,,0.03,n-matmul-512,true,a9c1f9cad0fa,,c-690ef492-0cf1abd9-41b4dd0accbf,1762587871475,Sync,1581.59,1762587871377,21.0.3.10,false,512,4.29,InvokeFunction,,,LATEST,1-690ef4df-0c49fa-4f9c25e6f81e,OnDemand,,,97.03,,"{""errorType"":""FunctionAbnormalExitError""}"
,5AFAB66E1E7466E5D8B7B9E08DE1641F-8,1762587872,FCRequestMetrics:/n-matmul-512,125,125,,,0.02,n-matmul-512,true,b625bc4b4ab4,,c-690ef4d1-0cf1abd9-cc0167f16a90,1762587870406,Sync,1977.69,1762587870352,21.0.3.6,false,512,60.02,InvokeFunction,,,LATEST,1-690ef4df-0c0a43-7a242f832b30,OnDemand,,,54.06,,"{""errorType"":""FunctionAbnormalExitError""}"
,01D4E8E7911B88CA9BFEF68BF58454E3-9,1762587872,FCRequestMetrics:/n-matmul-512,125,125,,,0.12,n-matmul-512,true,af9f8faefca2,,c-690ef4d1-0cf1abd9-2cb97b541620,1762587870645,Sync,2032.53,1762587870550,21.0.3.10,false,512,2.22,InvokeFunction,,,LATEST,1-690ef4e0-0c0a43-d90f2ae852eb,OnDemand,,,94.79,,"{""errorType"":""FunctionAbnormalExitError""}"
,19D19504A7F011D98456D47931F40832-17,1762587873,FCRequestMetrics:/n-matmul-512,113,113,,,3401.42,n-matmul-512,false,d76a12fc0134,,c-690ef4b1-0cf1abd9-3da89f7b182b,1762587870043,Sync,3403.76,1762587870042,21.0.3.11,false,512,38.04,InvokeFunction,,,LATEST,1-690ef4de-0c49fa-f6771c99e05f,OnDemand,,,0.93,
,1C05D5B02F01F46143D999E67440A343-29,1762587873,FCRequestMetrics:/n-matmul-512,113,113,,,2981.97,n-matmul-512,false,ded09bee0b2d,,c-690ef48f-0cf1abd9-2bb86706a2c4,1762587870046,Sync,2983.37,1762587870046,21.0.3.9,false,512,39.99,InvokeFunction,,,LATEST,1-690ef4de-0c0a43-871ab510455b,OnDemand,,,0.47,
,5F40BF3643AE590E1A0AFBFC2BB1CC92-16,1762587873,FCRequestMetrics:/n-matmul-512,114,114,,,3405.46,n-matmul-512,false,918ade19bbee,,c-690ef4b1-0cf1abd9-3df7810e23e4,1762587869788,Sync,3406.87,1762587869787,21.0.3.11,false,512,38.16,InvokeFunction,,,LATEST,1-690ef4dd-0c0a43-29887deb5223,OnDemand,,,0.49,
,333D4C666C8B83BB41B1C7D79452A532-10,1762587873,FCRequestMetrics:/n-matmul-512,114,114,,,3864.19,n-matmul-512,false,e3c6c131f32d,,c-690ef4c0-0cf1abd9-c5743552479f,1762587869378,Sync,3866.40,1762587869377,21.0.3.9,false,512,39.42,InvokeFunction,,,LATEST,1-690ef4dd-0c49fa-ade1710a5622,OnDemand,,,1.31,
,D383B16911701B57D8112BE288DB8A26-17,1762587873,FCRequestMetrics:/n-matmul-512,113,113,,,3224.89,n-matmul-512,false,bb19602af764,,c-690ef4b1-0cf1abd9-7e88298a556b,1762587870057,Sync,3231.31,1762587870051,21.0.3.10,false,512,39.61,InvokeFunction,,,LATEST,1-690ef4de-0c49fa-c090254b602a,OnDemand,,,1.12,
,52D7D507918D931708B22C4CE8E63CCC-16,1762587873,FCRequestMetrics:/n-matmul-512,113,113,,,3153.43,n-matmul-512,false,7e3f21c3452b,,c-690ef4b2-0cf1abd9-448ba4a6e619,1762587870067,Sync,3157.86,1762587870064,21.0.3.9,false,512,37.51,InvokeFunction,,,LATEST,1-690ef4de-0c0a43-c5f82f45a77d,OnDemand,,,2.84,
,3D3F830804794EE934A3F39C618D6DA7-14,1762587873,FCRequestMetrics:/n-matmul-512,125,125,,,2664.73,n-matmul-512,false,a5074fb07ccb,,c-690ef4b3-0cf1abd9-4204fc55cfbc,1762587870607,Sync,2716.83,1762587870556,21.0.3.9,false,512,37.96,InvokeFunction,,,LATEST,1-690ef4de-0c0a43-a755e8b94553,OnDemand,,,50.94,
,A61C5B29A1D7F2390D1E51D697C6283B-14,1762587873,FCRequestMetrics:/n-matmul-512,113,113,,,2950.54,n-matmul-512,false,14782dc1bc2e,,c-690ef4b4-0cf1abd9-744e5d667f19,1762587870058,Sync,2954.54,1762587870056,21.0.3.12,false,512,34.24,InvokeFunction,,,LATEST,1-690ef4de-0c49fa-7d7d8a809a93,OnDemand,,,1.34,
,9ADEFA90B0D30226FA9EC5C9D5AE07C5-1E,1762587873,FCRequestMetrics:/n-matmul-512,113,113,,,3461.92,n-matmul-512,false,720d5821fc65,,c-690ef4a1-0cf1abd9-d2a0858351d9,1762587870048,Sync,3463.88,1762587870046,21.0.3.9,false,512,29.14,InvokeFunction,,,LATEST,1-690ef4de-0c49fa-04d1d1c19d69,OnDemand,,,0.94,
,A6333F63464BC687DF1965DBFE05F1DB-28,1762587873,FCRequestMetrics:/n-matmul-512,124,124,,,2823.12,n-matmul-512,false,3e88eb377bf5,,c-690ef490-0cf1abd9-507f1daf6985,1762587870973,Sync,2998.15,1762587870798,21.0.3.11,false,512,41.58,InvokeFunction,,,LATEST,1-690ef4de-0c0a43-cd00a3228dae,OnDemand,,,174.02,
,30B0C091F501AEB24D6930948CD8CD12-12,1762587873,FCRequestMetrics:/n-matmul-512,125,125,,,3750.20,n-matmul-512,false,f585a3de42a9,,c-690ef4c0-0cf1abd9-2f59d877e38b,1762587870080,Sync,3919.72,1762587869917,21.0.3.10,false,512,41.64,InvokeFunction,,,LATEST,1-690ef4de-0c49fa-83954699da2d,OnDemand,,,162.35,
,0AE60AD6E226644C212775A9AD9DBC3A-14,1762587873,FCRequestMetrics:/n-matmul-512,125,125,,,3034.41,n-matmul-512,false,e5c3b3dfa4c1,,c-690ef4b3-0cf1abd9-04675e7328d5,1762587870920,Sync,3310.29,1762587870645,21.0.3.10,false,512,39.59,InvokeFunction,,,LATEST,1-690ef4de-0c0a43-230eae9c0358,OnDemand,,,274.68,
,F633B574683DE8AA2BF0D3EEBDF4C796-16,1762587873,FCRequestMetrics:/n-matmul-512,125,125,,,3469.12,n-matmul-512,false,2aab02d9eb5a,,c-690ef4b2-0cf1abd9-a85fa9ced593,1762587870520,Sync,3624.41,1762587870366,21.0.3.8,false,512,38.00,InvokeFunction,,,LATEST,1-690ef4de-0c49fa-f2339789b120,OnDemand,,,153.62,
,F07C00865CBCDDD3603F2861EC1005E7-27,1762587873,FCRequestMetrics:/n-matmul-512,115,115,,,3425.85,n-matmul-512,false,23ed8e688827,,c-690ef48f-0cf1abd9-c9d277f8db04,1762587869951,Sync,3427.64,1762587869950,21.0.3.12,false,512,26.66,InvokeFunction,,,LATEST,1-690ef4dd-0c49fa-ec8bde315c44,OnDemand,,,0.97,
,6448458DC5EEDA4B01194355EB33D0AF-24,1762587873,FCRequestMetrics:/n-matmul-512,125,125,,,3524.70,n-matmul-512,false,e9af6d91c5a8,,c-690ef492-0cf1abd9-8e96e2aae5ad,1762587870199,Sync,3593.00,1762587870132,21.0.3.11,false,512,39.79,InvokeFunction,,,LATEST,1-690ef4de-0c49fa-06f50c5bf2e9,OnDemand,,,67.24,
,D47609DF0A0B8379D6163E9247FE0B62-17,1762587873,FCRequestMetrics:/n-matmul-512,113,113,,,3414.66,n-matmul-512,false,94f30db206a9,,c-690ef4b1-0cf1abd9-5ce21036fb60,1762587870039,Sync,3417.37,1762587870038,21.0.3.9,false,512,26.36,InvokeFunction,,,LATEST,1-690ef4de-0c0a43-71d76c139526,OnDemand,,,0.54,
,1F1FFC412871BA58DE9DD242432C9C35-27,1762587873,FCRequestMetrics:/n-matmul-512,125,125,,,3310.11,n-matmul-512,false,a2dfb552053b,,c-690ef492-0cf1abd9-8c97f365993b,1762587870284,Sync,3536.46,1762587870058,21.0.3.8,false,512,26.47,InvokeFunction,,,LATEST,1-690ef4de-0c0a43-16bc4bce07d1,OnDemand,,,223.91,
,8C91CD9281F35024322C2F606CD0B1FE-12,1762587873,FCRequestMetrics:/n-matmul-512,125,125,,,3054.28,n-matmul-512,false,44c83b518121,,c-690ef4bd-0cf1abd9-e8c2a2bb7f02,1762587870187,Sync,3110.25,1762587870132,21.0.3.9,false,512,27.16,InvokeFunction,,,LATEST,1-690ef4de-0c49fa-614a79b6e607,OnDemand,,,54.88,
,32D30CAFDEB66ED4BA2C61AB57673DE9-12,1762587873,FCRequestMetrics:/n-matmul-512,113,113,,,3279.25,n-matmul-512,false,1e73088b591b,,c-690ef4bd-0cf1abd9-2266afd5303d,1762587870082,Sync,3297.22,1762587870065,21.0.3.11,false,512,26.84,InvokeFunction,,,LATEST,1-690ef4de-0c49fa-dad56d0f484f,OnDemand,,,16.61,
,4A1A7379ED68F1567875DE99C92BB621-3,1762587873,FCRequestMetrics:/n-matmul-512,116,116,,,3624.85,n-matmul-512,false,d5bc7449f792,,c-690ef4d8-0cf1abd9-7eb634cbbfaf,1762587869385,Sync,3626.97,1762587869384,21.0.3.12,false,512,34.57,InvokeFunction,,,LATEST,1-690ef4dd-0c0a43-6d2dc1c0c718,OnDemand,,,0.54,
,646B33D459BD0A9244D32F781DAF3418-1D,1762587873,FCRequestMetrics:/n-matmul-512,125,125,,,3326.40,n-matmul-512,false,5d92a283eb8a,,c-690ef4a1-0cf1abd9-de1abe369d37,1762587870427,Sync,3693.10,1762587870061,21.0.3.10,false,512,27.25,InvokeFunction,,,LATEST,1-690ef4de-0c0a43-623858dfbde0,OnDemand,,,365.71,
,414BD1893AE2054C5F533C4E4BFB2474-20,1762587873,FCRequestMetrics:/n-matmul-512,125,125,,,3401.70,n-matmul-512,false,e09eb6f846c4,,c-690ef49c-0cf1abd9-96967c00da02,1762587870370,Sync,3530.23,1762587870243,21.0.3.9,false,512,27.12,InvokeFunction,,,LATEST,1-690ef4de-0c0a43-91223f5f6acb,OnDemand,,,123.45,
,B6CBE8EBA74250AA907E560C90566BB4-20,1762587873,FCRequestMetrics:/n-matmul-512,125,125,,,3360.82,n-matmul-512,false,ab282a8889ea,,c-690ef49c-0cf1abd9-bbfeef60bc24,1762587870470,Sync,3479.02,1762587870355,21.0.3.11,false,512,26.86,InvokeFunction,,,LATEST,1-690ef4de-0c49fa-3258bee58d66,OnDemand,,,114.49,
,47EEBB4524D816241D6164558AEC1FDB-12,1762587873,FCRequestMetrics:/n-matmul-512,125,125,,,3051.94,n-matmul-512,false,cf2f5a306fef,,c-690ef4bc-0cf1abd9-4bc9539c85b8,1762587870595,Sync,3109.85,1762587870546,21.0.3.9,false,512,27.03,InvokeFunction,,,LATEST,1-690ef4de-0c49fa-698a7adaf409,OnDemand,,,49.13,
,F0A5925498435F2F6D9BDDB34BF193EA-B,1762587873,FCRequestMetrics:/n-matmul-512,125,125,,,3045.40,n-matmul-512,false,498ae363af0a,,c-690ef4c8-0cf1abd9-33e32577488c,1762587870330,Sync,3141.81,1762587870234,21.0.3.10,false,512,34.21,InvokeFunction,,,LATEST,1-690ef4de-0c49fa-b3e49a924c65,OnDemand,,,95.53,
,454D28B9ADC842A2E21EC3C429AA5038-B,1762587873,FCRequestMetrics:/n-matmul-512,125,125,,,2956.71,n-matmul-512,false,68ffeb726d24,,c-690ef4c8-0cf1abd9-e95db563c2a4,1762587870525,Sync,3070.93,1762587870411,21.0.3.11,false,512,34.15,InvokeFunction,,,LATEST,1-690ef4de-0c49fa-000e9177680c,OnDemand,,,113.32,
,93FE45F5D80B3384897CEBE39059D2B9-B,1762587873,FCRequestMetrics:/n-matmul-512,125,125,,,3116.42,n-matmul-512,false,ce40ea9a9210,,c-690ef4c8-0cf1abd9-21c972c4a8d9,1762587870441,Sync,3268.76,1762587870296,21.0.3.9,false,512,36.56,InvokeFunction,,,LATEST,1-690ef4de-0c49fa-0197252a3ac9,OnDemand,,,144.91,
,60315181B24B66886819325A3EA49E6F-22,1762587873,FCRequestMetrics:/n-matmul-512,125,125,,,3055.73,n-matmul-512,false,0d1aec41c426,,c-690ef49e-0cf1abd9-079fb8593d22,1762587870207,Sync,3092.53,1762587870172,21.0.3.9,false,512,34.45,InvokeFunction,,,LATEST,1-690ef4de-0c49fa-88913326a371,OnDemand,,,34.90,
,5D2FE67C0EB5779BF4214AF0D6312E51-20,1762587873,FCRequestMetrics:/n-matmul-512,125,125,,,3180.99,n-matmul-512,false,19252a223023,,c-690ef49c-0cf1abd9-daf5d7835f02,1762587870320,Sync,3300.65,1762587870203,21.0.3.10,false,512,36.23,InvokeFunction,,,LATEST,1-690ef4de-0c49fa-b8424b098368,OnDemand,,,116.38,
,C2EB2A92BA9B62B2586CA2C02FC71F03-11,1762587873,FCRequestMetrics:/n-matmul-512,125,125,,,2891.49,n-matmul-512,false,d33c82b43d3d,,c-690ef4bd-0cf1abd9-a491e17680d2,1762587870511,Sync,3043.99,1762587870359,21.0.3.8,false,512,34.80,InvokeFunction,,,LATEST,1-690ef4de-0c49fa-fad5944b88f0,OnDemand,,,151.60,
,27BDDCAD80E91AC92FDFCC1C9A1A4216-16,1762587873,FCRequestMetrics:/n-matmul-512,113,113,,,3023.33,n-matmul-512,false,2ff8f58d97fc,,c-690ef4b4-0cf1abd9-3de0c61b5b68,1762587870044,Sync,3025.29,1762587870043,21.0.3.10,false,512,36.39,InvokeFunction,,,LATEST,1-690ef4de-0c0a43-ee07474e5fd2,OnDemand,,,0.48,
,537821DDAFE9614566F0064DDB274514-20,1762587873,FCRequestMetrics:/n-matmul-512,125,125,,,3038.30,n-matmul-512,false,e7a61b8cb4fe,,c-690ef4a1-0cf1abd9-564b243bc6a8,1762587870258,Sync,3125.03,1762587870173,21.0.3.8,false,512,34.27,InvokeFunction,,,LATEST,1-690ef4de-0c0a43-726b0cb09a4f,OnDemand,,,85.55,
,ED99555BBD66FF347A8C8145C62ABE99-20,1762587873,FCRequestMetrics:/n-matmul-512,125,125,,,3268.51,n-matmul-512,false,4bed96722f41,,c-690ef49c-0cf1abd9-8088ae7c339c,1762587870584,Sync,3353.34,1762587870501,21.0.3.8,false,512,34.19,InvokeFunction,,,LATEST,1-690ef4de-0c49fa-343c7d4cfd4e,OnDemand,,,82.86,
,9DDF92507C03E777F745C0AA5C83C458-22,1762587873,FCRequestMetrics:/n-matmul-512,125,125,,,2913.81,n-matmul-512,false,ab20715057dd,,c-690ef49e-0cf1abd9-a4d3e4836d71,1762587871040,Sync,2972.45,1762587870982,21.0.3.8,false,512,38.45,InvokeFunction,,,LATEST,1-690ef4de-0c0a43-b41059acb704,OnDemand,,,57.56,
,604D7A139A336D459A8701B8728ED443-16,1762587873,FCRequestMetrics:/n-matmul-512,124,124,,,2928.20,n-matmul-512,false,3ccc09a5376a,,c-690ef4b4-0cf1abd9-6384931551e4,1762587870988,Sync,2941.46,1762587870976,21.0.3.11,false,512,38.12,InvokeFunction,,,LATEST,1-690ef4de-0c0a43-4f37c5f67aa2,OnDemand,,,12.11,
,B1B3EF35016788C3424F79DCBD83BB05-2B,1762587873,FCRequestMetrics:/n-matmul-512,125,125,,,0.03,n-matmul-512,true,8e7a4967c312,,c-690ef48f-0cf1abd9-e1933dd451ba,1762587871930,Sync,1201.05,1762587871916,21.0.3.10,false,512,2.20,InvokeFunction,,,LATEST,1-690ef4df-0c0a43-95a2f46d153e,OnDemand,,,13.82,,"{""errorType"":""FunctionAbnormalExitError""}"
,2C250D9B2FF86C019F81DAC520815883-20,1762587873,FCRequestMetrics:/n-matmul-512,125,125,,,3556.70,n-matmul-512,false,52c1693be583,,c-690ef4a4-0cf1abd9-b2b9a6cf3285,1762587870208,Sync,3593.56,1762587870173,21.0.3.10,false,512,36.31,InvokeFunction,,,LATEST,1-690ef4de-0c49fa-1002b0fc940c,OnDemand,,,35.52,
,BF0051A2DC4BF4DDC3679E47B8B32C9C-12,1762587873,FCRequestMetrics:/n-matmul-512,125,125,,,0.05,n-matmul-512,true,e797c285140c,,c-690ef4c0-0cf1abd9-8278610d83f5,1762587871896,Sync,1384.24,1762587871895,21.0.3.8,false,512,2.20,InvokeFunction,,,LATEST,1-690ef4e0-0c0a43-ba9be337986a,OnDemand,,,0.50,,"{""errorType"":""FunctionAbnormalExitError""}"
,5E37C0E4F38EC01A59BF0AC51B37D7D9-16,1762587873,FCRequestMetrics:/n-matmul-512,125,125,,,0.02,n-matmul-512,true,675e218faad5,,c-690ef4b2-0cf1abd9-5c68fc00ab92,1762587871973,Sync,1291.82,1762587871964,21.0.3.12,false,512,2.09,InvokeFunction,,,LATEST,1-690ef4df-0c49fa-3106b5253633,OnDemand,,,8.49,,"{""errorType"":""FunctionAbnormalExitError""}"
,86C97E3549B8E428464CF6B56B68BFDC-18,1762587873,FCRequestMetrics:/n-matmul-512,125,125,,,0.04,n-matmul-512,true,5a3240bb4b57,,c-690ef4b1-0cf1abd9-ef240bcd1d76,1762587871975,Sync,1266.83,1762587871966,21.0.3.12,false,512,2.24,InvokeFunction,,,LATEST,1-690ef4df-0c0a43-825c4f6a52a7,OnDemand,,,7.87,,"{""errorType"":""FunctionAbnormalExitError""}"
,BD1D69C9267D95E53B2A79C6CB35D41D-26,1762587873,FCRequestMetrics:/n-matmul-512,125,125,,,0.05,n-matmul-512,true,987841b3d4f5,,c-690ef492-0cf1abd9-b72bb88bbd36,1762587871868,Sync,1742.68,1762587871792,21.0.3.12,false,512,2.32,InvokeFunction,,,LATEST,1-690ef4df-0c49fa-2abb1cc0ba9e,OnDemand,,,76.48,,"{""errorType"":""FunctionAbnormalExitError""}"
,3BDEEDD6F6C1B51E5137A970AE75BAA4-27,1762587873,FCRequestMetrics:/n-matmul-512,125,125,,,0.02,n-matmul-512,true,3b2b33dbd196,,c-690ef492-0cf1abd9-bbdff8eda83c,1762587872064,Sync,1719.28,1762587872012,21.0.3.9,false,512,4.00,InvokeFunction,,,LATEST,1-690ef4e0-0c49fa-2f91078e132c,OnDemand,,,51.65,,"{""errorType"":""FunctionAbnormalExitError""}"
,F031090DB7497FBE9C5AA393E7E68561-2C,1762587873,FCRequestMetrics:/n-matmul-512,122,122,,,0.03,n-matmul-512,true,ac449c8e7f33,,c-690ef48f-0cf1abd9-a7a4b84ee62d,1762587872669,Sync,1127.85,1762587872668,21.0.3.9,false,512,2.20,InvokeFunction,,,LATEST,1-690ef4e0-0c0a43-5828c503e951,OnDemand,,,0.51,,"{""errorType"":""FunctionAbnormalExitError""}"
,D09BCBD485576D911D13CE495A97C108-17,1762587873,FCRequestMetrics:/n-matmul-512,125,125,,,0.07,n-matmul-512,true,67959926d07f,,c-690ef4b3-0cf1abd9-62c5a8cabd6b,1762587872099,Sync,1547.45,1762587872088,21.0.3.10,false,512,4.25,InvokeFunction,,,LATEST,1-690ef4e0-0c0a43-6898e8df8ceb,OnDemand,,,10.39,,"{""errorType"":""FunctionAbnormalExitError""}"
,BF93D493C22D4491C67A697A08986BFB-9,1762587873,FCRequestMetrics:/n-matmul-512,125,125,,,0.03,n-matmul-512,true,3624fd232b03,,c-690ef4d1-0cf1abd9-fa48bfbc8b06,1762587871562,Sync,1852.70,1762587871531,21.0.3.9,false,512,4.09,InvokeFunction,,,LATEST,1-690ef4e1-0c0a43-467e3dc23237,OnDemand,,,29.48,,"{""errorType"":""FunctionAbnormalExitError""}"
,C5E3D6C1456AB3A159B70500C779D02C-9,1762587873,FCRequestMetrics:/n-matmul-512,125,125,,,0.03,n-matmul-512,true,03aa7a5e978e,,c-690ef4d1-0cf1abd9-37e40b6fa245,1762587872052,Sync,1330.57,1762587872050,21.0.3.11,false,512,2.14,InvokeFunction,,,LATEST,1-690ef4e1-0c49fa-0555d6a0ad5f,OnDemand,,,0.92,,"{""errorType"":""FunctionAbnormalExitError""}"
,270B9EACE82C5E95387DFC3023475A37-1F,1762587874,FCRequestMetrics:/n-matmul-512,125,125,,,3546.86,n-matmul-512,false,fe7ebaee4797,,c-690ef4a4-0cf1abd9-3aa2f2400266,1762587870463,Sync,3698.80,1762587870312,21.0.3.8,false,512,37.79,InvokeFunction,,,LATEST,1-690ef4de-0c0a43-4d425cf98bd1,OnDemand,,,151.01,
,B23CDAA9EFB02072F2EA6F095891B977-16,1762587874,FCRequestMetrics:/n-matmul-512,125,125,,,3738.98,n-matmul-512,false,01cbc6dce386,,c-690ef4b2-0cf1abd9-ad92bd478abd,1762587870322,Sync,4004.24,1762587870057,21.0.3.11,false,512,41.95,InvokeFunction,,,LATEST,1-690ef4de-0c49fa-d7e41a659fe6,OnDemand,,,264.40,
,386DA6364528A35F673B30D821826132-18,1762587874,FCRequestMetrics:/n-matmul-512,125,125,,,3789.63,n-matmul-512,false,2f0b32a49385,,c-690ef4b1-0cf1abd9-06c370eb6fc5,1762587870276,Sync,3873.49,1762587870193,21.0.3.12,false,512,39.80,InvokeFunction,,,LATEST,1-690ef4de-0c49fa-03783eedbccc,OnDemand,,,82.92,
,E28B31C1AD09CA2631349F2F5CD41FEA-16,1762587874,FCRequestMetrics:/n-matmul-512,125,125,,,2932.35,n-matmul-512,false,378303f5ffb1,,c-690ef4b4-0cf1abd9-4d6de11efb71,1762587871181,Sync,3032.62,1762587871082,21.0.3.9,false,512,39.43,InvokeFunction,,,LATEST,1-690ef4df-0c49fa-da4f9005d165,OnDemand,,,99.28,
,E438D6118493E314AD4DA785D820E022-19,1762587874,FCRequestMetrics:/n-matmul-512,125,125,,,3039.87,n-matmul-512,false,b191993e8dc4,,c-690ef4b3-0cf1abd9-0d3f75ed2006,1762587871126,Sync,3103.47,1762587871063,21.0.3.8,false,512,37.76,InvokeFunction,,,LATEST,1-690ef4df-0c0a43-2e502df3ea3d,OnDemand,,,62.74,
,AF248E24051D33CE2911D9A18C89C2D3-12,1762587874,FCRequestMetrics:/n-matmul-512,125,125,,,2723.43,n-matmul-512,false,8c4cd304f247,,c-690ef4c1-0cf1abd9-e614043a0e89,1762587871468,Sync,3116.37,1762587871077,21.0.3.10,false,512,37.94,InvokeFunction,,,LATEST,1-690ef4df-0c49fa-cd4c74e9f1f2,OnDemand,,,390.43,
,7780C0688E26C68EB0D69712BCDE475F-29,1762587874,FCRequestMetrics:/n-matmul-512,125,125,,,3160.26,n-matmul-512,false,333740b1eaee,,c-690ef490-0cf1abd9-b30a2e13f5eb,1762587871059,Sync,3199.84,1762587871025,21.0.3.12,false,512,39.75,InvokeFunction,,,LATEST,1-690ef4df-0c0a43-215f25b50697,OnDemand,,,33.51,
,D57BF307AB3C1DBB07F853EA29DFAA8E-29,1762587874,FCRequestMetrics:/n-matmul-512,125,125,,,3080.64,n-matmul-512,false,4a02a8b2ccf7,,c-690ef48f-0cf1abd9-3378a67d936f,1762587871197,Sync,3189.28,1762587871089,21.0.3.10,false,512,38.23,InvokeFunction,,,LATEST,1-690ef4df-0c49fa-b6eeda29dc11,OnDemand,,,107.68,
,32144092075796B61E66CC5CB449FE74-29,1762587874,FCRequestMetrics:/n-matmul-512,125,125,,,3053.58,n-matmul-512,false,4e09d5ee1757,,c-690ef48f-0cf1abd9-c9b2724f454d,1762587871355,Sync,3314.45,1762587871095,21.0.3.11,false,512,41.65,InvokeFunction,,,LATEST,1-690ef4df-0c49fa-ca5f61cb7696,OnDemand,,,260.14,
,9095B2C1B61D208836CC9B1C85A0D40A-17,1762587874,FCRequestMetrics:/n-matmul-512,125,125,,,3919.27,n-matmul-512,false,ca295ccdb9ef,,c-690ef4b1-0cf1abd9-20d8276cdfb4,1762587870469,Sync,4325.64,1762587870064,21.0.3.8,false,512,26.37,InvokeFunction,,,LATEST,1-690ef4de-0c0a43-ded8adf42419,OnDemand,,,404.89,
,22262E23B35913584F104007F60CDE44-29,1762587874,FCRequestMetrics:/n-matmul-512,125,125,,,3137.59,n-matmul-512,false,5c984f724ebf,,c-690ef48f-0cf1abd9-4d671f684c9c,1762587871421,Sync,3349.93,1762587871209,21.0.3.9,false,512,40.17,InvokeFunction,,,LATEST,1-690ef4df-0c49fa-9992107ee9f8,OnDemand,,,211.50,
,CA067C7B13641001A367D67FE1936091-29,1762587874,FCRequestMetrics:/n-matmul-512,125,125,,,3052.30,n-matmul-512,false,5046f6076057,,c-690ef490-0cf1abd9-851ce87263d1,1762587871802,Sync,3154.95,1762587871700,21.0.3.11,false,512,40.30,InvokeFunction,,,LATEST,1-690ef4df-0c49fa-2fb29adbf74c,OnDemand,,,101.33,
,A58D23371A460570694E59E83C205D35-29,1762587874,FCRequestMetrics:/n-matmul-512,125,125,,,3178.86,n-matmul-512,false,f5099c18cdf1,,c-690ef48f-0cf1abd9-aa29b9d0aa99,1762587871755,Sync,3268.10,1762587871669,21.0.3.11,false,512,39.26,InvokeFunction,,,LATEST,1-690ef4df-0c49fa-d976714eb078,OnDemand,,,86.54,
,67EF79BC30A82AE98BE59702C8F66831-12,1762587874,FCRequestMetrics:/n-matmul-512,125,125,,,3356.64,n-matmul-512,false,9d91d3cbe239,,c-690ef4bd-0cf1abd9-3b4ee6796d7a,1762587870903,Sync,3362.44,1762587870903,21.0.3.11,false,512,29.18,InvokeFunction,,,LATEST,1-690ef4de-0c0a43-85122bfb4b7a,OnDemand,,,0.50,
,F91A17FDEE204113BD7FCEE97E77B19D-29,1762587874,FCRequestMetrics:/n-matmul-512,125,125,,,3098.43,n-matmul-512,false,b4a55f945517,,c-690ef48f-0cf1abd9-f3db6505083a,1762587871886,Sync,3139.42,1762587871845,21.0.3.12,false,512,45.82,InvokeFunction,,,LATEST,1-690ef4df-0c0a43-f51c65ea6665,OnDemand,,,40.14,
,3638871BA5BA6CB81D64084B08F55201-2C,1762587874,FCRequestMetrics:/n-matmul-512,125,125,,,3259.11,n-matmul-512,false,d9ddc014a95e,,c-690ef48f-0cf1abd9-ec0c220edbce,1762587870885,Sync,3446.76,1762587870698,21.0.3.8,false,512,26.95,InvokeFunction,,,LATEST,1-690ef4de-0c49fa-fa24032b43cf,OnDemand,,,186.95,
,028699F502CA3D7E230041FC52AB4DE5-17,1762587874,FCRequestMetrics:/n-matmul-512,125,125,,,3649.95,n-matmul-512,false,c3f0f0de03a0,,c-690ef4b1-0cf1abd9-f906b5304a3d,1762587871187,Sync,3750.63,1762587871087,21.0.3.8,false,512,28.86,InvokeFunction,,,LATEST,1-690ef4df-0c49fa-e3dafc8ee5db,OnDemand,,,99.97,
,A07FED3AC0D9C87237C2A7F7FEAC1FF2-12,1762587874,FCRequestMetrics:/n-matmul-512,125,125,,,2982.87,n-matmul-512,false,5059a3c012ce,,c-690ef4bc-0cf1abd9-aaba1ef8e3d8,1762587871198,Sync,3094.14,1762587871089,21.0.3.8,false,512,26.99,InvokeFunction,,,LATEST,1-690ef4df-0c49fa-6b7be31d089e,OnDemand,,,107.58,
,CF8B8E5EDA76CE1E15E6DE137B05F0FC-12,1762587874,FCRequestMetrics:/n-matmul-512,125,125,,,3093.35,n-matmul-512,false,09ed6314a647,,c-690ef4bd-0cf1abd9-4b304ea77a49,1762587871552,Sync,3134.20,1762587871512,21.0.3.12,false,512,29.21,InvokeFunction,,,LATEST,1-690ef4df-0c49fa-29b9d4114893,OnDemand,,,39.47,
,C669C9C152D9C54DF2797A7C10154A81-6,1762587874,FCRequestMetrics:/n-matmul-512,121,121,,,3052.51,n-matmul-512,false,e117dfcc4a03,,c-690ef4d5-0cf1abd9-8087fa0fddfa,1762587871633,Sync,3054.11,1762587871632,21.0.3.10,false,512,38.16,InvokeFunction,,,LATEST,1-690ef4e0-0c0a43-7d0c743515c8,OnDemand,,,0.44,
,13AC9179567B6A88BE4E678F8CBCF027-1D,1762587874,FCRequestMetrics:/n-matmul-512,125,125,,,3166.95,n-matmul-512,false,c1270f7ffdb8,,c-690ef4a1-0cf1abd9-661404bfd8df,1762587871505,Sync,3212.17,1762587871461,21.0.3.12,false,512,29.19,InvokeFunction,,,LATEST,1-690ef4df-0c49fa-8a6ec025a549,OnDemand,,,44.20,
,90D8D68606671C7D3CC9428DB5D1A5ED-1E,1762587874,FCRequestMetrics:/n-matmul-512,125,125,,,3179.73,n-matmul-512,false,43290576c1e6,,c-690ef4a1-0cf1abd9-784f475cf818,1762587871793,Sync,3304.63,1762587871670,21.0.3.11,false,512,32.70,InvokeFunction,,,LATEST,1-690ef4df-0c49fa-3c7030989681,OnDemand,,,122.95,
,FD6981321571EC68F9E27CDAD26BAC19-20,1762587874,FCRequestMetrics:/n-matmul-512,125,125,,,3365.50,n-matmul-512,false,b2349f9a27e7,,c-690ef49c-0cf1abd9-a2407a052b71,1762587870787,Sync,3368.96,1762587870785,21.0.3.12,false,512,34.42,InvokeFunction,,,LATEST,1-690ef4de-0c49fa-2f1c4f54ca75,OnDemand,,,1.38,
,F78928E4C3048B992F5E5A9DC10A82CD-D,1762587874,FCRequestMetrics:/n-matmul-512,124,124,,,3084.07,n-matmul-512,false,4756408993b7,,c-690ef4c8-0cf1abd9-87a481f567c5,1762587870949,Sync,3461.91,1762587870571,21.0.3.8,false,512,37.82,InvokeFunction,,,LATEST,1-690ef4de-0c0a43-58977f046ef8,OnDemand,,,376.92,
,C1D7342C162E0433E3DCC69A36E49279-22,1762587874,FCRequestMetrics:/n-matmul-512,124,124,,,3190.36,n-matmul-512,false,c1850f6d6120,,c-690ef49e-0cf1abd9-bea541164f91,1762587870969,Sync,3193.11,1762587870968,21.0.3.11,false,512,34.46,InvokeFunction,,,LATEST,1-690ef4de-0c0a43-c6035cb1cac3,OnDemand,,,0.50,
,3D753EA828DEDBBB0DF10FE8437E0EE2-1F,1762587874,FCRequestMetrics:/n-matmul-512,125,125,,,3162.49,n-matmul-512,false,13a75e602ffd,,c-690ef49e-0cf1abd9-124626cd631e,1762587871341,Sync,3415.82,1762587871089,21.0.3.12,false,512,34.46,InvokeFunction,,,LATEST,1-690ef4df-0c49fa-8b21ed634401,OnDemand,,,252.13,
,61FB77CF084CA2B121CED83B1B2F8CB8-6,1762587874,FCRequestMetrics:/n-matmul-512,125,125,,,3543.89,n-matmul-512,false,cbf3b5341b24,,c-690ef4d5-0cf1abd9-896a7d670f7a,1762587870492,Sync,3651.79,1762587870385,21.0.3.7,false,512,84.42,InvokeFunction,,,LATEST,1-690ef4df-0c49fa-f5a98be0425d,OnDemand,,,106.85,
,A0E18646E4ED1862BB7852A818D6BD84-29,1762587874,FCRequestMetrics:/n-matmul-512,125,125,,,3710.85,n-matmul-512,false,455c2c4df2d2,,c-690ef48f-0cf1abd9-fff0447ff1dc,1762587870662,Sync,3814.83,1762587870561,21.0.3.8,false,512,36.41,InvokeFunction,,,LATEST,1-690ef4de-0c0a43-bd4b7bc20bbe,OnDemand,,,101.00,
,7E61C224A0C92ACF29245CE740336474-6,1762587874,FCRequestMetrics:/n-matmul-512,125,125,,,3735.48,n-matmul-512,false,54fa523719bf,,c-690ef4d5-0cf1abd9-a1fddea636ac,1762587870706,Sync,4026.84,1762587870415,21.0.3.8,false,512,47.05,InvokeFunction,,,LATEST,1-690ef4df-0c49fa-5c08f894c121,OnDemand,,,290.40,
,03A714A9772EC266AA0C3B3C7C5F7666-12,1762587874,FCRequestMetrics:/n-matmul-512,121,121,,,3044.40,n-matmul-512,false,579930c5ac3a,,c-690ef4bd-0cf1abd9-7053d50dd4cd,1762587871711,Sync,3100.59,1762587871668,21.0.3.10,false,512,34.50,InvokeFunction,,,LATEST,1-690ef4df-0c49fa-bfec7d23300e,OnDemand,,,42.73,
,85AE7850BCAF6CD3F0510D61A3C3BE5F-6,1762587874,FCRequestMetrics:/n-matmul-512,125,125,,,3525.52,n-matmul-512,false,d876faebd573,,c-690ef4d6-0cf1abd9-67e660b3df1a,1762587871263,Sync,3526.84,1762587871262,21.0.3.8,false,512,89.95,InvokeFunction,,,LATEST,1-690ef4df-0c0a43-c8603ebaeedf,OnDemand,,,0.54,
,E49E041E26792B5C9FA746FE5A0F2654-6,1762587874,FCRequestMetrics:/n-matmul-512,121,121,,,3475.47,n-matmul-512,false,c7d5890c0209,,c-690ef4d6-0cf1abd9-a844f7d6b61a,1762587870958,Sync,3723.11,1762587870712,21.0.3.9,false,512,36.82,InvokeFunction,,,LATEST,1-690ef4df-0c49fa-7db310815117,OnDemand,,,245.27,
,49858DB541AAB1B6611A1511B91F5B3F-5,1762587874,FCRequestMetrics:/n-matmul-512,121,121,,,3293.46,n-matmul-512,false,1cfed078e6f6,,c-690ef4d6-0cf1abd9-296db67e1edb,1762587870989,Sync,3304.08,1762587870981,21.0.3.10,false,512,36.16,InvokeFunction,,,LATEST,1-690ef4df-0c49fa-9866122eb68c,OnDemand,,,8.30,
,9DBD82D68A5F344D47B8DE1951A258DF-6,1762587874,FCRequestMetrics:/n-matmul-512,121,121,,,3467.46,n-matmul-512,false,25404d1b02d2,,c-690ef4d6-0cf1abd9-9ab608ee2fc4,1762587870959,Sync,3470.51,1762587870958,21.0.3.12,false,512,34.93,InvokeFunction,,,LATEST,1-690ef4df-0c49fa-c92870e97e94,OnDemand,,,1.33,
,1C05D5B02F01F46143D999E67440A343-2C,1762587874,FCRequestMetrics:/n-matmul-512,116,116,,,0.05,n-matmul-512,true,ded09bee0b2d,,c-690ef48f-0cf1abd9-2bb86706a2c4,1762587873051,Sync,1135.11,1762587873050,21.0.3.9,false,512,2.32,InvokeFunction,,,LATEST,1-690ef4e1-0c49fa-7ba9ef479fe8,OnDemand,,,1.38,,"{""errorType"":""FunctionAbnormalExitError""}"
,3801AF28D1F06D15DE702CA3D1A78840-2C,1762587874,FCRequestMetrics:/n-matmul-512,116,116,,,0.04,n-matmul-512,true,85f7f63caa28,,c-690ef48f-0cf1abd9-8d9a75cfa22a,1762587873117,Sync,1061.80,1762587873116,21.0.3.8,false,512,2.09,InvokeFunction,,,LATEST,1-690ef4e1-0c49fa-76f4b1c6cc7e,OnDemand,,,0.91,,"{""errorType"":""FunctionAbnormalExitError""}"
,8A4C9F8EC0081A54D335C35B65D1357D-20,1762587874,FCRequestMetrics:/n-matmul-512,116,116,,,0.05,n-matmul-512,true,1c5ca9e1c7f9,,c-690ef4a4-0cf1abd9-274debaa5e8f,1762587873118,Sync,1098.32,1762587873117,21.0.3.9,false,512,2.19,InvokeFunction,,,LATEST,1-690ef4e1-0c0a43-f04043cd7cbe,OnDemand,,,0.45,,"{""errorType"":""FunctionAbnormalExitError""}"
,6C268265BE6071088D6F784688423FBC-21,1762587874,FCRequestMetrics:/n-matmul-512,125,125,,,3815.09,n-matmul-512,false,f3794d0f4bed,,c-690ef4a4-0cf1abd9-3f60d30fa7e2,1762587871183,Sync,3914.65,1762587871084,21.0.3.11,false,512,36.72,InvokeFunction,,,LATEST,1-690ef4df-0c49fa-76db69874ff7,OnDemand,,,98.60,
,E4C186C27FC2E01612D2685505BDC1C8-19,1762587874,FCRequestMetrics:/n-matmul-512,125,125,,,0.02,n-matmul-512,true,2f46f223d44b,,c-690ef4b3-0cf1abd9-b7dfa30d9e6b,1762587872425,Sync,2156.44,1762587872104,21.0.3.8,false,512,4.20,InvokeFunction,,,LATEST,1-690ef4e0-0c0a43-85446b3726b8,OnDemand,,,320.92,,"{""errorType"":""FunctionAbnormalExitError""}"
,5F40BF3643AE590E1A0AFBFC2BB1CC92-19,1762587874,FCRequestMetrics:/n-matmul-512,125,125,,,0.03,n-matmul-512,true,918ade19bbee,,c-690ef4b1-0cf1abd9-3df7810e23e4,1762587873197,Sync,1263.29,1762587873135,21.0.3.11,false,512,2.34,InvokeFunction,,,LATEST,1-690ef4e1-0c0a43-84bc4261e471,OnDemand,,,61.37,,"{""errorType"":""FunctionAbnormalExitError""}"
,333D4C666C8B83BB41B1C7D79452A532-12,1762587874,FCRequestMetrics:/n-matmul-512,123,123,,,0.03,n-matmul-512,true,e3c6c131f32d,,c-690ef4c0-0cf1abd9-c5743552479f,1762587873253,Sync,1457.25,1762587873252,21.0.3.9,false,512,2.15,InvokeFunction,,,LATEST,1-690ef4e1-0c0a43-62bb9f0beffa,OnDemand,,,0.50,,"{""errorType"":""FunctionAbnormalExitError""}"
,52D7D507918D931708B22C4CE8E63CCC-19,1762587874,FCRequestMetrics:/n-matmul-512,123,123,,,0.03,n-matmul-512,true,7e3f21c3452b,,c-690ef4b2-0cf1abd9-448ba4a6e619,1762587873347,Sync,1546.55,1762587873123,21.0.3.9,false,512,2.07,InvokeFunction,,,LATEST,1-690ef4e1-0c0a43-b8469fb2346e,OnDemand,,,223.44,,"{""errorType"":""FunctionAbnormalExitError""}"
,D383B16911701B57D8112BE288DB8A26-19,1762587874,FCRequestMetrics:/n-matmul-512,124,124,,,0.04,n-matmul-512,true,bb19602af764,,c-690ef4b1-0cf1abd9-7e88298a556b,1762587873288,Sync,1704.15,1762587873123,21.0.3.10,false,512,2.20,InvokeFunction,,,LATEST,1-690ef4e1-0c49fa-7b85f3bdeabc,OnDemand,,,164.72,,"{""errorType"":""FunctionAbnormalExitError""}"
,49B64A5B3FBA9FC6678BE15B3FA1CAE0-17,1762587874,FCRequestMetrics:/n-matmul-512,121,121,,,0.03,n-matmul-512,true,b69b715c17a5,,c-690ef4b3-0cf1abd9-2077a8676f3b,1762587872794,Sync,2000.49,1762587872793,21.0.3.11,false,512,2.18,InvokeFunction,,,LATEST,1-690ef4e0-0c0a43-62fcf4c3bf21,OnDemand,,,0.52,,"{""errorType"":""FunctionAbnormalExitError""}"
,8009EC769EAF82E94BE4682B8C0E45B5-11,1762587874,FCRequestMetrics:/n-matmul-512,119,119,,,0.04,n-matmul-512,true,e18d84b3712e,,c-690ef4c1-0cf1abd9-2df610e1f3e8,1762587873029,Sync,1684.17,1762587873027,21.0.3.8,false,512,2.18,InvokeFunction,,,LATEST,1-690ef4e1-0c49fa-3a22a2d362ff,OnDemand,,,1.43,,"{""errorType"":""FunctionAbnormalExitError""}"
,19D19504A7F011D98456D47931F40832-19,1762587874,FCRequestMetrics:/n-matmul-512,125,125,,,0.05,n-matmul-512,true,d76a12fc0134,,c-690ef4b1-0cf1abd9-3da89f7b182b,1762587873451,Sync,1436.90,1762587873417,21.0.3.11,false,512,2.30,InvokeFunction,,,LATEST,1-690ef4e1-0c49fa-50a1f099c878,OnDemand,,,34.09,,"{""errorType"":""FunctionAbnormalExitError""}"
,395AF19B30E923F04509691974E770B2-19,1762587874,FCRequestMetrics:/n-matmul-512,116,116,,,0.04,n-matmul-512,true,16c28b2331e7,,c-690ef4b3-0cf1abd9-03841df006e6,1762587873069,Sync,1744.89,1762587873068,21.0.3.12,false,512,2.16,InvokeFunction,,,LATEST,1-690ef4e1-0c0a43-0daabec4600b,OnDemand,,,0.47,,"{""errorType"":""FunctionAbnormalExitError""}"
,4D57B9EBA87590C7398CF6540746C6BE-29,1762587875,FCRequestMetrics:/n-matmul-512,121,121,,,3361.02,n-matmul-512,false,cf9fc6279e9f,,c-690ef490-0cf1abd9-f9b75dacbfca,1762587871654,Sync,3363.05,1762587871653,21.0.3.10,false,512,39.71,InvokeFunction,,,LATEST,1-690ef4df-0c49fa-73bc411c87a0,OnDemand,,,1.12,
,7F41C0AC9649E78CE4E6389BA04F93F7-29,1762587875,FCRequestMetrics:/n-matmul-512,125,125,,,3283.40,n-matmul-512,false,2f9a827ac39a,,c-690ef48f-0cf1abd9-d481ef5b70cb,1762587871961,Sync,3288.07,1762587871959,21.0.3.12,false,512,37.57,InvokeFunction,,,LATEST,1-690ef4df-0c49fa-196e97a4d137,OnDemand,,,1.33,
,B50B6C7E4A9EFD8ADCDAE8E71A8A357B-2A,1762587875,FCRequestMetrics:/n-matmul-512,125,125,,,3315.22,n-matmul-512,false,0c3cf93849f8,,c-690ef48f-0cf1abd9-ad135b628654,1762587871928,Sync,3338.49,1762587871906,21.0.3.8,false,512,39.79,InvokeFunction,,,LATEST,1-690ef4df-0c49fa-b747b5c0f07d,OnDemand,,,22.06,
,9E860D881BD9449D0F2C4975F44F7ABC-19,1762587875,FCRequestMetrics:/n-matmul-512,121,121,,,3574.07,n-matmul-512,false,dc22095edf84,,c-690ef4b1-0cf1abd9-834eca231e91,1762587871648,Sync,3575.96,1762587871647,21.0.3.9,false,512,26.89,InvokeFunction,,,LATEST,1-690ef4df-0c49fa-39433139b653,OnDemand,,,0.93,
,FE4CB4BB334203537C4452D39CB19CCC-12,1762587875,FCRequestMetrics:/n-matmul-512,125,125,,,3332.03,n-matmul-512,false,a7689194af96,,c-690ef4c0-0cf1abd9-beaedf295aad,1762587872307,Sync,3476.88,1762587872163,21.0.3.12,false,512,39.86,InvokeFunction,,,LATEST,1-690ef4e0-0c0a43-06a0535377a3,OnDemand,,,143.28,
,023E1362E98622AC0BA42C246E757652-16,1762587875,FCRequestMetrics:/n-matmul-512,121,121,,,3060.32,n-matmul-512,false,c2dc25ac0291,,c-690ef4b3-0cf1abd9-482c4f6b212d,1762587872801,Sync,3061.77,1762587872800,21.0.3.9,false,512,39.79,InvokeFunction,,,LATEST,1-690ef4e0-0c0a43-c8453007aa7e,OnDemand,,,0.45,
,95881DBD69A5D46DBD0CE5603278C262-6,1762587875,FCRequestMetrics:/n-matmul-512,119,119,,,3157.87,n-matmul-512,false,0cc96397dcc6,,c-690ef4d5-0cf1abd9-bb46dcba3bb4,1762587871880,Sync,3159.40,1762587871879,21.0.3.11,false,512,38.06,InvokeFunction,,,LATEST,1-690ef4e1-0c0a43-ebc7030fdb7f,OnDemand,,,0.50,
,A215E42A48869DE9E4DCA54EC0297126-5,1762587875,FCRequestMetrics:/n-matmul-512,116,116,,,3224.47,n-matmul-512,false,ae96b778c52c,,c-690ef4d4-0cf1abd9-80805a6a9659,1762587871967,Sync,3225.91,1762587871967,21.0.3.8,false,512,90.69,InvokeFunction,,,LATEST,1-690ef4e1-0c0a43-c6af2c372f35,OnDemand,,,0.51,
,51921E23C89315F7BBF480D8419B0A1D-6,1762587875,FCRequestMetrics:/n-matmul-512,121,121,,,3303.68,n-matmul-512,false,394b6570c5ea,,c-690ef4d5-0cf1abd9-8026978f4fdc,1762587871737,Sync,3306.26,1762587871736,21.0.3.12,false,512,39.91,InvokeFunction,,,LATEST,1-690ef4e0-0c49fa-be719faa26a2,OnDemand,,,1.40,
,E763FEDED2DD2923A606C1ABC0F0B8DF-6,1762587875,FCRequestMetrics:/n-matmul-512,116,116,,,3228.95,n-matmul-512,false,6d406cad06b1,,c-690ef4d4-0cf1abd9-1184c15b4902,1762587871919,Sync,3230.72,1762587871918,21.0.3.9,false,512,40.92,InvokeFunction,,,LATEST,1-690ef4e1-0c0a43-3fe8684e82af,OnDemand,,,0.53,
,FFBE1F54232C7105BB9D9D9815146807-17,1762587875,FCRequestMetrics:/n-matmul-512,125,125,,,3328.36,n-matmul-512,false,4210c93d9e28,,c-690ef4b2-0cf1abd9-734e58adbe38,1762587871846,Sync,3429.24,1762587871746,21.0.3.10,false,512,26.91,InvokeFunction,,,LATEST,1-690ef4df-0c49fa-fca989df8bb2,OnDemand,,,99.85,
,EC65B6B96723558D074A84C970ABFB6D-15,1762587875,FCRequestMetrics:/n-matmul-512,121,121,,,2980.80,n-matmul-512,false,dc0d493de807,,c-690ef4b3-0cf1abd9-88427ba7f908,1762587872828,Sync,2982.20,1762587872827,21.0.3.12,false,512,37.97,InvokeFunction,,,LATEST,1-690ef4e0-0c0a43-80d11cbd5d75,OnDemand,,,0.50,
,447511FEAA2C196192B29D0355E78B1D-2B,1762587875,FCRequestMetrics:/n-matmul-512,125,125,,,3240.31,n-matmul-512,false,2be5f8bcaa9a,,c-690ef48f-0cf1abd9-405aaa419009,1762587872492,Sync,3276.39,1762587872457,21.0.3.9,false,512,26.98,InvokeFunction,,,LATEST,1-690ef4e0-0c0a43-739294916815,OnDemand,,,33.48,
,148C1B09986999E20AA0FF04F10942D0-2C,1762587875,FCRequestMetrics:/n-matmul-512,125,125,,,3226.07,n-matmul-512,false,aa1e2085073a,,c-690ef48f-0cf1abd9-2b72cdd5c5c2,1762587872586,Sync,3304.43,1762587872508,21.0.3.10,false,512,27.30,InvokeFunction,,,LATEST,1-690ef4e0-0c0a43-44ac2cfd6490,OnDemand,,,77.32,
,812F252289DEF5D6E7CEF166CCF20854-11,1762587875,FCRequestMetrics:/n-matmul-512,125,125,,,3756.42,n-matmul-512,false,7cd4cf254b2b,,c-690ef4c0-0cf1abd9-f295f1869449,1762587871735,Sync,3826.62,1762587871668,21.0.3.11,false,512,37.72,InvokeFunction,,,LATEST,1-690ef4df-0c0a43-94ff51fb7e1a,OnDemand,,,66.93,
,7FDD645C18A05AFCA1EE540844E336B4-27,1762587875,FCRequestMetrics:/n-matmul-512,121,121,,,3485.94,n-matmul-512,false,005047e6f771,,c-690ef48f-0cf1abd9-a4e85c44b759,1762587871695,Sync,3516.66,1762587871665,21.0.3.10,false,512,34.59,InvokeFunction,,,LATEST,1-690ef4df-0c49fa-fa172d9292f9,OnDemand,,,29.67,
,805D0B9C50B0CFD3CF77F88B01A3CC36-28,1762587875,FCRequestMetrics:/n-matmul-512,125,125,,,3348.52,n-matmul-512,false,4277c8c89afa,,c-690ef490-0cf1abd9-df579b907295,1762587872152,Sync,3412.02,1762587872090,21.0.3.12,false,512,46.13,InvokeFunction,,,LATEST,1-690ef4e0-0c0a43-1c237520ef3f,OnDemand,,,62.35,
,4B2A5B6DBC4B791759CF9FA5FD5DDA4E-6,1762587875,FCRequestMetrics:/n-matmul-512,125,125,,,3611.55,n-matmul-512,false,d9816709289a,,c-690ef4d6-0cf1abd9-2c6970162d0e,1762587872186,Sync,3985.02,1762587871813,21.0.3.9,false,512,43.46,InvokeFunction,,,LATEST,1-690ef4e0-0c0a43-3ec3213bfb2b,OnDemand,,,372.48,
,5E4A59CDF3E7A5F12FFA6D69EE5EC6FC-7,1762587875,FCRequestMetrics:/n-matmul-512,125,125,,,3726.66,n-matmul-512,false,2e799e3149e9,,c-690ef4d7-0cf1abd9-47d2e00207ec,1762587871921,Sync,3818.74,1762587871830,21.0.3.10,false,512,38.28,InvokeFunction,,,LATEST,1-690ef4e0-0c0a43-eac107bf3881,OnDemand,,,90.63,
,BD9BE3600CF3EADC822FC16C6CE56C55-13,1762587875,FCRequestMetrics:/n-matmul-512,125,125,,,2884.66,n-matmul-512,false,a90b8e21cc4e,,c-690ef4bd-0cf1abd9-4533cb176176,1762587872140,Sync,2936.76,1762587872089,21.0.3.10,false,512,36.49,InvokeFunction,,,LATEST,1-690ef4e0-0c49fa-2391c5c10932,OnDemand,,,50.91,
,EAD7BD32D52FA8C0EC561AB86D8BB129-20,1762587875,FCRequestMetrics:/n-matmul-512,125,125,,,3022.14,n-matmul-512,false,9697e733b066,,c-690ef49e-0cf1abd9-b7f83cb23224,1762587872061,Sync,3082.25,1762587872009,21.0.3.10,false,512,34.16,InvokeFunction,,,LATEST,1-690ef4e0-0c49fa-9f33dc46c400,OnDemand,,,52.32,
,6CCFB4E4193C923DA012941FDF8BA7C1-27,1762587875,FCRequestMetrics:/n-matmul-512,125,125,,,3445.05,n-matmul-512,false,1ea218c34989,,c-690ef48f-0cf1abd9-4c65696b73c9,1762587872508,Sync,3491.89,1762587872462,21.0.3.9,false,512,34.21,InvokeFunction,,,LATEST,1-690ef4e0-0c0a43-62306264b72c,OnDemand,,,45.86,
,A89833F386C2C0AAB19D937BC0A8D2F3-16,1762587875,FCRequestMetrics:/n-matmul-512,125,125,,,3278.04,n-matmul-512,false,ea0bccbe44d2,,c-690ef4b4-0cf1abd9-c9ccab6a1a6a,1762587871817,Sync,3365.39,1762587871731,21.0.3.8,false,512,35.93,InvokeFunction,,,LATEST,1-690ef4df-0c49fa-0c21d16bf7fd,OnDemand,,,86.58,
,22E833C237D88A72ACDEEBC774861945-10,1762587875,FCRequestMetrics:/n-matmul-512,119,119,,,0.02,n-matmul-512,true,3ad91ce1f715,,c-690ef4c1-0cf1abd9-a9ad8a9b0501,1762587873011,Sync,1991.06,1762587873010,21.0.3.5,false,512,2.11,InvokeFunction,,,LATEST,1-690ef4e1-0c0a43-3ea3c207c9e8,OnDemand,,,0.53,,"{""errorType"":""FunctionAbnormalExitError""}"
,A6333F63464BC687DF1965DBFE05F1DB-2B,1762587875,FCRequestMetrics:/n-matmul-512,123,123,,,0.03,n-matmul-512,true,3e88eb377bf5,,c-690ef490-0cf1abd9-507f1daf6985,1762587873807,Sync,1227.11,1762587873806,21.0.3.11,false,512,2.24,InvokeFunction,,,LATEST,1-690ef4e1-0c49fa-7a8020dac060,OnDemand,,,1.16,,"{""errorType"":""FunctionAbnormalExitError""}"
,3D3F830804794EE934A3F39C618D6DA7-17,1762587875,FCRequestMetrics:/n-matmul-512,124,124,,,0.06,n-matmul-512,true,a5074fb07ccb,,c-690ef4b3-0cf1abd9-4204fc55cfbc,1762587873312,Sync,1745.01,1762587873312,21.0.3.9,false,512,2.17,InvokeFunction,,,LATEST,1-690ef4e1-0c0a43-31539024eb43,OnDemand,,,0.52,,"{""errorType"":""FunctionAbnormalExitError""}"
,30B0C091F501AEB24D6930948CD8CD12-14,1762587875,FCRequestMetrics:/n-matmul-512,122,122,,,0.04,n-matmul-512,true,f585a3de42a9,,c-690ef4c0-0cf1abd9-2f59d877e38b,1762587873858,Sync,1315.34,1762587873856,21.0.3.10,false,512,4.19,InvokeFunction,,,LATEST,1-690ef4e1-0c49fa-e47b292782af,OnDemand,,,1.37,,"{""errorType"":""FunctionAbnormalExitError""}"
,270B9EACE82C5E95387DFC3023475A37-22,1762587875,FCRequestMetrics:/n-matmul-512,121,121,,,0.04,n-matmul-512,true,fe7ebaee4797,,c-690ef4a4-0cf1abd9-3aa2f2400266,1762587874035,Sync,987.82,1762587874034,21.0.3.8,false,512,2.09,InvokeFunction,,,LATEST,1-690ef4e2-0c49fa-94629033dd83,OnDemand,,,1.19,,"{""errorType"":""FunctionAbnormalExitError""}"
,386DA6364528A35F673B30D821826132-1A,1762587875,FCRequestMetrics:/n-matmul-512,121,121,,,0.03,n-matmul-512,true,2f0b32a49385,,c-690ef4b1-0cf1abd9-06c370eb6fc5,1762587874073,Sync,1168.31,1762587874073,21.0.3.12,false,512,2.18,InvokeFunction,,,LATEST,1-690ef4e2-0c0a43-c48e15acaa0d,OnDemand,,,0.52,,"{""errorType"":""FunctionAbnormalExitError""}"
,6448458DC5EEDA4B01194355EB33D0AF-27,1762587875,FCRequestMetrics:/n-matmul-512,121,121,,,0.03,n-matmul-512,true,e9af6d91c5a8,,c-690ef492-0cf1abd9-8e96e2aae5ad,1762587874140,Sync,1211.75,1762587874139,21.0.3.11,false,512,2.08,InvokeFunction,,,LATEST,1-690ef4e2-0c49fa-14d02370fd44,OnDemand,,,0.77,,"{""errorType"":""FunctionAbnormalExitError""}"
,E28B31C1AD09CA2631349F2F5CD41FEA-18,1762587875,FCRequestMetrics:/n-matmul-512,121,121,,,0.03,n-matmul-512,true,378303f5ffb1,,c-690ef4b4-0cf1abd9-4d6de11efb71,1762587874134,Sync,1303.87,1762587874133,21.0.3.9,false,512,2.20,InvokeFunction,,,LATEST,1-690ef4e2-0c49fa-29e2fce1b19d,OnDemand,,,0.85,,"{""errorType"":""FunctionAbnormalExitError""}"
,7780C0688E26C68EB0D69712BCDE475F-2B,1762587875,FCRequestMetrics:/n-matmul-512,121,121,,,0.03,n-matmul-512,true,333740b1eaee,,c-690ef490-0cf1abd9-b30a2e13f5eb,1762587874229,Sync,1291.07,1762587874156,21.0.3.12,false,512,2.07,InvokeFunction,,,LATEST,1-690ef4e2-0c0a43-e2b67c05c0ae,OnDemand,,,72.40,,"{""errorType"":""FunctionAbnormalExitError""}"
,D57BF307AB3C1DBB07F853EA29DFAA8E-2C,1762587875,FCRequestMetrics:/n-matmul-512,125,125,,,0.03,n-matmul-512,true,4a02a8b2ccf7,,c-690ef48f-0cf1abd9-3378a67d936f,1762587874282,Sync,1258.29,1762587874193,21.0.3.10,false,512,2.15,InvokeFunction,,,LATEST,1-690ef4e2-0c49fa-0ff338ec6a72,OnDemand,,,88.49,,"{""errorType"":""FunctionAbnormalExitError""}"
,AF248E24051D33CE2911D9A18C89C2D3-14,1762587875,FCRequestMetrics:/n-matmul-512,121,121,,,0.05,n-matmul-512,true,8c4cd304f247,,c-690ef4c1-0cf1abd9-e614043a0e89,1762587874198,Sync,1343.73,1762587874154,21.0.3.10,false,512,2.03,InvokeFunction,,,LATEST,1-690ef4e2-0c0a43-a8a97342b042,OnDemand,,,43.44,,"{""errorType"":""FunctionAbnormalExitError""}"
,32144092075796B61E66CC5CB449FE74-2C,1762587875,FCRequestMetrics:/n-matmul-512,125,125,,,0.03,n-matmul-512,true,4e09d5ee1757,,c-690ef48f-0cf1abd9-c9b2724f454d,1762587874413,Sync,1265.69,1762587874233,21.0.3.11,false,512,4.13,InvokeFunction,,,LATEST,1-690ef4e2-0c49fa-403b77c91e78,OnDemand,,,179.78,,"{""errorType"":""FunctionAbnormalExitError""}"
,F633B574683DE8AA2BF0D3EEBDF4C796-19,1762587875,FCRequestMetrics:/n-matmul-512,122,122,,,0.05,n-matmul-512,true,2aab02d9eb5a,,c-690ef4b2-0cf1abd9-a85fa9ced593,1762587873997,Sync,1591.65,1762587873996,21.0.3.8,false,512,2.21,InvokeFunction,,,LATEST,1-690ef4e1-0c0a43-a1283f19d4b5,OnDemand,,,0.50,,"{""errorType"":""FunctionAbnormalExitError""}"
,B23CDAA9EFB02072F2EA6F095891B977-19,1762587875,FCRequestMetrics:/n-matmul-512,121,121,,,0.04,n-matmul-512,true,01cbc6dce386,,c-690ef4b2-0cf1abd9-ad92bd478abd,1762587874108,Sync,1430.26,1762587874107,21.0.3.11,false,512,4.33,InvokeFunction,,,LATEST,1-690ef4e2-0c49fa-b5e4e071fc5e,OnDemand,,,1.18,,"{""errorType"":""FunctionAbnormalExitError""}"
,0AE60AD6E226644C212775A9AD9DBC3A-17,1762587875,FCRequestMetrics:/n-matmul-512,122,122,,,0.02,n-matmul-512,true,e5c3b3dfa4c1,,c-690ef4b3-0cf1abd9-04675e7328d5,1762587873959,Sync,1567.59,1762587873959,21.0.3.10,false,512,2.16,InvokeFunction,,,LATEST,1-690ef4e1-0c0a43-4e7dfda41953,OnDemand,,,0.48,,"{""errorType"":""FunctionAbnormalExitError""}"
,E438D6118493E314AD4DA785D820E022-1B,1762587875,FCRequestMetrics:/n-matmul-512,121,121,,,0.04,n-matmul-512,true,b191993e8dc4,,c-690ef4b3-0cf1abd9-0d3f75ed2006,1762587874175,Sync,1671.57,1762587874152,21.0.3.8,false,512,2.19,InvokeFunction,,,LATEST,1-690ef4e2-0c49fa-198b8481c84e,OnDemand,,,22.90,,"{""errorType"":""FunctionAbnormalExitError""}"
,22262E23B35913584F104007F60CDE44-2C,1762587875,FCRequestMetrics:/n-matmul-512,125,125,,,0.03,n-matmul-512,true,5c984f724ebf,,c-690ef48f-0cf1abd9-4d671f684c9c,1762587874563,Sync,1710.62,1762587874140,21.0.3.9,false,512,2.30,InvokeFunction,,,LATEST,1-690ef4e2-0c49fa-84679424ecc6,OnDemand,,,423.13,,"{""errorType"":""FunctionAbnormalExitError""}"
,C669C9C152D9C54DF2797A7C10154A81-9,1762587875,FCRequestMetrics:/n-matmul-512,112,112,,,0.05,n-matmul-512,true,e117dfcc4a03,,c-690ef4d5-0cf1abd9-8087fa0fddfa,1762587874785,Sync,1171.40,1762587874784,21.0.3.10,false,512,2.51,InvokeFunction,,,LATEST,1-690ef4e3-0c0a43-a5ed402321b7,OnDemand,,,0.56,,"{""errorType"":""FunctionAbnormalExitError""}"
,27BDDCAD80E91AC92FDFCC1C9A1A4216-16,1762587876,FCRequestMetrics:/n-matmul-512,116,116,,,3090.71,n-matmul-512,false,2ff8f58d97fc,,c-690ef4b4-0cf1abd9-3de0c61b5b68,1762587873111,Sync,3092.18,1762587873110,21.0.3.10,false,512,41.56,InvokeFunction,,,LATEST,1-690ef4e1-0c0a43-dac9457dabe6,OnDemand,,,0.43,
,715E1B0E1B21EEA77E59E1CCA6C827A1-14,1762587876,FCRequestMetrics:/n-matmul-512,119,119,,,3254.08,n-matmul-512,false,227434a33de2,,c-690ef4b3-0cf1abd9-7a1935f5d276,1762587872935,Sync,3255.70,1762587872934,21.0.3.11,false,512,37.91,InvokeFunction,,,LATEST,1-690ef4e0-0c0a43-6a47cd0b8d91,OnDemand,,,0.52,
,537821DDAFE9614566F0064DDB274514-20,1762587876,FCRequestMetrics:/n-matmul-512,124,124,,,2981.74,n-matmul-512,false,e7a61b8cb4fe,,c-690ef4a1-0cf1abd9-564b243bc6a8,1762587873304,Sync,2983.55,1762587873303,21.0.3.8,false,512,36.14,InvokeFunction,,,LATEST,1-690ef4e1-0c49fa-d14491db96a2,OnDemand,,,0.86,
,E336B2A6408E27B02C6CAB82C50088BC-F,1762587876,FCRequestMetrics:/n-matmul-512,116,116,,,3308.11,n-matmul-512,false,b76d94444b2f,,c-690ef4c1-0cf1abd9-48675e1450f8,1762587873121,Sync,3313.14,1762587873119,21.0.3.7,false,512,32.65,InvokeFunction,,,LATEST,1-690ef4e1-0c49fa-ff9ca53e87af,OnDemand,,,1.15,
,9DDF92507C03E777F745C0AA5C83C458-22,1762587876,FCRequestMetrics:/n-matmul-512,122,122,,,2735.48,n-matmul-512,false,ab20715057dd,,c-690ef49e-0cf1abd9-a4d3e4836d71,1762587873997,Sync,2738.42,1762587873997,21.0.3.8,false,512,40.21,InvokeFunction,,,LATEST,1-690ef4e1-0c0a43-5c38a1527827,OnDemand,,,0.51,
,F898A01EEA6FFC9C575701D6D0948E55-2B,1762587876,FCRequestMetrics:/n-matmul-512,122,122,,,3345.52,n-matmul-512,false,7a16d098497d,,c-690ef48f-0cf1abd9-9a6242cc8b28,1762587872727,Sync,3347.27,1762587872726,21.0.3.8,false,512,28.87,InvokeFunction,,,LATEST,1-690ef4e0-0c0a43-eb5d3af6f52f,OnDemand,,,0.53,
,F78928E4C3048B992F5E5A9DC10A82CD-D,1762587876,FCRequestMetrics:/n-matmul-512,121,121,,,2742.64,n-matmul-512,false,4756408993b7,,c-690ef4c8-0cf1abd9-87a481f567c5,1762587874053,Sync,2744.26,1762587874052,21.0.3.8,false,512,41.21,InvokeFunction,,,LATEST,1-690ef4e2-0c0a43-c5604264a784,OnDemand,,,0.48,
,86D3C1657BB7CB6F9D6C1B5957027679-18,1762587876,FCRequestMetrics:/n-matmul-512,121,121,,,3294.83,n-matmul-512,false,41e163ab7845,,c-690ef4b1-0cf1abd9-383b8cf3b88f,1762587872845,Sync,3296.25,1762587872844,21.0.3.10,false,512,26.92,InvokeFunction,,,LATEST,1-690ef4e0-0c0a43-75b0768bdae8,OnDemand,,,0.50,
,76578469F84FCD1CB8F7AE0D7CEF0D58-9,1762587876,FCRequestMetrics:/n-matmul-512,124,124,,,4383.89,n-matmul-512,false,8c2f5578c019,,c-690ef4d1-0cf1abd9-df87844cb3e3,1762587871701,Sync,4390.56,1762587871699,21.0.3.7,false,512,26.73,InvokeFunction,,,LATEST,1-690ef4e1-0c49fa-6758b6b92aaf,OnDemand,,,1.36,
,C9A28A785F95831BC9FC8EA20129FD05-12,1762587876,FCRequestMetrics:/n-matmul-512,116,116,,,3132.56,n-matmul-512,false,4856bc7a68f1,,c-690ef4c1-0cf1abd9-aae68ff129ed,1762587873113,Sync,3134.83,1762587873112,21.0.3.6,false,512,27.68,InvokeFunction,,,LATEST,1-690ef4e1-0c49fa-09b315c0f0c4,OnDemand,,,1.25,
,7C823A060900EA64C601C711AE9A8E7B-28,1762587876,FCRequestMetrics:/n-matmul-512,116,116,,,3104.74,n-matmul-512,false,a9c1f9cad0fa,,c-690ef492-0cf1abd9-41b4dd0accbf,1762587873113,Sync,3106.84,1762587873111,21.0.3.10,false,512,26.69,InvokeFunction,,,LATEST,1-690ef4e1-0c49fa-3ed326015e1a,OnDemand,,,1.12,
,B1B3EF35016788C3424F79DCBD83BB05-2B,1762587876,FCRequestMetrics:/n-matmul-512,116,116,,,3178.19,n-matmul-512,false,8e7a4967c312,,c-690ef48f-0cf1abd9-e1933dd451ba,1762587873126,Sync,3179.59,1762587873125,21.0.3.10,false,512,28.96,InvokeFunction,,,LATEST,1-690ef4e1-0c0a43-15bf39b60b1b,OnDemand,,,0.48,
,BF0051A2DC4BF4DDC3679E47B8B32C9C-12,1762587876,FCRequestMetrics:/n-matmul-512,123,123,,,3145.25,n-matmul-512,false,e797c285140c,,c-690ef4c0-0cf1abd9-8278610d83f5,1762587873287,Sync,3393.52,1762587873040,21.0.3.8,false,512,26.98,InvokeFunction,,,LATEST,1-690ef4e1-0c0a43-4a7b3b71cf9d,OnDemand,,,240.65,
,5E37C0E4F38EC01A59BF0AC51B37D7D9-16,1762587876,FCRequestMetrics:/n-matmul-512,124,124,,,3178.73,n-matmul-512,false,675e218faad5,,c-690ef4b2-0cf1abd9-5c68fc00ab92,1762587873260,Sync,3180.63,1762587873259,21.0.3.12,false,512,27.20,InvokeFunction,,,LATEST,1-690ef4e1-0c0a43-8e5536aba257,OnDemand,,,0.50,
,86C97E3549B8E428464CF6B56B68BFDC-18,1762587876,FCRequestMetrics:/n-matmul-512,124,124,,,3282.09,n-matmul-512,false,5a3240bb4b57,,c-690ef4b1-0cf1abd9-ef240bcd1d76,1762587873322,Sync,3284.26,1762587873321,21.0.3.12,false,512,28.97,InvokeFunction,,,LATEST,1-690ef4e1-0c49fa-57b535161b85,OnDemand,,,1.36,
,BD1D69C9267D95E53B2A79C6CB35D41D-26,1762587876,FCRequestMetrics:/n-matmul-512,125,125,,,2671.02,n-matmul-512,false,987841b3d4f5,,c-690ef492-0cf1abd9-b72bb88bbd36,1762587873537,Sync,2690.35,1762587873522,21.0.3.12,false,512,26.78,InvokeFunction,,,LATEST,1-690ef4e1-0c49fa-519aafbf2edb,OnDemand,,,14.70,
,5AFAB66E1E7466E5D8B7B9E08DE1641F-8,1762587876,FCRequestMetrics:/n-matmul-512,122,122,,,4496.95,n-matmul-512,false,b625bc4b4ab4,,c-690ef4d1-0cf1abd9-cc0167f16a90,1762587872347,Sync,4508.63,1762587872345,21.0.3.6,false,512,26.98,InvokeFunction,,,LATEST,1-690ef4e1-0c49fa-bc230ae065f2,OnDemand,,,1.35,
,01D4E8E7911B88CA9BFEF68BF58454E3-9,1762587876,FCRequestMetrics:/n-matmul-512,121,121,,,3995.08,n-matmul-512,false,af9f8faefca2,,c-690ef4d1-0cf1abd9-2cb97b541620,1762587872598,Sync,3999.18,1762587872595,21.0.3.10,false,512,28.67,InvokeFunction,,,LATEST,1-690ef4e2-0c49fa-37f373a39026,OnDemand,,,1.12,
,F031090DB7497FBE9C5AA393E7E68561-2C,1762587876,FCRequestMetrics:/n-matmul-512,123,123,,,3184.83,n-matmul-512,false,ac449c8e7f33,,c-690ef48f-0cf1abd9-a7a4b84ee62d,1762587873813,Sync,3186.57,1762587873813,21.0.3.9,false,512,24.39,InvokeFunction,,,LATEST,1-690ef4e1-0c0a43-73392a588723,OnDemand,,,0.49,
,D09BCBD485576D911D13CE495A97C108-17,1762587876,FCRequestMetrics:/n-matmul-512,125,125,,,2780.93,n-matmul-512,false,67959926d07f,,c-690ef4b3-0cf1abd9-62c5a8cabd6b,1762587873643,Sync,2782.36,1762587873642,21.0.3.10,false,512,26.92,InvokeFunction,,,LATEST,1-690ef4e1-0c0a43-93edd46a5bd0,OnDemand,,,0.49,
,78CD85FE04C684FD432ABFF362CBF50C-29,1762587876,FCRequestMetrics:/n-matmul-512,122,122,,,3445.95,n-matmul-512,false,6999fff919fb,,c-690ef48f-0cf1abd9-6c6d9044c534,1762587872698,Sync,3448.28,1762587872697,21.0.3.11,false,512,34.22,InvokeFunction,,,LATEST,1-690ef4e0-0c0a43-82d44d9e30b1,OnDemand,,,0.53,
,5A4B169E4A6A12AF96E6A9F31574ACDB-12,1762587876,FCRequestMetrics:/n-matmul-512,125,125,,,3599.42,n-matmul-512,false,e49c1078154a,,c-690ef4bd-0cf1abd9-52730e96d71d,1762587872420,Sync,3926.02,1762587872094,21.0.3.12,false,512,34.26,InvokeFunction,,,LATEST,1-690ef4e0-0c0a43-8feeb31b8908,OnDemand,,,325.56,
,5F3A1644AB2A1C8B074AB8754A10A293-1D,1762587876,FCRequestMetrics:/n-matmul-512,125,125,,,3923.75,n-matmul-512,false,69f1f8b4cc9d,,c-690ef4a4-0cf1abd9-06b3493bf27e,1762587872084,Sync,3925.57,1762587872083,21.0.3.12,false,512,38.57,InvokeFunction,,,LATEST,1-690ef4e0-0c0a43-76acaf36dfec,OnDemand,,,0.71,
,A61C5B29A1D7F2390D1E51D697C6283B-16,1762587876,FCRequestMetrics:/n-matmul-512,119,119,,,3191.29,n-matmul-512,false,14782dc1bc2e,,c-690ef4b4-0cf1abd9-744e5d667f19,1762587873015,Sync,3192.61,1762587873014,21.0.3.12,false,512,36.09,InvokeFunction,,,LATEST,1-690ef4e1-0c0a43-ab2f66566c83,OnDemand,,,0.53,
,9ADEFA90B0D30226FA9EC5C9D5AE07C5-20,1762587876,FCRequestMetrics:/n-matmul-512,125,125,,,3086.00,n-matmul-512,false,720d5821fc65,,c-690ef4a1-0cf1abd9-d2a0858351d9,1762587873514,Sync,3103.77,1762587873498,21.0.3.9,false,512,36.27,InvokeFunction,,,LATEST,1-690ef4e1-0c0a43-8677fd6c01a0,OnDemand,,,15.91,
,EABCDA55D43EA68A09CAEB4C9E234812-6,1762587876,FCRequestMetrics:/n-matmul-512,125,125,,,3938.73,n-matmul-512,false,2ac0bc3d44f6,,c-690ef4d7-0cf1abd9-14d53d3e8f33,1762587873002,Sync,3970.60,1762587872971,21.0.3.11,false,512,36.32,InvokeFunction,,,LATEST,1-690ef4e1-0c0a43-c0aa7eb55265,OnDemand,,,30.59,
,F07C00865CBCDDD3603F2861EC1005E7-29,1762587876,FCRequestMetrics:/n-matmul-512,123,123,,,3327.28,n-matmul-512,false,23ed8e688827,,c-690ef48f-0cf1abd9-c9d277f8db04,1762587873382,Sync,3589.03,1762587873122,21.0.3.12,false,512,34.63,InvokeFunction,,,LATEST,1-690ef4e1-0c49fa-4f08c6f62f0b,OnDemand,,,260.53,
,3EC79B1A2832FEBC3A7D2A1336CBC72B-D,1762587876,FCRequestMetrics:/n-matmul-512,116,116,,,2965.41,n-matmul-512,false,1ba7f32a1a20,,c-690ef4c8-0cf1abd9-b1f4c901d515,1762587873118,Sync,2966.95,1762587873117,21.0.3.12,false,512,38.52,InvokeFunction,,,LATEST,1-690ef4e1-0c0a43-6f956618e1b2,OnDemand,,,0.50,
,D47609DF0A0B8379D6163E9247FE0B62-19,1762587876,FCRequestMetrics:/n-matmul-512,125,125,,,3005.58,n-matmul-512,false,94f30db206a9,,c-690ef4b1-0cf1abd9-5ce21036fb60,1762587873460,Sync,3050.11,1762587873418,21.0.3.9,false,512,33.88,InvokeFunction,,,LATEST,1-690ef4e1-0c49fa-01332c66aa41,OnDemand,,,42.23,
,8C91CD9281F35024322C2F606CD0B1FE-14,1762587876,FCRequestMetrics:/n-matmul-512,124,124,,,3227.97,n-matmul-512,false,44c83b518121,,c-690ef4bd-0cf1abd9-e8c2a2bb7f02,1762587873261,Sync,3229.61,1762587873261,21.0.3.9,false,512,34.47,InvokeFunction,,,LATEST,1-690ef4e1-0c0a43-59d2decde80e,OnDemand,,,0.50,
,4A1A7379ED68F1567875DE99C92BB621-5,1762587876,FCRequestMetrics:/n-matmul-512,124,124,,,3538.99,n-matmul-512,false,d5bc7449f792,,c-690ef4d8-0cf1abd9-7eb634cbbfaf,1762587873015,Sync,3540.41,1762587873014,21.0.3.12,false,512,36.30,InvokeFunction,,,LATEST,1-690ef4e1-0c0a43-c10fb95343ac,OnDemand,,,0.49,
,32D30CAFDEB66ED4BA2C61AB57673DE9-14,1762587876,FCRequestMetrics:/n-matmul-512,123,123,,,3377.44,n-matmul-512,false,1e73088b591b,,c-690ef4bd-0cf1abd9-2266afd5303d,1762587873369,Sync,3379.73,1762587873368,21.0.3.11,false,512,34.17,InvokeFunction,,,LATEST,1-690ef4e1-0c49fa-b6a28aef5fce,OnDemand,,,1.31,
,646B33D459BD0A9244D32F781DAF3418-1F,1762587876,FCRequestMetrics:/n-matmul-512,123,123,,,2908.69,n-matmul-512,false,5d92a283eb8a,,c-690ef4a1-0cf1abd9-de1abe369d37,1762587873767,Sync,2911.58,1762587873766,21.0.3.10,false,512,34.29,InvokeFunction,,,LATEST,1-690ef4e1-0c49fa-481596d98387,OnDemand,,,1.20,
,414BD1893AE2054C5F533C4E4BFB2474-22,1762587876,FCRequestMetrics:/n-matmul-512,123,123,,,3051.23,n-matmul-512,false,e09eb6f846c4,,c-690ef49c-0cf1abd9-96967c00da02,1762587873797,Sync,3053.31,1762587873796,21.0.3.9,false,512,34.43,InvokeFunction,,,LATEST,1-690ef4e1-0c0a43-7baba11d7d15,OnDemand,,,0.57,
,454D28B9ADC842A2E21EC3C429AA5038-D,1762587876,FCRequestMetrics:/n-matmul-512,125,125,,,3045.63,n-matmul-512,false,68ffeb726d24,,c-690ef4c8-0cf1abd9-e95db563c2a4,1762587873485,Sync,3086.83,1762587873444,21.0.3.11,false,512,36.33,InvokeFunction,,,LATEST,1-690ef4e1-0c49fa-39a4fe1d568c,OnDemand,,,40.38,
,5D2FE67C0EB5779BF4214AF0D6312E51-22,1762587876,FCRequestMetrics:/n-matmul-512,125,125,,,3167.51,n-matmul-512,false,19252a223023,,c-690ef49c-0cf1abd9-daf5d7835f02,1762587873508,Sync,3190.86,1762587873485,21.0.3.10,false,512,38.14,InvokeFunction,,,LATEST,1-690ef4e1-0c49fa-84a50082e11b,OnDemand,,,22.25,
,47EEBB4524D816241D6164558AEC1FDB-14,1762587876,FCRequestMetrics:/n-matmul-512,125,125,,,3000.37,n-matmul-512,false,cf2f5a306fef,,c-690ef4bc-0cf1abd9-4bc9539c85b8,1762587873696,Sync,3003.23,1762587873695,21.0.3.9,false,512,34.48,InvokeFunction,,,LATEST,1-690ef4e1-0c49fa-716807fc3d55,OnDemand,,,1.38,
,93FE45F5D80B3384897CEBE39059D2B9-D,1762587876,FCRequestMetrics:/n-matmul-512,125,125,,,3075.28,n-matmul-512,false,ce40ea9a9210,,c-690ef4c8-0cf1abd9-21c972c4a8d9,1762587873569,Sync,3100.81,1762587873544,21.0.3.9,false,512,38.81,InvokeFunction,,,LATEST,1-690ef4e1-0c49fa-b793791cf43e,OnDemand,,,24.73,
,60315181B24B66886819325A3EA49E6F-24,1762587876,FCRequestMetrics:/n-matmul-512,124,124,,,3355.34,n-matmul-512,false,0d1aec41c426,,c-690ef49e-0cf1abd9-079fb8593d22,1762587873272,Sync,3357.02,1762587873271,21.0.3.9,false,512,36.68,InvokeFunction,,,LATEST,1-690ef4e1-0c0a43-742ac6c9c43a,OnDemand,,,0.41,
,F0A5925498435F2F6D9BDDB34BF193EA-D,1762587876,FCRequestMetrics:/n-matmul-512,123,123,,,2997.26,n-matmul-512,false,498ae363af0a,,c-690ef4c8-0cf1abd9-33e32577488c,1762587873379,Sync,3258.03,1762587873119,21.0.3.10,false,512,36.18,InvokeFunction,,,LATEST,1-690ef4e1-0c0a43-536d98ce0f32,OnDemand,,,259.87,
,CA067C7B13641001A367D67FE1936091-2B,1762587876,FCRequestMetrics:/n-matmul-512,125,125,,,0.03,n-matmul-512,true,5046f6076057,,c-690ef490-0cf1abd9-851ce87263d1,1762587874878,Sync,1316.62,1762587874877,21.0.3.11,false,512,4.21,InvokeFunction,,,LATEST,1-690ef4e2-0c49fa-e5a3f92618e6,OnDemand,,,0.88,,"{""errorType"":""FunctionAbnormalExitError""}"
,7F41C0AC9649E78CE4E6389BA04F93F7-2B,1762587876,FCRequestMetrics:/n-matmul-512,122,122,,,0.03,n-matmul-512,true,2f9a827ac39a,,c-690ef48f-0cf1abd9-d481ef5b70cb,1762587875264,Sync,914.90,1762587875263,21.0.3.12,false,512,2.05,InvokeFunction,,,LATEST,1-690ef4e3-0c49fa-19a9e4b03ff1,OnDemand,,,0.87,,"{""errorType"":""FunctionAbnormalExitError""}"
,4D57B9EBA87590C7398CF6540746C6BE-2B,1762587876,FCRequestMetrics:/n-matmul-512,119,119,,,0.03,n-matmul-512,true,cf9fc6279e9f,,c-690ef490-0cf1abd9-f9b75dacbfca,1762587875163,Sync,1097.70,1762587875161,21.0.3.10,false,512,2.07,InvokeFunction,,,LATEST,1-690ef4e3-0c49fa-f169c06f3ca0,OnDemand,,,1.17,,"{""errorType"":""FunctionAbnormalExitError""}"
,A58D23371A460570694E59E83C205D35-2C,1762587876,FCRequestMetrics:/n-matmul-512,125,125,,,0.02,n-matmul-512,true,f5099c18cdf1,,c-690ef48f-0cf1abd9-aa29b9d0aa99,1762587874940,Sync,1864.09,1762587874544,21.0.3.11,false,512,2.11,InvokeFunction,,,LATEST,1-690ef4e2-0c49fa-c1ac1181fd62,OnDemand,,,396.38,,"{""errorType"":""FunctionAbnormalExitError""}"
,F91A17FDEE204113BD7FCEE97E77B19D-2C,1762587876,FCRequestMetrics:/n-matmul-512,125,125,,,0.03,n-matmul-512,true,b4a55f945517,,c-690ef48f-0cf1abd9-f3db6505083a,1762587874987,Sync,1585.61,1762587874915,21.0.3.12,false,512,2.22,InvokeFunction,,,LATEST,1-690ef4e2-0c0a43-27993bf58470,OnDemand,,,72.63,,"{""errorType"":""FunctionAbnormalExitError""}"
,C2EB2A92BA9B62B2586CA2C02FC71F03-14,1762587876,FCRequestMetrics:/n-matmul-512,123,123,,,3563.28,n-matmul-512,false,d33c82b43d3d,,c-690ef4bd-0cf1abd9-a491e17680d2,1762587873407,Sync,3569.60,1762587873401,21.0.3.8,false,512,36.84,InvokeFunction,,,LATEST,1-690ef4e1-0c49fa-31a01a795d87,OnDemand,,,5.30,
,FE4CB4BB334203537C4452D39CB19CCC-12,1762587876,FCRequestMetrics:/n-matmul-512,112,112,,,0.05,n-matmul-512,true,a7689194af96,,c-690ef4c0-0cf1abd9-beaedf295aad,1762587875660,Sync,804.38,1762587875659,21.0.3.12,false,512,2.15,InvokeFunction,,,LATEST,1-690ef4e3-0c0a43-602eab73a0a9,OnDemand,,,0.56,,"{""errorType"":""FunctionAbnormalExitError""}"
,B50B6C7E4A9EFD8ADCDAE8E71A8A357B-2D,1762587876,FCRequestMetrics:/n-matmul-512,122,122,,,0.04,n-matmul-512,true,0c3cf93849f8,,c-690ef48f-0cf1abd9-ad135b628654,1762587875290,Sync,1115.64,1762587875288,21.0.3.8,false,512,2.21,InvokeFunction,,,LATEST,1-690ef4e3-0c49fa-304621012055,OnDemand,,,1.43,,"{""errorType"":""FunctionAbnormalExitError""}"
,023E1362E98622AC0BA42C246E757652-19,1762587876,FCRequestMetrics:/n-matmul-512,109,109,,,0.04,n-matmul-512,true,c2dc25ac0291,,c-690ef4b3-0cf1abd9-482c4f6b212d,1762587875902,Sync,848.84,1762587875901,21.0.3.9,false,512,2.05,InvokeFunction,,,LATEST,1-690ef4e3-0c0a43-4734b0c36534,OnDemand,,,0.53,,"{""errorType"":""FunctionAbnormalExitError""}"
,51921E23C89315F7BBF480D8419B0A1D-9,1762587876,FCRequestMetrics:/n-matmul-512,111,111,,,0.05,n-matmul-512,true,394b6570c5ea,,c-690ef4d5-0cf1abd9-8026978f4fdc,1762587875088,Sync,1543.26,1762587875087,21.0.3.12,false,512,2.26,InvokeFunction,,,LATEST,1-690ef4e3-0c49fa-db4dba080b92,OnDemand,,,1.10,,"{""errorType"":""FunctionAbnormalExitError""}"
,C1D7342C162E0433E3DCC69A36E49279-22,1762587877,FCRequestMetrics:/n-matmul-512,121,121,,,3018.61,n-matmul-512,false,c1850f6d6120,,c-690ef49e-0cf1abd9-bea541164f91,1762587874164,Sync,3032.82,1762587874150,21.0.3.11,false,512,36.60,InvokeFunction,,,LATEST,1-690ef4e2-0c0a43-38e0b8a26036,OnDemand,,,13.27,
,604D7A139A336D459A8701B8728ED443-16,1762587877,FCRequestMetrics:/n-matmul-512,121,121,,,2900.90,n-matmul-512,false,3ccc09a5376a,,c-690ef4b4-0cf1abd9-6384931551e4,1762587874136,Sync,2903.29,1762587874135,21.0.3.11,false,512,41.50,InvokeFunction,,,LATEST,1-690ef4e2-0c0a43-333310cbf5fb,OnDemand,,,0.43,
,2C250D9B2FF86C019F81DAC520815883-20,1762587877,FCRequestMetrics:/n-matmul-512,122,122,,,3298.99,n-matmul-512,false,52c1693be583,,c-690ef4a4-0cf1abd9-b2b9a6cf3285,1762587873836,Sync,3300.57,1762587873835,21.0.3.10,false,512,39.81,InvokeFunction,,,LATEST,1-690ef4e1-0c0a43-82533b8d5844,OnDemand,,,0.48,
,61FB77CF084CA2B121CED83B1B2F8CB8-6,1762587877,FCRequestMetrics:/n-matmul-512,125,125,,,3079.40,n-matmul-512,false,cbf3b5341b24,,c-690ef4d5-0cf1abd9-896a7d670f7a,1762587874041,Sync,3138.28,1762587873983,21.0.3.7,false,512,89.16,InvokeFunction,,,LATEST,1-690ef4e2-0c49fa-2fb08bb09f7f,OnDemand,,,57.17,
,A0E18646E4ED1862BB7852A818D6BD84-29,1762587877,FCRequestMetrics:/n-matmul-512,125,125,,,3272.63,n-matmul-512,false,455c2c4df2d2,,c-690ef48f-0cf1abd9-fff0447ff1dc,1762587874378,Sync,3449.09,1762587874202,21.0.3.8,false,512,38.14,InvokeFunction,,,LATEST,1-690ef4e2-0c0a43-7012dbf8f23e,OnDemand,,,175.51,
,3BDEEDD6F6C1B51E5137A970AE75BAA4-27,1762587877,FCRequestMetrics:/n-matmul-512,121,121,,,3267.19,n-matmul-512,false,3b2b33dbd196,,c-690ef492-0cf1abd9-bbdff8eda83c,1762587874137,Sync,3269.29,1762587874136,21.0.3.9,false,512,29.16,InvokeFunction,,,LATEST,1-690ef4e2-0c49fa-dbf752b35a37,OnDemand,,,0.97,
,BD9BE3600CF3EADC822FC16C6CE56C55-13,1762587877,FCRequestMetrics:/n-matmul-512,122,122,,,2924.91,n-matmul-512,false,a90b8e21cc4e,,c-690ef4bd-0cf1abd9-4533cb176176,1762587875057,Sync,2927.42,1762587875055,21.0.3.10,false,512,38.51,InvokeFunction,,,LATEST,1-690ef4e3-0c49fa-e1a6d2dcb9bc,OnDemand,,,1.32,
,9DBD82D68A5F344D47B8DE1951A258DF-6,1762587877,FCRequestMetrics:/n-matmul-512,119,119,,,3472.25,n-matmul-512,false,25404d1b02d2,,c-690ef4d6-0cf1abd9-9ab608ee2fc4,1762587874472,Sync,3474.54,1762587874470,21.0.3.12,false,512,38.02,InvokeFunction,,,LATEST,1-690ef4e3-0c49fa-4bc0023a48b8,OnDemand,,,1.16,
,A89833F386C2C0AAB19D937BC0A8D2F3-16,1762587877,FCRequestMetrics:/n-matmul-512,119,119,,,2828.83,n-matmul-512,false,ea0bccbe44d2,,c-690ef4b4-0cf1abd9-c9ccab6a1a6a,1762587875156,Sync,2832.23,1762587875154,21.0.3.8,false,512,37.70,InvokeFunction,,,LATEST,1-690ef4e3-0c49fa-aede579b03a3,OnDemand,,,1.20,
,1C05D5B02F01F46143D999E67440A343-2C,1762587877,FCRequestMetrics:/n-matmul-512,121,121,,,3194.03,n-matmul-512,false,ded09bee0b2d,,c-690ef48f-0cf1abd9-2bb86706a2c4,1762587874186,Sync,3228.03,1762587874153,21.0.3.9,false,512,26.93,InvokeFunction,,,LATEST,1-690ef4e2-0c0a43-0bb8e96cbe4b,OnDemand,,,32.47,
,3801AF28D1F06D15DE702CA3D1A78840-2C,1762587877,FCRequestMetrics:/n-matmul-512,121,121,,,2913.16,n-matmul-512,false,85f7f63caa28,,c-690ef48f-0cf1abd9-8d9a75cfa22a,1762587874180,Sync,2941.26,1762587874153,21.0.3.8,false,512,26.46,InvokeFunction,,,LATEST,1-690ef4e2-0c49fa-7400b2978a4c,OnDemand,,,26.68,
,8A4C9F8EC0081A54D335C35B65D1357D-20,1762587877,FCRequestMetrics:/n-matmul-512,121,121,,,2990.02,n-matmul-512,false,1c5ca9e1c7f9,,c-690ef4a4-0cf1abd9-274debaa5e8f,1762587874222,Sync,3053.86,1762587874159,21.0.3.9,false,512,27.09,InvokeFunction,,,LATEST,1-690ef4e2-0c0a43-cb69af10765e,OnDemand,,,61.41,
,E4C186C27FC2E01612D2685505BDC1C8-19,1762587877,FCRequestMetrics:/n-matmul-512,125,125,,,3007.98,n-matmul-512,false,2f46f223d44b,,c-690ef4b3-0cf1abd9-b7dfa30d9e6b,1762587874263,Sync,3114.54,1762587874157,21.0.3.8,false,512,29.04,InvokeFunction,,,LATEST,1-690ef4e2-0c49fa-1a98ec719cf7,OnDemand,,,105.81,
,5F40BF3643AE590E1A0AFBFC2BB1CC92-19,1762587877,FCRequestMetrics:/n-matmul-512,125,125,,,2934.54,n-matmul-512,false,918ade19bbee,,c-690ef4b1-0cf1abd9-3df7810e23e4,1762587874401,Sync,3114.63,1762587874222,21.0.3.11,false,512,27.24,InvokeFunction,,,LATEST,1-690ef4e2-0c49fa-ba2dc8e5c43e,OnDemand,,,178.51,
,BF93D493C22D4491C67A697A08986BFB-9,1762587877,FCRequestMetrics:/n-matmul-512,125,125,,,4077.33,n-matmul-512,false,3624fd232b03,,c-690ef4d1-0cf1abd9-fa48bfbc8b06,1762587873386,Sync,4111.03,1762587873354,21.0.3.9,false,512,26.82,InvokeFunction,,,LATEST,1-690ef4e2-0c49fa-08312e148191,OnDemand,,,31.96,
,333D4C666C8B83BB41B1C7D79452A532-12,1762587877,FCRequestMetrics:/n-matmul-512,125,125,,,2806.71,n-matmul-512,false,e3c6c131f32d,,c-690ef4c0-0cf1abd9-c5743552479f,1762587874711,Sync,2864.51,1762587874655,21.0.3.9,false,512,29.18,InvokeFunction,,,LATEST,1-690ef4e2-0c49fa-4c29fe94f572,OnDemand,,,56.43,
,C5E3D6C1456AB3A159B70500C779D02C-9,1762587877,FCRequestMetrics:/n-matmul-512,125,125,,,3930.99,n-matmul-512,false,03aa7a5e978e,,c-690ef4d1-0cf1abd9-37e40b6fa245,1762587873383,Sync,4015.32,1762587873300,21.0.3.11,false,512,26.83,InvokeFunction,,,LATEST,1-690ef4e2-0c49fa-7b75f9aa18c6,OnDemand,,,83.34,
,52D7D507918D931708B22C4CE8E63CCC-19,1762587877,FCRequestMetrics:/n-matmul-512,125,125,,,2940.32,n-matmul-512,false,7e3f21c3452b,,c-690ef4b2-0cf1abd9-448ba4a6e619,1762587874672,Sync,3472.12,1762587874142,21.0.3.9,false,512,27.16,InvokeFunction,,,LATEST,1-690ef4e2-0c0a43-297516f6f618,OnDemand,,,530.51,
,D383B16911701B57D8112BE288DB8A26-19,1762587877,FCRequestMetrics:/n-matmul-512,125,125,,,3156.34,n-matmul-512,false,bb19602af764,,c-690ef4b1-0cf1abd9-7e88298a556b,1762587874830,Sync,3275.33,1762587874712,21.0.3.10,false,512,29.05,InvokeFunction,,,LATEST,1-690ef4e2-0c49fa-2e8c928445b0,OnDemand,,,117.96,
,49B64A5B3FBA9FC6678BE15B3FA1CAE0-17,1762587877,FCRequestMetrics:/n-matmul-512,125,125,,,2869.61,n-matmul-512,false,b69b715c17a5,,c-690ef4b3-0cf1abd9-2077a8676f3b,1762587874795,Sync,3003.43,1762587874663,21.0.3.11,false,512,26.76,InvokeFunction,,,LATEST,1-690ef4e2-0c49fa-4a5a7f5ed089,OnDemand,,,131.89,
,22E833C237D88A72ACDEEBC774861945-10,1762587877,FCRequestMetrics:/n-matmul-512,125,125,,,2971.20,n-matmul-512,false,3ad91ce1f715,,c-690ef4c1-0cf1abd9-a9ad8a9b0501,1762587875006,Sync,2973.95,1762587875005,21.0.3.5,false,512,28.77,InvokeFunction,,,LATEST,1-690ef4e3-0c49fa-5707cc13e239,OnDemand,,,1.26,
,8009EC769EAF82E94BE4682B8C0E45B5-11,1762587877,FCRequestMetrics:/n-matmul-512,125,125,,,2646.80,n-matmul-512,false,e18d84b3712e,,c-690ef4c1-0cf1abd9-2df610e1f3e8,1762587874714,Sync,2704.12,1762587874657,21.0.3.8,false,512,26.62,InvokeFunction,,,LATEST,1-690ef4e2-0c49fa-6695b7512b9d,OnDemand,,,55.90,
,7E61C224A0C92ACF29245CE740336474-9,1762587877,FCRequestMetrics:/n-matmul-512,122,122,,,3491.62,n-matmul-512,false,54fa523719bf,,c-690ef4d5-0cf1abd9-a1fddea636ac,1762587874454,Sync,3493.83,1762587874452,21.0.3.8,false,512,51.88,InvokeFunction,,,LATEST,1-690ef4e3-0c49fa-fdb34d1031ec,OnDemand,,,1.33,
,49858DB541AAB1B6611A1511B91F5B3F-8,1762587877,FCRequestMetrics:/n-matmul-512,125,125,,,3658.41,n-matmul-512,false,1cfed078e6f6,,c-690ef4d6-0cf1abd9-296db67e1edb,1762587874288,Sync,4028.12,1762587873919,21.0.3.10,false,512,41.30,InvokeFunction,,,LATEST,1-690ef4e2-0c49fa-161ce7d71477,OnDemand,,,368.88,
,1F1FFC412871BA58DE9DD242432C9C35-29,1762587877,FCRequestMetrics:/n-matmul-512,125,125,,,3530.47,n-matmul-512,false,a2dfb552053b,,c-690ef492-0cf1abd9-8c97f365993b,1762587873598,Sync,3578.52,1762587873550,21.0.3.8,false,512,34.40,InvokeFunction,,,LATEST,1-690ef4e1-0c49fa-89c7b0197712,OnDemand,,,47.05,
,9095B2C1B61D208836CC9B1C85A0D40A-19,1762587877,FCRequestMetrics:/n-matmul-512,125,125,,,2807.37,n-matmul-512,false,ca295ccdb9ef,,c-690ef4b1-0cf1abd9-20d8276cdfb4,1762587874398,Sync,2990.64,1762587874216,21.0.3.8,false,512,33.85,InvokeFunction,,,LATEST,1-690ef4e2-0c0a43-fe2a2ffe6d5c,OnDemand,,,182.25,
,B6CBE8EBA74250AA907E560C90566BB4-22,1762587877,FCRequestMetrics:/n-matmul-512,122,122,,,3145.41,n-matmul-512,false,ab282a8889ea,,c-690ef49c-0cf1abd9-bbfeef60bc24,1762587873919,Sync,3154.38,1762587873917,21.0.3.11,false,512,34.55,InvokeFunction,,,LATEST,1-690ef4e1-0c49fa-31f29ba8212f,OnDemand,,,1.18,
,67EF79BC30A82AE98BE59702C8F66831-14,1762587877,FCRequestMetrics:/n-matmul-512,125,125,,,2934.46,n-matmul-512,false,9d91d3cbe239,,c-690ef4bd-0cf1abd9-3b4ee6796d7a,1762587874268,Sync,3018.56,1762587874184,21.0.3.11,false,512,36.59,InvokeFunction,,,LATEST,1-690ef4e2-0c49fa-9e364ab2b36c,OnDemand,,,83.30,
,3638871BA5BA6CB81D64084B08F55201-2E,1762587877,FCRequestMetrics:/n-matmul-512,121,121,,,3066.23,n-matmul-512,false,d9ddc014a95e,,c-690ef48f-0cf1abd9-ec0c220edbce,1762587874149,Sync,3067.79,1762587874148,21.0.3.8,false,512,34.46,InvokeFunction,,,LATEST,1-690ef4e2-0c0a43-ab3c5f7ff188,OnDemand,,,0.50,
,028699F502CA3D7E230041FC52AB4DE5-19,1762587877,FCRequestMetrics:/n-matmul-512,125,125,,,3059.79,n-matmul-512,false,c3f0f0de03a0,,c-690ef4b1-0cf1abd9-f906b5304a3d,1762587874842,Sync,3583.98,1762587874320,21.0.3.8,false,512,36.22,InvokeFunction,,,LATEST,1-690ef4e2-0c49fa-202aeb352477,OnDemand,,,521.69,
,A07FED3AC0D9C87237C2A7F7FEAC1FF2-14,1762587877,FCRequestMetrics:/n-matmul-512,121,121,,,3086.69,n-matmul-512,false,5059a3c012ce,,c-690ef4bc-0cf1abd9-aaba1ef8e3d8,1762587874186,Sync,3120.43,1762587874153,21.0.3.8,false,512,34.50,InvokeFunction,,,LATEST,1-690ef4e2-0c49fa-4f013a60874f,OnDemand,,,32.96,
,FD6981321571EC68F9E27CDAD26BAC19-22,1762587877,FCRequestMetrics:/n-matmul-512,121,121,,,3210.21,n-matmul-512,false,b2349f9a27e7,,c-690ef49c-0cf1abd9-a2407a052b71,1762587874158,Sync,3219.83,1762587874149,21.0.3.12,false,512,36.09,InvokeFunction,,,LATEST,1-690ef4e2-0c49fa-cea452c49d5f,OnDemand,,,8.48,
,ED99555BBD66FF347A8C8145C62ABE99-22,1762587877,FCRequestMetrics:/n-matmul-512,122,122,,,3309.53,n-matmul-512,false,4bed96722f41,,c-690ef49c-0cf1abd9-8088ae7c339c,1762587873866,Sync,3541.99,1762587873634,21.0.3.8,false,512,36.43,InvokeFunction,,,LATEST,1-690ef4e1-0c0a43-16fdbf1079a3,OnDemand,,,231.66,
,CF8B8E5EDA76CE1E15E6DE137B05F0FC-14,1762587877,FCRequestMetrics:/n-matmul-512,125,125,,,3133.18,n-matmul-512,false,09ed6314a647,,c-690ef4bd-0cf1abd9-4b304ea77a49,1762587874650,Sync,3638.17,1762587874146,21.0.3.12,false,512,36.33,InvokeFunction,,,LATEST,1-690ef4e2-0c49fa-f3cb18e87715,OnDemand,,,504.19,
,13AC9179567B6A88BE4E678F8CBCF027-1F,1762587877,FCRequestMetrics:/n-matmul-512,125,125,,,2821.09,n-matmul-512,false,c1270f7ffdb8,,c-690ef4a1-0cf1abd9-661404bfd8df,1762587874676,Sync,3356.00,1762587874142,21.0.3.12,false,512,36.58,InvokeFunction,,,LATEST,1-690ef4e2-0c49fa-2f84615030bc,OnDemand,,,534.04,
,90D8D68606671C7D3CC9428DB5D1A5ED-20,1762587877,FCRequestMetrics:/n-matmul-512,125,125,,,2692.83,n-matmul-512,false,43290576c1e6,,c-690ef4a1-0cf1abd9-784f475cf818,1762587874991,Sync,2706.05,1762587874979,21.0.3.11,false,512,40.48,InvokeFunction,,,LATEST,1-690ef4e2-0c49fa-5f9fac89888f,OnDemand,,,11.54,
,3D753EA828DEDBBB0DF10FE8437E0EE2-21,1762587877,FCRequestMetrics:/n-matmul-512,125,125,,,3309.44,n-matmul-512,false,13a75e602ffd,,c-690ef49e-0cf1abd9-124626cd631e,1762587874508,Sync,3553.30,1762587874266,21.0.3.12,false,512,36.80,InvokeFunction,,,LATEST,1-690ef4e2-0c0a43-9188f4286807,OnDemand,,,241.81,
,FFBE1F54232C7105BB9D9D9815146807-19,1762587877,FCRequestMetrics:/n-matmul-512,119,119,,,2721.53,n-matmul-512,false,4210c93d9e28,,c-690ef4b2-0cf1abd9-734e58adbe38,1762587875225,Sync,2723.96,1762587875224,21.0.3.10,false,512,34.70,InvokeFunction,,,LATEST,1-690ef4e3-0c49fa-c567ef41ab25,OnDemand,,,1.35,
,27BDDCAD80E91AC92FDFCC1C9A1A4216-18,1762587877,FCRequestMetrics:/n-matmul-512,105,105,,,0.04,n-matmul-512,true,2ff8f58d97fc,,c-690ef4b4-0cf1abd9-3de0c61b5b68,1762587876258,Sync,775.96,1762587876257,21.0.3.10,false,512,2.20,InvokeFunction,,,LATEST,1-690ef4e4-0c49fa-9d1e2199ee7b,OnDemand,,,0.83,,"{""errorType"":""FunctionAbnormalExitError""}"
,95881DBD69A5D46DBD0CE5603278C262-9,1762587877,FCRequestMetrics:/n-matmul-512,111,111,,,0.03,n-matmul-512,true,0cc96397dcc6,,c-690ef4d5-0cf1abd9-bb46dcba3bb4,1762587875094,Sync,2419.68,1762587875094,21.0.3.11,false,512,2.23,InvokeFunction,,,LATEST,1-690ef4e3-0c0a43-cfdfbfd8ac17,OnDemand,,,0.51,,"{""errorType"":""FunctionAbnormalExitError""}"
,A215E42A48869DE9E4DCA54EC0297126-9,1762587877,FCRequestMetrics:/n-matmul-512,109,109,,,0.05,n-matmul-512,true,ae96b778c52c,,c-690ef4d4-0cf1abd9-80805a6a9659,1762587875236,Sync,2341.60,1762587875235,21.0.3.8,false,512,55.02,InvokeFunction,,,LATEST,1-690ef4e4-0c0a43-0ad13b6d5ccb,OnDemand,,,0.50,,"{""errorType"":""FunctionAbnormalExitError""}"
,F78928E4C3048B992F5E5A9DC10A82CD-10,1762587877,FCRequestMetrics:/n-matmul-512,101,101,,,0.03,n-matmul-512,true,4756408993b7,,c-690ef4c8-0cf1abd9-87a481f567c5,1762587876837,Sync,982.98,1762587876836,21.0.3.8,false,512,2.17,InvokeFunction,,,LATEST,1-690ef4e4-0c0a43-c28de027fcb2,OnDemand,,,0.51,,"{""errorType"":""FunctionAbnormalExitError""}"
,E763FEDED2DD2923A606C1ABC0F0B8DF-9,1762587877,FCRequestMetrics:/n-matmul-512,109,109,,,0.05,n-matmul-512,true,6d406cad06b1,,c-690ef4d4-0cf1abd9-1184c15b4902,1762587875159,Sync,2588.37,1762587875159,21.0.3.9,false,512,5.33,InvokeFunction,,,LATEST,1-690ef4e4-0c0a43-1574b5a1f4b2,OnDemand,,,0.51,,"{""errorType"":""FunctionAbnormalExitError""}"
,2C250D9B2FF86C019F81DAC520815883-23,1762587877,FCRequestMetrics:/n-matmul-512,99,99,,,0.03,n-matmul-512,true,52c1693be583,,c-690ef4a4-0cf1abd9-b2b9a6cf3285,1762587877170,Sync,802.85,1762587877168,21.0.3.10,false,512,2.23,InvokeFunction,,,LATEST,1-690ef4e5-0c49fa-b6d374c60c22,OnDemand,,,1.34,,"{""errorType"":""FunctionAbnormalExitError""}"
,85AE7850BCAF6CD3F0510D61A3C3BE5F-6,1762587878,FCRequestMetrics:/n-matmul-512,125,125,,,3319.58,n-matmul-512,false,d876faebd573,,c-690ef4d6-0cf1abd9-67e660b3df1a,1762587874814,Sync,3321.46,1762587874813,21.0.3.8,false,512,94.90,InvokeFunction,,,LATEST,1-690ef4e2-0c49fa-e60c70e784c6,OnDemand,,,0.95,
,EAD7BD32D52FA8C0EC561AB86D8BB129-20,1762587878,FCRequestMetrics:/n-matmul-512,119,119,,,3014.39,n-matmul-512,false,9697e733b066,,c-690ef49e-0cf1abd9-b7f83cb23224,1762587875159,Sync,3016.60,1762587875157,21.0.3.10,false,512,36.04,InvokeFunction,,,LATEST,1-690ef4e3-0c49fa-59a32a371692,OnDemand,,,1.34,
,5F3A1644AB2A1C8B074AB8754A10A293-1D,1762587878,FCRequestMetrics:/n-matmul-512,109,109,,,2707.97,n-matmul-512,false,69f1f8b4cc9d,,c-690ef4a4-0cf1abd9-06b3493bf27e,1762587876125,Sync,2709.21,1762587876124,21.0.3.12,false,512,41.75,InvokeFunction,,,LATEST,1-690ef4e4-0c0a43-39cd050fe52f,OnDemand,,,0.47,
,5E4A59CDF3E7A5F12FFA6D69EE5EC6FC-9,1762587878,FCRequestMetrics:/n-matmul-512,112,112,,,3239.25,n-matmul-512,false,2e799e3149e9,,c-690ef4d7-0cf1abd9-47d2e00207ec,1762587875662,Sync,3240.98,1762587875662,21.0.3.10,false,512,39.97,InvokeFunction,,,LATEST,1-690ef4e3-0c0a43-15bba1944fe7,OnDemand,,,0.52,
,19D19504A7F011D98456D47931F40832-19,1762587878,FCRequestMetrics:/n-matmul-512,125,125,,,3410.43,n-matmul-512,false,d76a12fc0134,,c-690ef4b1-0cf1abd9-3da89f7b182b,1762587874856,Sync,3817.97,1762587874449,21.0.3.11,false,512,26.74,InvokeFunction,,,LATEST,1-690ef4e2-0c49fa-baa30f50bda1,OnDemand,,,406.60,
,395AF19B30E923F04509691974E770B2-19,1762587878,FCRequestMetrics:/n-matmul-512,125,125,,,3237.41,n-matmul-512,false,16c28b2331e7,,c-690ef4b3-0cf1abd9-03841df006e6,1762587874816,Sync,3367.11,1762587874688,21.0.3.12,false,512,26.88,InvokeFunction,,,LATEST,1-690ef4e2-0c49fa-b2ae7ac7de23,OnDemand,,,127.69,
,E49E041E26792B5C9FA746FE5A0F2654-9,1762587878,FCRequestMetrics:/n-matmul-512,119,119,,,3535.50,n-matmul-512,false,c7d5890c0209,,c-690ef4d6-0cf1abd9-a844f7d6b61a,1762587874458,Sync,3543.51,1762587874457,21.0.3.9,false,512,39.89,InvokeFunction,,,LATEST,1-690ef4e3-0c49fa-71ebaf266326,OnDemand,,,1.15,
,A6333F63464BC687DF1965DBFE05F1DB-2B,1762587878,FCRequestMetrics:/n-matmul-512,122,122,,,2999.85,n-matmul-512,false,3e88eb377bf5,,c-690ef490-0cf1abd9-507f1daf6985,1762587875043,Sync,3002.25,1762587875041,21.0.3.11,false,512,27.19,InvokeFunction,,,LATEST,1-690ef4e3-0c49fa-2b27e2c5575a,OnDemand,,,1.40,
,3D3F830804794EE934A3F39C618D6DA7-17,1762587878,FCRequestMetrics:/n-matmul-512,122,122,,,3025.34,n-matmul-512,false,a5074fb07ccb,,c-690ef4b3-0cf1abd9-4204fc55cfbc,1762587875067,Sync,3027.67,1762587875066,21.0.3.9,false,512,27.20,InvokeFunction,,,LATEST,1-690ef4e3-0c49fa-90639f29a7a1,OnDemand,,,1.34,
,270B9EACE82C5E95387DFC3023475A37-22,1762587878,FCRequestMetrics:/n-matmul-512,125,125,,,3043.64,n-matmul-512,false,fe7ebaee4797,,c-690ef4a4-0cf1abd9-3aa2f2400266,1762587875029,Sync,3045.44,1762587875028,21.0.3.8,false,512,28.80,InvokeFunction,,,LATEST,1-690ef4e3-0c49fa-14e9b7c98ea2,OnDemand,,,0.77,
,386DA6364528A35F673B30D821826132-1A,1762587878,FCRequestMetrics:/n-matmul-512,122,122,,,2724.63,n-matmul-512,false,2f0b32a49385,,c-690ef4b1-0cf1abd9-06c370eb6fc5,1762587875289,Sync,2726.72,1762587875287,21.0.3.12,false,512,27.04,InvokeFunction,,,LATEST,1-690ef4e3-0c49fa-dfccea41b7fb,OnDemand,,,1.19,
,B23CDAA9EFB02072F2EA6F095891B977-19,1762587878,FCRequestMetrics:/n-matmul-512,113,113,,,2534.17,n-matmul-512,false,01cbc6dce386,,c-690ef4b2-0cf1abd9-ad92bd478abd,1762587875541,Sync,2535.83,1762587875540,21.0.3.11,false,512,26.92,InvokeFunction,,,LATEST,1-690ef4e3-0c0a43-6a5b7e1ea82b,OnDemand,,,0.47,
,0AE60AD6E226644C212775A9AD9DBC3A-17,1762587878,FCRequestMetrics:/n-matmul-512,113,113,,,2777.86,n-matmul-512,false,e5c3b3dfa4c1,,c-690ef4b3-0cf1abd9-04675e7328d5,1762587875536,Sync,2780.16,1762587875535,21.0.3.10,false,512,28.82,InvokeFunction,,,LATEST,1-690ef4e3-0c0a43-db8b5f47c63c,OnDemand,,,0.57,
,E438D6118493E314AD4DA785D820E022-1B,1762587878,FCRequestMetrics:/n-matmul-512,109,109,,,2689.83,n-matmul-512,false,b191993e8dc4,,c-690ef4b3-0cf1abd9-0d3f75ed2006,1762587875847,Sync,2691.63,1762587875846,21.0.3.8,false,512,26.95,InvokeFunction,,,LATEST,1-690ef4e3-0c0a43-a27634f04911,OnDemand,,,0.56,
,22262E23B35913584F104007F60CDE44-2C,1762587878,FCRequestMetrics:/n-matmul-512,109,109,,,2671.69,n-matmul-512,false,5c984f724ebf,,c-690ef48f-0cf1abd9-4d671f684c9c,1762587875855,Sync,2682.87,1762587875854,21.0.3.9,false,512,28.40,InvokeFunction,,,LATEST,1-690ef4e3-0c0a43-087a08e5b194,OnDemand,,,0.46,
,7F41C0AC9649E78CE4E6389BA04F93F7-2B,1762587878,FCRequestMetrics:/n-matmul-512,111,111,,,2604.05,n-matmul-512,false,2f9a827ac39a,,c-690ef48f-0cf1abd9-d481ef5b70cb,1762587876180,Sync,2605.66,1762587876180,21.0.3.12,false,512,28.51,InvokeFunction,,,LATEST,1-690ef4e4-0c0a43-1e69905a60f8,OnDemand,,,0.52,
,4D57B9EBA87590C7398CF6540746C6BE-2B,1762587878,FCRequestMetrics:/n-matmul-512,105,105,,,2571.34,n-matmul-512,false,cf9fc6279e9f,,c-690ef490-0cf1abd9-f9b75dacbfca,1762587876288,Sync,2573.73,1762587876286,21.0.3.10,false,512,29.07,InvokeFunction,,,LATEST,1-690ef4e4-0c49fa-6cb9ce5393ab,OnDemand,,,1.22,
,023E1362E98622AC0BA42C246E757652-19,1762587878,FCRequestMetrics:/n-matmul-512,102,102,,,1726.42,n-matmul-512,false,c2dc25ac0291,,c-690ef4b3-0cf1abd9-482c4f6b212d,1762587876753,Sync,1728.39,1762587876752,21.0.3.9,false,512,28.85,InvokeFunction,,,LATEST,1-690ef4e4-0c49fa-925337bb4d68,OnDemand,,,1.11,
,447511FEAA2C196192B29D0355E78B1D-2E,1762587878,FCRequestMetrics:/n-matmul-512,113,113,,,2831.79,n-matmul-512,false,2be5f8bcaa9a,,c-690ef48f-0cf1abd9-405aaa419009,1762587875774,Sync,2834.51,1762587875773,21.0.3.9,false,512,34.41,InvokeFunction,,,LATEST,1-690ef4e3-0c0a43-d17be75c83c2,OnDemand,,,0.59,
,148C1B09986999E20AA0FF04F10942D0-2E,1762587878,FCRequestMetrics:/n-matmul-512,109,109,,,2726.17,n-matmul-512,false,aa1e2085073a,,c-690ef48f-0cf1abd9-2b72cdd5c5c2,1762587875853,Sync,2727.44,1762587875852,21.0.3.10,false,512,34.23,InvokeFunction,,,LATEST,1-690ef4e3-0c0a43-2aaebca09865,OnDemand,,,0.48,
,F898A01EEA6FFC9C575701D6D0948E55-2E,1762587878,FCRequestMetrics:/n-matmul-512,109,109,,,2794.39,n-matmul-512,false,7a16d098497d,,c-690ef48f-0cf1abd9-9a6242cc8b28,1762587876085,Sync,2795.83,1762587876084,21.0.3.8,false,512,36.13,InvokeFunction,,,LATEST,1-690ef4e4-0c0a43-574e2e27f39a,OnDemand,,,0.48,
,03A714A9772EC266AA0C3B3C7C5F7666-14,1762587878,FCRequestMetrics:/n-matmul-512,125,125,,,3875.22,n-matmul-512,false,579930c5ac3a,,c-690ef4bd-0cf1abd9-7053d50dd4cd,1762587874779,Sync,4001.40,1762587874670,21.0.3.10,false,512,36.55,InvokeFunction,,,LATEST,1-690ef4e2-0c49fa-165566fbce66,OnDemand,,,109.03,
,7FDD645C18A05AFCA1EE540844E336B4-29,1762587878,FCRequestMetrics:/n-matmul-512,119,119,,,3483.70,n-matmul-512,false,005047e6f771,,c-690ef48f-0cf1abd9-a4e85c44b759,1762587875216,Sync,3486.20,1762587875214,21.0.3.10,false,512,36.67,InvokeFunction,,,LATEST,1-690ef4e3-0c49fa-4decaa537c01,OnDemand,,,1.39,
,C9A28A785F95831BC9FC8EA20129FD05-14,1762587878,FCRequestMetrics:/n-matmul-512,105,105,,,2289.52,n-matmul-512,false,4856bc7a68f1,,c-690ef4c1-0cf1abd9-aae68ff129ed,1762587876257,Sync,2292.93,1762587876255,21.0.3.6,false,512,34.09,InvokeFunction,,,LATEST,1-690ef4e4-0c49fa-00ecbc16ae49,OnDemand,,,1.33,
,9DDF92507C03E777F745C0AA5C83C458-25,1762587878,FCRequestMetrics:/n-matmul-512,102,102,,,0.04,n-matmul-512,true,ab20715057dd,,c-690ef49e-0cf1abd9-a4d3e4836d71,1762587876789,Sync,1228.87,1762587876787,21.0.3.8,false,512,4.28,InvokeFunction,,,LATEST,1-690ef4e4-0c49fa-a2e43f73f2fa,OnDemand,,,1.36,,"{""errorType"":""FunctionAbnormalExitError""}"
,604D7A139A336D459A8701B8728ED443-19,1762587878,FCRequestMetrics:/n-matmul-512,101,101,,,0.03,n-matmul-512,true,3ccc09a5376a,,c-690ef4b4-0cf1abd9-6384931551e4,1762587877044,Sync,1059.43,1762587877043,21.0.3.11,false,512,2.09,InvokeFunction,,,LATEST,1-690ef4e5-0c0a43-ac9d7912da24,OnDemand,,,0.51,,"{""errorType"":""FunctionAbnormalExitError""}"
,61FB77CF084CA2B121CED83B1B2F8CB8-8,1762587878,FCRequestMetrics:/n-matmul-512,99,99,,,0.04,n-matmul-512,true,cbf3b5341b24,,c-690ef4d5-0cf1abd9-896a7d670f7a,1762587877181,Sync,1158.61,1762587877180,21.0.3.7,false,512,49.76,InvokeFunction,,,LATEST,1-690ef4e5-0c49fa-6d2be75395d0,OnDemand,,,0.85,,"{""errorType"":""FunctionAbnormalExitError""}"
,A0E18646E4ED1862BB7852A818D6BD84-2C,1762587878,FCRequestMetrics:/n-matmul-512,99,99,,,0.05,n-matmul-512,true,455c2c4df2d2,,c-690ef48f-0cf1abd9-fff0447ff1dc,1762587877730,Sync,1211.89,1762587877729,21.0.3.8,false,512,2.25,InvokeFunction,,,LATEST,1-690ef4e5-0c49fa-63f9038447f3,OnDemand,,,1.00,,"{""errorType"":""FunctionAbnormalExitError""}"
,537821DDAFE9614566F0064DDB274514-22,1762587879,FCRequestMetrics:/n-matmul-512,107,107,,,2656.55,n-matmul-512,false,e7a61b8cb4fe,,c-690ef4a1-0cf1abd9-564b243bc6a8,1762587876346,Sync,2658.18,1762587876345,21.0.3.8,false,512,37.97,InvokeFunction,,,LATEST,1-690ef4e4-0c0a43-ac8fe00f0589,OnDemand,,,0.53,
,3EC79B1A2832FEBC3A7D2A1336CBC72B-D,1762587879,FCRequestMetrics:/n-matmul-512,109,109,,,2934.74,n-matmul-512,false,1ba7f32a1a20,,c-690ef4c8-0cf1abd9-b1f4c901d515,1762587876115,Sync,2936.07,1762587876114,21.0.3.12,false,512,41.66,InvokeFunction,,,LATEST,1-690ef4e4-0c0a43-3949dea3fbc8,OnDemand,,,0.53,
,A61C5B29A1D7F2390D1E51D697C6283B-19,1762587879,FCRequestMetrics:/n-matmul-512,105,105,,,2945.54,n-matmul-512,false,14782dc1bc2e,,c-690ef4b4-0cf1abd9-744e5d667f19,1762587876248,Sync,2947.23,1762587876247,21.0.3.12,false,512,37.81,InvokeFunction,,,LATEST,1-690ef4e4-0c0a43-217cf5df8a58,OnDemand,,,0.54,
,D47609DF0A0B8379D6163E9247FE0B62-19,1762587879,FCRequestMetrics:/n-matmul-512,105,105,,,3152.37,n-matmul-512,false,94f30db206a9,,c-690ef4b1-0cf1abd9-5ce21036fb60,1762587876473,Sync,3154.01,1762587876472,21.0.3.9,false,512,35.86,InvokeFunction,,,LATEST,1-690ef4e4-0c49fa-aeacf3bbd9df,OnDemand,,,0.77,
,646B33D459BD0A9244D32F781DAF3418-1F,1762587879,FCRequestMetrics:/n-matmul-512,101,101,,,3131.67,n-matmul-512,false,5d92a283eb8a,,c-690ef4a1-0cf1abd9-de1abe369d37,1762587876686,Sync,3134.62,1762587876684,21.0.3.10,false,512,36.66,InvokeFunction,,,LATEST,1-690ef4e4-0c49fa-c66d4fffcf4c,OnDemand,,,1.32,
,454D28B9ADC842A2E21EC3C429AA5038-D,1762587879,FCRequestMetrics:/n-matmul-512,104,104,,,3039.89,n-matmul-512,false,68ffeb726d24,,c-690ef4c8-0cf1abd9-e95db563c2a4,1762587876595,Sync,3042.70,1762587876594,21.0.3.11,false,512,39.42,InvokeFunction,,,LATEST,1-690ef4e4-0c0a43-adff7b2735c0,OnDemand,,,0.58,
,5D2FE67C0EB5779BF4214AF0D6312E51-22,1762587879,FCRequestMetrics:/n-matmul-512,102,102,,,2982.98,n-matmul-512,false,19252a223023,,c-690ef49c-0cf1abd9-daf5d7835f02,1762587876738,Sync,2985.40,1762587876736,21.0.3.10,false,512,41.56,InvokeFunction,,,LATEST,1-690ef4e4-0c49fa-c128b80fa382,OnDemand,,,1.14,
,47EEBB4524D816241D6164558AEC1FDB-14,1762587879,FCRequestMetrics:/n-matmul-512,101,101,,,2923.06,n-matmul-512,false,cf2f5a306fef,,c-690ef4bc-0cf1abd9-4bc9539c85b8,1762587876720,Sync,2925.57,1762587876718,21.0.3.9,false,512,36.79,InvokeFunction,,,LATEST,1-690ef4e4-0c49fa-00e926c520c4,OnDemand,,,1.34,
,93FE45F5D80B3384897CEBE39059D2B9-D,1762587879,FCRequestMetrics:/n-matmul-512,101,101,,,3219.17,n-matmul-512,false,ce40ea9a9210,,c-690ef4c8-0cf1abd9-21c972c4a8d9,1762587876669,Sync,3221.18,1762587876668,21.0.3.9,false,512,41.81,InvokeFunction,,,LATEST,1-690ef4e4-0c0a43-6d20202a65b1,OnDemand,,,0.53,
,60315181B24B66886819325A3EA49E6F-24,1762587879,FCRequestMetrics:/n-matmul-512,101,101,,,3262.02,n-matmul-512,false,0d1aec41c426,,c-690ef49e-0cf1abd9-079fb8593d22,1762587876644,Sync,3263.40,1762587876643,21.0.3.9,false,512,39.92,InvokeFunction,,,LATEST,1-690ef4e4-0c0a43-ee54e6f45fcb,OnDemand,,,0.52,
,A58D23371A460570694E59E83C205D35-2C,1762587879,FCRequestMetrics:/n-matmul-512,107,107,,,2941.52,n-matmul-512,false,f5099c18cdf1,,c-690ef48f-0cf1abd9-aa29b9d0aa99,1762587876417,Sync,2943.00,1762587876416,21.0.3.11,false,512,29.59,InvokeFunction,,,LATEST,1-690ef4e4-0c0a43-2db0a956e5f4,OnDemand,,,0.52,
,F91A17FDEE204113BD7FCEE97E77B19D-2C,1762587879,FCRequestMetrics:/n-matmul-512,105,105,,,2727.61,n-matmul-512,false,b4a55f945517,,c-690ef48f-0cf1abd9-f3db6505083a,1762587876509,Sync,2729.82,1762587876507,21.0.3.12,false,512,26.91,InvokeFunction,,,LATEST,1-690ef4e4-0c49fa-d12267911fe1,OnDemand,,,1.36,
,FE4CB4BB334203537C4452D39CB19CCC-12,1762587879,FCRequestMetrics:/n-matmul-512,105,105,,,2853.69,n-matmul-512,false,a7689194af96,,c-690ef4c0-0cf1abd9-beaedf295aad,1762587876465,Sync,2855.01,1762587876465,21.0.3.12,false,512,26.93,InvokeFunction,,,LATEST,1-690ef4e4-0c0a43-da32784688f0,OnDemand,,,0.48,
,7C823A060900EA64C601C711AE9A8E7B-2B,1762587879,FCRequestMetrics:/n-matmul-512,111,111,,,3144.50,n-matmul-512,false,a9c1f9cad0fa,,c-690ef492-0cf1abd9-41b4dd0accbf,1762587876232,Sync,3146.39,1762587876231,21.0.3.10,false,512,34.15,InvokeFunction,,,LATEST,1-690ef4e4-0c0a43-e3e24e321950,OnDemand,,,0.53,
,B1B3EF35016788C3424F79DCBD83BB05-2E,1762587879,FCRequestMetrics:/n-matmul-512,105,105,,,3202.57,n-matmul-512,false,8e7a4967c312,,c-690ef48f-0cf1abd9-e1933dd451ba,1762587876328,Sync,3204.75,1762587876326,21.0.3.10,false,512,36.71,InvokeFunction,,,LATEST,1-690ef4e4-0c49fa-57a63d23ae9b,OnDemand,,,1.29,
,5E37C0E4F38EC01A59BF0AC51B37D7D9-18,1762587879,FCRequestMetrics:/n-matmul-512,105,105,,,2794.53,n-matmul-512,false,675e218faad5,,c-690ef4b2-0cf1abd9-5c68fc00ab92,1762587876475,Sync,2797.35,1762587876475,21.0.3.12,false,512,34.34,InvokeFunction,,,LATEST,1-690ef4e4-0c0a43-4f6630255e0e,OnDemand,,,0.48,
,86C97E3549B8E428464CF6B56B68BFDC-1A,1762587879,FCRequestMetrics:/n-matmul-512,101,101,,,3093.22,n-matmul-512,false,5a3240bb4b57,,c-690ef4b1-0cf1abd9-ef240bcd1d76,1762587876648,Sync,3095.85,1762587876646,21.0.3.12,false,512,36.11,InvokeFunction,,,LATEST,1-690ef4e4-0c49fa-253f867fb9b6,OnDemand,,,1.16,
,BD1D69C9267D95E53B2A79C6CB35D41D-28,1762587879,FCRequestMetrics:/n-matmul-512,105,105,,,2916.08,n-matmul-512,false,987841b3d4f5,,c-690ef492-0cf1abd9-b72bb88bbd36,1762587876243,Sync,2917.93,1762587876242,21.0.3.12,false,512,34.42,InvokeFunction,,,LATEST,1-690ef4e4-0c0a43-d3add1b5708a,OnDemand,,,0.41,
,6CCFB4E4193C923DA012941FDF8BA7C1-29,1762587879,FCRequestMetrics:/n-matmul-512,111,111,,,3453.68,n-matmul-512,false,1ea218c34989,,c-690ef48f-0cf1abd9-4c65696b73c9,1762587875983,Sync,3455.22,1762587875982,21.0.3.9,false,512,35.96,InvokeFunction,,,LATEST,1-690ef4e3-0c0a43-1f6cdd0401d6,OnDemand,,,0.54,
,5A4B169E4A6A12AF96E6A9F31574ACDB-14,1762587879,FCRequestMetrics:/n-matmul-512,109,109,,,3586.10,n-matmul-512,false,e49c1078154a,,c-690ef4bd-0cf1abd9-52730e96d71d,1762587876061,Sync,3589.19,1762587876060,21.0.3.12,false,512,36.04,InvokeFunction,,,LATEST,1-690ef4e4-0c0a43-5bd7caa624d7,OnDemand,,,0.50,
,F031090DB7497FBE9C5AA393E7E68561-2E,1762587879,FCRequestMetrics:/n-matmul-512,102,102,,,2761.28,n-matmul-512,false,ac449c8e7f33,,c-690ef48f-0cf1abd9-a7a4b84ee62d,1762587877012,Sync,2763.29,1762587877010,21.0.3.9,false,512,31.94,InvokeFunction,,,LATEST,1-690ef4e5-0c49fa-0d7e8dbebb7d,OnDemand,,,1.17,
,78CD85FE04C684FD432ABFF362CBF50C-2B,1762587879,FCRequestMetrics:/n-matmul-512,111,111,,,3682.98,n-matmul-512,false,6999fff919fb,,c-690ef48f-0cf1abd9-6c6d9044c534,1762587876186,Sync,3684.54,1762587876186,21.0.3.11,false,512,36.07,InvokeFunction,,,LATEST,1-690ef4e4-0c0a43-e813ac9b0c93,OnDemand,,,0.50,
,E4C186C27FC2E01612D2685505BDC1C8-1B,1762587879,FCRequestMetrics:/n-matmul-512,97,97,,,2674.38,n-matmul-512,false,2f46f223d44b,,c-690ef4b3-0cf1abd9-b7dfa30d9e6b,1762587877314,Sync,2676.49,1762587877313,21.0.3.8,false,512,36.53,InvokeFunction,,,LATEST,1-690ef4e5-0c49fa-67c8f25aabbe,OnDemand,,,0.90,
,715E1B0E1B21EEA77E59E1CCA6C827A1-18,1762587879,FCRequestMetrics:/n-matmul-512,101,101,,,0.04,n-matmul-512,true,227434a33de2,,c-690ef4b3-0cf1abd9-7a1935f5d276,1762587878253,Sync,831.27,1762587878252,21.0.3.11,false,512,2.07,InvokeFunction,,,LATEST,1-690ef4e6-0c0a43-63ba297085f5,OnDemand,,,0.42,,"{""errorType"":""FunctionAbnormalExitError""}"
,805D0B9C50B0CFD3CF77F88B01A3CC36-2B,1762587879,FCRequestMetrics:/n-matmul-512,101,101,,,0.04,n-matmul-512,true,4277c8c89afa,,c-690ef490-0cf1abd9-df579b907295,1762587878257,Sync,1046.29,1762587878256,21.0.3.12,false,512,2.20,InvokeFunction,,,LATEST,1-690ef4e6-0c49fa-d57ee8bbd453,OnDemand,,,0.70,,"{""errorType"":""FunctionAbnormalExitError""}"
,85AE7850BCAF6CD3F0510D61A3C3BE5F-8,1762587879,FCRequestMetrics:/n-matmul-512,90,90,,,0.03,n-matmul-512,true,d876faebd573,,c-690ef4d6-0cf1abd9-67e660b3df1a,1762587878151,Sync,1303.36,1762587878150,21.0.3.8,false,512,55.79,InvokeFunction,,,LATEST,1-690ef4e6-0c49fa-b0e66e03e487,OnDemand,,,1.39,,"{""errorType"":""FunctionAbnormalExitError""}"
,A89833F386C2C0AAB19D937BC0A8D2F3-19,1762587879,FCRequestMetrics:/n-matmul-512,90,90,,,0.03,n-matmul-512,true,ea0bccbe44d2,,c-690ef4b4-0cf1abd9-c9ccab6a1a6a,1762587878218,Sync,1200.98,1762587878216,21.0.3.8,false,512,2.08,InvokeFunction,,,LATEST,1-690ef4e6-0c49fa-68b02f92fe5a,OnDemand,,,1.40,,"{""errorType"":""FunctionAbnormalExitError""}"
,EC65B6B96723558D074A84C970ABFB6D-19,1762587879,FCRequestMetrics:/n-matmul-512,101,101,,,0.03,n-matmul-512,true,dc0d493de807,,c-690ef4b3-0cf1abd9-88427ba7f908,1762587878255,Sync,984.94,1762587878255,21.0.3.12,false,512,2.07,InvokeFunction,,,LATEST,1-690ef4e6-0c0a43-b9758a88edfa,OnDemand,,,0.45,,"{""errorType"":""FunctionAbnormalExitError""}"
,812F252289DEF5D6E7CEF166CCF20854-15,1762587879,FCRequestMetrics:/n-matmul-512,101,101,,,0.04,n-matmul-512,true,7cd4cf254b2b,,c-690ef4c0-0cf1abd9-f295f1869449,1762587878265,Sync,1103.90,1762587878264,21.0.3.11,false,512,2.09,InvokeFunction,,,LATEST,1-690ef4e6-0c49fa-b09f47197e5f,OnDemand,,,1.17,,"{""errorType"":""FunctionAbnormalExitError""}"
,67EF79BC30A82AE98BE59702C8F66831-14,1762587880,FCRequestMetrics:/n-matmul-512,97,97,,,2876.19,n-matmul-512,false,9d91d3cbe239,,c-690ef4bd-0cf1abd9-3b4ee6796d7a,1762587877246,Sync,2877.54,1762587877245,21.0.3.11,false,512,38.34,InvokeFunction,,,LATEST,1-690ef4e5-0c0a43-0c3cee9f70e3,OnDemand,,,0.49,
,3638871BA5BA6CB81D64084B08F55201-2E,1762587880,FCRequestMetrics:/n-matmul-512,99,99,,,3066.24,n-matmul-512,false,d9ddc014a95e,,c-690ef48f-0cf1abd9-ec0c220edbce,1762587877223,Sync,3067.83,1762587877222,21.0.3.8,false,512,36.60,InvokeFunction,,,LATEST,1-690ef4e5-0c0a43-c1883ebeefc1,OnDemand,,,0.55,
,A07FED3AC0D9C87237C2A7F7FEAC1FF2-14,1762587880,FCRequestMetrics:/n-matmul-512,97,97,,,2868.92,n-matmul-512,false,5059a3c012ce,,c-690ef4bc-0cf1abd9-aaba1ef8e3d8,1762587877313,Sync,2871.19,1762587877311,21.0.3.8,false,512,36.37,InvokeFunction,,,LATEST,1-690ef4e5-0c49fa-965c578e09d0,OnDemand,,,1.20,
,CA067C7B13641001A367D67FE1936091-2B,1762587880,FCRequestMetrics:/n-matmul-512,101,101,,,2503.50,n-matmul-512,false,5046f6076057,,c-690ef490-0cf1abd9-851ce87263d1,1762587878251,Sync,2505.07,1762587878250,21.0.3.11,false,512,27.10,InvokeFunction,,,LATEST,1-690ef4e6-0c0a43-7137ee890b09,OnDemand,,,0.43,
,C1D7342C162E0433E3DCC69A36E49279-23,1762587880,FCRequestMetrics:/n-matmul-512,97,97,,,3109.61,n-matmul-512,false,c1850f6d6120,,c-690ef49e-0cf1abd9-bea541164f91,1762587877260,Sync,3113.08,1762587877259,21.0.3.11,false,512,39.70,InvokeFunction,,,LATEST,1-690ef4e5-0c0a43-0f991be157fa,OnDemand,,,0.50,
,FD6981321571EC68F9E27CDAD26BAC19-22,1762587880,FCRequestMetrics:/n-matmul-512,101,101,,,3077.12,n-matmul-512,false,b2349f9a27e7,,c-690ef49c-0cf1abd9-a2407a052b71,1762587877377,Sync,3079.95,1762587877375,21.0.3.12,false,512,37.82,InvokeFunction,,,LATEST,1-690ef4e5-0c49fa-a6f092269430,OnDemand,,,0.80,
,ED99555BBD66FF347A8C8145C62ABE99-22,1762587880,FCRequestMetrics:/n-matmul-512,97,97,,,3196.57,n-matmul-512,false,4bed96722f41,,c-690ef49c-0cf1abd9-8088ae7c339c,1762587877256,Sync,3198.47,1762587877255,21.0.3.8,false,512,39.54,InvokeFunction,,,LATEST,1-690ef4e5-0c0a43-9c2e49b49c30,OnDemand,,,0.53,
,C2EB2A92BA9B62B2586CA2C02FC71F03-14,1762587880,FCRequestMetrics:/n-matmul-512,102,102,,,3622.90,n-matmul-512,false,d33c82b43d3d,,c-690ef4bd-0cf1abd9-a491e17680d2,1762587876981,Sync,3624.27,1762587876980,21.0.3.8,false,512,40.07,InvokeFunction,,,LATEST,1-690ef4e4-0c0a43-b4608cf8e96b,OnDemand,,,0.54,
,9E860D881BD9449D0F2C4975F44F7ABC-1B,1762587880,FCRequestMetrics:/n-matmul-512,101,101,,,2586.21,n-matmul-512,false,dc22095edf84,,c-690ef4b1-0cf1abd9-834eca231e91,1762587878270,Sync,2588.81,1762587878269,21.0.3.9,false,512,34.73,InvokeFunction,,,LATEST,1-690ef4e6-0c49fa-8f0f44c93736,OnDemand,,,1.25,
,CF8B8E5EDA76CE1E15E6DE137B05F0FC-14,1762587880,FCRequestMetrics:/n-matmul-512,90,90,,,2752.03,n-matmul-512,false,09ed6314a647,,c-690ef4bd-0cf1abd9-4b304ea77a49,1762587878229,Sync,2754.21,1762587878227,21.0.3.12,false,512,38.13,InvokeFunction,,,LATEST,1-690ef4e6-0c49fa-d4130e7f4bc7,OnDemand,,,1.15,
,B50B6C7E4A9EFD8ADCDAE8E71A8A357B-2D,1762587880,FCRequestMetrics:/n-matmul-512,101,101,,,2721.21,n-matmul-512,false,0c3cf93849f8,,c-690ef48f-0cf1abd9-ad135b628654,1762587878247,Sync,2723.66,1762587878246,21.0.3.8,false,512,26.70,InvokeFunction,,,LATEST,1-690ef4e6-0c0a43-74565b57dcc3,OnDemand,,,0.50,
,13AC9179567B6A88BE4E678F8CBCF027-1F,1762587880,FCRequestMetrics:/n-matmul-512,98,98,,,3010.33,n-matmul-512,false,c1270f7ffdb8,,c-690ef4a1-0cf1abd9-661404bfd8df,1762587877559,Sync,3012.60,1762587877558,21.0.3.12,false,512,38.63,InvokeFunction,,,LATEST,1-690ef4e5-0c49fa-97e23fc3a211,OnDemand,,,1.17,
,BD9BE3600CF3EADC822FC16C6CE56C55-16,1762587880,FCRequestMetrics:/n-matmul-512,90,90,,,2485.17,n-matmul-512,false,a90b8e21cc4e,,c-690ef4bd-0cf1abd9-4533cb176176,1762587878217,Sync,2487.20,1762587878216,21.0.3.10,false,512,40.16,InvokeFunction,,,LATEST,1-690ef4e6-0c49fa-f349589c6ffc,OnDemand,,,0.86,
,4A1A7379ED68F1567875DE99C92BB621-9,1762587880,FCRequestMetrics:/n-matmul-512,104,104,,,4066.82,n-matmul-512,false,d5bc7449f792,,c-690ef4d8-0cf1abd9-7eb634cbbfaf,1762587876575,Sync,4069.09,1762587876573,21.0.3.12,false,512,38.04,InvokeFunction,,,LATEST,1-690ef4e4-0c49fa-f8e5041d4fe6,OnDemand,,,1.20,
,90D8D68606671C7D3CC9428DB5D1A5ED-20,1762587880,FCRequestMetrics:/n-matmul-512,99,99,,,3018.28,n-matmul-512,false,43290576c1e6,,c-690ef4a1-0cf1abd9-784f475cf818,1762587877693,Sync,3019.83,1762587877693,21.0.3.11,false,512,42.68,InvokeFunction,,,LATEST,1-690ef4e5-0c0a43-7019c7427323,OnDemand,,,0.41,
,51921E23C89315F7BBF480D8419B0A1D-9,1762587880,FCRequestMetrics:/n-matmul-512,99,99,,,3953.31,n-matmul-512,false,394b6570c5ea,,c-690ef4d5-0cf1abd9-8026978f4fdc,1762587876674,Sync,3955.66,1762587876672,21.0.3.12,false,512,28.82,InvokeFunction,,,LATEST,1-690ef4e5-0c49fa-5af40cd4e61d,OnDemand,,,1.35,
,27BDDCAD80E91AC92FDFCC1C9A1A4216-18,1762587880,FCRequestMetrics:/n-matmul-512,99,99,,,3244.88,n-matmul-512,false,2ff8f58d97fc,,c-690ef4b4-0cf1abd9-3de0c61b5b68,1762587877177,Sync,3247.46,1762587877177,21.0.3.10,false,512,29.12,InvokeFunction,,,LATEST,1-690ef4e5-0c0a43-50ced1c123cc,OnDemand,,,0.52,
,76578469F84FCD1CB8F7AE0D7CEF0D58-B,1762587880,FCRequestMetrics:/n-matmul-512,90,90,,,3489.60,n-matmul-512,false,8c2f5578c019,,c-690ef4d1-0cf1abd9-df87844cb3e3,1762587877068,Sync,3493.68,1762587877065,21.0.3.7,false,512,34.24,InvokeFunction,,,LATEST,1-690ef4e6-0c49fa-67670ddefaba,OnDemand,,,1.06,
,5AFAB66E1E7466E5D8B7B9E08DE1641F-A,1762587880,FCRequestMetrics:/n-matmul-512,90,90,,,3446.90,n-matmul-512,false,b625bc4b4ab4,,c-690ef4d1-0cf1abd9-cc0167f16a90,1762587876994,Sync,3451.63,1762587876991,21.0.3.6,false,512,34.56,InvokeFunction,,,LATEST,1-690ef4e6-0c49fa-35dfc687a32e,OnDemand,,,1.31,
,BF0051A2DC4BF4DDC3679E47B8B32C9C-14,1762587880,FCRequestMetrics:/n-matmul-512,105,105,,,3548.82,n-matmul-512,false,e797c285140c,,c-690ef4c0-0cf1abd9-8278610d83f5,1762587876480,Sync,3551.91,1762587876479,21.0.3.8,false,512,34.75,InvokeFunction,,,LATEST,1-690ef4e4-0c0a43-a26952681376,OnDemand,,,0.48,
,01D4E8E7911B88CA9BFEF68BF58454E3-B,1762587880,FCRequestMetrics:/n-matmul-512,97,97,,,3560.65,n-matmul-512,false,af9f8faefca2,,c-690ef4d1-0cf1abd9-2cb97b541620,1762587876659,Sync,3564.39,1762587876658,21.0.3.10,false,512,36.39,InvokeFunction,,,LATEST,1-690ef4e5-0c0a43-842145878e1a,OnDemand,,,0.51,
,3BDEEDD6F6C1B51E5137A970AE75BAA4-29,1762587880,FCRequestMetrics:/n-matmul-512,101,101,,,3164.29,n-matmul-512,false,3b2b33dbd196,,c-690ef492-0cf1abd9-bbdff8eda83c,1762587877422,Sync,3170.13,1762587877421,21.0.3.9,false,512,36.11,InvokeFunction,,,LATEST,1-690ef4e5-0c0a43-b40b733b39a6,OnDemand,,,0.49,
,1C05D5B02F01F46143D999E67440A343-2E,1762587880,FCRequestMetrics:/n-matmul-512,101,101,,,2944.48,n-matmul-512,false,ded09bee0b2d,,c-690ef48f-0cf1abd9-2bb86706a2c4,1762587877403,Sync,2947.71,1762587877402,21.0.3.9,false,512,34.52,InvokeFunction,,,LATEST,1-690ef4e5-0c49fa-325442fd8571,OnDemand,,,1.17,
,3801AF28D1F06D15DE702CA3D1A78840-2E,1762587880,FCRequestMetrics:/n-matmul-512,101,101,,,3034.13,n-matmul-512,false,85f7f63caa28,,c-690ef48f-0cf1abd9-8d9a75cfa22a,1762587877114,Sync,3037.06,1762587877112,21.0.3.8,false,512,33.82,InvokeFunction,,,LATEST,1-690ef4e5-0c49fa-803b5cc1336f,OnDemand,,,1.16,
,8A4C9F8EC0081A54D335C35B65D1357D-22,1762587880,FCRequestMetrics:/n-matmul-512,97,97,,,3347.40,n-matmul-512,false,1c5ca9e1c7f9,,c-690ef4a4-0cf1abd9-274debaa5e8f,1762587877244,Sync,3350.97,1762587877243,21.0.3.9,false,512,34.38,InvokeFunction,,,LATEST,1-690ef4e5-0c49fa-3b88640a3d35,OnDemand,,,1.12,
,5F40BF3643AE590E1A0AFBFC2BB1CC92-1B,1762587880,FCRequestMetrics:/n-matmul-512,101,101,,,2794.70,n-matmul-512,false,918ade19bbee,,c-690ef4b1-0cf1abd9-3df7810e23e4,1762587877411,Sync,2797.41,1762587877409,21.0.3.11,false,512,34.27,InvokeFunction,,,LATEST,1-690ef4e5-0c49fa-b5686d3c56b2,OnDemand,,,1.13,
,52D7D507918D931708B22C4CE8E63CCC-1B,1762587880,FCRequestMetrics:/n-matmul-512,99,99,,,3019.77,n-matmul-512,false,7e3f21c3452b,,c-690ef4b2-0cf1abd9-448ba4a6e619,1762587877654,Sync,3020.90,1762587877653,21.0.3.9,false,512,34.21,InvokeFunction,,,LATEST,1-690ef4e5-0c0a43-2fcbf57ae58c,OnDemand,,,0.45,
,32D30CAFDEB66ED4BA2C61AB57673DE9-16,1762587880,FCRequestMetrics:/n-matmul-512,102,102,,,3686.27,n-matmul-512,false,1e73088b591b,,c-690ef4bd-0cf1abd9-2266afd5303d,1762587876777,Sync,3687.83,1762587876776,21.0.3.11,false,512,36.06,InvokeFunction,,,LATEST,1-690ef4e4-0c0a43-70682d2b55f7,OnDemand,,,0.48,
,B6CBE8EBA74250AA907E560C90566BB4-24,1762587880,FCRequestMetrics:/n-matmul-512,101,101,,,3320.93,n-matmul-512,false,ab282a8889ea,,c-690ef49c-0cf1abd9-bbfeef60bc24,1762587877079,Sync,3322.32,1762587877079,21.0.3.11,false,512,36.86,InvokeFunction,,,LATEST,1-690ef4e5-0c0a43-e49c41d02b60,OnDemand,,,0.47,
,8C91CD9281F35024322C2F606CD0B1FE-16,1762587880,FCRequestMetrics:/n-matmul-512,105,105,,,3785.49,n-matmul-512,false,44c83b518121,,c-690ef4bd-0cf1abd9-e8c2a2bb7f02,1762587876531,Sync,3787.11,1762587876530,21.0.3.9,false,512,36.85,InvokeFunction,,,LATEST,1-690ef4e4-0c0a43-6819dde7d22b,OnDemand,,,0.53,
,49B64A5B3FBA9FC6678BE15B3FA1CAE0-18,1762587880,FCRequestMetrics:/n-matmul-512,99,99,,,2914.93,n-matmul-512,false,b69b715c17a5,,c-690ef4b3-0cf1abd9-2077a8676f3b,1762587877703,Sync,2918.28,1762587877702,21.0.3.11,false,512,34.37,InvokeFunction,,,LATEST,1-690ef4e5-0c49fa-e23980ca2aa7,OnDemand,,,0.93,
,8009EC769EAF82E94BE4682B8C0E45B5-12,1762587880,FCRequestMetrics:/n-matmul-512,101,101,,,3538.76,n-matmul-512,false,e18d84b3712e,,c-690ef4c1-0cf1abd9-2df610e1f3e8,1762587877377,Sync,3541.13,1762587877376,21.0.3.8,false,512,34.04,InvokeFunction,,,LATEST,1-690ef4e5-0c49fa-5bafde0883b2,OnDemand,,,1.13,
,F07C00865CBCDDD3603F2861EC1005E7-2B,1762587880,FCRequestMetrics:/n-matmul-512,101,101,,,3471.29,n-matmul-512,false,23ed8e688827,,c-690ef48f-0cf1abd9-c9d277f8db04,1762587876717,Sync,3473.75,1762587876716,21.0.3.12,false,512,36.46,InvokeFunction,,,LATEST,1-690ef4e4-0c49fa-281ad27247cd,OnDemand,,,1.36,
,395AF19B30E923F04509691974E770B2-1B,1762587880,FCRequestMetrics:/n-matmul-512,92,92,,,2740.56,n-matmul-512,false,16c28b2331e7,,c-690ef4b3-0cf1abd9-03841df006e6,1762587878080,Sync,2744.01,1762587878078,21.0.3.12,false,512,34.46,InvokeFunction,,,LATEST,1-690ef4e6-0c49fa-675e4c905b58,OnDemand,,,1.40,
,9095B2C1B61D208836CC9B1C85A0D40A-1B,1762587880,FCRequestMetrics:/n-matmul-512,99,99,,,2987.41,n-matmul-512,false,ca295ccdb9ef,,c-690ef4b1-0cf1abd9-20d8276cdfb4,1762587877216,Sync,2989.53,1762587877215,21.0.3.8,false,512,35.72,InvokeFunction,,,LATEST,1-690ef4e5-0c0a43-b743968e538f,OnDemand,,,0.47,
,414BD1893AE2054C5F533C4E4BFB2474-24,1762587880,FCRequestMetrics:/n-matmul-512,101,101,,,3241.60,n-matmul-512,false,e09eb6f846c4,,c-690ef49c-0cf1abd9-96967c00da02,1762587876893,Sync,3243.28,1762587876892,21.0.3.9,false,512,36.14,InvokeFunction,,,LATEST,1-690ef4e4-0c0a43-78dc061f53b4,OnDemand,,,0.50,
,5F3A1644AB2A1C8B074AB8754A10A293-20,1762587880,FCRequestMetrics:/n-matmul-512,108,108,,,0.03,n-matmul-512,true,69f1f8b4cc9d,,c-690ef4a4-0cf1abd9-06b3493bf27e,1762587879094,Sync,1056.88,1762587879092,21.0.3.12,false,512,4.07,InvokeFunction,,,LATEST,1-690ef4e7-0c49fa-71b28cf5d213,OnDemand,,,1.13,,"{""errorType"":""FunctionAbnormalExitError""}"
,537821DDAFE9614566F0064DDB274514-25,1762587880,FCRequestMetrics:/n-matmul-512,108,108,,,0.03,n-matmul-512,true,e7a61b8cb4fe,,c-690ef4a1-0cf1abd9-564b243bc6a8,1762587879050,Sync,1058.34,1762587879049,21.0.3.8,false,512,2.29,InvokeFunction,,,LATEST,1-690ef4e7-0c0a43-b7be55e05142,OnDemand,,,0.59,,"{""errorType"":""FunctionAbnormalExitError""}"
,028699F502CA3D7E230041FC52AB4DE5-1B,1762587880,FCRequestMetrics:/n-matmul-512,98,98,,,3051.04,n-matmul-512,false,c3f0f0de03a0,,c-690ef4b1-0cf1abd9-f906b5304a3d,1762587877947,Sync,3053.21,1762587877945,21.0.3.8,false,512,38.42,InvokeFunction,,,LATEST,1-690ef4e5-0c49fa-33565f126c02,OnDemand,,,1.17,
,1F1FFC412871BA58DE9DD242432C9C35-2B,1762587880,FCRequestMetrics:/n-matmul-512,99,99,,,2930.10,n-matmul-512,false,a2dfb552053b,,c-690ef492-0cf1abd9-8c97f365993b,1762587877137,Sync,2932.51,1762587877136,21.0.3.8,false,512,36.26,InvokeFunction,,,LATEST,1-690ef4e5-0c49fa-9fd0f0bb0014,OnDemand,,,1.35,
,386DA6364528A35F673B30D821826132-1C,1762587880,FCRequestMetrics:/n-matmul-512,90,90,,,2593.86,n-matmul-512,false,2f0b32a49385,,c-690ef4b1-0cf1abd9-06c370eb6fc5,1762587878208,Sync,2596.97,1762587878207,21.0.3.12,false,512,34.58,InvokeFunction,,,LATEST,1-690ef4e6-0c49fa-2f582fef661b,OnDemand,,,1.38,
,3EC79B1A2832FEBC3A7D2A1336CBC72B-10,1762587880,FCRequestMetrics:/n-matmul-512,108,108,,,0.04,n-matmul-512,true,1ba7f32a1a20,,c-690ef4c8-0cf1abd9-b1f4c901d515,1762587879091,Sync,1254.48,1762587879090,21.0.3.12,false,512,4.05,InvokeFunction,,,LATEST,1-690ef4e7-0c0a43-60830263fc89,OnDemand,,,0.46,,"{""errorType"":""FunctionAbnormalExitError""}"
,A61C5B29A1D7F2390D1E51D697C6283B-1B,1762587880,FCRequestMetrics:/n-matmul-512,125,125,,,0.04,n-matmul-512,true,14782dc1bc2e,,c-690ef4b4-0cf1abd9-744e5d667f19,1762587879198,Sync,1135.99,1762587879135,21.0.3.12,false,512,2.16,InvokeFunction,,,LATEST,1-690ef4e7-0c49fa-3e1dc4b16b03,OnDemand,,,62.96,,"{""errorType"":""FunctionAbnormalExitError""}"
,5E4A59CDF3E7A5F12FFA6D69EE5EC6FC-B,1762587880,FCRequestMetrics:/n-matmul-512,110,110,,,0.04,n-matmul-512,true,2e799e3149e9,,c-690ef4d7-0cf1abd9-47d2e00207ec,1762587878929,Sync,1574.89,1762587878928,21.0.3.10,false,512,4.25,InvokeFunction,,,LATEST,1-690ef4e6-0c0a43-4478987c9447,OnDemand,,,0.59,,"{""errorType"":""FunctionAbnormalExitError""}"
,5D2FE67C0EB5779BF4214AF0D6312E51-25,1762587880,FCRequestMetrics:/n-matmul-512,125,125,,,0.02,n-matmul-512,true,19252a223023,,c-690ef49c-0cf1abd9-daf5d7835f02,1762587879728,Sync,1407.04,1762587879238,21.0.3.10,false,512,4.16,InvokeFunction,,,LATEST,1-690ef4e7-0c49fa-f97761882e23,OnDemand,,,489.86,,"{""errorType"":""FunctionAbnormalExitError""}"
,3D753EA828DEDBBB0DF10FE8437E0EE2-21,1762587881,FCRequestMetrics:/n-matmul-512,100,100,,,3175.91,n-matmul-512,false,13a75e602ffd,,c-690ef49e-0cf1abd9-124626cd631e,1762587877826,Sync,3178.06,1762587877824,21.0.3.12,false,512,39.92,InvokeFunction,,,LATEST,1-690ef4e5-0c49fa-350d35fe775a,OnDemand,,,1.21,
,FFBE1F54232C7105BB9D9D9815146807-19,1762587881,FCRequestMetrics:/n-matmul-512,90,90,,,3068.33,n-matmul-512,false,4210c93d9e28,,c-690ef4b2-0cf1abd9-734e58adbe38,1762587878226,Sync,3069.98,1762587878225,21.0.3.10,false,512,36.91,InvokeFunction,,,LATEST,1-690ef4e6-0c0a43-8f91c56ee8dd,OnDemand,,,0.53,
,F0A5925498435F2F6D9BDDB34BF193EA-10,1762587881,FCRequestMetrics:/n-matmul-512,101,101,,,2954.06,n-matmul-512,false,498ae363af0a,,c-690ef4c8-0cf1abd9-33e32577488c,1762587878250,Sync,2956.12,1762587878249,21.0.3.10,false,512,37.86,InvokeFunction,,,LATEST,1-690ef4e6-0c49fa-b338196d463c,OnDemand,,,1.21,
,6C268265BE6071088D6F784688423FBC-24,1762587881,FCRequestMetrics:/n-matmul-512,101,101,,,3058.07,n-matmul-512,false,f3794d0f4bed,,c-690ef4a4-0cf1abd9-3f60d30fa7e2,1762587878275,Sync,3060.29,1762587878274,21.0.3.11,false,512,38.32,InvokeFunction,,,LATEST,1-690ef4e6-0c49fa-ed08c9472e21,OnDemand,,,0.90,
,EAD7BD32D52FA8C0EC561AB86D8BB129-22,1762587881,FCRequestMetrics:/n-matmul-512,90,90,,,3211.97,n-matmul-512,false,9697e733b066,,c-690ef49e-0cf1abd9-b7f83cb23224,1762587878186,Sync,3214.15,1762587878184,21.0.3.10,false,512,38.06,InvokeFunction,,,LATEST,1-690ef4e6-0c49fa-5853286907f0,OnDemand,,,0.94,
,148C1B09986999E20AA0FF04F10942D0-2E,1762587881,FCRequestMetrics:/n-matmul-512,108,108,,,2797.62,n-matmul-512,false,aa1e2085073a,,c-690ef48f-0cf1abd9-2b72cdd5c5c2,1762587879100,Sync,2800.60,1762587879098,21.0.3.10,false,512,36.17,InvokeFunction,,,LATEST,1-690ef4e7-0c49fa-e671daa52fa9,OnDemand,,,1.24,
,E336B2A6408E27B02C6CAB82C50088BC-11,1762587881,FCRequestMetrics:/n-matmul-512,101,101,,,3055.75,n-matmul-512,false,b76d94444b2f,,c-690ef4c1-0cf1abd9-48675e1450f8,1762587878244,Sync,3059.20,1762587878242,21.0.3.7,false,512,38.21,InvokeFunction,,,LATEST,1-690ef4e6-0c49fa-2ccd8b23870c,OnDemand,,,1.39,
,F898A01EEA6FFC9C575701D6D0948E55-2E,1762587881,FCRequestMetrics:/n-matmul-512,110,110,,,3087.43,n-matmul-512,false,7a16d098497d,,c-690ef48f-0cf1abd9-9a6242cc8b28,1762587878900,Sync,3089.39,1762587878899,21.0.3.8,false,512,38.27,InvokeFunction,,,LATEST,1-690ef4e6-0c49fa-cb1c80a4988d,OnDemand,,,1.20,
,03A714A9772EC266AA0C3B3C7C5F7666-14,1762587881,FCRequestMetrics:/n-matmul-512,110,110,,,3051.64,n-matmul-512,false,579930c5ac3a,,c-690ef4bd-0cf1abd9-7053d50dd4cd,1762587878750,Sync,3054.32,1762587878748,21.0.3.10,false,512,38.07,InvokeFunction,,,LATEST,1-690ef4e6-0c49fa-6ca30024d340,OnDemand,,,1.37,
,7FDD645C18A05AFCA1EE540844E336B4-29,1762587881,FCRequestMetrics:/n-matmul-512,111,111,,,3115.56,n-matmul-512,false,005047e6f771,,c-690ef48f-0cf1abd9-a4e85c44b759,1762587878716,Sync,3117.91,1762587878714,21.0.3.10,false,512,38.24,InvokeFunction,,,LATEST,1-690ef4e6-0c49fa-bbe2a75b93ab,OnDemand,,,1.37,
,95881DBD69A5D46DBD0CE5603278C262-9,1762587881,FCRequestMetrics:/n-matmul-512,90,90,,,4021.92,n-matmul-512,false,0cc96397dcc6,,c-690ef4d5-0cf1abd9-bb46dcba3bb4,1762587877518,Sync,4023.67,1762587877517,21.0.3.9,false,512,29.41,InvokeFunction,,,LATEST,1-690ef4e6-0c0a43-2014db0cd42f,OnDemand,,,0.47,
,86D3C1657BB7CB6F9D6C1B5957027679-1A,1762587881,FCRequestMetrics:/n-matmul-512,101,101,,,2831.85,n-matmul-512,false,41e163ab7845,,c-690ef4b1-0cf1abd9-383b8cf3b88f,1762587878253,Sync,2833.17,1762587878252,21.0.3.10,false,512,34.43,InvokeFunction,,,LATEST,1-690ef4e6-0c0a43-ba0d925effad,OnDemand,,,0.47,
,A215E42A48869DE9E4DCA54EC0297126-9,1762587881,FCRequestMetrics:/n-matmul-512,101,101,,,4259.22,n-matmul-512,false,ae96b778c52c,,c-690ef4d4-0cf1abd9-80805a6a9659,1762587877598,Sync,4281.17,1762587877577,21.0.3.11,false,512,27.16,InvokeFunction,,,LATEST,1-690ef4e6-0c0a43-ee3fa721d24d,OnDemand,,,0.61,
,F78928E4C3048B992F5E5A9DC10A82CD-10,1762587881,FCRequestMetrics:/n-matmul-512,97,97,,,3196.72,n-matmul-512,false,4756408993b7,,c-690ef4c8-0cf1abd9-87a481f567c5,1762587877846,Sync,3199.20,1762587877845,21.0.3.8,false,512,26.97,InvokeFunction,,,LATEST,1-690ef4e5-0c49fa-7bd67c28c071,OnDemand,,,1.38,
,9DDF92507C03E777F745C0AA5C83C458-25,1762587881,FCRequestMetrics:/n-matmul-512,90,90,,,3344.56,n-matmul-512,false,ab20715057dd,,c-690ef49e-0cf1abd9-a4d3e4836d71,1762587878186,Sync,3346.72,1762587878185,21.0.3.8,false,512,28.81,InvokeFunction,,,LATEST,1-690ef4e6-0c0a43-2416d116d821,OnDemand,,,0.49,
,604D7A139A336D459A8701B8728ED443-19,1762587881,FCRequestMetrics:/n-matmul-512,92,92,,,3505.08,n-matmul-512,false,3ccc09a5376a,,c-690ef4b4-0cf1abd9-6384931551e4,1762587878125,Sync,3507.71,1762587878123,21.0.3.11,false,512,26.82,InvokeFunction,,,LATEST,1-690ef4e6-0c49fa-2996fd31e3c0,OnDemand,,,1.42,
,2C250D9B2FF86C019F81DAC520815883-23,1762587881,FCRequestMetrics:/n-matmul-512,90,90,,,2918.78,n-matmul-512,false,52c1693be583,,c-690ef4a4-0cf1abd9-b2b9a6cf3285,1762587878225,Sync,2920.52,1762587878224,21.0.3.10,false,512,27.43,InvokeFunction,,,LATEST,1-690ef4e6-0c0a43-63578b433725,OnDemand,,,0.51,
,61FB77CF084CA2B121CED83B1B2F8CB8-8,1762587881,FCRequestMetrics:/n-matmul-512,108,108,,,3058.36,n-matmul-512,false,cbf3b5341b24,,c-690ef4d5-0cf1abd9-896a7d670f7a,1762587878674,Sync,3059.72,1762587878674,21.0.3.7,false,512,27.11,InvokeFunction,,,LATEST,1-690ef4e7-0c0a43-d734cb06ba32,OnDemand,,,0.46,
,D09BCBD485576D911D13CE495A97C108-19,1762587881,FCRequestMetrics:/n-matmul-512,101,101,,,2817.04,n-matmul-512,false,67959926d07f,,c-690ef4b3-0cf1abd9-62c5a8cabd6b,1762587878246,Sync,2819.22,1762587878245,21.0.3.10,false,512,34.50,InvokeFunction,,,LATEST,1-690ef4e6-0c49fa-19dd5d6b1a7c,OnDemand,,,1.00,
,BF93D493C22D4491C67A697A08986BFB-B,1762587881,FCRequestMetrics:/n-matmul-512,108,108,,,3478.73,n-matmul-512,false,3624fd232b03,,c-690ef4d1-0cf1abd9-fa48bfbc8b06,1762587878003,Sync,3481.02,1762587878002,21.0.3.9,false,512,34.29,InvokeFunction,,,LATEST,1-690ef4e7-0c0a43-8c16a5b968d3,OnDemand,,,0.41,
,C5E3D6C1456AB3A159B70500C779D02C-B,1762587881,FCRequestMetrics:/n-matmul-512,108,108,,,3606.59,n-matmul-512,false,03aa7a5e978e,,c-690ef4d1-0cf1abd9-37e40b6fa245,1762587878019,Sync,3620.09,1762587878008,21.0.3.11,false,512,34.38,InvokeFunction,,,LATEST,1-690ef4e7-0c0a43-da1913a849cf,OnDemand,,,0.51,
,333D4C666C8B83BB41B1C7D79452A532-14,1762587881,FCRequestMetrics:/n-matmul-512,98,98,,,3731.27,n-matmul-512,false,e3c6c131f32d,,c-690ef4c0-0cf1abd9-c5743552479f,1762587877540,Sync,3736.20,1762587877539,21.0.3.9,false,512,36.60,InvokeFunction,,,LATEST,1-690ef4e5-0c49fa-1efca652d048,OnDemand,,,1.19,
,9ADEFA90B0D30226FA9EC5C9D5AE07C5-23,1762587881,FCRequestMetrics:/n-matmul-512,101,101,,,2863.03,n-matmul-512,false,720d5821fc65,,c-690ef4a1-0cf1abd9-d2a0858351d9,1762587878236,Sync,2864.53,1762587878236,21.0.3.9,false,512,38.14,InvokeFunction,,,LATEST,1-690ef4e6-0c0a43-2d72d0d42048,OnDemand,,,0.50,
,D383B16911701B57D8112BE288DB8A26-1A,1762587881,FCRequestMetrics:/n-matmul-512,98,98,,,3065.56,n-matmul-512,false,bb19602af764,,c-690ef4b1-0cf1abd9-7e88298a556b,1762587877993,Sync,3067.64,1762587877992,21.0.3.10,false,512,36.22,InvokeFunction,,,LATEST,1-690ef4e5-0c49fa-2f8d1cbba509,OnDemand,,,1.36,
,22E833C237D88A72ACDEEBC774861945-12,1762587881,FCRequestMetrics:/n-matmul-512,90,90,,,3342.63,n-matmul-512,false,3ad91ce1f715,,c-690ef4c1-0cf1abd9-a9ad8a9b0501,1762587878218,Sync,3347.95,1762587878217,21.0.3.5,false,512,36.29,InvokeFunction,,,LATEST,1-690ef4e6-0c0a43-fd1e448f3e3b,OnDemand,,,0.52,
,19D19504A7F011D98456D47931F40832-1B,1762587881,FCRequestMetrics:/n-matmul-512,101,101,,,3019.31,n-matmul-512,false,d76a12fc0134,,c-690ef4b1-0cf1abd9-3da89f7b182b,1762587878272,Sync,3022.22,1762587878271,21.0.3.11,false,512,34.49,InvokeFunction,,,LATEST,1-690ef4e6-0c49fa-0f8bfa024b53,OnDemand,,,1.04,
,A6333F63464BC687DF1965DBFE05F1DB-2D,1762587881,FCRequestMetrics:/n-matmul-512,92,92,,,2929.15,n-matmul-512,false,3e88eb377bf5,,c-690ef490-0cf1abd9-507f1daf6985,1762587878072,Sync,2932.71,1762587878070,21.0.3.11,false,512,34.21,InvokeFunction,,,LATEST,1-690ef4e6-0c49fa-6994a5306a46,OnDemand,,,1.50,
,3D3F830804794EE934A3F39C618D6DA7-19,1762587881,FCRequestMetrics:/n-matmul-512,92,92,,,2969.73,n-matmul-512,false,a5074fb07ccb,,c-690ef4b3-0cf1abd9-4204fc55cfbc,1762587878098,Sync,2972.01,1762587878096,21.0.3.9,false,512,34.61,InvokeFunction,,,LATEST,1-690ef4e6-0c49fa-9d6213c0c575,OnDemand,,,1.41,
,270B9EACE82C5E95387DFC3023475A37-24,1762587881,FCRequestMetrics:/n-matmul-512,90,90,,,3544.01,n-matmul-512,false,fe7ebaee4797,,c-690ef4a4-0cf1abd9-3aa2f2400266,1762587878152,Sync,3546.17,1762587878150,21.0.3.8,false,512,36.59,InvokeFunction,,,LATEST,1-690ef4e6-0c49fa-58425a783f66,OnDemand,,,1.19,
,6448458DC5EEDA4B01194355EB33D0AF-29,1762587881,FCRequestMetrics:/n-matmul-512,101,101,,,2910.02,n-matmul-512,false,e9af6d91c5a8,,c-690ef492-0cf1abd9-8e96e2aae5ad,1762587878268,Sync,2912.21,1762587878266,21.0.3.11,false,512,26.93,InvokeFunction,,,LATEST,1-690ef4e6-0c49fa-7d2d27ac2caa,OnDemand,,,1.30,
,E28B31C1AD09CA2631349F2F5CD41FEA-1A,1762587881,FCRequestMetrics:/n-matmul-512,101,101,,,3606.64,n-matmul-512,false,378303f5ffb1,,c-690ef4b4-0cf1abd9-4d6de11efb71,1762587878269,Sync,3607.86,1762587878268,21.0.3.9,false,512,29.04,InvokeFunction,,,LATEST,1-690ef4e6-0c0a43-c7d3a3627923,OnDemand,,,0.46,
,7780C0688E26C68EB0D69712BCDE475F-2D,1762587881,FCRequestMetrics:/n-matmul-512,101,101,,,2837.69,n-matmul-512,false,333740b1eaee,,c-690ef490-0cf1abd9-b30a2e13f5eb,1762587878266,Sync,2839.84,1762587878265,21.0.3.12,false,512,29.18,InvokeFunction,,,LATEST,1-690ef4e6-0c49fa-272726e5f138,OnDemand,,,0.88,
,D57BF307AB3C1DBB07F853EA29DFAA8E-2E,1762587881,FCRequestMetrics:/n-matmul-512,101,101,,,2858.43,n-matmul-512,false,4a02a8b2ccf7,,c-690ef48f-0cf1abd9-3378a67d936f,1762587878265,Sync,2859.97,1762587878264,21.0.3.10,false,512,28.82,InvokeFunction,,,LATEST,1-690ef4e6-0c0a43-e081f8b4f40f,OnDemand,,,0.48,
,AF248E24051D33CE2911D9A18C89C2D3-16,1762587881,FCRequestMetrics:/n-matmul-512,101,101,,,3385.07,n-matmul-512,false,8c4cd304f247,,c-690ef4c1-0cf1abd9-e614043a0e89,1762587878260,Sync,3387.82,1762587878259,21.0.3.10,false,512,27.43,InvokeFunction,,,LATEST,1-690ef4e6-0c0a43-1f6e8a26ae71,OnDemand,,,0.54,
,32144092075796B61E66CC5CB449FE74-2E,1762587881,FCRequestMetrics:/n-matmul-512,101,101,,,2846.22,n-matmul-512,false,4e09d5ee1757,,c-690ef48f-0cf1abd9-c9b2724f454d,1762587878260,Sync,2848.00,1762587878259,21.0.3.11,false,512,26.58,InvokeFunction,,,LATEST,1-690ef4e6-0c0a43-480cf637c0d7,OnDemand,,,0.47,
,F633B574683DE8AA2BF0D3EEBDF4C796-1B,1762587881,FCRequestMetrics:/n-matmul-512,101,101,,,2863.28,n-matmul-512,false,2aab02d9eb5a,,c-690ef4b2-0cf1abd9-a85fa9ced593,1762587878258,Sync,2865.78,1762587878256,21.0.3.8,false,512,28.79,InvokeFunction,,,LATEST,1-690ef4e6-0c49fa-4f76848e2ecf,OnDemand,,,1.32,
,B23CDAA9EFB02072F2EA6F095891B977-1B,1762587881,FCRequestMetrics:/n-matmul-512,92,92,,,3118.94,n-matmul-512,false,01cbc6dce386,,c-690ef4b2-0cf1abd9-ad92bd478abd,1762587878099,Sync,3122.40,1762587878097,21.0.3.11,false,512,34.44,InvokeFunction,,,LATEST,1-690ef4e6-0c49fa-af1099546288,OnDemand,,,1.85,
,22262E23B35913584F104007F60CDE44-2E,1762587881,FCRequestMetrics:/n-matmul-512,108,108,,,2765.30,n-matmul-512,false,5c984f724ebf,,c-690ef48f-0cf1abd9-4d671f684c9c,1762587879102,Sync,2767.54,1762587879101,21.0.3.9,false,512,36.59,InvokeFunction,,,LATEST,1-690ef4e7-0c0a43-d2bf456a84f2,OnDemand,,,0.52,
,454D28B9ADC842A2E21EC3C429AA5038-F,1762587881,FCRequestMetrics:/n-matmul-512,125,125,,,0.03,n-matmul-512,true,68ffeb726d24,,c-690ef4c8-0cf1abd9-e95db563c2a4,1762587879643,Sync,1944.16,1762587879154,21.0.3.11,false,512,2.19,InvokeFunction,,,LATEST,1-690ef4e7-0c49fa-e21a2a5ce403,OnDemand,,,488.38,,"{""errorType"":""FunctionAbnormalExitError""}"
,E49E041E26792B5C9FA746FE5A0F2654-A,1762587881,FCRequestMetrics:/n-matmul-512,108,108,,,0.04,n-matmul-512,true,c7d5890c0209,,c-690ef4d6-0cf1abd9-a844f7d6b61a,1762587878686,Sync,2564.45,1762587878685,21.0.3.9,false,512,2.18,InvokeFunction,,,LATEST,1-690ef4e7-0c0a43-33a15995599e,OnDemand,,,0.45,,"{""errorType"":""FunctionAbnormalExitError""}"
,60315181B24B66886819325A3EA49E6F-27,1762587881,FCRequestMetrics:/n-matmul-512,125,125,,,0.03,n-matmul-512,true,0d1aec41c426,,c-690ef49e-0cf1abd9-079fb8593d22,1762587879910,Sync,2101.60,1762587879149,21.0.3.9,false,512,2.09,InvokeFunction,,,LATEST,1-690ef4e7-0c0a43-d7736e14e059,OnDemand,,,760.25,,"{""errorType"":""FunctionAbnormalExitError""}"
,C669C9C152D9C54DF2797A7C10154A81-B,1762587881,FCRequestMetrics:/n-matmul-512,101,101,,,4146.27,n-matmul-512,false,e117dfcc4a03,,c-690ef4d5-0cf1abd9-8087fa0fddfa,1762587877526,Sync,4148.05,1762587877524,21.0.3.10,false,512,36.77,InvokeFunction,,,LATEST,1-690ef4e6-0c49fa-6efcfec24a03,OnDemand,,,0.86,
,7F41C0AC9649E78CE4E6389BA04F93F7-2D,1762587881,FCRequestMetrics:/n-matmul-512,110,110,,,2911.63,n-matmul-512,false,2f9a827ac39a,,c-690ef48f-0cf1abd9-d481ef5b70cb,1762587878825,Sync,2916.16,1762587878824,21.0.3.12,false,512,36.23,InvokeFunction,,,LATEST,1-690ef4e6-0c0a43-5f630be9ef58,OnDemand,,,0.59,
,4D57B9EBA87590C7398CF6540746C6BE-2D,1762587881,FCRequestMetrics:/n-matmul-512,110,110,,,2984.24,n-matmul-512,false,cf9fc6279e9f,,c-690ef490-0cf1abd9-f9b75dacbfca,1762587878874,Sync,2986.16,1762587878873,21.0.3.10,false,512,36.71,InvokeFunction,,,LATEST,1-690ef4e6-0c0a43-16e20986b601,OnDemand,,,0.58,
,93FE45F5D80B3384897CEBE39059D2B9-10,1762587881,FCRequestMetrics:/n-matmul-512,125,125,,,0.03,n-matmul-512,true,ce40ea9a9210,,c-690ef4c8-0cf1abd9-21c972c4a8d9,1762587879892,Sync,1698.67,1762587879572,21.0.3.9,false,512,4.09,InvokeFunction,,,LATEST,1-690ef4e7-0c49fa-844552d1079b,OnDemand,,,320.20,,"{""errorType"":""FunctionAbnormalExitError""}"
,7E61C224A0C92ACF29245CE740336474-B,1762587881,FCRequestMetrics:/n-matmul-512,108,108,,,0.04,n-matmul-512,true,54fa523719bf,,c-690ef4d5-0cf1abd9-a1fddea636ac,1762587878693,Sync,2999.44,1762587878692,21.0.3.8,false,512,12.81,InvokeFunction,,,LATEST,1-690ef4e7-0c0a43-2673c85a7a10,OnDemand,,,0.58,,"{""errorType"":""FunctionAbnormalExitError""}"
,9DBD82D68A5F344D47B8DE1951A258DF-9,1762587881,FCRequestMetrics:/n-matmul-512,108,108,,,0.04,n-matmul-512,true,25404d1b02d2,,c-690ef4d6-0cf1abd9-9ab608ee2fc4,1762587878700,Sync,3038.04,1762587878699,21.0.3.12,false,512,2.23,InvokeFunction,,,LATEST,1-690ef4e7-0c0a43-d18412534378,OnDemand,,,0.44,,"{""errorType"":""FunctionAbnormalExitError""}"
,49858DB541AAB1B6611A1511B91F5B3F-A,1762587881,FCRequestMetrics:/n-matmul-512,108,108,,,0.03,n-matmul-512,true,1cfed078e6f6,,c-690ef4d6-0cf1abd9-296db67e1edb,1762587878694,Sync,3213.20,1762587878692,21.0.3.10,false,512,2.13,InvokeFunction,,,LATEST,1-690ef4e7-0c49fa-71cf7385aefd,OnDemand,,,1.36,,"{""errorType"":""FunctionAbnormalExitError""}"
,BD9BE3600CF3EADC822FC16C6CE56C55-18,1762587881,FCRequestMetrics:/n-matmul-512,109,109,,,0.02,n-matmul-512,true,a90b8e21cc4e,,c-690ef4bd-0cf1abd9-4533cb176176,1762587880714,Sync,1162.56,1762587880713,21.0.3.10,false,512,4.18,InvokeFunction,,,LATEST,1-690ef4e8-0c0a43-6e6ad39b1595,OnDemand,,,0.55,,"{""errorType"":""FunctionAbnormalExitError""}"
,C2EB2A92BA9B62B2586CA2C02FC71F03-16,1762587881,FCRequestMetrics:/n-matmul-512,109,109,,,0.03,n-matmul-512,true,d33c82b43d3d,,c-690ef4bd-0cf1abd9-a491e17680d2,1762587880612,Sync,1275.99,1762587880611,21.0.3.8,false,512,2.11,InvokeFunction,,,LATEST,1-690ef4e8-0c49fa-933254c3766f,OnDemand,,,0.93,,"{""errorType"":""FunctionAbnormalExitError""}"
,4A1A7379ED68F1567875DE99C92BB621-B,1762587881,FCRequestMetrics:/n-matmul-512,109,109,,,0.03,n-matmul-512,true,d5bc7449f792,,c-690ef4d8-0cf1abd9-7eb634cbbfaf,1762587880727,Sync,1233.37,1762587880726,21.0.3.12,false,512,2.24,InvokeFunction,,,LATEST,1-690ef4e8-0c49fa-88d580b3f39b,OnDemand,,,0.85,,"{""errorType"":""FunctionAbnormalExitError""}"
,447511FEAA2C196192B29D0355E78B1D-2E,1762587882,FCRequestMetrics:/n-matmul-512,108,108,,,3015.88,n-matmul-512,false,2be5f8bcaa9a,,c-690ef48f-0cf1abd9-405aaa419009,1762587879094,Sync,3017.35,1762587879094,21.0.3.9,false,512,36.52,InvokeFunction,,,LATEST,1-690ef4e7-0c0a43-1533ae9b966e,OnDemand,,,0.50,
,C9A28A785F95831BC9FC8EA20129FD05-14,1762587882,FCRequestMetrics:/n-matmul-512,108,108,,,3351.27,n-matmul-512,false,4856bc7a68f1,,c-690ef4c1-0cf1abd9-aae68ff129ed,1762587879100,Sync,3352.75,1762587879100,21.0.3.6,false,512,36.20,InvokeFunction,,,LATEST,1-690ef4e7-0c0a43-ee25b7bd6769,OnDemand,,,0.45,
,E763FEDED2DD2923A606C1ABC0F0B8DF-9,1762587882,FCRequestMetrics:/n-matmul-512,108,108,,,3821.82,n-matmul-512,false,6d406cad06b1,,c-690ef4d4-0cf1abd9-1184c15b4902,1762587878468,Sync,3825.17,1762587878467,21.0.3.8,false,512,27.00,InvokeFunction,,,LATEST,1-690ef4e7-0c49fa-948ad0ad526c,OnDemand,,,0.90,
,7C823A060900EA64C601C711AE9A8E7B-2B,1762587882,FCRequestMetrics:/n-matmul-512,125,125,,,3055.03,n-matmul-512,false,a9c1f9cad0fa,,c-690ef492-0cf1abd9-41b4dd0accbf,1762587879381,Sync,3290.28,1762587879146,21.0.3.10,false,512,36.28,InvokeFunction,,,LATEST,1-690ef4e7-0c49fa-a50468abbed3,OnDemand,,,234.41,
,B1B3EF35016788C3424F79DCBD83BB05-2E,1762587882,FCRequestMetrics:/n-matmul-512,125,125,,,2848.50,n-matmul-512,false,8e7a4967c312,,c-690ef48f-0cf1abd9-e1933dd451ba,1762587879535,Sync,3234.94,1762587879150,21.0.3.10,false,512,38.55,InvokeFunction,,,LATEST,1-690ef4e7-0c0a43-f42145705b78,OnDemand,,,385.03,
,5E37C0E4F38EC01A59BF0AC51B37D7D9-18,1762587882,FCRequestMetrics:/n-matmul-512,125,125,,,2930.23,n-matmul-512,false,675e218faad5,,c-690ef4b2-0cf1abd9-5c68fc00ab92,1762587879275,Sync,3065.40,1762587879140,21.0.3.12,false,512,36.17,InvokeFunction,,,LATEST,1-690ef4e7-0c0a43-d645521b092f,OnDemand,,,134.45,
,86C97E3549B8E428464CF6B56B68BFDC-1A,1762587882,FCRequestMetrics:/n-matmul-512,125,125,,,2884.31,n-matmul-512,false,5a3240bb4b57,,c-690ef4b1-0cf1abd9-ef240bcd1d76,1762587879745,Sync,3212.32,1762587879418,21.0.3.12,false,512,37.94,InvokeFunction,,,LATEST,1-690ef4e7-0c0a43-f18e88518c34,OnDemand,,,326.87,
,EABCDA55D43EA68A09CAEB4C9E234812-9,1762587882,FCRequestMetrics:/n-matmul-512,101,101,,,3999.97,n-matmul-512,false,2ac0bc3d44f6,,c-690ef4d7-0cf1abd9-14d53d3e8f33,1762587878235,Sync,4002.38,1762587878234,21.0.3.11,false,512,39.65,InvokeFunction,,,LATEST,1-690ef4e6-0c49fa-3eaaf2e57d62,OnDemand,,,1.20,
,4B2A5B6DBC4B791759CF9FA5FD5DDA4E-9,1762587882,FCRequestMetrics:/n-matmul-512,101,101,,,4076.19,n-matmul-512,false,d9816709289a,,c-690ef4d6-0cf1abd9-2c6970162d0e,1762587878256,Sync,4078.58,1762587878254,21.0.3.9,false,512,48.41,InvokeFunction,,,LATEST,1-690ef4e6-0c49fa-6ad0d221ed02,OnDemand,,,1.10,
,BD1D69C9267D95E53B2A79C6CB35D41D-28,1762587882,FCRequestMetrics:/n-matmul-512,125,125,,,3029.41,n-matmul-512,false,987841b3d4f5,,c-690ef492-0cf1abd9-b72bb88bbd36,1762587879165,Sync,3062.54,1762587879133,21.0.3.12,false,512,36.28,InvokeFunction,,,LATEST,1-690ef4e7-0c0a43-de01684bdecc,OnDemand,,,32.16,
,47EEBB4524D816241D6164558AEC1FDB-16,1762587882,FCRequestMetrics:/n-matmul-512,125,125,,,2824.23,n-matmul-512,false,cf2f5a306fef,,c-690ef4bc-0cf1abd9-4bc9539c85b8,1762587879647,Sync,3319.51,1762587879152,21.0.3.9,false,512,38.08,InvokeFunction,,,LATEST,1-690ef4e7-0c0a43-8d71c7e2913b,OnDemand,,,494.14,
,646B33D459BD0A9244D32F781DAF3418-22,1762587882,FCRequestMetrics:/n-matmul-512,125,125,,,2677.26,n-matmul-512,false,5d92a283eb8a,,c-690ef4a1-0cf1abd9-de1abe369d37,1762587879822,Sync,3022.10,1762587879478,21.0.3.10,false,512,39.80,InvokeFunction,,,LATEST,1-690ef4e7-0c49fa-4d172c542240,OnDemand,,,343.80,
,6CCFB4E4193C923DA012941FDF8BA7C1-29,1762587882,FCRequestMetrics:/n-matmul-512,125,125,,,3220.52,n-matmul-512,false,1ea218c34989,,c-690ef48f-0cf1abd9-4c65696b73c9,1762587879440,Sync,3512.83,1762587879148,21.0.3.9,false,512,37.83,InvokeFunction,,,LATEST,1-690ef4e7-0c0a43-09cc16066c51,OnDemand,,,291.55,
,5A4B169E4A6A12AF96E6A9F31574ACDB-14,1762587882,FCRequestMetrics:/n-matmul-512,125,125,,,3114.56,n-matmul-512,false,e49c1078154a,,c-690ef4bd-0cf1abd9-52730e96d71d,1762587879652,Sync,3614.20,1762587879153,21.0.3.12,false,512,39.53,InvokeFunction,,,LATEST,1-690ef4e7-0c0a43-08ea942aad5f,OnDemand,,,498.58,
,D47609DF0A0B8379D6163E9247FE0B62-1B,1762587882,FCRequestMetrics:/n-matmul-512,125,125,,,3158.81,n-matmul-512,false,94f30db206a9,,c-690ef4b1-0cf1abd9-5ce21036fb60,1762587879630,Sync,3639.42,1762587879151,21.0.3.9,false,512,37.56,InvokeFunction,,,LATEST,1-690ef4e7-0c49fa-1920e1206ab4,OnDemand,,,478.82,
,F031090DB7497FBE9C5AA393E7E68561-2E,1762587882,FCRequestMetrics:/n-matmul-512,125,125,,,2896.19,n-matmul-512,false,ac449c8e7f33,,c-690ef48f-0cf1abd9-a7a4b84ee62d,1762587879777,Sync,3196.11,1762587879478,21.0.3.9,false,512,34.19,InvokeFunction,,,LATEST,1-690ef4e7-0c49fa-51950f7451b8,OnDemand,,,298.93,
,A0E18646E4ED1862BB7852A818D6BD84-2C,1762587882,FCRequestMetrics:/n-matmul-512,109,109,,,3332.38,n-matmul-512,false,455c2c4df2d2,,c-690ef48f-0cf1abd9-fff0447ff1dc,1762587878945,Sync,3333.82,1762587878944,21.0.3.8,false,512,26.40,InvokeFunction,,,LATEST,1-690ef4e6-0c0a43-3e58a8932c92,OnDemand,,,0.57,
,78CD85FE04C684FD432ABFF362CBF50C-2B,1762587882,FCRequestMetrics:/n-matmul-512,125,125,,,3124.54,n-matmul-512,false,6999fff919fb,,c-690ef48f-0cf1abd9-6c6d9044c534,1762587879873,Sync,3518.98,1762587879479,21.0.3.11,false,512,37.82,InvokeFunction,,,LATEST,1-690ef4e7-0c0a43-d64297998a0a,OnDemand,,,393.56,
,715E1B0E1B21EEA77E59E1CCA6C827A1-18,1762587882,FCRequestMetrics:/n-matmul-512,108,108,,,3214.51,n-matmul-512,false,227434a33de2,,c-690ef4b3-0cf1abd9-7a1935f5d276,1762587879090,Sync,3216.51,1762587879089,21.0.3.11,false,512,29.23,InvokeFunction,,,LATEST,1-690ef4e7-0c49fa-46d6c6fde2dd,OnDemand,,,0.83,
,805D0B9C50B0CFD3CF77F88B01A3CC36-2B,1762587882,FCRequestMetrics:/n-matmul-512,125,125,,,2925.39,n-matmul-512,false,4277c8c89afa,,c-690ef490-0cf1abd9-df579b907295,1762587879304,Sync,3090.29,1762587879140,21.0.3.12,false,512,28.86,InvokeFunction,,,LATEST,1-690ef4e7-0c0a43-91211f1fc636,OnDemand,,,163.76,
,A89833F386C2C0AAB19D937BC0A8D2F3-19,1762587882,FCRequestMetrics:/n-matmul-512,125,125,,,3227.01,n-matmul-512,false,ea0bccbe44d2,,c-690ef4b4-0cf1abd9-c9ccab6a1a6a,1762587879420,Sync,3499.69,1762587879148,21.0.3.8,false,512,26.76,InvokeFunction,,,LATEST,1-690ef4e7-0c49fa-e7d2c4bd56e5,OnDemand,,,271.33,
,EC65B6B96723558D074A84C970ABFB6D-19,1762587882,FCRequestMetrics:/n-matmul-512,125,125,,,3214.81,n-matmul-512,false,dc0d493de807,,c-690ef4b3-0cf1abd9-88427ba7f908,1762587879243,Sync,3332.85,1762587879139,21.0.3.12,false,512,27.34,InvokeFunction,,,LATEST,1-690ef4e7-0c49fa-282d1c2eee1c,OnDemand,,,103.53,
,30B0C091F501AEB24D6930948CD8CD12-16,1762587882,FCRequestMetrics:/n-matmul-512,101,101,,,4294.94,n-matmul-512,false,f585a3de42a9,,c-690ef4c0-0cf1abd9-2f59d877e38b,1762587878274,Sync,4299.88,1762587878270,21.0.3.10,false,512,26.79,InvokeFunction,,,LATEST,1-690ef4e6-0c0a43-921994f84112,OnDemand,,,0.46,
,0AE60AD6E226644C212775A9AD9DBC3A-19,1762587882,FCRequestMetrics:/n-matmul-512,108,108,,,2917.87,n-matmul-512,false,e5c3b3dfa4c1,,c-690ef4b3-0cf1abd9-04675e7328d5,1762587879118,Sync,2921.18,1762587879117,21.0.3.10,false,512,36.59,InvokeFunction,,,LATEST,1-690ef4e7-0c49fa-8727b1c44427,OnDemand,,,1.17,
,E438D6118493E314AD4DA785D820E022-1D,1762587882,FCRequestMetrics:/n-matmul-512,108,108,,,3000.64,n-matmul-512,false,b191993e8dc4,,c-690ef4b3-0cf1abd9-0d3f75ed2006,1762587879107,Sync,3004.07,1762587879105,21.0.3.8,false,512,34.36,InvokeFunction,,,LATEST,1-690ef4e7-0c49fa-581608ac4cbd,OnDemand,,,1.15,
,A58D23371A460570694E59E83C205D35-2E,1762587882,FCRequestMetrics:/n-matmul-512,125,125,,,3053.41,n-matmul-512,false,f5099c18cdf1,,c-690ef48f-0cf1abd9-aa29b9d0aa99,1762587879362,Sync,3272.52,1762587879143,21.0.3.11,false,512,36.46,InvokeFunction,,,LATEST,1-690ef4e7-0c0a43-66498de566d9,OnDemand,,,217.92,
,F91A17FDEE204113BD7FCEE97E77B19D-2E,1762587882,FCRequestMetrics:/n-matmul-512,125,125,,,2944.98,n-matmul-512,false,b4a55f945517,,c-690ef48f-0cf1abd9-f3db6505083a,1762587879240,Sync,3053.95,1762587879136,21.0.3.12,false,512,34.60,InvokeFunction,,,LATEST,1-690ef4e7-0c0a43-95cf8c0b9b4e,OnDemand,,,104.04,
,FE4CB4BB334203537C4452D39CB19CCC-14,1762587882,FCRequestMetrics:/n-matmul-512,125,125,,,3576.90,n-matmul-512,false,a7689194af96,,c-690ef4c0-0cf1abd9-beaedf295aad,1762587879324,Sync,3759.01,1762587879143,21.0.3.12,false,512,34.23,InvokeFunction,,,LATEST,1-690ef4e7-0c49fa-e66e9aef6e3b,OnDemand,,,181.07,
,C1D7342C162E0433E3DCC69A36E49279-27,1762587882,FCRequestMetrics:/n-matmul-512,112,112,,,0.04,n-matmul-512,true,c1850f6d6120,,c-690ef49e-0cf1abd9-bea541164f91,1762587880391,Sync,1665.64,1762587880390,21.0.3.11,false,512,2.14,InvokeFunction,,,LATEST,1-690ef4e8-0c49fa-ae6ad400b97f,OnDemand,,,1.14,,"{""errorType"":""FunctionAbnormalExitError""}"
,023E1362E98622AC0BA42C246E757652-1B,1762587882,FCRequestMetrics:/n-matmul-512,108,108,,,3310.85,n-matmul-512,false,c2dc25ac0291,,c-690ef4b3-0cf1abd9-482c4f6b212d,1762587879104,Sync,3314.43,1762587879103,21.0.3.9,false,512,36.58,InvokeFunction,,,LATEST,1-690ef4e7-0c49fa-2e07e4540db4,OnDemand,,,1.39,
,ED99555BBD66FF347A8C8145C62ABE99-25,1762587882,FCRequestMetrics:/n-matmul-512,108,108,,,0.03,n-matmul-512,true,4bed96722f41,,c-690ef49c-0cf1abd9-8088ae7c339c,1762587880495,Sync,1635.72,1762587880495,21.0.3.8,false,512,2.07,InvokeFunction,,,LATEST,1-690ef4e8-0c0a43-b2f56135ac3f,OnDemand,,,0.58,,"{""errorType"":""FunctionAbnormalExitError""}"
,FD6981321571EC68F9E27CDAD26BAC19-25,1762587882,FCRequestMetrics:/n-matmul-512,108,108,,,0.03,n-matmul-512,true,b2349f9a27e7,,c-690ef49c-0cf1abd9-a2407a052b71,1762587880464,Sync,1834.34,1762587880463,21.0.3.12,false,512,2.17,InvokeFunction,,,LATEST,1-690ef4e8-0c0a43-54a5a16133de,OnDemand,,,0.58,,"{""errorType"":""FunctionAbnormalExitError""}"
,F0A5925498435F2F6D9BDDB34BF193EA-12,1762587882,FCRequestMetrics:/n-matmul-512,106,106,,,0.03,n-matmul-512,true,498ae363af0a,,c-690ef4c8-0cf1abd9-33e32577488c,1762587881208,Sync,1237.35,1762587881202,21.0.3.10,false,512,2.07,InvokeFunction,,,LATEST,1-690ef4e9-0c0a43-def8a17f2df7,OnDemand,,,5.44,,"{""errorType"":""FunctionAbnormalExitError""}"
,6C268265BE6071088D6F784688423FBC-26,1762587882,FCRequestMetrics:/n-matmul-512,125,125,,,0.02,n-matmul-512,true,f3794d0f4bed,,c-690ef4a4-0cf1abd9-3f60d30fa7e2,1762587881338,Sync,1182.21,1762587881315,21.0.3.11,false,512,2.10,InvokeFunction,,,LATEST,1-690ef4e9-0c49fa-ffebda1c20fd,OnDemand,,,22.69,,"{""errorType"":""FunctionAbnormalExitError""}"
,3D753EA828DEDBBB0DF10FE8437E0EE2-24,1762587882,FCRequestMetrics:/n-matmul-512,112,112,,,0.05,n-matmul-512,true,13a75e602ffd,,c-690ef49e-0cf1abd9-124626cd631e,1762587881028,Sync,1724.52,1762587881027,21.0.3.12,false,512,2.19,InvokeFunction,,,LATEST,1-690ef4e9-0c49fa-0e970fa0e9f1,OnDemand,,,1.33,,"{""errorType"":""FunctionAbnormalExitError""}"
,EAD7BD32D52FA8C0EC561AB86D8BB129-25,1762587882,FCRequestMetrics:/n-matmul-512,125,125,,,0.03,n-matmul-512,true,9697e733b066,,c-690ef49e-0cf1abd9-b7f83cb23224,1762587881404,Sync,1599.04,1762587881334,21.0.3.10,false,512,2.09,InvokeFunction,,,LATEST,1-690ef4e9-0c0a43-795f1f21d943,OnDemand,,,70.52,,"{""errorType"":""FunctionAbnormalExitError""}"
,1C05D5B02F01F46143D999E67440A343-2E,1762587883,FCRequestMetrics:/n-matmul-512,109,109,,,3107.25,n-matmul-512,false,ded09bee0b2d,,c-690ef48f-0cf1abd9-2bb86706a2c4,1762587880542,Sync,3108.72,1762587880541,21.0.3.9,false,512,36.82,InvokeFunction,,,LATEST,1-690ef4e8-0c0a43-4c80fa4c146f,OnDemand,,,0.51,
,5F40BF3643AE590E1A0AFBFC2BB1CC92-1B,1762587883,FCRequestMetrics:/n-matmul-512,114,114,,,2968.17,n-matmul-512,false,918ade19bbee,,c-690ef4b1-0cf1abd9-3df7810e23e4,1762587880244,Sync,2969.49,1762587880244,21.0.3.11,false,512,36.37,InvokeFunction,,,LATEST,1-690ef4e8-0c0a43-67bd192ddc34,OnDemand,,,0.57,
,85AE7850BCAF6CD3F0510D61A3C3BE5F-8,1762587883,FCRequestMetrics:/n-matmul-512,125,125,,,3974.65,n-matmul-512,false,d876faebd573,,c-690ef4d6-0cf1abd9-67e660b3df1a,1762587879458,Sync,4283.25,1762587879151,21.0.3.8,false,512,27.17,InvokeFunction,,,LATEST,1-690ef4e7-0c49fa-2c29773d639c,OnDemand,,,305.44,
,13AC9179567B6A88BE4E678F8CBCF027-22,1762587883,FCRequestMetrics:/n-matmul-512,111,111,,,2755.88,n-matmul-512,false,c1270f7ffdb8,,c-690ef4a1-0cf1abd9-661404bfd8df,1762587880744,Sync,2758.39,1762587880742,21.0.3.12,false,512,40.20,InvokeFunction,,,LATEST,1-690ef4e8-0c49fa-136ec2969612,OnDemand,,,1.36,
,812F252289DEF5D6E7CEF166CCF20854-15,1762587883,FCRequestMetrics:/n-matmul-512,125,125,,,3910.48,n-matmul-512,false,7cd4cf254b2b,,c-690ef4c0-0cf1abd9-f295f1869449,1762587879370,Sync,4136.70,1762587879145,21.0.3.11,false,512,26.91,InvokeFunction,,,LATEST,1-690ef4e7-0c49fa-a762622315b8,OnDemand,,,225.11,
,52D7D507918D931708B22C4CE8E63CCC-1B,1762587883,FCRequestMetrics:/n-matmul-512,109,109,,,3188.13,n-matmul-512,false,7e3f21c3452b,,c-690ef4b2-0cf1abd9-448ba4a6e619,1762587880684,Sync,3189.94,1762587880683,21.0.3.9,false,512,36.19,InvokeFunction,,,LATEST,1-690ef4e8-0c49fa-49e3a9cb0b23,OnDemand,,,0.94,
,32D30CAFDEB66ED4BA2C61AB57673DE9-16,1762587883,FCRequestMetrics:/n-matmul-512,108,108,,,3115.03,n-matmul-512,false,1e73088b591b,,c-690ef4bd-0cf1abd9-2266afd5303d,1762587880496,Sync,3117.31,1762587880494,21.0.3.11,false,512,39.42,InvokeFunction,,,LATEST,1-690ef4e8-0c49fa-ebdb781b2e67,OnDemand,,,1.07,
,B6CBE8EBA74250AA907E560C90566BB4-24,1762587883,FCRequestMetrics:/n-matmul-512,109,109,,,2632.47,n-matmul-512,false,ab282a8889ea,,c-690ef49c-0cf1abd9-bbfeef60bc24,1762587880540,Sync,2633.94,1762587880540,21.0.3.11,false,512,39.95,InvokeFunction,,,LATEST,1-690ef4e8-0c0a43-374f7c28e8b1,OnDemand,,,0.53,
,67EF79BC30A82AE98BE59702C8F66831-16,1762587883,FCRequestMetrics:/n-matmul-512,123,123,,,2956.40,n-matmul-512,false,9d91d3cbe239,,c-690ef4bd-0cf1abd9-3b4ee6796d7a,1762587880130,Sync,3965.74,1762587879122,21.0.3.11,false,512,40.09,InvokeFunction,,,LATEST,1-690ef4e7-0c0a43-28360debdef4,OnDemand,,,1007.72,
,8C91CD9281F35024322C2F606CD0B1FE-16,1762587883,FCRequestMetrics:/n-matmul-512,111,111,,,3014.22,n-matmul-512,false,44c83b518121,,c-690ef4bd-0cf1abd9-e8c2a2bb7f02,1762587880754,Sync,3017.61,1762587880753,21.0.3.9,false,512,39.83,InvokeFunction,,,LATEST,1-690ef4e8-0c0a43-f103d6108176,OnDemand,,,0.48,
,49B64A5B3FBA9FC6678BE15B3FA1CAE0-18,1762587883,FCRequestMetrics:/n-matmul-512,109,109,,,3211.18,n-matmul-512,false,b69b715c17a5,,c-690ef4b3-0cf1abd9-2077a8676f3b,1762587880631,Sync,3212.75,1762587880631,21.0.3.11,false,512,36.67,InvokeFunction,,,LATEST,1-690ef4e8-0c0a43-664bf9e0d435,OnDemand,,,0.52,
,395AF19B30E923F04509691974E770B2-1B,1762587883,FCRequestMetrics:/n-matmul-512,111,111,,,3097.88,n-matmul-512,false,16c28b2331e7,,c-690ef4b3-0cf1abd9-03841df006e6,1762587880852,Sync,3099.54,1762587880851,21.0.3.12,false,512,36.29,InvokeFunction,,,LATEST,1-690ef4e8-0c49fa-29ad19c4933f,OnDemand,,,1.00,
,3EC79B1A2832FEBC3A7D2A1336CBC72B-10,1762587883,FCRequestMetrics:/n-matmul-512,109,109,,,3415.24,n-matmul-512,false,1ba7f32a1a20,,c-690ef4c8-0cf1abd9-b1f4c901d515,1762587880542,Sync,3417.53,1762587880542,21.0.3.12,false,512,29.22,InvokeFunction,,,LATEST,1-690ef4e8-0c0a43-02d72a7451ca,OnDemand,,,0.49,
,5D2FE67C0EB5779BF4214AF0D6312E51-25,1762587883,FCRequestMetrics:/n-matmul-512,109,109,,,2899.08,n-matmul-512,false,19252a223023,,c-690ef49c-0cf1abd9-daf5d7835f02,1762587880663,Sync,2901.68,1762587880661,21.0.3.10,false,512,27.04,InvokeFunction,,,LATEST,1-690ef4e8-0c49fa-3b691e129df9,OnDemand,,,1.24,
,CA067C7B13641001A367D67FE1936091-2E,1762587883,FCRequestMetrics:/n-matmul-512,112,112,,,2983.24,n-matmul-512,false,5046f6076057,,c-690ef490-0cf1abd9-851ce87263d1,1762587880961,Sync,2987.96,1762587880960,21.0.3.11,false,512,34.52,InvokeFunction,,,LATEST,1-690ef4e8-0c49fa-9830c34556c2,OnDemand,,,1.43,
,B50B6C7E4A9EFD8ADCDAE8E71A8A357B-2F,1762587883,FCRequestMetrics:/n-matmul-512,112,112,,,3002.50,n-matmul-512,false,0c3cf93849f8,,c-690ef48f-0cf1abd9-ad135b628654,1762587880982,Sync,3003.88,1762587880981,21.0.3.8,false,512,34.65,InvokeFunction,,,LATEST,1-690ef4e8-0c0a43-d096c9939601,OnDemand,,,0.54,
,76578469F84FCD1CB8F7AE0D7CEF0D58-E,1762587883,FCRequestMetrics:/n-matmul-512,125,125,,,3298.22,n-matmul-512,false,8c2f5578c019,,c-690ef4d1-0cf1abd9-df87844cb3e3,1762587880563,Sync,3422.31,1762587880440,21.0.3.7,false,512,36.19,InvokeFunction,,,LATEST,1-690ef4e9-0c49fa-fcf5054d18af,OnDemand,,,122.87,
,27BDDCAD80E91AC92FDFCC1C9A1A4216-19,1762587883,FCRequestMetrics:/n-matmul-512,108,108,,,2791.02,n-matmul-512,false,2ff8f58d97fc,,c-690ef4b4-0cf1abd9-3de0c61b5b68,1762587880506,Sync,2792.78,1762587880505,21.0.3.10,false,512,36.44,InvokeFunction,,,LATEST,1-690ef4e8-0c0a43-f40ad7dc4a5a,OnDemand,,,0.55,
,5AFAB66E1E7466E5D8B7B9E08DE1641F-C,1762587883,FCRequestMetrics:/n-matmul-512,125,125,,,3492.32,n-matmul-512,false,b625bc4b4ab4,,c-690ef4d1-0cf1abd9-cc0167f16a90,1762587880453,Sync,3519.75,1762587880428,21.0.3.6,false,512,36.92,InvokeFunction,,,LATEST,1-690ef4e9-0c49fa-7993c7ce934f,OnDemand,,,24.64,
,01D4E8E7911B88CA9BFEF68BF58454E3-D,1762587883,FCRequestMetrics:/n-matmul-512,106,106,,,3322.56,n-matmul-512,false,af9f8faefca2,,c-690ef4d1-0cf1abd9-2cb97b541620,1762587880234,Sync,3325.07,1762587880233,21.0.3.10,false,512,38.59,InvokeFunction,,,LATEST,1-690ef4e9-0c49fa-7f0dae2a1663,OnDemand,,,1.14,
,3BDEEDD6F6C1B51E5137A970AE75BAA4-2B,1762587883,FCRequestMetrics:/n-matmul-512,109,109,,,3043.97,n-matmul-512,false,3b2b33dbd196,,c-690ef492-0cf1abd9-bbdff8eda83c,1762587880645,Sync,3045.31,1762587880644,21.0.3.9,false,512,38.26,InvokeFunction,,,LATEST,1-690ef4e8-0c0a43-7a5de330f7e2,OnDemand,,,0.50,
,03A714A9772EC266AA0C3B3C7C5F7666-17,1762587883,FCRequestMetrics:/n-matmul-512,125,125,,,0.03,n-matmul-512,true,579930c5ac3a,,c-690ef4bd-0cf1abd9-7053d50dd4cd,1762587881806,Sync,1888.99,1762587881201,21.0.3.10,false,512,2.11,InvokeFunction,,,LATEST,1-690ef4e9-0c0a43-6490dc97791e,OnDemand,,,604.37,,"{""errorType"":""FunctionAbnormalExitError""}"
,7FDD645C18A05AFCA1EE540844E336B4-2C,1762587883,FCRequestMetrics:/n-matmul-512,125,125,,,0.04,n-matmul-512,true,005047e6f771,,c-690ef48f-0cf1abd9-a4e85c44b759,1762587881835,Sync,1393.09,1762587881686,21.0.3.10,false,512,2.30,InvokeFunction,,,LATEST,1-690ef4e9-0c0a43-a189363b1e71,OnDemand,,,148.66,,"{""errorType"":""FunctionAbnormalExitError""}"
,47EEBB4524D816241D6164558AEC1FDB-19,1762587883,FCRequestMetrics:/n-matmul-512,125,125,,,0.04,n-matmul-512,true,cf2f5a306fef,,c-690ef4bc-0cf1abd9-4bc9539c85b8,1762587882475,Sync,1240.25,1762587882211,21.0.3.9,false,512,2.24,InvokeFunction,,,LATEST,1-690ef4ea-0c49fa-9dbc82caa72d,OnDemand,,,264.09,,"{""errorType"":""FunctionAbnormalExitError""}"
,646B33D459BD0A9244D32F781DAF3418-25,1762587883,FCRequestMetrics:/n-matmul-512,125,125,,,0.09,n-matmul-512,true,5d92a283eb8a,,c-690ef4a1-0cf1abd9-de1abe369d37,1762587882503,Sync,1131.34,1762587882430,21.0.3.10,false,512,2.45,InvokeFunction,,,LATEST,1-690ef4ea-0c0a43-493ef102f73e,OnDemand,,,73.00,,"{""errorType"":""FunctionAbnormalExitError""}"
,EABCDA55D43EA68A09CAEB4C9E234812-B,1762587883,FCRequestMetrics:/n-matmul-512,125,125,,,0.03,n-matmul-512,true,2ac0bc3d44f6,,c-690ef4d7-0cf1abd9-14d53d3e8f33,1762587882240,Sync,1373.98,1762587882209,21.0.3.11,false,512,2.20,InvokeFunction,,,LATEST,1-690ef4ea-0c0a43-94d2f095ee72,OnDemand,,,30.02,,"{""errorType"":""FunctionAbnormalExitError""}"
,4B2A5B6DBC4B791759CF9FA5FD5DDA4E-B,1762587883,FCRequestMetrics:/n-matmul-512,125,125,,,0.03,n-matmul-512,true,d9816709289a,,c-690ef4d6-0cf1abd9-2c6970162d0e,1762587882336,Sync,1344.85,1762587882245,21.0.3.9,false,512,8.93,InvokeFunction,,,LATEST,1-690ef4ea-0c0a43-b6219f8d2a5d,OnDemand,,,90.07,,"{""errorType"":""FunctionAbnormalExitError""}"
,6CCFB4E4193C923DA012941FDF8BA7C1-2C,1762587883,FCRequestMetrics:/n-matmul-512,125,125,,,0.03,n-matmul-512,true,1ea218c34989,,c-690ef48f-0cf1abd9-4c65696b73c9,1762587882665,Sync,1138.39,1762587882477,21.0.3.9,false,512,2.19,InvokeFunction,,,LATEST,1-690ef4ea-0c49fa-3bf2d3f51d34,OnDemand,,,187.13,,"{""errorType"":""FunctionAbnormalExitError""}"
,5A4B169E4A6A12AF96E6A9F31574ACDB-17,1762587883,FCRequestMetrics:/n-matmul-512,125,125,,,0.05,n-matmul-512,true,e49c1078154a,,c-690ef4bd-0cf1abd9-52730e96d71d,1762587882770,Sync,1258.82,1762587882511,21.0.3.12,false,512,2.27,InvokeFunction,,,LATEST,1-690ef4ea-0c0a43-b9a7eda74c3b,OnDemand,,,258.73,,"{""errorType"":""FunctionAbnormalExitError""}"
,D47609DF0A0B8379D6163E9247FE0B62-1D,1762587883,FCRequestMetrics:/n-matmul-512,125,125,,,0.03,n-matmul-512,true,94f30db206a9,,c-690ef4b1-0cf1abd9-5ce21036fb60,1762587882794,Sync,1173.22,1762587882542,21.0.3.9,false,512,2.12,InvokeFunction,,,LATEST,1-690ef4ea-0c49fa-a3e9be0cd7c6,OnDemand,,,252.53,,"{""errorType"":""FunctionAbnormalExitError""}"
,9095B2C1B61D208836CC9B1C85A0D40A-1B,1762587884,FCRequestMetrics:/n-matmul-512,106,106,,,2870.70,n-matmul-512,false,ca295ccdb9ef,,c-690ef4b1-0cf1abd9-20d8276cdfb4,1762587881188,Sync,2872.48,1762587881187,21.0.3.8,false,512,39.22,InvokeFunction,,,LATEST,1-690ef4e9-0c49fa-e36b9fbfc0b0,OnDemand,,,0.92,
,CF8B8E5EDA76CE1E15E6DE137B05F0FC-16,1762587884,FCRequestMetrics:/n-matmul-512,110,110,,,2978.23,n-matmul-512,false,09ed6314a647,,c-690ef4bd-0cf1abd9-4b304ea77a49,1762587881044,Sync,2980.26,1762587881043,21.0.3.12,false,512,39.97,InvokeFunction,,,LATEST,1-690ef4e9-0c49fa-247c1bcfa624,OnDemand,,,1.17,
,A6333F63464BC687DF1965DBFE05F1DB-2D,1762587884,FCRequestMetrics:/n-matmul-512,112,112,,,3165.63,n-matmul-512,false,3e88eb377bf5,,c-690ef490-0cf1abd9-507f1daf6985,1762587881012,Sync,3175.12,1762587881011,21.0.3.11,false,512,36.35,InvokeFunction,,,LATEST,1-690ef4e9-0c0a43-af8817c56c1a,OnDemand,,,0.53,
,3D3F830804794EE934A3F39C618D6DA7-19,1762587884,FCRequestMetrics:/n-matmul-512,110,110,,,2969.16,n-matmul-512,false,a5074fb07ccb,,c-690ef4b3-0cf1abd9-4204fc55cfbc,1762587881089,Sync,2971.24,1762587881088,21.0.3.9,false,512,36.89,InvokeFunction,,,LATEST,1-690ef4e9-0c49fa-aafe019dfe73,OnDemand,,,1.15,
,3638871BA5BA6CB81D64084B08F55201-30,1762587884,FCRequestMetrics:/n-matmul-512,106,106,,,2987.70,n-matmul-512,false,d9ddc014a95e,,c-690ef48f-0cf1abd9-ec0c220edbce,1762587881180,Sync,2989.64,1762587881179,21.0.3.8,false,512,39.65,InvokeFunction,,,LATEST,1-690ef4e9-0c0a43-e7039411cec5,OnDemand,,,0.57,
,414BD1893AE2054C5F533C4E4BFB2474-24,1762587884,FCRequestMetrics:/n-matmul-512,106,106,,,2953.12,n-matmul-512,false,e09eb6f846c4,,c-690ef49c-0cf1abd9-96967c00da02,1762587881195,Sync,2959.17,1762587881194,21.0.3.9,false,512,39.50,InvokeFunction,,,LATEST,1-690ef4e9-0c49fa-ab1b4ac010d3,OnDemand,,,1.32,
,5F3A1644AB2A1C8B074AB8754A10A293-20,1762587884,FCRequestMetrics:/n-matmul-512,106,106,,,3361.97,n-matmul-512,false,69f1f8b4cc9d,,c-690ef4a4-0cf1abd9-06b3493bf27e,1762587881194,Sync,3364.31,1762587881193,21.0.3.12,false,512,26.66,InvokeFunction,,,LATEST,1-690ef4e9-0c49fa-3c7a33e496ac,OnDemand,,,1.12,
,9ADEFA90B0D30226FA9EC5C9D5AE07C5-25,1762587884,FCRequestMetrics:/n-matmul-512,106,106,,,3082.98,n-matmul-512,false,720d5821fc65,,c-690ef4a1-0cf1abd9-d2a0858351d9,1762587881146,Sync,3085.09,1762587881145,21.0.3.9,false,512,39.66,InvokeFunction,,,LATEST,1-690ef4e9-0c49fa-576b5141f32c,OnDemand,,,1.16,
,270B9EACE82C5E95387DFC3023475A37-24,1762587884,FCRequestMetrics:/n-matmul-512,125,125,,,3071.51,n-matmul-512,false,fe7ebaee4797,,c-690ef4a4-0cf1abd9-3aa2f2400266,1762587881702,Sync,3571.23,1762587881203,21.0.3.8,false,512,38.55,InvokeFunction,,,LATEST,1-690ef4e9-0c0a43-a45fbc297338,OnDemand,,,498.89,
,537821DDAFE9614566F0064DDB274514-25,1762587884,FCRequestMetrics:/n-matmul-512,106,106,,,3339.03,n-matmul-512,false,e7a61b8cb4fe,,c-690ef4a1-0cf1abd9-564b243bc6a8,1762587881195,Sync,3340.46,1762587881195,21.0.3.8,false,512,29.36,InvokeFunction,,,LATEST,1-690ef4e9-0c0a43-9492f27e45ec,OnDemand,,,0.39,
,028699F502CA3D7E230041FC52AB4DE5-1B,1762587884,FCRequestMetrics:/n-matmul-512,110,110,,,3207.42,n-matmul-512,false,c3f0f0de03a0,,c-690ef4b1-0cf1abd9-f906b5304a3d,1762587881041,Sync,3209.64,1762587881039,21.0.3.8,false,512,39.90,InvokeFunction,,,LATEST,1-690ef4e9-0c49fa-a7d3c9b0e7c0,OnDemand,,,1.20,
,1F1FFC412871BA58DE9DD242432C9C35-2B,1762587884,FCRequestMetrics:/n-matmul-512,106,106,,,3095.45,n-matmul-512,false,a2dfb552053b,,c-690ef492-0cf1abd9-8c97f365993b,1762587881196,Sync,3096.65,1762587881196,21.0.3.8,false,512,39.58,InvokeFunction,,,LATEST,1-690ef4e9-0c0a43-f9d08db1ce7c,OnDemand,,,0.47,
,386DA6364528A35F673B30D821826132-1C,1762587884,FCRequestMetrics:/n-matmul-512,111,111,,,3115.98,n-matmul-512,false,2f0b32a49385,,c-690ef4b1-0cf1abd9-06c370eb6fc5,1762587880898,Sync,3118.07,1762587880896,21.0.3.12,false,512,36.35,InvokeFunction,,,LATEST,1-690ef4e8-0c49fa-5c702c63bcbd,OnDemand,,,1.30,
,6448458DC5EEDA4B01194355EB33D0AF-29,1762587884,FCRequestMetrics:/n-matmul-512,106,106,,,3155.45,n-matmul-512,false,e9af6d91c5a8,,c-690ef492-0cf1abd9-8e96e2aae5ad,1762587881184,Sync,3157.39,1762587881182,21.0.3.11,false,512,34.38,InvokeFunction,,,LATEST,1-690ef4e9-0c49fa-2dc8cefde7bf,OnDemand,,,1.10,
,A61C5B29A1D7F2390D1E51D697C6283B-1B,1762587884,FCRequestMetrics:/n-matmul-512,106,106,,,3179.61,n-matmul-512,false,14782dc1bc2e,,c-690ef4b4-0cf1abd9-744e5d667f19,1762587881185,Sync,3189.20,1762587881184,21.0.3.12,false,512,29.22,InvokeFunction,,,LATEST,1-690ef4e9-0c49fa-ab2778ced451,OnDemand,,,0.93,
,A07FED3AC0D9C87237C2A7F7FEAC1FF2-16,1762587884,FCRequestMetrics:/n-matmul-512,106,106,,,3237.49,n-matmul-512,false,5059a3c012ce,,c-690ef4bc-0cf1abd9-aaba1ef8e3d8,1762587881190,Sync,3238.80,1762587881189,21.0.3.8,false,512,39.83,InvokeFunction,,,LATEST,1-690ef4e9-0c0a43-03b3f102c33a,OnDemand,,,0.48,
,FFBE1F54232C7105BB9D9D9815146807-1B,1762587884,FCRequestMetrics:/n-matmul-512,125,125,,,3182.77,n-matmul-512,false,4210c93d9e28,,c-690ef4b2-0cf1abd9-734e58adbe38,1762587881298,Sync,3237.55,1762587881243,21.0.3.10,false,512,39.94,InvokeFunction,,,LATEST,1-690ef4e9-0c49fa-369f8203b420,OnDemand,,,53.99,
,E28B31C1AD09CA2631349F2F5CD41FEA-1A,1762587884,FCRequestMetrics:/n-matmul-512,125,125,,,2962.46,n-matmul-512,false,378303f5ffb1,,c-690ef4b4-0cf1abd9-4d6de11efb71,1762587881880,Sync,3342.35,1762587881501,21.0.3.9,false,512,36.30,InvokeFunction,,,LATEST,1-690ef4e9-0c49fa-4afbf5123bb4,OnDemand,,,378.97,
,7780C0688E26C68EB0D69712BCDE475F-2D,1762587884,FCRequestMetrics:/n-matmul-512,110,110,,,2941.97,n-matmul-512,false,333740b1eaee,,c-690ef490-0cf1abd9-b30a2e13f5eb,1762587881109,Sync,2944.59,1762587881108,21.0.3.12,false,512,36.60,InvokeFunction,,,LATEST,1-690ef4e9-0c49fa-64ac81ebb133,OnDemand,,,1.22,
,D57BF307AB3C1DBB07F853EA29DFAA8E-2E,1762587884,FCRequestMetrics:/n-matmul-512,106,106,,,2913.28,n-matmul-512,false,4a02a8b2ccf7,,c-690ef48f-0cf1abd9-3378a67d936f,1762587881141,Sync,2915.29,1762587881140,21.0.3.10,false,512,36.50,InvokeFunction,,,LATEST,1-690ef4e9-0c0a43-1dac47be082c,OnDemand,,,0.49,
,32144092075796B61E66CC5CB449FE74-2E,1762587884,FCRequestMetrics:/n-matmul-512,106,106,,,2939.73,n-matmul-512,false,4e09d5ee1757,,c-690ef48f-0cf1abd9-c9b2724f454d,1762587881143,Sync,2942.16,1762587881141,21.0.3.11,false,512,34.57,InvokeFunction,,,LATEST,1-690ef4e9-0c49fa-d7fc2330e263,OnDemand,,,1.44,
,5E4A59CDF3E7A5F12FFA6D69EE5EC6FC-B,1762587884,FCRequestMetrics:/n-matmul-512,108,108,,,3646.53,n-matmul-512,false,2e799e3149e9,,c-690ef4d7-0cf1abd9-47d2e00207ec,1762587880538,Sync,3649.12,1762587880537,21.0.3.10,false,512,27.07,InvokeFunction,,,LATEST,1-690ef4e8-0c49fa-1953e45a69fb,OnDemand,,,1.37,
,F633B574683DE8AA2BF0D3EEBDF4C796-1B,1762587884,FCRequestMetrics:/n-matmul-512,110,110,,,3076.39,n-matmul-512,false,2aab02d9eb5a,,c-690ef4b2-0cf1abd9-a85fa9ced593,1762587881128,Sync,3078.28,1762587881127,21.0.3.8,false,512,36.47,InvokeFunction,,,LATEST,1-690ef4e9-0c0a43-d3723f72e660,OnDemand,,,0.51,
,B23CDAA9EFB02072F2EA6F095891B977-1B,1762587884,FCRequestMetrics:/n-matmul-512,106,106,,,3126.82,n-matmul-512,false,01cbc6dce386,,c-690ef4b2-0cf1abd9-ad92bd478abd,1762587881222,Sync,3147.28,1762587881202,21.0.3.11,false,512,36.66,InvokeFunction,,,LATEST,1-690ef4e9-0c0a43-d84dec144e6d,OnDemand,,,19.47,
,22262E23B35913584F104007F60CDE44-2E,1762587884,FCRequestMetrics:/n-matmul-512,125,125,,,2986.03,n-matmul-512,false,5c984f724ebf,,c-690ef48f-0cf1abd9-4d671f684c9c,1762587881871,Sync,3079.73,1762587881779,21.0.3.9,false,512,38.41,InvokeFunction,,,LATEST,1-690ef4e9-0c0a43-91b80bf7be58,OnDemand,,,91.95,
,454D28B9ADC842A2E21EC3C429AA5038-F,1762587884,FCRequestMetrics:/n-matmul-512,110,110,,,3412.53,n-matmul-512,false,68ffeb726d24,,c-690ef4c8-0cf1abd9-e95db563c2a4,1762587881103,Sync,3414.53,1762587881102,21.0.3.11,false,512,26.61,InvokeFunction,,,LATEST,1-690ef4e9-0c49fa-8fa4d8ea120c,OnDemand,,,1.13,
,60315181B24B66886819325A3EA49E6F-27,1762587884,FCRequestMetrics:/n-matmul-512,125,125,,,3052.87,n-matmul-512,false,0d1aec41c426,,c-690ef49e-0cf1abd9-079fb8593d22,1762587881255,Sync,3104.37,1762587881204,21.0.3.9,false,512,27.23,InvokeFunction,,,LATEST,1-690ef4e9-0c49fa-26ad0acd25ce,OnDemand,,,49.17,
,C669C9C152D9C54DF2797A7C10154A81-B,1762587884,FCRequestMetrics:/n-matmul-512,125,125,,,3161.83,n-matmul-512,false,e117dfcc4a03,,c-690ef4d5-0cf1abd9-8087fa0fddfa,1762587881687,Sync,3165.01,1762587881686,21.0.3.10,false,512,44.50,InvokeFunction,,,LATEST,1-690ef4ea-0c49fa-86f2e241309c,OnDemand,,,1.34,
,7F41C0AC9649E78CE4E6389BA04F93F7-2D,1762587884,FCRequestMetrics:/n-matmul-512,125,125,,,3073.61,n-matmul-512,false,2f9a827ac39a,,c-690ef48f-0cf1abd9-d481ef5b70cb,1762587881743,Sync,3374.18,1762587881443,21.0.3.12,false,512,38.14,InvokeFunction,,,LATEST,1-690ef4e9-0c49fa-9edd9d020653,OnDemand,,,299.55,
,4D57B9EBA87590C7398CF6540746C6BE-2D,1762587884,FCRequestMetrics:/n-matmul-512,125,125,,,2880.50,n-matmul-512,false,cf9fc6279e9f,,c-690ef490-0cf1abd9-f9b75dacbfca,1762587881863,Sync,3009.27,1762587881735,21.0.3.10,false,512,38.34,InvokeFunction,,,LATEST,1-690ef4e9-0c49fa-a3df5c010056,OnDemand,,,127.48,
,93FE45F5D80B3384897CEBE39059D2B9-10,1762587884,FCRequestMetrics:/n-matmul-512,125,125,,,3394.91,n-matmul-512,false,ce40ea9a9210,,c-690ef4c8-0cf1abd9-21c972c4a8d9,1762587881273,Sync,3466.30,1762587881204,21.0.3.9,false,512,26.83,InvokeFunction,,,LATEST,1-690ef4e9-0c49fa-6993dbf27856,OnDemand,,,69.06,
,9E860D881BD9449D0F2C4975F44F7ABC-1E,1762587884,FCRequestMetrics:/n-matmul-512,111,111,,,3428.50,n-matmul-512,false,dc22095edf84,,c-690ef4b1-0cf1abd9-834eca231e91,1762587880862,Sync,3430.36,1762587880861,21.0.3.9,false,512,36.97,InvokeFunction,,,LATEST,1-690ef4e8-0c49fa-ad5ce70057b0,OnDemand,,,0.94,
,447511FEAA2C196192B29D0355E78B1D-30,1762587884,FCRequestMetrics:/n-matmul-512,122,122,,,2730.59,n-matmul-512,false,2be5f8bcaa9a,,c-690ef48f-0cf1abd9-405aaa419009,1762587882153,Sync,2731.79,1762587882153,21.0.3.9,false,512,37.88,InvokeFunction,,,LATEST,1-690ef4ea-0c0a43-6b3f35e57da9,OnDemand,,,0.51,
,F898A01EEA6FFC9C575701D6D0948E55-30,1762587884,FCRequestMetrics:/n-matmul-512,125,125,,,2859.30,n-matmul-512,false,7a16d098497d,,c-690ef48f-0cf1abd9-9a6242cc8b28,1762587881992,Sync,2893.10,1762587881958,21.0.3.8,false,512,39.71,InvokeFunction,,,LATEST,1-690ef4e9-0c0a43-0d557682816a,OnDemand,,,32.97,
,90D8D68606671C7D3CC9428DB5D1A5ED-22,1762587884,FCRequestMetrics:/n-matmul-512,109,109,,,3380.80,n-matmul-512,false,43290576c1e6,,c-690ef4a1-0cf1abd9-784f475cf818,1762587880726,Sync,3393.47,1762587880725,21.0.3.11,false,512,45.77,InvokeFunction,,,LATEST,1-690ef4e8-0c49fa-eb1a106cc567,OnDemand,,,0.94,
,51921E23C89315F7BBF480D8419B0A1D-B,1762587884,FCRequestMetrics:/n-matmul-512,110,110,,,3414.60,n-matmul-512,false,394b6570c5ea,,c-690ef4d5-0cf1abd9-8026978f4fdc,1762587880638,Sync,3416.83,1762587880636,21.0.3.12,false,512,36.54,InvokeFunction,,,LATEST,1-690ef4e9-0c49fa-4ff676eb5714,OnDemand,,,1.01,
,C1D7342C162E0433E3DCC69A36E49279-27,1762587884,FCRequestMetrics:/n-matmul-512,125,125,,,2912.89,n-matmul-512,false,c1850f6d6120,,c-690ef49e-0cf1abd9-bea541164f91,1762587882059,Sync,2943.64,1762587882029,21.0.3.11,false,512,26.99,InvokeFunction,,,LATEST,1-690ef4ea-0c49fa-60661206d578,OnDemand,,,29.47,
,148C1B09986999E20AA0FF04F10942D0-30,1762587884,FCRequestMetrics:/n-matmul-512,125,125,,,2905.40,n-matmul-512,false,aa1e2085073a,,c-690ef48f-0cf1abd9-2b72cdd5c5c2,1762587881908,Sync,2906.71,1762587881907,21.0.3.10,false,512,37.91,InvokeFunction,,,LATEST,1-690ef4e9-0c0a43-30f0748a8da7,OnDemand,,,0.51,
,95881DBD69A5D46DBD0CE5603278C262-B,1762587884,FCRequestMetrics:/n-matmul-512,125,125,,,3137.34,n-matmul-512,false,0cc96397dcc6,,c-690ef4d5-0cf1abd9-bb46dcba3bb4,1762587881547,Sync,3419.62,1762587881268,21.0.3.9,false,512,36.24,InvokeFunction,,,LATEST,1-690ef4e9-0c49fa-0dab822ff128,OnDemand,,,279.13,
,8A4C9F8EC0081A54D335C35B65D1357D-24,1762587884,FCRequestMetrics:/n-matmul-512,109,109,,,3416.35,n-matmul-512,false,1c5ca9e1c7f9,,c-690ef4a4-0cf1abd9-274debaa5e8f,1762587880635,Sync,3419.07,1762587880633,21.0.3.9,false,512,36.38,InvokeFunction,,,LATEST,1-690ef4e8-0c49fa-17270b6db8f8,OnDemand,,,1.40,
,F07C00865CBCDDD3603F2861EC1005E7-2E,1762587884,FCRequestMetrics:/n-matmul-512,106,106,,,3487.63,n-matmul-512,false,23ed8e688827,,c-690ef48f-0cf1abd9-c9d277f8db04,1762587881189,Sync,3489.10,1762587881188,21.0.3.12,false,512,38.08,InvokeFunction,,,LATEST,1-690ef4e9-0c0a43-e7531080a407,OnDemand,,,0.50,
,E4C186C27FC2E01612D2685505BDC1C8-1D,1762587884,FCRequestMetrics:/n-matmul-512,106,106,,,2863.76,n-matmul-512,false,2f46f223d44b,,c-690ef4b3-0cf1abd9-b7dfa30d9e6b,1762587881198,Sync,2865.08,1762587881198,21.0.3.8,false,512,38.36,InvokeFunction,,,LATEST,1-690ef4e9-0c0a43-5a59c69aafed,OnDemand,,,0.47,
,86D3C1657BB7CB6F9D6C1B5957027679-1C,1762587884,FCRequestMetrics:/n-matmul-512,106,106,,,2919.89,n-matmul-512,false,41e163ab7845,,c-690ef4b1-0cf1abd9-383b8cf3b88f,1762587881165,Sync,2921.20,1762587881164,21.0.3.10,false,512,36.39,InvokeFunction,,,LATEST,1-690ef4e9-0c0a43-60da4b579b9b,OnDemand,,,0.49,
,F78928E4C3048B992F5E5A9DC10A82CD-11,1762587884,FCRequestMetrics:/n-matmul-512,106,106,,,3412.02,n-matmul-512,false,4756408993b7,,c-690ef4c8-0cf1abd9-87a481f567c5,1762587881176,Sync,3414.04,1762587881175,21.0.3.8,false,512,34.48,InvokeFunction,,,LATEST,1-690ef4e9-0c49fa-cf2e919db97a,OnDemand,,,1.17,
,9DDF92507C03E777F745C0AA5C83C458-27,1762587884,FCRequestMetrics:/n-matmul-512,125,125,,,3098.45,n-matmul-512,false,ab20715057dd,,c-690ef49e-0cf1abd9-a4d3e4836d71,1762587881535,Sync,3238.71,1762587881396,21.0.3.8,false,512,36.51,InvokeFunction,,,LATEST,1-690ef4e9-0c49fa-58a55566a340,OnDemand,,,139.51,
,D09BCBD485576D911D13CE495A97C108-1B,1762587884,FCRequestMetrics:/n-matmul-512,106,106,,,3100.36,n-matmul-512,false,67959926d07f,,c-690ef4b3-0cf1abd9-62c5a8cabd6b,1762587881174,Sync,3102.85,1762587881173,21.0.3.10,false,512,36.76,InvokeFunction,,,LATEST,1-690ef4e9-0c49fa-bf938d3c8d34,OnDemand,,,1.37,
,D383B16911701B57D8112BE288DB8A26-1D,1762587884,FCRequestMetrics:/n-matmul-512,106,106,,,3235.51,n-matmul-512,false,bb19602af764,,c-690ef4b1-0cf1abd9-7e88298a556b,1762587881175,Sync,3237.43,1762587881174,21.0.3.10,false,512,38.29,InvokeFunction,,,LATEST,1-690ef4e9-0c0a43-e291c532019b,OnDemand,,,0.48,
,BF0051A2DC4BF4DDC3679E47B8B32C9C-16,1762587884,FCRequestMetrics:/n-matmul-512,106,106,,,3711.21,n-matmul-512,false,e797c285140c,,c-690ef4c0-0cf1abd9-8278610d83f5,1762587881199,Sync,3713.72,1762587881197,21.0.3.8,false,512,36.86,InvokeFunction,,,LATEST,1-690ef4e9-0c49fa-b59dd7c4e052,OnDemand,,,1.26,
,604D7A139A336D459A8701B8728ED443-1B,1762587884,FCRequestMetrics:/n-matmul-512,125,125,,,3154.86,n-matmul-512,false,3ccc09a5376a,,c-690ef4b4-0cf1abd9-6384931551e4,1762587881634,Sync,3591.58,1762587881198,21.0.3.11,false,512,34.43,InvokeFunction,,,LATEST,1-690ef4e9-0c0a43-4c62424a6fa1,OnDemand,,,435.67,
,2C250D9B2FF86C019F81DAC520815883-25,1762587884,FCRequestMetrics:/n-matmul-512,106,106,,,3372.50,n-matmul-512,false,52c1693be583,,c-690ef4a4-0cf1abd9-b2b9a6cf3285,1762587881148,Sync,3375.69,1762587881147,21.0.3.10,false,512,34.35,InvokeFunction,,,LATEST,1-690ef4e9-0c0a43-674e08532627,OnDemand,,,0.49,
,BF93D493C22D4491C67A697A08986BFB-D,1762587884,FCRequestMetrics:/n-matmul-512,125,125,,,3151.34,n-matmul-512,false,3624fd232b03,,c-690ef4d1-0cf1abd9-fa48bfbc8b06,1762587881486,Sync,3233.93,1762587881404,21.0.3.9,false,512,36.49,InvokeFunction,,,LATEST,1-690ef4ea-0c0a43-49e46ca446d5,OnDemand,,,81.59,
,3801AF28D1F06D15DE702CA3D1A78840-30,1762587884,FCRequestMetrics:/n-matmul-512,106,106,,,3152.73,n-matmul-512,false,85f7f63caa28,,c-690ef48f-0cf1abd9-8d9a75cfa22a,1762587881192,Sync,3155.07,1762587881190,21.0.3.8,false,512,36.13,InvokeFunction,,,LATEST,1-690ef4e9-0c49fa-89d67ee36422,OnDemand,,,1.11,
,C5E3D6C1456AB3A159B70500C779D02C-D,1762587884,FCRequestMetrics:/n-matmul-512,125,125,,,3146.79,n-matmul-512,false,03aa7a5e978e,,c-690ef4d1-0cf1abd9-37e40b6fa245,1762587881632,Sync,3243.98,1762587881535,21.0.3.11,false,512,36.14,InvokeFunction,,,LATEST,1-690ef4ea-0c0a43-9eefe0b91505,OnDemand,,,96.14,
,333D4C666C8B83BB41B1C7D79452A532-16,1762587884,FCRequestMetrics:/n-matmul-512,125,125,,,3381.45,n-matmul-512,false,e3c6c131f32d,,c-690ef4c0-0cf1abd9-c5743552479f,1762587881278,Sync,3456.50,1762587881204,21.0.3.9,false,512,38.62,InvokeFunction,,,LATEST,1-690ef4e9-0c0a43-e564af289274,OnDemand,,,74.03,
,13AC9179567B6A88BE4E678F8CBCF027-25,1762587884,FCRequestMetrics:/n-matmul-512,114,114,,,0.04,n-matmul-512,true,c1270f7ffdb8,,c-690ef4a1-0cf1abd9-661404bfd8df,1762587883542,Sync,1175.82,1762587883541,21.0.3.12,false,512,4.05,InvokeFunction,,,LATEST,1-690ef4eb-0c49fa-48eeac90bff8,OnDemand,,,1.42,,"{""errorType"":""FunctionAbnormalExitError""}"
,78CD85FE04C684FD432ABFF362CBF50C-2E,1762587884,FCRequestMetrics:/n-matmul-512,111,111,,,0.03,n-matmul-512,true,6999fff919fb,,c-690ef48f-0cf1abd9-6c6d9044c534,1762587883751,Sync,953.19,1762587883749,21.0.3.11,false,512,2.07,InvokeFunction,,,LATEST,1-690ef4eb-0c49fa-e0c7241599e4,OnDemand,,,1.34,,"{""errorType"":""FunctionAbnormalExitError""}"
,19D19504A7F011D98456D47931F40832-1D,1762587884,FCRequestMetrics:/n-matmul-512,125,125,,,3335.12,n-matmul-512,false,d76a12fc0134,,c-690ef4b1-0cf1abd9-3da89f7b182b,1762587881296,Sync,3416.03,1762587881218,21.0.3.11,false,512,36.43,InvokeFunction,,,LATEST,1-690ef4e9-0c49fa-f5fcb3646e8a,OnDemand,,,77.83,
,B6CBE8EBA74250AA907E560C90566BB4-27,1762587884,FCRequestMetrics:/n-matmul-512,111,111,,,0.03,n-matmul-512,true,ab282a8889ea,,c-690ef49c-0cf1abd9-bbfeef60bc24,1762587883742,Sync,1248.62,1762587883740,21.0.3.11,false,512,2.06,InvokeFunction,,,LATEST,1-690ef4eb-0c49fa-acea3a0a67bd,OnDemand,,,1.19,,"{""errorType"":""FunctionAbnormalExitError""}"
,9ADEFA90B0D30226FA9EC5C9D5AE07C5-26,1762587884,FCRequestMetrics:/n-matmul-512,125,125,,,0.03,n-matmul-512,true,720d5821fc65,,c-690ef4a1-0cf1abd9-d2a0858351d9,1762587884234,Sync,1133.50,1762587883800,21.0.3.9,false,512,4.02,InvokeFunction,,,LATEST,1-690ef4eb-0c49fa-205e6653926b,OnDemand,,,433.84,,"{""errorType"":""FunctionAbnormalExitError""}"
,0AE60AD6E226644C212775A9AD9DBC3A-19,1762587885,FCRequestMetrics:/n-matmul-512,125,125,,,2997.14,n-matmul-512,false,e5c3b3dfa4c1,,c-690ef4b3-0cf1abd9-04675e7328d5,1762587882041,Sync,3053.23,1762587881986,21.0.3.10,false,512,38.41,InvokeFunction,,,LATEST,1-690ef4e9-0c0a43-1369a44b95fc,OnDemand,,,55.13,
,E438D6118493E314AD4DA785D820E022-1D,1762587885,FCRequestMetrics:/n-matmul-512,122,122,,,3092.65,n-matmul-512,false,b191993e8dc4,,c-690ef4b3-0cf1abd9-0d3f75ed2006,1762587882207,Sync,3095.13,1762587882206,21.0.3.8,false,512,36.50,InvokeFunction,,,LATEST,1-690ef4ea-0c49fa-064eb0788b08,OnDemand,,,1.23,
,E49E041E26792B5C9FA746FE5A0F2654-A,1762587885,FCRequestMetrics:/n-matmul-512,125,125,,,3819.61,n-matmul-512,false,c7d5890c0209,,c-690ef4d6-0cf1abd9-a844f7d6b61a,1762587881255,Sync,3918.43,1762587881157,21.0.3.9,false,512,29.05,InvokeFunction,,,LATEST,1-690ef4e9-0c49fa-926a9cc6a52f,OnDemand,,,97.34,
,5E37C0E4F38EC01A59BF0AC51B37D7D9-1A,1762587885,FCRequestMetrics:/n-matmul-512,122,122,,,3065.63,n-matmul-512,false,675e218faad5,,c-690ef4b2-0cf1abd9-5c68fc00ab92,1762587882209,Sync,3334.70,1762587881940,21.0.3.12,false,512,38.34,InvokeFunction,,,LATEST,1-690ef4e9-0c49fa-acd18056ab38,OnDemand,,,268.11,
,B1B3EF35016788C3424F79DCBD83BB05-30,1762587885,FCRequestMetrics:/n-matmul-512,125,125,,,2927.71,n-matmul-512,false,8e7a4967c312,,c-690ef48f-0cf1abd9-e1933dd451ba,1762587882393,Sync,3051.98,1762587882270,21.0.3.10,false,512,40.23,InvokeFunction,,,LATEST,1-690ef4ea-0c0a43-322c1f658d2a,OnDemand,,,123.52,
,F031090DB7497FBE9C5AA393E7E68561-30,1762587885,FCRequestMetrics:/n-matmul-512,125,125,,,2672.50,n-matmul-512,false,ac449c8e7f33,,c-690ef48f-0cf1abd9-a7a4b84ee62d,1762587882677,Sync,2861.99,1762587882488,21.0.3.9,false,512,37.21,InvokeFunction,,,LATEST,1-690ef4ea-0c0a43-993b1c99b1b0,OnDemand,,,188.70,
,7C823A060900EA64C601C711AE9A8E7B-2D,1762587885,FCRequestMetrics:/n-matmul-512,125,125,,,3047.53,n-matmul-512,false,a9c1f9cad0fa,,c-690ef492-0cf1abd9-41b4dd0accbf,1762587882440,Sync,3170.65,1762587882317,21.0.3.10,false,512,39.37,InvokeFunction,,,LATEST,1-690ef4ea-0c0a43-f8a5203ef38d,OnDemand,,,122.20,
,7E61C224A0C92ACF29245CE740336474-B,1762587885,FCRequestMetrics:/n-matmul-512,125,125,,,3376.20,n-matmul-512,false,54fa523719bf,,c-690ef4d5-0cf1abd9-a1fddea636ac,1762587881694,Sync,3385.55,1762587881685,21.0.3.8,false,512,26.96,InvokeFunction,,,LATEST,1-690ef4e9-0c49fa-090405fe18fe,OnDemand,,,8.51,
,A58D23371A460570694E59E83C205D35-2E,1762587885,FCRequestMetrics:/n-matmul-512,125,125,,,3074.77,n-matmul-512,false,f5099c18cdf1,,c-690ef48f-0cf1abd9-aa29b9d0aa99,1762587882418,Sync,3216.70,1762587882277,21.0.3.11,false,512,38.77,InvokeFunction,,,LATEST,1-690ef4ea-0c0a43-23ab52f4188d,OnDemand,,,141.08,
,F91A17FDEE204113BD7FCEE97E77B19D-2E,1762587885,FCRequestMetrics:/n-matmul-512,122,122,,,2983.69,n-matmul-512,false,b4a55f945517,,c-690ef48f-0cf1abd9-f3db6505083a,1762587882206,Sync,2985.81,1762587882204,21.0.3.12,false,512,36.66,InvokeFunction,,,LATEST,1-690ef4ea-0c49fa-6fa17fc08dd3,OnDemand,,,1.34,
,86C97E3549B8E428464CF6B56B68BFDC-1D,1762587885,FCRequestMetrics:/n-matmul-512,125,125,,,3060.72,n-matmul-512,false,5a3240bb4b57,,c-690ef4b1-0cf1abd9-ef240bcd1d76,1762587882633,Sync,3239.13,1762587882455,21.0.3.12,false,512,41.36,InvokeFunction,,,LATEST,1-690ef4ea-0c0a43-a8def5e2943f,OnDemand,,,177.65,
,BD1D69C9267D95E53B2A79C6CB35D41D-2B,1762587885,FCRequestMetrics:/n-matmul-512,122,122,,,3258.45,n-matmul-512,false,987841b3d4f5,,c-690ef492-0cf1abd9-b72bb88bbd36,1762587882201,Sync,3259.90,1762587882200,21.0.3.12,false,512,38.02,InvokeFunction,,,LATEST,1-690ef4ea-0c0a43-fa98683b96cb,OnDemand,,,0.48,
,9DBD82D68A5F344D47B8DE1951A258DF-9,1762587885,FCRequestMetrics:/n-matmul-512,125,125,,,3621.53,n-matmul-512,false,25404d1b02d2,,c-690ef4d6-0cf1abd9-9ab608ee2fc4,1762587881743,Sync,3945.22,1762587881420,21.0.3.12,false,512,26.97,InvokeFunction,,,LATEST,1-690ef4e9-0c0a43-a7abc058bd96,OnDemand,,,322.93,
,49858DB541AAB1B6611A1511B91F5B3F-A,1762587885,FCRequestMetrics:/n-matmul-512,125,125,,,3525.41,n-matmul-512,false,1cfed078e6f6,,c-690ef4d6-0cf1abd9-296db67e1edb,1762587881940,Sync,3527.51,1762587881939,21.0.3.10,false,512,27.17,InvokeFunction,,,LATEST,1-690ef4ea-0c49fa-803bcdd219d7,OnDemand,,,1.17,
,BD9BE3600CF3EADC822FC16C6CE56C55-18,1762587885,FCRequestMetrics:/n-matmul-512,125,125,,,3158.25,n-matmul-512,false,a90b8e21cc4e,,c-690ef4bd-0cf1abd9-4533cb176176,1762587881878,Sync,3195.38,1762587881841,21.0.3.10,false,512,26.77,InvokeFunction,,,LATEST,1-690ef4e9-0c49fa-d77c26238d2b,OnDemand,,,35.78,
,C2EB2A92BA9B62B2586CA2C02FC71F03-16,1762587885,FCRequestMetrics:/n-matmul-512,125,125,,,3329.27,n-matmul-512,false,d33c82b43d3d,,c-690ef4bd-0cf1abd9-a491e17680d2,1762587881907,Sync,3330.76,1762587881906,21.0.3.8,false,512,29.30,InvokeFunction,,,LATEST,1-690ef4e9-0c0a43-ed2ddd959179,OnDemand,,,0.55,
,4A1A7379ED68F1567875DE99C92BB621-B,1762587885,FCRequestMetrics:/n-matmul-512,125,125,,,3212.65,n-matmul-512,false,d5bc7449f792,,c-690ef4d8-0cf1abd9-7eb634cbbfaf,1762587881962,Sync,3603.25,1762587881572,21.0.3.12,false,512,26.97,InvokeFunction,,,LATEST,1-690ef4e9-0c0a43-684a7a385bb3,OnDemand,,,389.67,
,023E1362E98622AC0BA42C246E757652-1B,1762587885,FCRequestMetrics:/n-matmul-512,125,125,,,2979.10,n-matmul-512,false,c2dc25ac0291,,c-690ef4b3-0cf1abd9-482c4f6b212d,1762587882421,Sync,3123.28,1762587882277,21.0.3.9,false,512,38.70,InvokeFunction,,,LATEST,1-690ef4ea-0c49fa-99cdcf09c472,OnDemand,,,143.16,
,ED99555BBD66FF347A8C8145C62ABE99-25,1762587885,FCRequestMetrics:/n-matmul-512,122,122,,,3225.46,n-matmul-512,false,4bed96722f41,,c-690ef49c-0cf1abd9-8088ae7c339c,1762587882151,Sync,3228.63,1762587882150,21.0.3.8,false,512,26.77,InvokeFunction,,,LATEST,1-690ef4ea-0c49fa-1aaa86f0753b,OnDemand,,,1.15,
,FD6981321571EC68F9E27CDAD26BAC19-25,1762587885,FCRequestMetrics:/n-matmul-512,125,125,,,3398.82,n-matmul-512,false,b2349f9a27e7,,c-690ef49c-0cf1abd9-a2407a052b71,1762587882299,Sync,3482.20,1762587882218,21.0.3.12,false,512,29.01,InvokeFunction,,,LATEST,1-690ef4ea-0c0a43-d858f42ce730,OnDemand,,,80.51,
,F0A5925498435F2F6D9BDDB34BF193EA-12,1762587885,FCRequestMetrics:/n-matmul-512,125,125,,,2841.72,n-matmul-512,false,498ae363af0a,,c-690ef4c8-0cf1abd9-33e32577488c,1762587882443,Sync,2940.02,1762587882345,21.0.3.10,false,512,28.52,InvokeFunction,,,LATEST,1-690ef4ea-0c49fa-a94ac8ab2b35,OnDemand,,,96.81,
,C9A28A785F95831BC9FC8EA20129FD05-16,1762587885,FCRequestMetrics:/n-matmul-512,125,125,,,3347.31,n-matmul-512,false,4856bc7a68f1,,c-690ef4c1-0cf1abd9-aae68ff129ed,1762587882455,Sync,3431.35,1762587882372,21.0.3.6,false,512,37.92,InvokeFunction,,,LATEST,1-690ef4ea-0c49fa-0ed7f6654f5e,OnDemand,,,83.32,
,6C268265BE6071088D6F784688423FBC-26,1762587885,FCRequestMetrics:/n-matmul-512,125,125,,,2888.02,n-matmul-512,false,f3794d0f4bed,,c-690ef4a4-0cf1abd9-3f60d30fa7e2,1762587882499,Sync,3172.59,1762587882217,21.0.3.11,false,512,27.07,InvokeFunction,,,LATEST,1-690ef4ea-0c0a43-0d4940024578,OnDemand,,,282.02,
,E336B2A6408E27B02C6CAB82C50088BC-13,1762587885,FCRequestMetrics:/n-matmul-512,125,125,,,4037.71,n-matmul-512,false,b76d94444b2f,,c-690ef4c1-0cf1abd9-48675e1450f8,1762587881304,Sync,4085.03,1762587881258,21.0.3.7,false,512,40.12,InvokeFunction,,,LATEST,1-690ef4e9-0c49fa-abc98da9d966,OnDemand,,,46.04,
,A215E42A48869DE9E4DCA54EC0297126-B,1762587885,FCRequestMetrics:/n-matmul-512,125,125,,,3257.60,n-matmul-512,false,ae96b778c52c,,c-690ef4d4-0cf1abd9-80805a6a9659,1762587881862,Sync,3282.34,1762587881838,21.0.3.11,false,512,34.55,InvokeFunction,,,LATEST,1-690ef4ea-0c0a43-0f32418883a1,OnDemand,,,23.01,
,3D753EA828DEDBBB0DF10FE8437E0EE2-24,1762587885,FCRequestMetrics:/n-matmul-512,125,125,,,2691.01,n-matmul-512,false,13a75e602ffd,,c-690ef49e-0cf1abd9-124626cd631e,1762587882758,Sync,2958.13,1762587882493,21.0.3.12,false,512,26.77,InvokeFunction,,,LATEST,1-690ef4ea-0c0a43-f33d95381ed1,OnDemand,,,259.52,
,E763FEDED2DD2923A606C1ABC0F0B8DF-B,1762587885,FCRequestMetrics:/n-matmul-512,125,125,,,2990.96,n-matmul-512,false,6d406cad06b1,,c-690ef4d4-0cf1abd9-1184c15b4902,1762587882296,Sync,3178.04,1762587882110,21.0.3.8,false,512,34.54,InvokeFunction,,,LATEST,1-690ef4ea-0c49fa-3df45bd4ddae,OnDemand,,,185.80,
,61FB77CF084CA2B121CED83B1B2F8CB8-B,1762587885,FCRequestMetrics:/n-matmul-512,125,125,,,3363.41,n-matmul-512,false,cbf3b5341b24,,c-690ef4d5-0cf1abd9-896a7d670f7a,1762587881737,Sync,3371.41,1762587881731,21.0.3.7,false,512,34.65,InvokeFunction,,,LATEST,1-690ef4e9-0c0a43-20d7b9a9445c,OnDemand,,,5.59,
,A0E18646E4ED1862BB7852A818D6BD84-2E,1762587885,FCRequestMetrics:/n-matmul-512,125,125,,,2933.56,n-matmul-512,false,455c2c4df2d2,,c-690ef48f-0cf1abd9-fff0447ff1dc,1762587882282,Sync,2997.74,1762587882219,21.0.3.8,false,512,33.99,InvokeFunction,,,LATEST,1-690ef4ea-0c0a43-54b307417290,OnDemand,,,62.48,
,22E833C237D88A72ACDEEBC774861945-15,1762587885,FCRequestMetrics:/n-matmul-512,125,125,,,3553.51,n-matmul-512,false,3ad91ce1f715,,c-690ef4c1-0cf1abd9-a9ad8a9b0501,1762587881567,Sync,3923.29,1762587881198,21.0.3.5,false,512,38.43,InvokeFunction,,,LATEST,1-690ef4e9-0c0a43-1d4498c6e7b2,OnDemand,,,368.75,
,8009EC769EAF82E94BE4682B8C0E45B5-15,1762587885,FCRequestMetrics:/n-matmul-512,110,110,,,4133.76,n-matmul-512,false,e18d84b3712e,,c-690ef4c1-0cf1abd9-2df610e1f3e8,1762587881044,Sync,4135.86,1762587881043,21.0.3.8,false,512,36.05,InvokeFunction,,,LATEST,1-690ef4e9-0c49fa-ca89b6e11aa3,OnDemand,,,0.90,
,715E1B0E1B21EEA77E59E1CCA6C827A1-1A,1762587885,FCRequestMetrics:/n-matmul-512,125,125,,,2956.65,n-matmul-512,false,227434a33de2,,c-690ef4b3-0cf1abd9-7a1935f5d276,1762587882309,Sync,3037.02,1762587882229,21.0.3.11,false,512,36.42,InvokeFunction,,,LATEST,1-690ef4ea-0c0a43-13e370a492ff,OnDemand,,,79.41,
,805D0B9C50B0CFD3CF77F88B01A3CC36-2D,1762587885,FCRequestMetrics:/n-matmul-512,122,122,,,2869.32,n-matmul-512,false,4277c8c89afa,,c-690ef490-0cf1abd9-df579b907295,1762587882233,Sync,2896.87,1762587882206,21.0.3.12,false,512,36.48,InvokeFunction,,,LATEST,1-690ef4ea-0c0a43-f0e1fb32c0ec,OnDemand,,,26.71,
,A89833F386C2C0AAB19D937BC0A8D2F3-1B,1762587885,FCRequestMetrics:/n-matmul-512,125,125,,,2712.05,n-matmul-512,false,ea0bccbe44d2,,c-690ef4b4-0cf1abd9-c9ccab6a1a6a,1762587882651,Sync,3153.46,1762587882214,21.0.3.8,false,512,34.26,InvokeFunction,,,LATEST,1-690ef4ea-0c49fa-7701ea6e7dc4,OnDemand,,,436.06,
,EC65B6B96723558D074A84C970ABFB6D-1B,1762587885,FCRequestMetrics:/n-matmul-512,125,125,,,3182.87,n-matmul-512,false,dc0d493de807,,c-690ef4b3-0cf1abd9-88427ba7f908,1762587882475,Sync,3447.83,1762587882210,21.0.3.12,false,512,34.61,InvokeFunction,,,LATEST,1-690ef4ea-0c0a43-bde98fa21cfc,OnDemand,,,264.03,
,30B0C091F501AEB24D6930948CD8CD12-18,1762587885,FCRequestMetrics:/n-matmul-512,125,125,,,2620.40,n-matmul-512,false,f585a3de42a9,,c-690ef4c0-0cf1abd9-2f59d877e38b,1762587882573,Sync,2980.16,1762587882214,21.0.3.10,false,512,34.36,InvokeFunction,,,LATEST,1-690ef4ea-0c49fa-5c7a7f4678f9,OnDemand,,,359.07,
,67EF79BC30A82AE98BE59702C8F66831-18,1762587885,FCRequestMetrics:/n-matmul-512,111,111,,,0.06,n-matmul-512,true,9d91d3cbe239,,c-690ef4bd-0cf1abd9-3b4ee6796d7a,1762587883742,Sync,1338.17,1762587883741,21.0.3.11,false,512,4.14,InvokeFunction,,,LATEST,1-690ef4eb-0c49fa-73c57769c152,OnDemand,,,1.12,,"{""errorType"":""FunctionAbnormalExitError""}"
,9095B2C1B61D208836CC9B1C85A0D40A-1E,1762587885,FCRequestMetrics:/n-matmul-512,125,125,,,0.05,n-matmul-512,true,ca295ccdb9ef,,c-690ef4b1-0cf1abd9-20d8276cdfb4,1762587884063,Sync,1529.06,1762587883779,21.0.3.8,false,512,2.07,InvokeFunction,,,LATEST,1-690ef4eb-0c0a43-9ad9d9fa24ec,OnDemand,,,283.93,,"{""errorType"":""FunctionAbnormalExitError""}"
,3638871BA5BA6CB81D64084B08F55201-33,1762587885,FCRequestMetrics:/n-matmul-512,125,125,,,0.02,n-matmul-512,true,d9ddc014a95e,,c-690ef48f-0cf1abd9-ec0c220edbce,1762587884171,Sync,1327.84,1762587883792,21.0.3.8,false,512,2.35,InvokeFunction,,,LATEST,1-690ef4eb-0c49fa-a28a8e6b96dd,OnDemand,,,379.57,,"{""errorType"":""FunctionAbnormalExitError""}"
,1F1FFC412871BA58DE9DD242432C9C35-2D,1762587885,FCRequestMetrics:/n-matmul-512,125,125,,,0.05,n-matmul-512,true,a2dfb552053b,,c-690ef492-0cf1abd9-8c97f365993b,1762587884295,Sync,1666.66,1762587883807,21.0.3.8,false,512,2.25,InvokeFunction,,,LATEST,1-690ef4eb-0c0a43-6504c4ef29d0,OnDemand,,,487.50,,"{""errorType"":""FunctionAbnormalExitError""}"
,028699F502CA3D7E230041FC52AB4DE5-1E,1762587885,FCRequestMetrics:/n-matmul-512,125,125,,,0.02,n-matmul-512,true,c3f0f0de03a0,,c-690ef4b1-0cf1abd9-f906b5304a3d,1762587884252,Sync,1527.80,1762587883802,21.0.3.8,false,512,4.19,InvokeFunction,,,LATEST,1-690ef4eb-0c0a43-2470c55fbb9f,OnDemand,,,449.71,,"{""errorType"":""FunctionAbnormalExitError""}"
,8C91CD9281F35024322C2F606CD0B1FE-19,1762587885,FCRequestMetrics:/n-matmul-512,111,111,,,0.02,n-matmul-512,true,44c83b518121,,c-690ef4bd-0cf1abd9-e8c2a2bb7f02,1762587883774,Sync,1713.08,1762587883755,21.0.3.9,false,512,2.08,InvokeFunction,,,LATEST,1-690ef4eb-0c49fa-29abfadee8fa,OnDemand,,,19.62,,"{""errorType"":""FunctionAbnormalExitError""}"
,AF248E24051D33CE2911D9A18C89C2D3-18,1762587885,FCRequestMetrics:/n-matmul-512,125,125,,,3917.28,n-matmul-512,false,8c4cd304f247,,c-690ef4c1-0cf1abd9-e614043a0e89,1762587881650,Sync,4374.73,1762587881199,21.0.3.10,false,512,34.46,InvokeFunction,,,LATEST,1-690ef4e9-0c49fa-8068b7564105,OnDemand,,,450.48,
,32D30CAFDEB66ED4BA2C61AB57673DE9-19,1762587885,FCRequestMetrics:/n-matmul-512,109,109,,,0.04,n-matmul-512,true,1e73088b591b,,c-690ef4bd-0cf1abd9-2266afd5303d,1762587883732,Sync,1685.76,1762587883730,21.0.3.11,false,512,2.09,InvokeFunction,,,LATEST,1-690ef4eb-0c49fa-d52d321b3063,OnDemand,,,0.94,,"{""errorType"":""FunctionAbnormalExitError""}"
,414BD1893AE2054C5F533C4E4BFB2474-27,1762587885,FCRequestMetrics:/n-matmul-512,125,125,,,0.03,n-matmul-512,true,e09eb6f846c4,,c-690ef49c-0cf1abd9-96967c00da02,1762587884163,Sync,1751.43,1762587883786,21.0.3.9,false,512,2.11,InvokeFunction,,,LATEST,1-690ef4eb-0c49fa-e2e28d052be3,OnDemand,,,371.87,,"{""errorType"":""FunctionAbnormalExitError""}"
,FFBE1F54232C7105BB9D9D9815146807-1E,1762587885,FCRequestMetrics:/n-matmul-512,125,125,,,0.02,n-matmul-512,true,4210c93d9e28,,c-690ef4b2-0cf1abd9-734e58adbe38,1762587884484,Sync,1842.44,1762587883752,21.0.3.10,false,512,2.21,InvokeFunction,,,LATEST,1-690ef4eb-0c49fa-f4e8cfb89d23,OnDemand,,,730.99,,"{""errorType"":""FunctionAbnormalExitError""}"
,CF8B8E5EDA76CE1E15E6DE137B05F0FC-19,1762587885,FCRequestMetrics:/n-matmul-512,125,125,,,0.04,n-matmul-512,true,09ed6314a647,,c-690ef4bd-0cf1abd9-4b304ea77a49,1762587884027,Sync,2064.30,1762587883774,21.0.3.12,false,512,4.28,InvokeFunction,,,LATEST,1-690ef4eb-0c0a43-2977f030ea55,OnDemand,,,253.39,,"{""errorType"":""FunctionAbnormalExitError""}"
,A07FED3AC0D9C87237C2A7F7FEAC1FF2-19,1762587885,FCRequestMetrics:/n-matmul-512,125,125,,,0.04,n-matmul-512,true,5059a3c012ce,,c-690ef4bc-0cf1abd9-aaba1ef8e3d8,1762587884433,Sync,1831.55,1762587884000,21.0.3.8,false,512,2.25,InvokeFunction,,,LATEST,1-690ef4ec-0c0a43-22a4f63b92eb,OnDemand,,,432.38,,"{""errorType"":""FunctionAbnormalExitError""}"
,27BDDCAD80E91AC92FDFCC1C9A1A4216-19,1762587886,FCRequestMetrics:/n-matmul-512,117,117,,,2843.06,n-matmul-512,false,2ff8f58d97fc,,c-690ef4b4-0cf1abd9-3de0c61b5b68,1762587883324,Sync,2844.87,1762587883323,21.0.3.10,false,512,38.66,InvokeFunction,,,LATEST,1-690ef4eb-0c49fa-950c01976070,OnDemand,,,0.82,
,1C05D5B02F01F46143D999E67440A343-30,1762587886,FCRequestMetrics:/n-matmul-512,109,109,,,2812.74,n-matmul-512,false,ded09bee0b2d,,c-690ef48f-0cf1abd9-2bb86706a2c4,1762587883670,Sync,2814.47,1762587883669,21.0.3.9,false,512,38.27,InvokeFunction,,,LATEST,1-690ef4eb-0c49fa-98b49bdf2f25,OnDemand,,,0.96,
,8A4C9F8EC0081A54D335C35B65D1357D-24,1762587886,FCRequestMetrics:/n-matmul-512,125,125,,,2418.48,n-matmul-512,false,1c5ca9e1c7f9,,c-690ef4a4-0cf1abd9-274debaa5e8f,1762587884055,Sync,2700.14,1762587883775,21.0.3.9,false,512,38.09,InvokeFunction,,,LATEST,1-690ef4eb-0c49fa-3ff0f384b274,OnDemand,,,280.66,
,5F40BF3643AE590E1A0AFBFC2BB1CC92-1D,1762587886,FCRequestMetrics:/n-matmul-512,111,111,,,2881.29,n-matmul-512,false,918ade19bbee,,c-690ef4b1-0cf1abd9-3df7810e23e4,1762587883740,Sync,2883.12,1762587883738,21.0.3.11,false,512,37.93,InvokeFunction,,,LATEST,1-690ef4eb-0c49fa-28f9d0e1a5fc,OnDemand,,,0.95,
,01D4E8E7911B88CA9BFEF68BF58454E3-D,1762587886,FCRequestMetrics:/n-matmul-512,125,125,,,2759.53,n-matmul-512,false,af9f8faefca2,,c-690ef4d1-0cf1abd9-2cb97b541620,1762587883561,Sync,3193.53,1762587883128,21.0.3.10,false,512,41.67,InvokeFunction,,,LATEST,1-690ef4eb-0c0a43-b6d8499951d9,OnDemand,,,433.23,
,A6333F63464BC687DF1965DBFE05F1DB-2F,1762587886,FCRequestMetrics:/n-matmul-512,125,125,,,2632.92,n-matmul-512,false,3e88eb377bf5,,c-690ef490-0cf1abd9-507f1daf6985,1762587884189,Sync,3028.39,1762587883794,21.0.3.11,false,512,39.70,InvokeFunction,,,LATEST,1-690ef4eb-0c0a43-ab8b69048edf,OnDemand,,,394.28,
,E4C186C27FC2E01612D2685505BDC1C8-1D,1762587886,FCRequestMetrics:/n-matmul-512,125,125,,,2801.92,n-matmul-512,false,2f46f223d44b,,c-690ef4b3-0cf1abd9-b7dfa30d9e6b,1762587884067,Sync,3089.37,1762587883781,21.0.3.8,false,512,41.93,InvokeFunction,,,LATEST,1-690ef4eb-0c0a43-b92259bb1fcc,OnDemand,,,286.50,
,3BDEEDD6F6C1B51E5137A970AE75BAA4-2B,1762587886,FCRequestMetrics:/n-matmul-512,109,109,,,3170.96,n-matmul-512,false,3b2b33dbd196,,c-690ef492-0cf1abd9-bbdff8eda83c,1762587883731,Sync,3172.63,1762587883730,21.0.3.9,false,512,39.66,InvokeFunction,,,LATEST,1-690ef4eb-0c0a43-52240e480f07,OnDemand,,,0.53,
,EAD7BD32D52FA8C0EC561AB86D8BB129-25,1762587886,FCRequestMetrics:/n-matmul-512,111,111,,,2547.17,n-matmul-512,false,9697e733b066,,c-690ef49e-0cf1abd9-b7f83cb23224,1762587883747,Sync,2548.42,1762587883746,21.0.3.10,false,512,26.66,InvokeFunction,,,LATEST,1-690ef4eb-0c0a43-7083cbb6e93c,OnDemand,,,0.44,
,49B64A5B3FBA9FC6678BE15B3FA1CAE0-1A,1762587886,FCRequestMetrics:/n-matmul-512,125,125,,,3103.89,n-matmul-512,false,b69b715c17a5,,c-690ef4b3-0cf1abd9-2077a8676f3b,1762587883847,Sync,3193.81,1762587883758,21.0.3.11,false,512,39.63,InvokeFunction,,,LATEST,1-690ef4eb-0c49fa-f6e6923a936f,OnDemand,,,89.05,
,03A714A9772EC266AA0C3B3C7C5F7666-17,1762587886,FCRequestMetrics:/n-matmul-512,111,111,,,2989.07,n-matmul-512,false,579930c5ac3a,,c-690ef4bd-0cf1abd9-7053d50dd4cd,1762587883742,Sync,2990.44,1762587883742,21.0.3.10,false,512,26.89,InvokeFunction,,,LATEST,1-690ef4eb-0c0a43-cd8f785e9aa0,OnDemand,,,0.52,
,7FDD645C18A05AFCA1EE540844E336B4-2C,1762587886,FCRequestMetrics:/n-matmul-512,111,111,,,2592.02,n-matmul-512,false,005047e6f771,,c-690ef48f-0cf1abd9-a4e85c44b759,1762587883750,Sync,2594.82,1762587883750,21.0.3.10,false,512,29.02,InvokeFunction,,,LATEST,1-690ef4eb-0c0a43-a1513755798e,OnDemand,,,0.49,
,76578469F84FCD1CB8F7AE0D7CEF0D58-10,1762587886,FCRequestMetrics:/n-matmul-512,125,125,,,2703.84,n-matmul-512,false,8c2f5578c019,,c-690ef4d1-0cf1abd9-df87844cb3e3,1762587883869,Sync,3196.50,1762587883377,21.0.3.7,false,512,37.89,InvokeFunction,,,LATEST,1-690ef4ec-0c0a43-214d368ca25d,OnDemand,,,491.57,
,47EEBB4524D816241D6164558AEC1FDB-19,1762587886,FCRequestMetrics:/n-matmul-512,116,116,,,2824.31,n-matmul-512,false,cf2f5a306fef,,c-690ef4bc-0cf1abd9-4bc9539c85b8,1762587883477,Sync,2826.57,1762587883476,21.0.3.9,false,512,27.15,InvokeFunction,,,LATEST,1-690ef4eb-0c49fa-7d3e616c95d9,OnDemand,,,1.01,
,646B33D459BD0A9244D32F781DAF3418-25,1762587886,FCRequestMetrics:/n-matmul-512,111,111,,,2638.10,n-matmul-512,false,5d92a283eb8a,,c-690ef4a1-0cf1abd9-de1abe369d37,1762587883737,Sync,2641.79,1762587883736,21.0.3.10,false,512,26.71,InvokeFunction,,,LATEST,1-690ef4eb-0c49fa-2b42132def0e,OnDemand,,,0.99,
,EABCDA55D43EA68A09CAEB4C9E234812-B,1762587886,FCRequestMetrics:/n-matmul-512,111,111,,,3048.01,n-matmul-512,false,2ac0bc3d44f6,,c-690ef4d7-0cf1abd9-14d53d3e8f33,1762587883736,Sync,3050.68,1762587883734,21.0.3.11,false,512,27.18,InvokeFunction,,,LATEST,1-690ef4eb-0c0a43-1160a1acbb74,OnDemand,,,0.51,
,6CCFB4E4193C923DA012941FDF8BA7C1-2C,1762587886,FCRequestMetrics:/n-matmul-512,109,109,,,2745.90,n-matmul-512,false,1ea218c34989,,c-690ef48f-0cf1abd9-4c65696b73c9,1762587883644,Sync,2748.19,1762587883643,21.0.3.9,false,512,26.61,InvokeFunction,,,LATEST,1-690ef4eb-0c49fa-9558d6903989,OnDemand,,,1.45,
,5A4B169E4A6A12AF96E6A9F31574ACDB-17,1762587886,FCRequestMetrics:/n-matmul-512,111,111,,,2899.79,n-matmul-512,false,e49c1078154a,,c-690ef4bd-0cf1abd9-52730e96d71d,1762587883772,Sync,2919.26,1762587883754,21.0.3.12,false,512,27.22,InvokeFunction,,,LATEST,1-690ef4eb-0c49fa-be204ca1fed0,OnDemand,,,17.93,
,D47609DF0A0B8379D6163E9247FE0B62-1D,1762587886,FCRequestMetrics:/n-matmul-512,109,109,,,2968.27,n-matmul-512,false,94f30db206a9,,c-690ef4b1-0cf1abd9-5ce21036fb60,1762587883748,Sync,2974.36,1762587883747,21.0.3.9,false,512,28.61,InvokeFunction,,,LATEST,1-690ef4eb-0c49fa-bf6d7eb17cc7,OnDemand,,,1.12,
,85AE7850BCAF6CD3F0510D61A3C3BE5F-A,1762587886,FCRequestMetrics:/n-matmul-512,111,111,,,3086.53,n-matmul-512,false,d876faebd573,,c-690ef4d6-0cf1abd9-67e660b3df1a,1762587883739,Sync,3091.19,1762587883737,21.0.3.8,false,512,34.34,InvokeFunction,,,LATEST,1-690ef4eb-0c0a43-99f7d38cf98c,OnDemand,,,0.48,
,812F252289DEF5D6E7CEF166CCF20854-17,1762587886,FCRequestMetrics:/n-matmul-512,111,111,,,2317.50,n-matmul-512,false,7cd4cf254b2b,,c-690ef4c0-0cf1abd9-f295f1869449,1762587883738,Sync,2321.51,1762587883737,21.0.3.11,false,512,34.54,InvokeFunction,,,LATEST,1-690ef4eb-0c49fa-e53874b7b6e5,OnDemand,,,0.91,
,3EC79B1A2832FEBC3A7D2A1336CBC72B-12,1762587886,FCRequestMetrics:/n-matmul-512,125,125,,,2818.47,n-matmul-512,false,1ba7f32a1a20,,c-690ef4c8-0cf1abd9-b1f4c901d515,1762587883962,Sync,3016.86,1762587883765,21.0.3.12,false,512,36.35,InvokeFunction,,,LATEST,1-690ef4eb-0c0a43-ef91dd2840a1,OnDemand,,,197.27,
,7780C0688E26C68EB0D69712BCDE475F-2F,1762587886,FCRequestMetrics:/n-matmul-512,125,125,,,2620.31,n-matmul-512,false,333740b1eaee,,c-690ef490-0cf1abd9-b30a2e13f5eb,1762587884055,Sync,2901.05,1762587883775,21.0.3.12,false,512,38.34,InvokeFunction,,,LATEST,1-690ef4eb-0c0a43-a30749c7e6f0,OnDemand,,,279.80,
,5D2FE67C0EB5779BF4214AF0D6312E51-27,1762587886,FCRequestMetrics:/n-matmul-512,111,111,,,2866.44,n-matmul-512,false,19252a223023,,c-690ef49c-0cf1abd9-daf5d7835f02,1762587883736,Sync,2868.59,1762587883735,21.0.3.10,false,512,34.22,InvokeFunction,,,LATEST,1-690ef4eb-0c49fa-f58d60cfc74f,OnDemand,,,1.09,
,CA067C7B13641001A367D67FE1936091-30,1762587886,FCRequestMetrics:/n-matmul-512,125,125,,,2969.99,n-matmul-512,false,5046f6076057,,c-690ef490-0cf1abd9-851ce87263d1,1762587883954,Sync,3162.71,1762587883762,21.0.3.11,false,512,36.88,InvokeFunction,,,LATEST,1-690ef4eb-0c0a43-6988cd3ae250,OnDemand,,,191.78,
,5E37C0E4F38EC01A59BF0AC51B37D7D9-1D,1762587886,FCRequestMetrics:/n-matmul-512,97,97,,,0.03,n-matmul-512,true,675e218faad5,,c-690ef4b2-0cf1abd9-5c68fc00ab92,1762587885278,Sync,1121.67,1762587885277,21.0.3.12,false,512,2.37,InvokeFunction,,,LATEST,1-690ef4ed-0c0a43-f4c43ac32830,OnDemand,,,0.50,,"{""errorType"":""FunctionAbnormalExitError""}"
,FE4CB4BB334203537C4452D39CB19CCC-16,1762587886,FCRequestMetrics:/n-matmul-512,111,111,,,2643.91,n-matmul-512,false,a7689194af96,,c-690ef4c0-0cf1abd9-beaedf295aad,1762587883748,Sync,2646.27,1762587883747,21.0.3.12,false,512,36.48,InvokeFunction,,,LATEST,1-690ef4eb-0c49fa-55ac44c10123,OnDemand,,,1.25,
,F031090DB7497FBE9C5AA393E7E68561-32,1762587886,FCRequestMetrics:/n-matmul-512,100,100,,,0.03,n-matmul-512,true,ac449c8e7f33,,c-690ef48f-0cf1abd9-a7a4b84ee62d,1762587885443,Sync,1114.52,1762587885442,21.0.3.9,false,512,2.06,InvokeFunction,,,LATEST,1-690ef4ed-0c49fa-f832f7ee33bd,OnDemand,,,0.85,,"{""errorType"":""FunctionAbnormalExitError""}"
,B1B3EF35016788C3424F79DCBD83BB05-33,1762587886,FCRequestMetrics:/n-matmul-512,97,97,,,0.03,n-matmul-512,true,8e7a4967c312,,c-690ef48f-0cf1abd9-e1933dd451ba,1762587885326,Sync,1315.58,1762587885324,21.0.3.10,false,512,4.21,InvokeFunction,,,LATEST,1-690ef4ed-0c49fa-686075a3d79d,OnDemand,,,1.31,,"{""errorType"":""FunctionAbnormalExitError""}"
,86C97E3549B8E428464CF6B56B68BFDC-20,1762587886,FCRequestMetrics:/n-matmul-512,98,98,,,0.03,n-matmul-512,true,5a3240bb4b57,,c-690ef4b1-0cf1abd9-ef240bcd1d76,1762587885699,Sync,911.99,1762587885698,21.0.3.12,false,512,4.05,InvokeFunction,,,LATEST,1-690ef4ed-0c0a43-da4b1acc1758,OnDemand,,,0.54,,"{""errorType"":""FunctionAbnormalExitError""}"
,51921E23C89315F7BBF480D8419B0A1D-D,1762587886,FCRequestMetrics:/n-matmul-512,125,125,,,2930.92,n-matmul-512,false,394b6570c5ea,,c-690ef4d5-0cf1abd9-8026978f4fdc,1762587884057,Sync,3397.28,1762587883592,21.0.3.12,false,512,38.49,InvokeFunction,,,LATEST,1-690ef4eb-0c49fa-da7efee35b82,OnDemand,,,464.97,
,7C823A060900EA64C601C711AE9A8E7B-30,1762587886,FCRequestMetrics:/n-matmul-512,100,100,,,0.03,n-matmul-512,true,a9c1f9cad0fa,,c-690ef492-0cf1abd9-41b4dd0accbf,1762587885495,Sync,1436.59,1762587885494,21.0.3.10,false,512,2.18,InvokeFunction,,,LATEST,1-690ef4ed-0c0a43-3065ec0596b4,OnDemand,,,0.46,,"{""errorType"":""FunctionAbnormalExitError""}"
,D09BCBD485576D911D13CE495A97C108-1B,1762587887,FCRequestMetrics:/n-matmul-512,125,125,,,2841.09,n-matmul-512,false,67959926d07f,,c-690ef4b3-0cf1abd9-62c5a8cabd6b,1762587884279,Sync,3316.50,1762587883805,21.0.3.10,false,512,39.84,InvokeFunction,,,LATEST,1-690ef4eb-0c49fa-596947820aa5,OnDemand,,,474.32,
,D383B16911701B57D8112BE288DB8A26-1D,1762587887,FCRequestMetrics:/n-matmul-512,125,125,,,2776.39,n-matmul-512,false,bb19602af764,,c-690ef4b1-0cf1abd9-7e88298a556b,1762587884418,Sync,3271.80,1762587883923,21.0.3.10,false,512,41.46,InvokeFunction,,,LATEST,1-690ef4eb-0c49fa-83a0d56a85f4,OnDemand,,,491.82,
,BF0051A2DC4BF4DDC3679E47B8B32C9C-16,1762587887,FCRequestMetrics:/n-matmul-512,98,98,,,1910.24,n-matmul-512,false,e797c285140c,,c-690ef4c0-0cf1abd9-8278610d83f5,1762587885730,Sync,1911.56,1762587885730,21.0.3.8,false,512,39.98,InvokeFunction,,,LATEST,1-690ef4ed-0c0a43-86a47285f3db,OnDemand,,,0.45,
,395AF19B30E923F04509691974E770B2-1D,1762587887,FCRequestMetrics:/n-matmul-512,125,125,,,3206.93,n-matmul-512,false,16c28b2331e7,,c-690ef4b3-0cf1abd9-03841df006e6,1762587883954,Sync,3399.42,1762587883762,21.0.3.12,false,512,39.87,InvokeFunction,,,LATEST,1-690ef4eb-0c0a43-84788ee15583,OnDemand,,,191.46,
,52D7D507918D931708B22C4CE8E63CCC-1D,1762587887,FCRequestMetrics:/n-matmul-512,125,125,,,3279.74,n-matmul-512,false,7e3f21c3452b,,c-690ef4b2-0cf1abd9-448ba4a6e619,1762587883876,Sync,3397.75,1762587883759,21.0.3.9,false,512,37.78,InvokeFunction,,,LATEST,1-690ef4eb-0c0a43-b084fd9a8116,OnDemand,,,117.00,
,3D3F830804794EE934A3F39C618D6DA7-1B,1762587887,FCRequestMetrics:/n-matmul-512,125,125,,,3047.89,n-matmul-512,false,a5074fb07ccb,,c-690ef4b3-0cf1abd9-4204fc55cfbc,1762587884064,Sync,3332.91,1762587883780,21.0.3.9,false,512,40.00,InvokeFunction,,,LATEST,1-690ef4eb-0c49fa-44d701250435,OnDemand,,,284.05,
,270B9EACE82C5E95387DFC3023475A37-26,1762587887,FCRequestMetrics:/n-matmul-512,113,113,,,2591.01,n-matmul-512,false,fe7ebaee4797,,c-690ef4a4-0cf1abd9-3aa2f2400266,1762587884785,Sync,2593.31,1762587884783,21.0.3.8,false,512,40.09,InvokeFunction,,,LATEST,1-690ef4ec-0c49fa-ec2516ebb453,OnDemand,,,1.17,
,86D3C1657BB7CB6F9D6C1B5957027679-1F,1762587887,FCRequestMetrics:/n-matmul-512,125,125,,,3447.42,n-matmul-512,false,41e163ab7845,,c-690ef4b1-0cf1abd9-383b8cf3b88f,1762587884088,Sync,3753.25,1762587883783,21.0.3.10,false,512,40.06,InvokeFunction,,,LATEST,1-690ef4eb-0c49fa-c4005736a594,OnDemand,,,304.94,
,BF93D493C22D4491C67A697A08986BFB-D,1762587887,FCRequestMetrics:/n-matmul-512,97,97,,,2748.01,n-matmul-512,false,3624fd232b03,,c-690ef4d1-0cf1abd9-fa48bfbc8b06,1762587884647,Sync,2749.99,1762587884646,21.0.3.9,false,512,37.91,InvokeFunction,,,LATEST,1-690ef4ed-0c49fa-66ec371bf3de,OnDemand,,,1.17,
,3801AF28D1F06D15DE702CA3D1A78840-30,1762587887,FCRequestMetrics:/n-matmul-512,125,125,,,2923.32,n-matmul-512,false,85f7f63caa28,,c-690ef48f-0cf1abd9-8d9a75cfa22a,1762587884348,Sync,3425.73,1762587883847,21.0.3.8,false,512,39.12,InvokeFunction,,,LATEST,1-690ef4eb-0c49fa-0c208f387c79,OnDemand,,,500.84,
,386DA6364528A35F673B30D821826132-1E,1762587887,FCRequestMetrics:/n-matmul-512,125,125,,,3517.63,n-matmul-512,false,2f0b32a49385,,c-690ef4b1-0cf1abd9-06c370eb6fc5,1762587884017,Sync,3766.88,1762587883769,21.0.3.12,false,512,39.71,InvokeFunction,,,LATEST,1-690ef4eb-0c0a43-10a0f039e4a9,OnDemand,,,248.36,
,B23CDAA9EFB02072F2EA6F095891B977-1D,1762587887,FCRequestMetrics:/n-matmul-512,125,125,,,3331.48,n-matmul-512,false,01cbc6dce386,,c-690ef4b2-0cf1abd9-ad92bd478abd,1762587884352,Sync,3832.74,1762587883852,21.0.3.11,false,512,39.88,InvokeFunction,,,LATEST,1-690ef4eb-0c0a43-94c8aae37f01,OnDemand,,,499.95,
,4B2A5B6DBC4B791759CF9FA5FD5DDA4E-B,1762587887,FCRequestMetrics:/n-matmul-512,111,111,,,3314.94,n-matmul-512,false,d9816709289a,,c-690ef4d6-0cf1abd9-2c6970162d0e,1762587883734,Sync,3316.83,1762587883733,21.0.3.9,false,512,27.18,InvokeFunction,,,LATEST,1-690ef4eb-0c0a43-ee1fa58092ee,OnDemand,,,0.59,
,C5E3D6C1456AB3A159B70500C779D02C-D,1762587887,FCRequestMetrics:/n-matmul-512,101,101,,,2740.13,n-matmul-512,false,03aa7a5e978e,,c-690ef4d1-0cf1abd9-37e40b6fa245,1762587884783,Sync,2741.61,1762587884783,21.0.3.11,false,512,37.77,InvokeFunction,,,LATEST,1-690ef4ed-0c0a43-424e563cbfc8,OnDemand,,,0.46,
,9E860D881BD9449D0F2C4975F44F7ABC-20,1762587887,FCRequestMetrics:/n-matmul-512,125,125,,,3649.57,n-matmul-512,false,dc22095edf84,,c-690ef4b1-0cf1abd9-834eca231e91,1762587884296,Sync,4138.28,1762587883808,21.0.3.9,false,512,40.09,InvokeFunction,,,LATEST,1-690ef4eb-0c49fa-8485ecc1f93f,OnDemand,,,487.69,
,6448458DC5EEDA4B01194355EB33D0AF-2B,1762587887,FCRequestMetrics:/n-matmul-512,125,125,,,3554.10,n-matmul-512,false,e9af6d91c5a8,,c-690ef492-0cf1abd9-8e96e2aae5ad,1762587884347,Sync,4055.31,1762587883846,21.0.3.11,false,512,36.35,InvokeFunction,,,LATEST,1-690ef4eb-0c0a43-23aa86afbaa0,OnDemand,,,500.52,
,A61C5B29A1D7F2390D1E51D697C6283B-1C,1762587887,FCRequestMetrics:/n-matmul-512,125,125,,,3022.79,n-matmul-512,false,14782dc1bc2e,,c-690ef4b4-0cf1abd9-744e5d667f19,1762587884377,Sync,3647.90,1762587883753,21.0.3.12,false,512,36.77,InvokeFunction,,,LATEST,1-690ef4eb-0c49fa-05c30b167fed,OnDemand,,,624.13,
,D57BF307AB3C1DBB07F853EA29DFAA8E-2F,1762587887,FCRequestMetrics:/n-matmul-512,125,125,,,3316.89,n-matmul-512,false,4a02a8b2ccf7,,c-690ef48f-0cf1abd9-3378a67d936f,1762587884058,Sync,3598.39,1762587883777,21.0.3.10,false,512,38.93,InvokeFunction,,,LATEST,1-690ef4eb-0c0a43-8e6d70c72942,OnDemand,,,280.41,
,32144092075796B61E66CC5CB449FE74-30,1762587887,FCRequestMetrics:/n-matmul-512,125,125,,,3069.08,n-matmul-512,false,4e09d5ee1757,,c-690ef48f-0cf1abd9-c9b2724f454d,1762587884086,Sync,3375.13,1762587883781,21.0.3.11,false,512,36.53,InvokeFunction,,,LATEST,1-690ef4eb-0c0a43-68ce60d6efde,OnDemand,,,305.19,
,5E4A59CDF3E7A5F12FFA6D69EE5EC6FC-D,1762587887,FCRequestMetrics:/n-matmul-512,125,125,,,3164.91,n-matmul-512,false,2e799e3149e9,,c-690ef4d7-0cf1abd9-47d2e00207ec,1762587884189,Sync,3562.14,1762587883792,21.0.3.10,false,512,34.56,InvokeFunction,,,LATEST,1-690ef4eb-0c49fa-7c1f45fdecef,OnDemand,,,396.44,
,F633B574683DE8AA2BF0D3EEBDF4C796-1C,1762587887,FCRequestMetrics:/n-matmul-512,125,125,,,3492.85,n-matmul-512,false,2aab02d9eb5a,,c-690ef4b2-0cf1abd9-a85fa9ced593,1762587884209,Sync,3903.42,1762587883799,21.0.3.8,false,512,38.75,InvokeFunction,,,LATEST,1-690ef4eb-0c49fa-e597ec0b9f7f,OnDemand,,,409.71,
,454D28B9ADC842A2E21EC3C429AA5038-12,1762587887,FCRequestMetrics:/n-matmul-512,125,125,,,2806.41,n-matmul-512,false,68ffeb726d24,,c-690ef4c8-0cf1abd9-e95db563c2a4,1762587884520,Sync,3170.39,1762587884157,21.0.3.11,false,512,34.07,InvokeFunction,,,LATEST,1-690ef4ec-0c49fa-031422d6cb89,OnDemand,,,362.53,
,B50B6C7E4A9EFD8ADCDAE8E71A8A357B-31,1762587887,FCRequestMetrics:/n-matmul-512,125,125,,,3189.47,n-matmul-512,false,0c3cf93849f8,,c-690ef48f-0cf1abd9-ad135b628654,1762587883989,Sync,3412.90,1762587883766,21.0.3.8,false,512,36.84,InvokeFunction,,,LATEST,1-690ef4eb-0c49fa-6e92b9cc04fa,OnDemand,,,222.43,
,E49E041E26792B5C9FA746FE5A0F2654-C,1762587887,FCRequestMetrics:/n-matmul-512,101,101,,,2878.93,n-matmul-512,false,c7d5890c0209,,c-690ef4d6-0cf1abd9-a844f7d6b61a,1762587885080,Sync,2881.58,1762587885079,21.0.3.9,false,512,36.46,InvokeFunction,,,LATEST,1-690ef4ed-0c49fa-664df2778f1c,OnDemand,,,1.46,
,60315181B24B66886819325A3EA49E6F-29,1762587887,FCRequestMetrics:/n-matmul-512,125,125,,,2760.52,n-matmul-512,false,0d1aec41c426,,c-690ef49e-0cf1abd9-079fb8593d22,1762587884311,Sync,3259.91,1762587883812,21.0.3.9,false,512,34.45,InvokeFunction,,,LATEST,1-690ef4eb-0c0a43-71c12051901a,OnDemand,,,498.58,
,BD1D69C9267D95E53B2A79C6CB35D41D-2D,1762587887,FCRequestMetrics:/n-matmul-512,98,98,,,0.04,n-matmul-512,true,987841b3d4f5,,c-690ef492-0cf1abd9-b72bb88bbd36,1762587885728,Sync,1555.77,1762587885728,21.0.3.12,false,512,2.04,InvokeFunction,,,LATEST,1-690ef4ed-0c0a43-b3df8d3dc630,OnDemand,,,0.51,,"{""errorType"":""FunctionAbnormalExitError""}"
,8A4C9F8EC0081A54D335C35B65D1357D-24,1762587887,FCRequestMetrics:/n-matmul-512,112,112,,,0.03,n-matmul-512,true,1c5ca9e1c7f9,,c-690ef4a4-0cf1abd9-274debaa5e8f,1762587886524,Sync,500.55,1762587886522,21.0.3.9,false,512,2.20,InvokeFunction,,,LATEST,1-690ef4ee-0c49fa-8fee39cb6453,OnDemand,,,1.25,,"{""errorType"":""FunctionAbnormalExitError""}"
,447511FEAA2C196192B29D0355E78B1D-33,1762587887,FCRequestMetrics:/n-matmul-512,98,98,,,0.05,n-matmul-512,true,2be5f8bcaa9a,,c-690ef48f-0cf1abd9-405aaa419009,1762587885733,Sync,1804.31,1762587885733,21.0.3.9,false,512,2.24,InvokeFunction,,,LATEST,1-690ef4ed-0c0a43-c49debbca4de,OnDemand,,,0.52,,"{""errorType"":""FunctionAbnormalExitError""}"
,F898A01EEA6FFC9C575701D6D0948E55-33,1762587887,FCRequestMetrics:/n-matmul-512,105,105,,,0.04,n-matmul-512,true,7a16d098497d,,c-690ef48f-0cf1abd9-9a6242cc8b28,1762587885759,Sync,1723.25,1762587885758,21.0.3.8,false,512,4.03,InvokeFunction,,,LATEST,1-690ef4ed-0c0a43-bbffdb42e843,OnDemand,,,0.50,,"{""errorType"":""FunctionAbnormalExitError""}"
,148C1B09986999E20AA0FF04F10942D0-33,1762587887,FCRequestMetrics:/n-matmul-512,103,103,,,0.05,n-matmul-512,true,aa1e2085073a,,c-690ef48f-0cf1abd9-2b72cdd5c5c2,1762587886432,Sync,929.05,1762587886431,21.0.3.10,false,512,2.20,InvokeFunction,,,LATEST,1-690ef4ee-0c49fa-a23ee2bb518f,OnDemand,,,1.25,,"{""errorType"":""FunctionAbnormalExitError""}"
,C9A28A785F95831BC9FC8EA20129FD05-19,1762587887,FCRequestMetrics:/n-matmul-512,103,103,,,0.04,n-matmul-512,true,4856bc7a68f1,,c-690ef4c1-0cf1abd9-aae68ff129ed,1762587886428,Sync,1268.24,1762587886427,21.0.3.6,false,512,2.07,InvokeFunction,,,LATEST,1-690ef4ee-0c0a43-c962162845be,OnDemand,,,0.50,,"{""errorType"":""FunctionAbnormalExitError""}"
,1C05D5B02F01F46143D999E67440A343-32,1762587887,FCRequestMetrics:/n-matmul-512,112,112,,,0.03,n-matmul-512,true,ded09bee0b2d,,c-690ef48f-0cf1abd9-2bb86706a2c4,1762587886516,Sync,1034.47,1762587886514,21.0.3.9,false,512,2.22,InvokeFunction,,,LATEST,1-690ef4ee-0c49fa-f2908f0b06c6,OnDemand,,,0.95,,"{""errorType"":""FunctionAbnormalExitError""}"
,01D4E8E7911B88CA9BFEF68BF58454E3-10,1762587887,FCRequestMetrics:/n-matmul-512,113,113,,,0.04,n-matmul-512,true,af9f8faefca2,,c-690ef4d1-0cf1abd9-2cb97b541620,1762587886418,Sync,1317.38,1762587886417,21.0.3.10,false,512,4.32,InvokeFunction,,,LATEST,1-690ef4ee-0c0a43-1540e0b6a1c3,OnDemand,,,0.54,,"{""errorType"":""FunctionAbnormalExitError""}"
,5F40BF3643AE590E1A0AFBFC2BB1CC92-1F,1762587887,FCRequestMetrics:/n-matmul-512,110,110,,,0.03,n-matmul-512,true,918ade19bbee,,c-690ef4b1-0cf1abd9-3df7810e23e4,1762587886662,Sync,1154.84,1762587886660,21.0.3.11,false,512,2.23,InvokeFunction,,,LATEST,1-690ef4ee-0c49fa-94f62b0d5535,OnDemand,,,1.39,,"{""errorType"":""FunctionAbnormalExitError""}"
,F07C00865CBCDDD3603F2861EC1005E7-30,1762587887,FCRequestMetrics:/n-matmul-512,113,113,,,0.04,n-matmul-512,true,23ed8e688827,,c-690ef48f-0cf1abd9-c9d277f8db04,1762587886877,Sync,1052.38,1762587886876,21.0.3.12,false,512,2.18,InvokeFunction,,,LATEST,1-690ef4ee-0c0a43-ad423eeab01c,OnDemand,,,0.51,,"{""errorType"":""FunctionAbnormalExitError""}"
,A6333F63464BC687DF1965DBFE05F1DB-31,1762587887,FCRequestMetrics:/n-matmul-512,110,110,,,0.03,n-matmul-512,true,3e88eb377bf5,,c-690ef490-0cf1abd9-507f1daf6985,1762587886826,Sync,1074.81,1762587886825,21.0.3.11,false,512,2.16,InvokeFunction,,,LATEST,1-690ef4ee-0c0a43-9c9d19d68333,OnDemand,,,0.56,,"{""errorType"":""FunctionAbnormalExitError""}"
,61FB77CF084CA2B121CED83B1B2F8CB8-B,1762587888,FCRequestMetrics:/n-matmul-512,101,101,,,3024.43,n-matmul-512,false,cbf3b5341b24,,c-690ef4d5-0cf1abd9-896a7d670f7a,1762587885118,Sync,3035.83,1762587885117,21.0.3.7,false,512,36.48,InvokeFunction,,,LATEST,1-690ef4ed-0c49fa-9a9d89cce616,OnDemand,,,1.14,
,22262E23B35913584F104007F60CDE44-30,1762587888,FCRequestMetrics:/n-matmul-512,105,105,,,2301.45,n-matmul-512,false,5c984f724ebf,,c-690ef48f-0cf1abd9-4d671f684c9c,1762587885741,Sync,2302.94,1762587885740,21.0.3.9,false,512,40.13,InvokeFunction,,,LATEST,1-690ef4ed-0c0a43-86efd9c08e78,OnDemand,,,0.51,
,22E833C237D88A72ACDEEBC774861945-15,1762587888,FCRequestMetrics:/n-matmul-512,97,97,,,2956.60,n-matmul-512,false,3ad91ce1f715,,c-690ef4c1-0cf1abd9-a9ad8a9b0501,1762587885142,Sync,2958.31,1762587885141,21.0.3.5,false,512,41.64,InvokeFunction,,,LATEST,1-690ef4ed-0c0a43-a0921b584102,OnDemand,,,0.57,
,0AE60AD6E226644C212775A9AD9DBC3A-1B,1762587888,FCRequestMetrics:/n-matmul-512,97,97,,,2859.54,n-matmul-512,false,e5c3b3dfa4c1,,c-690ef4b3-0cf1abd9-04675e7328d5,1762587885318,Sync,2862.41,1762587885316,21.0.3.10,false,512,40.12,InvokeFunction,,,LATEST,1-690ef4ed-0c49fa-77786f00d615,OnDemand,,,1.40,
,F91A17FDEE204113BD7FCEE97E77B19D-30,1762587888,FCRequestMetrics:/n-matmul-512,97,97,,,2951.86,n-matmul-512,false,b4a55f945517,,c-690ef48f-0cf1abd9-f3db6505083a,1762587885222,Sync,2955.16,1762587885220,21.0.3.12,false,512,38.19,InvokeFunction,,,LATEST,1-690ef4ed-0c49fa-bd1196fac202,OnDemand,,,1.36,
,E336B2A6408E27B02C6CAB82C50088BC-16,1762587888,FCRequestMetrics:/n-matmul-512,100,100,,,2714.61,n-matmul-512,false,b76d94444b2f,,c-690ef4c1-0cf1abd9-48675e1450f8,1762587885445,Sync,2717.20,1762587885443,21.0.3.7,false,512,41.80,InvokeFunction,,,LATEST,1-690ef4ed-0c49fa-ccf0d901581c,OnDemand,,,1.33,
,8009EC769EAF82E94BE4682B8C0E45B5-15,1762587888,FCRequestMetrics:/n-matmul-512,97,97,,,2897.29,n-matmul-512,false,e18d84b3712e,,c-690ef4c1-0cf1abd9-2df610e1f3e8,1762587885275,Sync,2899.22,1762587885273,21.0.3.8,false,512,37.69,InvokeFunction,,,LATEST,1-690ef4ed-0c49fa-c6b71f67f6b5,OnDemand,,,1.14,
,715E1B0E1B21EEA77E59E1CCA6C827A1-1A,1762587888,FCRequestMetrics:/n-matmul-512,97,97,,,3150.08,n-matmul-512,false,227434a33de2,,c-690ef4b3-0cf1abd9-7a1935f5d276,1762587885271,Sync,3152.20,1762587885270,21.0.3.11,false,512,38.22,InvokeFunction,,,LATEST,1-690ef4ed-0c49fa-e8d6cc409549,OnDemand,,,1.14,
,805D0B9C50B0CFD3CF77F88B01A3CC36-2D,1762587888,FCRequestMetrics:/n-matmul-512,101,101,,,2978.86,n-matmul-512,false,4277c8c89afa,,c-690ef490-0cf1abd9-df579b907295,1762587885115,Sync,2981.19,1762587885113,21.0.3.12,false,512,38.81,InvokeFunction,,,LATEST,1-690ef4ed-0c49fa-736f8d7361cc,OnDemand,,,1.32,
,A89833F386C2C0AAB19D937BC0A8D2F3-1B,1762587888,FCRequestMetrics:/n-matmul-512,101,101,,,3424.47,n-matmul-512,false,ea0bccbe44d2,,c-690ef4b4-0cf1abd9-c9ccab6a1a6a,1762587885390,Sync,3426.11,1762587885390,21.0.3.8,false,512,36.72,InvokeFunction,,,LATEST,1-690ef4ed-0c0a43-a22dc659dbc0,OnDemand,,,0.46,
,EC65B6B96723558D074A84C970ABFB6D-1B,1762587888,FCRequestMetrics:/n-matmul-512,98,98,,,2793.79,n-matmul-512,false,dc0d493de807,,c-690ef4b3-0cf1abd9-88427ba7f908,1762587885723,Sync,2795.42,1762587885722,21.0.3.12,false,512,36.56,InvokeFunction,,,LATEST,1-690ef4ed-0c0a43-7dedb0cfe4d9,OnDemand,,,0.53,
,023E1362E98622AC0BA42C246E757652-1D,1762587888,FCRequestMetrics:/n-matmul-512,101,101,,,3105.16,n-matmul-512,false,c2dc25ac0291,,c-690ef4b3-0cf1abd9-482c4f6b212d,1762587885405,Sync,3109.60,1762587885404,21.0.3.9,false,512,41.89,InvokeFunction,,,LATEST,1-690ef4ed-0c0a43-12ec5e2f3b96,OnDemand,,,0.51,
,7F41C0AC9649E78CE4E6389BA04F93F7-30,1762587888,FCRequestMetrics:/n-matmul-512,103,103,,,2313.93,n-matmul-512,false,2f9a827ac39a,,c-690ef48f-0cf1abd9-d481ef5b70cb,1762587886431,Sync,2315.39,1762587886430,21.0.3.12,false,512,39.71,InvokeFunction,,,LATEST,1-690ef4ee-0c0a43-6a2db1c2ef08,OnDemand,,,0.49,
,E438D6118493E314AD4DA785D820E022-1F,1762587888,FCRequestMetrics:/n-matmul-512,97,97,,,3027.30,n-matmul-512,false,b191993e8dc4,,c-690ef4b3-0cf1abd9-0d3f75ed2006,1762587885306,Sync,3029.42,1762587885305,21.0.3.8,false,512,39.59,InvokeFunction,,,LATEST,1-690ef4ed-0c0a43-57844e077716,OnDemand,,,0.52,
,13AC9179567B6A88BE4E678F8CBCF027-25,1762587888,FCRequestMetrics:/n-matmul-512,112,112,,,1771.23,n-matmul-512,false,c1270f7ffdb8,,c-690ef4a1-0cf1abd9-661404bfd8df,1762587886437,Sync,1773.17,1762587886435,21.0.3.12,false,512,26.69,InvokeFunction,,,LATEST,1-690ef4ee-0c49fa-2bcd7d224c26,OnDemand,,,1.24,
,A58D23371A460570694E59E83C205D35-2F,1762587888,FCRequestMetrics:/n-matmul-512,100,100,,,3339.16,n-matmul-512,false,f5099c18cdf1,,c-690ef48f-0cf1abd9-aa29b9d0aa99,1762587885500,Sync,3340.71,1762587885500,21.0.3.11,false,512,41.71,InvokeFunction,,,LATEST,1-690ef4ed-0c0a43-cbd5515a67bb,OnDemand,,,0.50,
,B6CBE8EBA74250AA907E560C90566BB4-27,1762587888,FCRequestMetrics:/n-matmul-512,101,101,,,3171.75,n-matmul-512,false,ab282a8889ea,,c-690ef49c-0cf1abd9-bbfeef60bc24,1762587885041,Sync,3174.35,1762587885040,21.0.3.11,false,512,28.99,InvokeFunction,,,LATEST,1-690ef4ed-0c49fa-3df2dcba7ce0,OnDemand,,,1.23,
,30B0C091F501AEB24D6930948CD8CD12-18,1762587888,FCRequestMetrics:/n-matmul-512,97,97,,,3054.70,n-matmul-512,false,f585a3de42a9,,c-690ef4c0-0cf1abd9-2f59d877e38b,1762587885215,Sync,3056.08,1762587885214,21.0.3.10,false,512,36.12,InvokeFunction,,,LATEST,1-690ef4ed-0c0a43-421ef5a5c2b3,OnDemand,,,0.52,
,67EF79BC30A82AE98BE59702C8F66831-18,1762587888,FCRequestMetrics:/n-matmul-512,101,101,,,3007.47,n-matmul-512,false,9d91d3cbe239,,c-690ef4bd-0cf1abd9-3b4ee6796d7a,1762587885082,Sync,3010.07,1762587885080,21.0.3.11,false,512,27.03,InvokeFunction,,,LATEST,1-690ef4ed-0c0a43-35b7e86315a4,OnDemand,,,0.55,
,9095B2C1B61D208836CC9B1C85A0D40A-1E,1762587888,FCRequestMetrics:/n-matmul-512,97,97,,,3284.33,n-matmul-512,false,ca295ccdb9ef,,c-690ef4b1-0cf1abd9-20d8276cdfb4,1762587885316,Sync,3286.50,1762587885315,21.0.3.8,false,512,28.79,InvokeFunction,,,LATEST,1-690ef4ed-0c0a43-6268784a4d3c,OnDemand,,,0.50,
,9ADEFA90B0D30226FA9EC5C9D5AE07C5-26,1762587888,FCRequestMetrics:/n-matmul-512,103,103,,,3060.13,n-matmul-512,false,720d5821fc65,,c-690ef4a1-0cf1abd9-d2a0858351d9,1762587884952,Sync,3065.09,1762587884950,21.0.3.9,false,512,27.04,InvokeFunction,,,LATEST,1-690ef4ec-0c49fa-554d8a89ea26,OnDemand,,,1.43,
,3638871BA5BA6CB81D64084B08F55201-33,1762587888,FCRequestMetrics:/n-matmul-512,97,97,,,2925.04,n-matmul-512,false,d9ddc014a95e,,c-690ef48f-0cf1abd9-ec0c220edbce,1762587885143,Sync,2926.59,1762587885142,21.0.3.8,false,512,28.96,InvokeFunction,,,LATEST,1-690ef4ed-0c0a43-bebc554f6820,OnDemand,,,0.54,
,1F1FFC412871BA58DE9DD242432C9C35-2D,1762587888,FCRequestMetrics:/n-matmul-512,100,100,,,3191.86,n-matmul-512,false,a2dfb552053b,,c-690ef492-0cf1abd9-8c97f365993b,1762587885516,Sync,3194.50,1762587885514,21.0.3.8,false,512,26.73,InvokeFunction,,,LATEST,1-690ef4ed-0c49fa-b38e90ad520a,OnDemand,,,1.88,
,028699F502CA3D7E230041FC52AB4DE5-1E,1762587888,FCRequestMetrics:/n-matmul-512,101,101,,,2897.98,n-matmul-512,false,c3f0f0de03a0,,c-690ef4b1-0cf1abd9-f906b5304a3d,1762587885342,Sync,2900.14,1762587885341,21.0.3.8,false,512,28.98,InvokeFunction,,,LATEST,1-690ef4ed-0c49fa-4b1747cc4075,OnDemand,,,1.17,
,8C91CD9281F35024322C2F606CD0B1FE-19,1762587888,FCRequestMetrics:/n-matmul-512,99,99,,,3188.52,n-matmul-512,false,44c83b518121,,c-690ef4bd-0cf1abd9-e8c2a2bb7f02,1762587885536,Sync,3190.18,1762587885535,21.0.3.9,false,512,29.15,InvokeFunction,,,LATEST,1-690ef4ed-0c0a43-d2b3e5185bce,OnDemand,,,0.53,
,AF248E24051D33CE2911D9A18C89C2D3-18,1762587888,FCRequestMetrics:/n-matmul-512,98,98,,,3062.58,n-matmul-512,false,8c4cd304f247,,c-690ef4c1-0cf1abd9-e614043a0e89,1762587885728,Sync,3065.09,1762587885726,21.0.3.10,false,512,36.86,InvokeFunction,,,LATEST,1-690ef4ed-0c49fa-46e4fda82648,OnDemand,,,1.11,
,32D30CAFDEB66ED4BA2C61AB57673DE9-19,1762587888,FCRequestMetrics:/n-matmul-512,101,101,,,2991.37,n-matmul-512,false,1e73088b591b,,c-690ef4bd-0cf1abd9-2266afd5303d,1762587885421,Sync,2993.32,1762587885420,21.0.3.11,false,512,27.26,InvokeFunction,,,LATEST,1-690ef4ed-0c49fa-0b9c229aa2e1,OnDemand,,,1.12,
,414BD1893AE2054C5F533C4E4BFB2474-27,1762587888,FCRequestMetrics:/n-matmul-512,98,98,,,3064.06,n-matmul-512,false,e09eb6f846c4,,c-690ef49c-0cf1abd9-96967c00da02,1762587885726,Sync,3065.83,1762587885726,21.0.3.9,false,512,29.29,InvokeFunction,,,LATEST,1-690ef4ed-0c0a43-92d9193fd015,OnDemand,,,0.51,
,CF8B8E5EDA76CE1E15E6DE137B05F0FC-19,1762587888,FCRequestMetrics:/n-matmul-512,105,105,,,2980.37,n-matmul-512,false,09ed6314a647,,c-690ef4bd-0cf1abd9-4b304ea77a49,1762587885844,Sync,2986.82,1762587885843,21.0.3.12,false,512,28.78,InvokeFunction,,,LATEST,1-690ef4ed-0c49fa-58cc006fb75e,OnDemand,,,0.85,
,C669C9C152D9C54DF2797A7C10154A81-D,1762587888,FCRequestMetrics:/n-matmul-512,103,103,,,3485.90,n-matmul-512,false,e117dfcc4a03,,c-690ef4d5-0cf1abd9-8087fa0fddfa,1762587884866,Sync,3488.60,1762587884865,21.0.3.10,false,512,46.29,InvokeFunction,,,LATEST,1-690ef4ed-0c49fa-b771a635db4f,OnDemand,,,1.06,
,7E61C224A0C92ACF29245CE740336474-D,1762587888,FCRequestMetrics:/n-matmul-512,97,97,,,2971.93,n-matmul-512,false,54fa523719bf,,c-690ef4d5-0cf1abd9-a1fddea636ac,1762587885171,Sync,2974.01,1762587885170,21.0.3.8,false,512,34.12,InvokeFunction,,,LATEST,1-690ef4ed-0c0a43-b5e82c6fdab7,OnDemand,,,0.49,
,9DBD82D68A5F344D47B8DE1951A258DF-B,1762587888,FCRequestMetrics:/n-matmul-512,101,101,,,2857.26,n-matmul-512,false,25404d1b02d2,,c-690ef4d6-0cf1abd9-9ab608ee2fc4,1762587885431,Sync,2859.63,1762587885430,21.0.3.12,false,512,34.51,InvokeFunction,,,LATEST,1-690ef4ed-0c0a43-2873d17a8491,OnDemand,,,0.51,
,49858DB541AAB1B6611A1511B91F5B3F-C,1762587888,FCRequestMetrics:/n-matmul-512,100,100,,,3032.92,n-matmul-512,false,1cfed078e6f6,,c-690ef4d6-0cf1abd9-296db67e1edb,1762587885528,Sync,3034.43,1762587885527,21.0.3.10,false,512,34.62,InvokeFunction,,,LATEST,1-690ef4ed-0c0a43-df91c42251ed,OnDemand,,,0.55,
,BD9BE3600CF3EADC822FC16C6CE56C55-1A,1762587888,FCRequestMetrics:/n-matmul-512,97,97,,,2797.16,n-matmul-512,false,a90b8e21cc4e,,c-690ef4bd-0cf1abd9-4533cb176176,1762587885279,Sync,2798.85,1762587885278,21.0.3.10,false,512,34.25,InvokeFunction,,,LATEST,1-690ef4ed-0c0a43-a75f733e466a,OnDemand,,,0.61,
,C2EB2A92BA9B62B2586CA2C02FC71F03-19,1762587888,FCRequestMetrics:/n-matmul-512,97,97,,,2912.13,n-matmul-512,false,d33c82b43d3d,,c-690ef4bd-0cf1abd9-a491e17680d2,1762587885266,Sync,2913.40,1762587885266,21.0.3.8,false,512,36.48,InvokeFunction,,,LATEST,1-690ef4ed-0c0a43-6ea71c7d0c8a,OnDemand,,,0.53,
,4A1A7379ED68F1567875DE99C92BB621-D,1762587888,FCRequestMetrics:/n-matmul-512,97,97,,,3538.66,n-matmul-512,false,d5bc7449f792,,c-690ef4d8-0cf1abd9-7eb634cbbfaf,1762587885278,Sync,3540.87,1762587885276,21.0.3.12,false,512,34.52,InvokeFunction,,,LATEST,1-690ef4ed-0c49fa-b0c93a3cbcbb,OnDemand,,,1.35,
,C1D7342C162E0433E3DCC69A36E49279-29,1762587888,FCRequestMetrics:/n-matmul-512,98,98,,,2325.62,n-matmul-512,false,c1850f6d6120,,c-690ef49e-0cf1abd9-bea541164f91,1762587885734,Sync,2330.79,1762587885730,21.0.3.11,false,512,34.10,InvokeFunction,,,LATEST,1-690ef4ed-0c49fa-6c2222374b8f,OnDemand,,,1.33,
,ED99555BBD66FF347A8C8145C62ABE99-27,1762587888,FCRequestMetrics:/n-matmul-512,101,101,,,2951.65,n-matmul-512,false,4bed96722f41,,c-690ef49c-0cf1abd9-8088ae7c339c,1762587885384,Sync,2953.96,1762587885383,21.0.3.8,false,512,34.41,InvokeFunction,,,LATEST,1-690ef4ed-0c49fa-7e0fe049493d,OnDemand,,,1.37,
,FD6981321571EC68F9E27CDAD26BAC19-27,1762587888,FCRequestMetrics:/n-matmul-512,98,98,,,2961.58,n-matmul-512,false,b2349f9a27e7,,c-690ef49c-0cf1abd9-a2407a052b71,1762587885722,Sync,2964.61,1762587885721,21.0.3.12,false,512,36.30,InvokeFunction,,,LATEST,1-690ef4ed-0c0a43-81c8ed81accd,OnDemand,,,0.50,
,F0A5925498435F2F6D9BDDB34BF193EA-13,1762587888,FCRequestMetrics:/n-matmul-512,97,97,,,2973.77,n-matmul-512,false,498ae363af0a,,c-690ef4c8-0cf1abd9-33e32577488c,1762587885293,Sync,2975.14,1762587885292,21.0.3.10,false,512,36.39,InvokeFunction,,,LATEST,1-690ef4ed-0c0a43-6d3ae1886ddb,OnDemand,,,0.51,
,6C268265BE6071088D6F784688423FBC-27,1762587888,FCRequestMetrics:/n-matmul-512,101,101,,,2887.10,n-matmul-512,false,f3794d0f4bed,,c-690ef4a4-0cf1abd9-3f60d30fa7e2,1762587885399,Sync,2889.57,1762587885398,21.0.3.11,false,512,34.48,InvokeFunction,,,LATEST,1-690ef4ed-0c0a43-805c32ad9c96,OnDemand,,,0.50,
,A215E42A48869DE9E4DCA54EC0297126-D,1762587888,FCRequestMetrics:/n-matmul-512,97,97,,,3440.22,n-matmul-512,false,ae96b778c52c,,c-690ef4d4-0cf1abd9-80805a6a9659,1762587885130,Sync,3442.46,1762587885129,21.0.3.11,false,512,36.41,InvokeFunction,,,LATEST,1-690ef4ed-0c0a43-541ae721c465,OnDemand,,,0.53,
,3D753EA828DEDBBB0DF10FE8437E0EE2-26,1762587888,FCRequestMetrics:/n-matmul-512,98,98,,,2779.27,n-matmul-512,false,13a75e602ffd,,c-690ef49e-0cf1abd9-124626cd631e,1762587885730,Sync,2795.45,1762587885728,21.0.3.12,false,512,34.51,InvokeFunction,,,LATEST,1-690ef4ed-0c49fa-b9d9ea72b502,OnDemand,,,1.32,
,E763FEDED2DD2923A606C1ABC0F0B8DF-D,1762587888,FCRequestMetrics:/n-matmul-512,101,101,,,3427.09,n-matmul-512,false,6d406cad06b1,,c-690ef4d4-0cf1abd9-1184c15b4902,1762587885294,Sync,3429.17,1762587885293,21.0.3.8,false,512,36.41,InvokeFunction,,,LATEST,1-690ef4ed-0c49fa-1f2c1ffab419,OnDemand,,,1.11,
,A0E18646E4ED1862BB7852A818D6BD84-30,1762587888,FCRequestMetrics:/n-matmul-512,97,97,,,3590.90,n-matmul-512,false,455c2c4df2d2,,c-690ef48f-0cf1abd9-fff0447ff1dc,1762587885230,Sync,3593.34,1762587885228,21.0.3.8,false,512,36.17,InvokeFunction,,,LATEST,1-690ef4ed-0c49fa-a0e7b5466698,OnDemand,,,1.42,
,3BDEEDD6F6C1B51E5137A970AE75BAA4-2D,1762587888,FCRequestMetrics:/n-matmul-512,113,113,,,0.06,n-matmul-512,true,3b2b33dbd196,,c-690ef492-0cf1abd9-bbdff8eda83c,1762587886910,Sync,1124.83,1762587886909,21.0.3.9,false,512,4.17,InvokeFunction,,,LATEST,1-690ef4ee-0c0a43-6a48f602c380,OnDemand,,,0.52,,"{""errorType"":""FunctionAbnormalExitError""}"
,76578469F84FCD1CB8F7AE0D7CEF0D58-11,1762587888,FCRequestMetrics:/n-matmul-512,114,114,,,0.09,n-matmul-512,true,8c2f5578c019,,c-690ef4d1-0cf1abd9-df87844cb3e3,1762587886685,Sync,1319.51,1762587886684,21.0.3.7,false,512,2.21,InvokeFunction,,,LATEST,1-690ef4ef-0c0a43-69775c7866a0,OnDemand,,,0.56,,"{""errorType"":""FunctionAbnormalExitError""}"
,270B9EACE82C5E95387DFC3023475A37-25,1762587888,FCRequestMetrics:/n-matmul-512,113,113,,,0.04,n-matmul-512,true,fe7ebaee4797,,c-690ef4a4-0cf1abd9-3aa2f2400266,1762587887396,Sync,714.41,1762587887395,21.0.3.8,false,512,4.19,InvokeFunction,,,LATEST,1-690ef4ef-0c49fa-4a57b5417927,OnDemand,,,0.91,,"{""errorType"":""FunctionAbnormalExitError""}"
,E4C186C27FC2E01612D2685505BDC1C8-1F,1762587888,FCRequestMetrics:/n-matmul-512,113,113,,,0.02,n-matmul-512,true,2f46f223d44b,,c-690ef4b3-0cf1abd9-b7dfa30d9e6b,1762587886876,Sync,1237.83,1762587886875,21.0.3.8,false,512,4.08,InvokeFunction,,,LATEST,1-690ef4ee-0c49fa-85fa5d519eae,OnDemand,,,0.76,,"{""errorType"":""FunctionAbnormalExitError""}"
,D383B16911701B57D8112BE288DB8A26-20,1762587888,FCRequestMetrics:/n-matmul-512,113,113,,,0.04,n-matmul-512,true,bb19602af764,,c-690ef4b1-0cf1abd9-7e88298a556b,1762587887198,Sync,1246.10,1762587887197,21.0.3.10,false,512,4.15,InvokeFunction,,,LATEST,1-690ef4ef-0c0a43-417447afccf0,OnDemand,,,0.55,,"{""errorType"":""FunctionAbnormalExitError""}"
,52D7D507918D931708B22C4CE8E63CCC-1F,1762587888,FCRequestMetrics:/n-matmul-512,113,113,,,0.04,n-matmul-512,true,7e3f21c3452b,,c-690ef4b2-0cf1abd9-448ba4a6e619,1762587887221,Sync,1160.32,1762587887219,21.0.3.9,false,512,2.12,InvokeFunction,,,LATEST,1-690ef4ef-0c49fa-65118c8fcf11,OnDemand,,,1.34,,"{""errorType"":""FunctionAbnormalExitError""}"
,49B64A5B3FBA9FC6678BE15B3FA1CAE0-1D,1762587888,FCRequestMetrics:/n-matmul-512,114,114,,,0.03,n-matmul-512,true,b69b715c17a5,,c-690ef4b3-0cf1abd9-2077a8676f3b,1762587886970,Sync,1472.04,1762587886968,21.0.3.11,false,512,1.98,InvokeFunction,,,LATEST,1-690ef4ee-0c0a43-e3d9a078b74a,OnDemand,,,0.54,,"{""errorType"":""FunctionAbnormalExitError""}"
,BF93D493C22D4491C67A697A08986BFB-10,1762587888,FCRequestMetrics:/n-matmul-512,108,108,,,0.03,n-matmul-512,true,3624fd232b03,,c-690ef4d1-0cf1abd9-fa48bfbc8b06,1762587887406,Sync,1252.87,1762587887405,21.0.3.9,false,512,2.22,InvokeFunction,,,LATEST,1-690ef4ef-0c0a43-b3781a484d05,OnDemand,,,0.49,,"{""errorType"":""FunctionAbnormalExitError""}"
,B23CDAA9EFB02072F2EA6F095891B977-1F,1762587888,FCRequestMetrics:/n-matmul-512,108,108,,,0.04,n-matmul-512,true,01cbc6dce386,,c-690ef4b2-0cf1abd9-ad92bd478abd,1762587887767,Sync,1214.88,1762587887766,21.0.3.11,false,512,2.21,InvokeFunction,,,LATEST,1-690ef4ef-0c49fa-c750061e165a,OnDemand,,,0.83,,"{""errorType"":""FunctionAbnormalExitError""}"
,BF0051A2DC4BF4DDC3679E47B8B32C9C-19,1762587888,FCRequestMetrics:/n-matmul-512,110,110,,,0.04,n-matmul-512,true,e797c285140c,,c-690ef4c0-0cf1abd9-8278610d83f5,1762587887683,Sync,1162.23,1762587887682,21.0.3.8,false,512,2.32,InvokeFunction,,,LATEST,1-690ef4ef-0c0a43-8ab2ab41e85d,OnDemand,,,0.67,,"{""errorType"":""FunctionAbnormalExitError""}"
,3EC79B1A2832FEBC3A7D2A1336CBC72B-12,1762587889,FCRequestMetrics:/n-matmul-512,110,110,,,3046.51,n-matmul-512,false,1ba7f32a1a20,,c-690ef4c8-0cf1abd9-b1f4c901d515,1762587886821,Sync,3048.35,1762587886820,21.0.3.12,false,512,38.65,InvokeFunction,,,LATEST,1-690ef4ee-0c0a43-89883d9ad53a,OnDemand,,,0.59,
,E28B31C1AD09CA2631349F2F5CD41FEA-1C,1762587889,FCRequestMetrics:/n-matmul-512,103,103,,,2817.79,n-matmul-512,false,378303f5ffb1,,c-690ef4b4-0cf1abd9-4d6de11efb71,1762587886431,Sync,2821.41,1762587886430,21.0.3.9,false,512,38.25,InvokeFunction,,,LATEST,1-690ef4ee-0c0a43-2062306dfb7f,OnDemand,,,0.49,
,7780C0688E26C68EB0D69712BCDE475F-2F,1762587889,FCRequestMetrics:/n-matmul-512,110,110,,,2969.59,n-matmul-512,false,333740b1eaee,,c-690ef490-0cf1abd9-b30a2e13f5eb,1762587886714,Sync,2972.20,1762587886712,21.0.3.12,false,512,41.81,InvokeFunction,,,LATEST,1-690ef4ee-0c49fa-779ef0578ac0,OnDemand,,,1.48,
,FFBE1F54232C7105BB9D9D9815146807-1E,1762587889,FCRequestMetrics:/n-matmul-512,99,99,,,3489.17,n-matmul-512,false,4210c93d9e28,,c-690ef4b2-0cf1abd9-734e58adbe38,1762587885618,Sync,3492.19,1762587885616,21.0.3.10,false,512,27.32,InvokeFunction,,,LATEST,1-690ef4ed-0c49fa-aab34aa6767b,OnDemand,,,1.41,
,5D2FE67C0EB5779BF4214AF0D6312E51-27,1762587889,FCRequestMetrics:/n-matmul-512,110,110,,,3190.19,n-matmul-512,false,19252a223023,,c-690ef49c-0cf1abd9-daf5d7835f02,1762587886746,Sync,3191.73,1762587886745,21.0.3.10,false,512,36.32,InvokeFunction,,,LATEST,1-690ef4ee-0c0a43-dfc753209851,OnDemand,,,0.45,
,A07FED3AC0D9C87237C2A7F7FEAC1FF2-19,1762587889,FCRequestMetrics:/n-matmul-512,103,103,,,2967.71,n-matmul-512,false,5059a3c012ce,,c-690ef4bc-0cf1abd9-aaba1ef8e3d8,1762587886426,Sync,2969.75,1762587886425,21.0.3.8,false,512,29.09,InvokeFunction,,,LATEST,1-690ef4ee-0c49fa-b7cf60600ee5,OnDemand,,,0.98,
,60315181B24B66886819325A3EA49E6F-29,1762587889,FCRequestMetrics:/n-matmul-512,114,114,,,2673.40,n-matmul-512,false,0d1aec41c426,,c-690ef49e-0cf1abd9-079fb8593d22,1762587887090,Sync,2675.08,1762587887089,21.0.3.9,false,512,36.46,InvokeFunction,,,LATEST,1-690ef4ef-0c0a43-9bad5e5f7d6d,OnDemand,,,0.52,
,4D57B9EBA87590C7398CF6540746C6BE-2F,1762587889,FCRequestMetrics:/n-matmul-512,112,112,,,2766.35,n-matmul-512,false,cf9fc6279e9f,,c-690ef490-0cf1abd9-f9b75dacbfca,1762587886438,Sync,2768.32,1762587886437,21.0.3.10,false,512,41.75,InvokeFunction,,,LATEST,1-690ef4ee-0c49fa-fb87b9b4e385,OnDemand,,,1.17,
,5E37C0E4F38EC01A59BF0AC51B37D7D9-1D,1762587889,FCRequestMetrics:/n-matmul-512,103,103,,,3159.73,n-matmul-512,false,675e218faad5,,c-690ef4b2-0cf1abd9-5c68fc00ab92,1762587886417,Sync,3161.54,1762587886416,21.0.3.12,false,512,26.94,InvokeFunction,,,LATEST,1-690ef4ee-0c49fa-d0a84848cbf7,OnDemand,,,0.92,
,FE4CB4BB334203537C4452D39CB19CCC-16,1762587889,FCRequestMetrics:/n-matmul-512,103,103,,,2879.58,n-matmul-512,false,a7689194af96,,c-690ef4c0-0cf1abd9-beaedf295aad,1762587886423,Sync,2880.89,1762587886422,21.0.3.12,false,512,39.64,InvokeFunction,,,LATEST,1-690ef4ee-0c0a43-65b81ca20e3a,OnDemand,,,0.54,
,F031090DB7497FBE9C5AA393E7E68561-32,1762587889,FCRequestMetrics:/n-matmul-512,110,110,,,2915.02,n-matmul-512,false,ac449c8e7f33,,c-690ef48f-0cf1abd9-a7a4b84ee62d,1762587886762,Sync,2917.32,1762587886761,21.0.3.9,false,512,26.38,InvokeFunction,,,LATEST,1-690ef4ee-0c49fa-bd3047d8bdb6,OnDemand,,,1.12,
,B1B3EF35016788C3424F79DCBD83BB05-33,1762587889,FCRequestMetrics:/n-matmul-512,110,110,,,3031.60,n-matmul-512,false,8e7a4967c312,,c-690ef48f-0cf1abd9-e1933dd451ba,1762587886644,Sync,3033.84,1762587886642,21.0.3.10,false,512,26.80,InvokeFunction,,,LATEST,1-690ef4ee-0c49fa-61ad4e6896f7,OnDemand,,,1.27,
,86C97E3549B8E428464CF6B56B68BFDC-20,1762587889,FCRequestMetrics:/n-matmul-512,110,110,,,2703.51,n-matmul-512,false,5a3240bb4b57,,c-690ef4b1-0cf1abd9-ef240bcd1d76,1762587886745,Sync,2705.23,1762587886745,21.0.3.12,false,512,28.51,InvokeFunction,,,LATEST,1-690ef4ee-0c0a43-230da9444fa9,OnDemand,,,0.44,
,27BDDCAD80E91AC92FDFCC1C9A1A4216-1C,1762587889,FCRequestMetrics:/n-matmul-512,105,105,,,3145.82,n-matmul-512,false,2ff8f58d97fc,,c-690ef4b4-0cf1abd9-3de0c61b5b68,1762587886211,Sync,3148.62,1762587886209,21.0.3.10,false,512,41.86,InvokeFunction,,,LATEST,1-690ef4ee-0c49fa-5208eb8b8162,OnDemand,,,1.45,
,95881DBD69A5D46DBD0CE5603278C262-D,1762587889,FCRequestMetrics:/n-matmul-512,103,103,,,3409.53,n-matmul-512,false,0cc96397dcc6,,c-690ef4d5-0cf1abd9-bb46dcba3bb4,1762587886400,Sync,3411.25,1762587886400,21.0.3.9,false,512,38.41,InvokeFunction,,,LATEST,1-690ef4ee-0c0a43-ca5aff519576,OnDemand,,,0.50,
,EAD7BD32D52FA8C0EC561AB86D8BB129-27,1762587889,FCRequestMetrics:/n-matmul-512,103,103,,,2744.87,n-matmul-512,false,9697e733b066,,c-690ef49e-0cf1abd9-b7f83cb23224,1762587886349,Sync,2747.84,1762587886347,21.0.3.10,false,512,34.11,InvokeFunction,,,LATEST,1-690ef4ee-0c49fa-93568e2544b6,OnDemand,,,1.45,
,03A714A9772EC266AA0C3B3C7C5F7666-18,1762587889,FCRequestMetrics:/n-matmul-512,110,110,,,2884.47,n-matmul-512,false,579930c5ac3a,,c-690ef4bd-0cf1abd9-7053d50dd4cd,1762587886744,Sync,2886.90,1762587886743,21.0.3.10,false,512,34.17,InvokeFunction,,,LATEST,1-690ef4ee-0c49fa-996976ca7c95,OnDemand,,,1.44,
,604D7A139A336D459A8701B8728ED443-1C,1762587889,FCRequestMetrics:/n-matmul-512,103,103,,,2870.79,n-matmul-512,false,3ccc09a5376a,,c-690ef4b4-0cf1abd9-6384931551e4,1762587886433,Sync,2873.03,1762587886432,21.0.3.11,false,512,36.76,InvokeFunction,,,LATEST,1-690ef4ee-0c49fa-9b17656dee0d,OnDemand,,,1.35,
,47EEBB4524D816241D6164558AEC1FDB-1B,1762587889,FCRequestMetrics:/n-matmul-512,103,103,,,2990.45,n-matmul-512,false,cf2f5a306fef,,c-690ef4bc-0cf1abd9-4bc9539c85b8,1762587886337,Sync,2993.24,1762587886335,21.0.3.9,false,512,34.39,InvokeFunction,,,LATEST,1-690ef4ee-0c0a43-483f61404af3,OnDemand,,,0.57,
,646B33D459BD0A9244D32F781DAF3418-27,1762587889,FCRequestMetrics:/n-matmul-512,103,103,,,3178.82,n-matmul-512,false,5d92a283eb8a,,c-690ef4a1-0cf1abd9-de1abe369d37,1762587886386,Sync,3180.53,1762587886385,21.0.3.10,false,512,34.44,InvokeFunction,,,LATEST,1-690ef4ee-0c0a43-a575276b8621,OnDemand,,,0.89,
,6CCFB4E4193C923DA012941FDF8BA7C1-2E,1762587889,FCRequestMetrics:/n-matmul-512,103,103,,,3413.40,n-matmul-512,false,1ea218c34989,,c-690ef48f-0cf1abd9-4c65696b73c9,1762587886424,Sync,3415.46,1762587886423,21.0.3.9,false,512,34.04,InvokeFunction,,,LATEST,1-690ef4ee-0c49fa-a0aadf86d5fe,OnDemand,,,1.08,
,5A4B169E4A6A12AF96E6A9F31574ACDB-19,1762587889,FCRequestMetrics:/n-matmul-512,110,110,,,2905.21,n-matmul-512,false,e49c1078154a,,c-690ef4bd-0cf1abd9-52730e96d71d,1762587886718,Sync,2906.94,1762587886717,21.0.3.12,false,512,34.11,InvokeFunction,,,LATEST,1-690ef4ee-0c0a43-8c7d56c061e9,OnDemand,,,0.53,
,D47609DF0A0B8379D6163E9247FE0B62-1F,1762587889,FCRequestMetrics:/n-matmul-512,110,110,,,3242.04,n-matmul-512,false,94f30db206a9,,c-690ef4b1-0cf1abd9-5ce21036fb60,1762587886744,Sync,3246.88,1762587886743,21.0.3.9,false,512,36.47,InvokeFunction,,,LATEST,1-690ef4ee-0c49fa-3bbc117e35ed,OnDemand,,,1.00,
,D09BCBD485576D911D13CE495A97C108-1D,1762587889,FCRequestMetrics:/n-matmul-512,113,113,,,0.05,n-matmul-512,true,67959926d07f,,c-690ef4b3-0cf1abd9-62c5a8cabd6b,1762587887159,Sync,1868.69,1762587887158,21.0.3.10,false,512,2.05,InvokeFunction,,,LATEST,1-690ef4ef-0c49fa-fd0e8d2e87fc,OnDemand,,,1.20,,"{""errorType"":""FunctionAbnormalExitError""}"
,3801AF28D1F06D15DE702CA3D1A78840-32,1762587889,FCRequestMetrics:/n-matmul-512,108,108,,,0.04,n-matmul-512,true,85f7f63caa28,,c-690ef48f-0cf1abd9-8d9a75cfa22a,1762587887775,Sync,1378.87,1762587887774,21.0.3.8,false,512,2.18,InvokeFunction,,,LATEST,1-690ef4ef-0c0a43-6998d87c40ae,OnDemand,,,0.50,,"{""errorType"":""FunctionAbnormalExitError""}"
,395AF19B30E923F04509691974E770B2-1F,1762587889,FCRequestMetrics:/n-matmul-512,113,113,,,0.04,n-matmul-512,true,16c28b2331e7,,c-690ef4b3-0cf1abd9-03841df006e6,1762587887203,Sync,1953.31,1762587887203,21.0.3.12,false,512,2.30,InvokeFunction,,,LATEST,1-690ef4ef-0c0a43-f8b82481b3e9,OnDemand,,,0.48,,"{""errorType"":""FunctionAbnormalExitError""}"
,3D3F830804794EE934A3F39C618D6DA7-1D,1762587889,FCRequestMetrics:/n-matmul-512,114,114,,,0.03,n-matmul-512,true,a5074fb07ccb,,c-690ef4b3-0cf1abd9-4204fc55cfbc,1762587887237,Sync,1874.21,1762587887236,21.0.3.9,false,512,2.18,InvokeFunction,,,LATEST,1-690ef4ef-0c49fa-5ccf65ed1c9a,OnDemand,,,1.28,,"{""errorType"":""FunctionAbnormalExitError""}"
,F91A17FDEE204113BD7FCEE97E77B19D-32,1762587889,FCRequestMetrics:/n-matmul-512,116,116,,,0.04,n-matmul-512,true,b4a55f945517,,c-690ef48f-0cf1abd9-f3db6505083a,1762587888201,Sync,1195.47,1762587888199,21.0.3.12,false,512,2.23,InvokeFunction,,,LATEST,1-690ef4f0-0c49fa-2741447686e5,OnDemand,,,1.13,,"{""errorType"":""FunctionAbnormalExitError""}"
,86D3C1657BB7CB6F9D6C1B5957027679-20,1762587889,FCRequestMetrics:/n-matmul-512,112,112,,,0.03,n-matmul-512,true,41e163ab7845,,c-690ef4b1-0cf1abd9-383b8cf3b88f,1762587887578,Sync,1611.25,1762587887577,21.0.3.10,false,512,2.06,InvokeFunction,,,LATEST,1-690ef4ef-0c0a43-b6cbf567afeb,OnDemand,,,0.63,,"{""errorType"":""FunctionAbnormalExitError""}"
,22262E23B35913584F104007F60CDE44-32,1762587889,FCRequestMetrics:/n-matmul-512,121,121,,,0.03,n-matmul-512,true,5c984f724ebf,,c-690ef48f-0cf1abd9-4d671f684c9c,1762587888061,Sync,1221.32,1762587888059,21.0.3.9,false,512,4.07,InvokeFunction,,,LATEST,1-690ef4f0-0c49fa-543bf228a0e1,OnDemand,,,1.17,,"{""errorType"":""FunctionAbnormalExitError""}"
,0AE60AD6E226644C212775A9AD9DBC3A-1E,1762587889,FCRequestMetrics:/n-matmul-512,116,116,,,0.03,n-matmul-512,true,e5c3b3dfa4c1,,c-690ef4b3-0cf1abd9-04675e7328d5,1762587888184,Sync,1316.44,1762587888183,21.0.3.10,false,512,4.06,InvokeFunction,,,LATEST,1-690ef4f0-0c0a43-32ccc2f65efe,OnDemand,,,0.57,,"{""errorType"":""FunctionAbnormalExitError""}"
,386DA6364528A35F673B30D821826132-20,1762587889,FCRequestMetrics:/n-matmul-512,108,108,,,0.04,n-matmul-512,true,2f0b32a49385,,c-690ef4b1-0cf1abd9-06c370eb6fc5,1762587887768,Sync,1668.89,1762587887767,21.0.3.12,false,512,2.04,InvokeFunction,,,LATEST,1-690ef4ef-0c49fa-7982438992eb,OnDemand,,,0.76,,"{""errorType"":""FunctionAbnormalExitError""}"
,812F252289DEF5D6E7CEF166CCF20854-1A,1762587889,FCRequestMetrics:/n-matmul-512,105,105,,,3178.81,n-matmul-512,false,7cd4cf254b2b,,c-690ef4c0-0cf1abd9-f295f1869449,1762587886101,Sync,3182.19,1762587886099,21.0.3.11,false,512,36.54,InvokeFunction,,,LATEST,1-690ef4ee-0c49fa-4d2ea0fa5688,OnDemand,,,0.93,
,C5E3D6C1456AB3A159B70500C779D02C-F,1762587889,FCRequestMetrics:/n-matmul-512,111,111,,,0.06,n-matmul-512,true,03aa7a5e978e,,c-690ef4d1-0cf1abd9-37e40b6fa245,1762587888518,Sync,1055.98,1762587888517,21.0.3.11,false,512,2.09,InvokeFunction,,,LATEST,1-690ef4f0-0c0a43-26f065198c4e,OnDemand,,,0.47,,"{""errorType"":""FunctionAbnormalExitError""}"
,9E860D881BD9449D0F2C4975F44F7ABC-22,1762587889,FCRequestMetrics:/n-matmul-512,121,121,,,0.04,n-matmul-512,true,dc22095edf84,,c-690ef4b1-0cf1abd9-834eca231e91,1762587888001,Sync,1613.12,1762587887999,21.0.3.9,false,512,2.20,InvokeFunction,,,LATEST,1-690ef4ef-0c49fa-f61a7cea69d6,OnDemand,,,1.40,,"{""errorType"":""FunctionAbnormalExitError""}"
,7F41C0AC9649E78CE4E6389BA04F93F7-33,1762587889,FCRequestMetrics:/n-matmul-512,111,111,,,0.02,n-matmul-512,true,2f9a827ac39a,,c-690ef48f-0cf1abd9-d481ef5b70cb,1762587888751,Sync,885.88,1762587888749,21.0.3.12,false,512,4.16,InvokeFunction,,,LATEST,1-690ef4f0-0c49fa-ae8b0c55b145,OnDemand,,,1.38,,"{""errorType"":""FunctionAbnormalExitError""}"
,78CD85FE04C684FD432ABFF362CBF50C-30,1762587889,FCRequestMetrics:/n-matmul-512,110,110,,,2939.32,n-matmul-512,false,6999fff919fb,,c-690ef48f-0cf1abd9-6c6d9044c534,1762587886774,Sync,2943.15,1762587886773,21.0.3.11,false,512,26.77,InvokeFunction,,,LATEST,1-690ef4ee-0c0a43-31e916b2b205,OnDemand,,,0.50,
,E336B2A6408E27B02C6CAB82C50088BC-17,1762587889,FCRequestMetrics:/n-matmul-512,116,116,,,0.04,n-matmul-512,true,b76d94444b2f,,c-690ef4c1-0cf1abd9-48675e1450f8,1762587888222,Sync,1605.61,1762587888221,21.0.3.7,false,512,6.20,InvokeFunction,,,LATEST,1-690ef4f0-0c49fa-e09c10fd8c3e,OnDemand,,,1.31,,"{""errorType"":""FunctionAbnormalExitError""}"
,A58D23371A460570694E59E83C205D35-32,1762587889,FCRequestMetrics:/n-matmul-512,123,123,,,0.04,n-matmul-512,true,f5099c18cdf1,,c-690ef48f-0cf1abd9-aa29b9d0aa99,1762587888881,Sync,1026.65,1762587888879,21.0.3.11,false,512,4.07,InvokeFunction,,,LATEST,1-690ef4f0-0c49fa-aacf1890a2e9,OnDemand,,,0.95,,"{""errorType"":""FunctionAbnormalExitError""}"
,8009EC769EAF82E94BE4682B8C0E45B5-18,1762587889,FCRequestMetrics:/n-matmul-512,116,116,,,0.03,n-matmul-512,true,e18d84b3712e,,c-690ef4c1-0cf1abd9-2df610e1f3e8,1762587888215,Sync,1700.03,1762587888214,21.0.3.8,false,512,2.12,InvokeFunction,,,LATEST,1-690ef4f0-0c49fa-b5b2e23f62f2,OnDemand,,,0.88,,"{""errorType"":""FunctionAbnormalExitError""}"
,22E833C237D88A72ACDEEBC774861945-18,1762587889,FCRequestMetrics:/n-matmul-512,121,121,,,0.04,n-matmul-512,true,3ad91ce1f715,,c-690ef4c1-0cf1abd9-a9ad8a9b0501,1762587888108,Sync,1799.40,1762587888108,21.0.3.5,false,512,4.18,InvokeFunction,,,LATEST,1-690ef4f0-0c0a43-2d4a57733d90,OnDemand,,,0.49,,"{""errorType"":""FunctionAbnormalExitError""}"
,023E1362E98622AC0BA42C246E757652-1F,1762587889,FCRequestMetrics:/n-matmul-512,111,111,,,0.03,n-matmul-512,true,c2dc25ac0291,,c-690ef4b3-0cf1abd9-482c4f6b212d,1762587888565,Sync,1355.60,1762587888563,21.0.3.9,false,512,4.07,InvokeFunction,,,LATEST,1-690ef4f0-0c49fa-24206cfa7524,OnDemand,,,1.14,,"{""errorType"":""FunctionAbnormalExitError""}"
,333D4C666C8B83BB41B1C7D79452A532-19,1762587890,FCRequestMetrics:/n-matmul-512,108,108,,,2271.87,n-matmul-512,false,e3c6c131f32d,,c-690ef4c0-0cf1abd9-c5743552479f,1762587887778,Sync,2273.93,1762587887776,21.0.3.9,false,512,40.13,InvokeFunction,,,LATEST,1-690ef4ef-0c49fa-ece62ae979f1,OnDemand,,,1.16,
,B50B6C7E4A9EFD8ADCDAE8E71A8A357B-31,1762587890,FCRequestMetrics:/n-matmul-512,113,113,,,2995.61,n-matmul-512,false,0c3cf93849f8,,c-690ef48f-0cf1abd9-ad135b628654,1762587887199,Sync,2997.12,1762587887198,21.0.3.8,false,512,39.94,InvokeFunction,,,LATEST,1-690ef4ef-0c0a43-d1a472ef9504,OnDemand,,,0.48,
,32144092075796B61E66CC5CB449FE74-33,1762587890,FCRequestMetrics:/n-matmul-512,113,113,,,3035.34,n-matmul-512,false,4e09d5ee1757,,c-690ef48f-0cf1abd9-c9b2724f454d,1762587887161,Sync,3037.64,1762587887160,21.0.3.11,false,512,38.11,InvokeFunction,,,LATEST,1-690ef4ef-0c49fa-3f72c1d2003a,OnDemand,,,1.32,
,F633B574683DE8AA2BF0D3EEBDF4C796-1F,1762587890,FCRequestMetrics:/n-matmul-512,110,110,,,2514.90,n-matmul-512,false,2aab02d9eb5a,,c-690ef4b2-0cf1abd9-a85fa9ced593,1762587887727,Sync,2516.29,1762587887727,21.0.3.8,false,512,41.96,InvokeFunction,,,LATEST,1-690ef4ef-0c0a43-33e4e5d36f1b,OnDemand,,,0.60,
,D57BF307AB3C1DBB07F853EA29DFAA8E-33,1762587890,FCRequestMetrics:/n-matmul-512,113,113,,,2845.23,n-matmul-512,false,4a02a8b2ccf7,,c-690ef48f-0cf1abd9-3378a67d936f,1762587887417,Sync,2847.75,1762587887416,21.0.3.10,false,512,41.99,InvokeFunction,,,LATEST,1-690ef4ef-0c49fa-d36439399570,OnDemand,,,1.17,
,CA067C7B13641001A367D67FE1936091-30,1762587890,FCRequestMetrics:/n-matmul-512,108,108,,,2509.37,n-matmul-512,false,5046f6076057,,c-690ef490-0cf1abd9-851ce87263d1,1762587887775,Sync,2511.02,1762587887774,21.0.3.11,false,512,39.92,InvokeFunction,,,LATEST,1-690ef4ef-0c0a43-1d51d5f9904c,OnDemand,,,0.50,
,5AFAB66E1E7466E5D8B7B9E08DE1641F-10,1762587890,FCRequestMetrics:/n-matmul-512,108,108,,,2864.64,n-matmul-512,false,b625bc4b4ab4,,c-690ef4d1-0cf1abd9-cc0167f16a90,1762587887407,Sync,2868.54,1762587887406,21.0.3.6,false,512,39.95,InvokeFunction,,,LATEST,1-690ef4ef-0c49fa-3fbbed31a226,OnDemand,,,1.01,
,19D19504A7F011D98456D47931F40832-20,1762587890,FCRequestMetrics:/n-matmul-512,108,108,,,2786.66,n-matmul-512,false,d76a12fc0134,,c-690ef4b1-0cf1abd9-3da89f7b182b,1762587887786,Sync,2788.42,1762587887785,21.0.3.11,false,512,38.01,InvokeFunction,,,LATEST,1-690ef4ef-0c49fa-00fe316a2b33,OnDemand,,,0.94,
,6448458DC5EEDA4B01194355EB33D0AF-2E,1762587890,FCRequestMetrics:/n-matmul-512,121,121,,,2889.92,n-matmul-512,false,e9af6d91c5a8,,c-690ef492-0cf1abd9-8e96e2aae5ad,1762587887941,Sync,2891.64,1762587887940,21.0.3.11,false,512,37.91,InvokeFunction,,,LATEST,1-690ef4ef-0c0a43-e1c52a4a0946,OnDemand,,,0.54,
,51921E23C89315F7BBF480D8419B0A1D-D,1762587890,FCRequestMetrics:/n-matmul-512,114,114,,,3499.11,n-matmul-512,false,394b6570c5ea,,c-690ef4d5-0cf1abd9-8026978f4fdc,1762587886997,Sync,3501.32,1762587886995,21.0.3.12,false,512,40.16,InvokeFunction,,,LATEST,1-690ef4ee-0c49fa-a00c69ed361e,OnDemand,,,1.15,
,C2EB2A92BA9B62B2586CA2C02FC71F03-19,1762587890,FCRequestMetrics:/n-matmul-512,116,116,,,2744.61,n-matmul-512,false,d33c82b43d3d,,c-690ef4bd-0cf1abd9-a491e17680d2,1762587888196,Sync,2747.30,1762587888194,21.0.3.8,false,512,40.04,InvokeFunction,,,LATEST,1-690ef4f0-0c49fa-573e3ecbab37,OnDemand,,,1.40,
,7C823A060900EA64C601C711AE9A8E7B-30,1762587890,FCRequestMetrics:/n-matmul-512,114,114,,,3558.83,n-matmul-512,false,a9c1f9cad0fa,,c-690ef492-0cf1abd9-41b4dd0accbf,1762587886943,Sync,3565.05,1762587886943,21.0.3.10,false,512,30.96,InvokeFunction,,,LATEST,1-690ef4ee-0c0a43-7e1ad2748887,OnDemand,,,0.51,
,BD1D69C9267D95E53B2A79C6CB35D41D-2D,1762587890,FCRequestMetrics:/n-matmul-512,114,114,,,3359.07,n-matmul-512,false,987841b3d4f5,,c-690ef492-0cf1abd9-b72bb88bbd36,1762587887318,Sync,3361.23,1762587887316,21.0.3.12,false,512,27.37,InvokeFunction,,,LATEST,1-690ef4ef-0c49fa-1f2a2f8615d4,OnDemand,,,1.22,
,8A4C9F8EC0081A54D335C35B65D1357D-24,1762587890,FCRequestMetrics:/n-matmul-512,114,114,,,3203.04,n-matmul-512,false,1c5ca9e1c7f9,,c-690ef4a4-0cf1abd9-274debaa5e8f,1762587887031,Sync,3205.62,1762587887030,21.0.3.9,false,512,32.28,InvokeFunction,,,LATEST,1-690ef4ef-0c49fa-26d03d744a59,OnDemand,,,0.92,
,447511FEAA2C196192B29D0355E78B1D-33,1762587890,FCRequestMetrics:/n-matmul-512,108,108,,,2728.83,n-matmul-512,false,2be5f8bcaa9a,,c-690ef48f-0cf1abd9-405aaa419009,1762587887768,Sync,2730.62,1762587887767,21.0.3.9,false,512,28.62,InvokeFunction,,,LATEST,1-690ef4ef-0c49fa-c15a4de168d2,OnDemand,,,0.74,
,F898A01EEA6FFC9C575701D6D0948E55-33,1762587890,FCRequestMetrics:/n-matmul-512,108,108,,,2565.57,n-matmul-512,false,7a16d098497d,,c-690ef48f-0cf1abd9-9a6242cc8b28,1762587887771,Sync,2567.12,1762587887770,21.0.3.8,false,512,26.73,InvokeFunction,,,LATEST,1-690ef4ef-0c0a43-f72e4ff753fa,OnDemand,,,0.49,
,148C1B09986999E20AA0FF04F10942D0-33,1762587890,FCRequestMetrics:/n-matmul-512,113,113,,,2802.68,n-matmul-512,false,aa1e2085073a,,c-690ef48f-0cf1abd9-2b72cdd5c5c2,1762587887370,Sync,2805.60,1762587887369,21.0.3.10,false,512,27.11,InvokeFunction,,,LATEST,1-690ef4ef-0c49fa-16bacd515a49,OnDemand,,,1.20,
,C9A28A785F95831BC9FC8EA20129FD05-19,1762587890,FCRequestMetrics:/n-matmul-512,108,108,,,3192.44,n-matmul-512,false,4856bc7a68f1,,c-690ef4c1-0cf1abd9-aae68ff129ed,1762587887742,Sync,3194.72,1762587887741,21.0.3.6,false,512,27.03,InvokeFunction,,,LATEST,1-690ef4ef-0c49fa-f355a0241a97,OnDemand,,,1.44,
,1C05D5B02F01F46143D999E67440A343-32,1762587890,FCRequestMetrics:/n-matmul-512,112,112,,,3085.15,n-matmul-512,false,ded09bee0b2d,,c-690ef48f-0cf1abd9-2bb86706a2c4,1762587887579,Sync,3087.37,1762587887577,21.0.3.9,false,512,26.86,InvokeFunction,,,LATEST,1-690ef4ef-0c49fa-27f32a627b91,OnDemand,,,1.06,
,7FDD645C18A05AFCA1EE540844E336B4-2E,1762587890,FCRequestMetrics:/n-matmul-512,103,103,,,3752.44,n-matmul-512,false,005047e6f771,,c-690ef48f-0cf1abd9-a4e85c44b759,1762587886426,Sync,3754.65,1762587886425,21.0.3.10,false,512,36.25,InvokeFunction,,,LATEST,1-690ef4ee-0c49fa-c18311177bf4,OnDemand,,,1.36,
,9DDF92507C03E777F745C0AA5C83C458-2A,1762587890,FCRequestMetrics:/n-matmul-512,108,108,,,2351.17,n-matmul-512,false,ab20715057dd,,c-690ef49e-0cf1abd9-a4d3e4836d71,1762587887780,Sync,2353.38,1762587887779,21.0.3.8,false,512,38.43,InvokeFunction,,,LATEST,1-690ef4ef-0c49fa-664df392ea3d,OnDemand,,,1.16,
,EABCDA55D43EA68A09CAEB4C9E234812-D,1762587890,FCRequestMetrics:/n-matmul-512,110,110,,,3608.29,n-matmul-512,false,2ac0bc3d44f6,,c-690ef4d7-0cf1abd9-14d53d3e8f33,1762587886821,Sync,3609.98,1762587886820,21.0.3.11,false,512,34.25,InvokeFunction,,,LATEST,1-690ef4ee-0c0a43-a256617d0b77,OnDemand,,,0.51,
,A61C5B29A1D7F2390D1E51D697C6283B-1F,1762587890,FCRequestMetrics:/n-matmul-512,113,113,,,2731.69,n-matmul-512,false,14782dc1bc2e,,c-690ef4b4-0cf1abd9-744e5d667f19,1762587887416,Sync,2733.09,1762587887416,21.0.3.12,false,512,38.60,InvokeFunction,,,LATEST,1-690ef4ef-0c0a43-f0d6a5936ff4,OnDemand,,,0.51,
,13AC9179567B6A88BE4E678F8CBCF027-27,1762587890,FCRequestMetrics:/n-matmul-512,116,116,,,2716.60,n-matmul-512,false,c1270f7ffdb8,,c-690ef4a1-0cf1abd9-661404bfd8df,1762587888214,Sync,2722.70,1762587888213,21.0.3.12,false,512,34.71,InvokeFunction,,,LATEST,1-690ef4f0-0c49fa-a058fdd7046b,OnDemand,,,0.83,
,5F3A1644AB2A1C8B074AB8754A10A293-22,1762587890,FCRequestMetrics:/n-matmul-512,108,108,,,2548.29,n-matmul-512,false,69f1f8b4cc9d,,c-690ef4a4-0cf1abd9-06b3493bf27e,1762587887783,Sync,2549.86,1762587887782,21.0.3.12,false,512,34.59,InvokeFunction,,,LATEST,1-690ef4ef-0c0a43-260cd8202797,OnDemand,,,0.47,
,537821DDAFE9614566F0064DDB274514-27,1762587890,FCRequestMetrics:/n-matmul-512,108,108,,,2255.75,n-matmul-512,false,e7a61b8cb4fe,,c-690ef4a1-0cf1abd9-564b243bc6a8,1762587887816,Sync,2257.42,1762587887815,21.0.3.8,false,512,34.59,InvokeFunction,,,LATEST,1-690ef4ef-0c49fa-578a35196d46,OnDemand,,,0.90,
,67EF79BC30A82AE98BE59702C8F66831-1A,1762587890,FCRequestMetrics:/n-matmul-512,116,116,,,2492.66,n-matmul-512,false,9d91d3cbe239,,c-690ef4bd-0cf1abd9-3b4ee6796d7a,1762587888137,Sync,2495.37,1762587888135,21.0.3.11,false,512,34.24,InvokeFunction,,,LATEST,1-690ef4f0-0c49fa-126b2180f5ca,OnDemand,,,1.15,
,E438D6118493E314AD4DA785D820E022-21,1762587890,FCRequestMetrics:/n-matmul-512,111,111,,,0.04,n-matmul-512,true,b191993e8dc4,,c-690ef4b3-0cf1abd9-0d3f75ed2006,1762587888794,Sync,1338.56,1762587888793,21.0.3.8,false,512,2.05,InvokeFunction,,,LATEST,1-690ef4f0-0c0a43-833dd979e7ca,OnDemand,,,0.56,,"{""errorType"":""FunctionAbnormalExitError""}"
,7780C0688E26C68EB0D69712BCDE475F-33,1762587890,FCRequestMetrics:/n-matmul-512,101,101,,,0.04,n-matmul-512,true,333740b1eaee,,c-690ef490-0cf1abd9-b30a2e13f5eb,1762587889718,Sync,795.61,1762587889717,21.0.3.12,false,512,4.31,InvokeFunction,,,LATEST,1-690ef4f1-0c49fa-4ffabb0e8152,OnDemand,,,1.15,,"{""errorType"":""FunctionAbnormalExitError""}"
,F633B574683DE8AA2BF0D3EEBDF4C796-1E,1762587890,FCRequestMetrics:/n-matmul-512,100,100,,,0.03,n-matmul-512,true,2aab02d9eb5a,,c-690ef4b2-0cf1abd9-a85fa9ced593,1762587890285,Sync,429.29,1762587890284,21.0.3.8,false,512,4.24,InvokeFunction,,,LATEST,1-690ef4f2-0c0a43-6e2e59cc1f1e,OnDemand,,,0.50,,"{""errorType"":""FunctionAbnormalExitError""}"
,333D4C666C8B83BB41B1C7D79452A532-1A,1762587890,FCRequestMetrics:/n-matmul-512,103,103,,,0.04,n-matmul-512,true,e3c6c131f32d,,c-690ef4c0-0cf1abd9-c5743552479f,1762587890114,Sync,649.65,1762587890112,21.0.3.9,false,512,4.16,InvokeFunction,,,LATEST,1-690ef4f2-0c49fa-db0649271449,OnDemand,,,1.15,,"{""errorType"":""FunctionAbnormalExitError""}"
,E49E041E26792B5C9FA746FE5A0F2654-D,1762587890,FCRequestMetrics:/n-matmul-512,121,121,,,3003.75,n-matmul-512,false,c7d5890c0209,,c-690ef4d6-0cf1abd9-a844f7d6b61a,1762587887988,Sync,3006.12,1762587887986,21.0.3.9,false,512,38.58,InvokeFunction,,,LATEST,1-690ef4ef-0c49fa-900f3e9db98b,OnDemand,,,1.41,
,CA067C7B13641001A367D67FE1936091-2F,1762587890,FCRequestMetrics:/n-matmul-512,100,100,,,0.04,n-matmul-512,true,5046f6076057,,c-690ef490-0cf1abd9-851ce87263d1,1762587890304,Sync,597.55,1762587890303,21.0.3.11,false,512,2.36,InvokeFunction,,,LATEST,1-690ef4f2-0c49fa-877f105d275b,OnDemand,,,0.92,,"{""errorType"":""FunctionAbnormalExitError""}"
,BD9BE3600CF3EADC822FC16C6CE56C55-1A,1762587891,FCRequestMetrics:/n-matmul-512,121,121,,,2965.72,n-matmul-512,false,a90b8e21cc4e,,c-690ef4bd-0cf1abd9-4533cb176176,1762587888084,Sync,2967.95,1762587888083,21.0.3.10,false,512,36.59,InvokeFunction,,,LATEST,1-690ef4f0-0c0a43-f31aa959dd22,OnDemand,,,0.85,
,C1D7342C162E0433E3DCC69A36E49279-29,1762587891,FCRequestMetrics:/n-matmul-512,111,111,,,2490.25,n-matmul-512,false,c1850f6d6120,,c-690ef49e-0cf1abd9-bea541164f91,1762587888804,Sync,2492.68,1762587888803,21.0.3.11,false,512,36.39,InvokeFunction,,,LATEST,1-690ef4f0-0c49fa-7402de4c9af7,OnDemand,,,1.14,
,805D0B9C50B0CFD3CF77F88B01A3CC36-2F,1762587891,FCRequestMetrics:/n-matmul-512,121,121,,,2988.88,n-matmul-512,false,4277c8c89afa,,c-690ef490-0cf1abd9-df579b907295,1762587888102,Sync,2991.08,1762587888101,21.0.3.12,false,512,41.90,InvokeFunction,,,LATEST,1-690ef4f0-0c49fa-6e05632addf3,OnDemand,,,1.38,
,ED99555BBD66FF347A8C8145C62ABE99-27,1762587891,FCRequestMetrics:/n-matmul-512,118,118,,,2928.00,n-matmul-512,false,4bed96722f41,,c-690ef49c-0cf1abd9-8088ae7c339c,1762587888382,Sync,2935.27,1762587888375,21.0.3.8,false,512,36.34,InvokeFunction,,,LATEST,1-690ef4f0-0c49fa-fed194defb50,OnDemand,,,6.11,
,61FB77CF084CA2B121CED83B1B2F8CB8-D,1762587891,FCRequestMetrics:/n-matmul-512,116,116,,,3068.76,n-matmul-512,false,cbf3b5341b24,,c-690ef4d5-0cf1abd9-896a7d670f7a,1762587888254,Sync,3070.99,1762587888253,21.0.3.7,false,512,38.22,InvokeFunction,,,LATEST,1-690ef4f0-0c49fa-f5f332725882,OnDemand,,,1.25,
,FD6981321571EC68F9E27CDAD26BAC19-27,1762587891,FCRequestMetrics:/n-matmul-512,111,111,,,3071.97,n-matmul-512,false,b2349f9a27e7,,c-690ef49c-0cf1abd9-a2407a052b71,1762587888787,Sync,3074.09,1762587888786,21.0.3.12,false,512,38.11,InvokeFunction,,,LATEST,1-690ef4f0-0c0a43-372b16c126fa,OnDemand,,,0.49,
,30B0C091F501AEB24D6930948CD8CD12-1B,1762587891,FCRequestMetrics:/n-matmul-512,116,116,,,3081.13,n-matmul-512,false,f585a3de42a9,,c-690ef4c0-0cf1abd9-2f59d877e38b,1762587888284,Sync,3083.37,1762587888283,21.0.3.10,false,512,39.48,InvokeFunction,,,LATEST,1-690ef4f0-0c49fa-ceb80d8b157c,OnDemand,,,1.28,
,6C268265BE6071088D6F784688423FBC-27,1762587891,FCRequestMetrics:/n-matmul-512,116,116,,,3259.83,n-matmul-512,false,f3794d0f4bed,,c-690ef4a4-0cf1abd9-3f60d30fa7e2,1762587888309,Sync,3261.50,1762587888308,21.0.3.11,false,512,36.36,InvokeFunction,,,LATEST,1-690ef4f0-0c0a43-c72a9b43f3e0,OnDemand,,,0.55,
,3D753EA828DEDBBB0DF10FE8437E0EE2-26,1762587891,FCRequestMetrics:/n-matmul-512,111,111,,,2682.33,n-matmul-512,false,13a75e602ffd,,c-690ef49e-0cf1abd9-124626cd631e,1762587888555,Sync,2684.08,1762587888554,21.0.3.12,false,512,36.62,InvokeFunction,,,LATEST,1-690ef4f0-0c0a43-31332f22feb9,OnDemand,,,0.62,
,01D4E8E7911B88CA9BFEF68BF58454E3-10,1762587891,FCRequestMetrics:/n-matmul-512,116,116,,,3444.73,n-matmul-512,false,af9f8faefca2,,c-690ef4d1-0cf1abd9-2cb97b541620,1762587887793,Sync,3446.41,1762587887793,21.0.3.10,false,512,25.26,InvokeFunction,,,LATEST,1-690ef4f0-0c0a43-f7ab42e43d3c,OnDemand,,,0.49,
,A0E18646E4ED1862BB7852A818D6BD84-30,1762587891,FCRequestMetrics:/n-matmul-512,111,111,,,3092.32,n-matmul-512,false,455c2c4df2d2,,c-690ef48f-0cf1abd9-fff0447ff1dc,1762587888833,Sync,3093.78,1762587888832,21.0.3.8,false,512,39.34,InvokeFunction,,,LATEST,1-690ef4f0-0c0a43-96ae9cbcdc69,OnDemand,,,0.54,
,5F40BF3643AE590E1A0AFBFC2BB1CC92-1F,1762587891,FCRequestMetrics:/n-matmul-512,123,123,,,3159.87,n-matmul-512,false,918ade19bbee,,c-690ef4b1-0cf1abd9-3df7810e23e4,1762587887854,Sync,3161.95,1762587887853,21.0.3.11,false,512,26.52,InvokeFunction,,,LATEST,1-690ef4ef-0c49fa-b45b88db1636,OnDemand,,,1.13,
,F78928E4C3048B992F5E5A9DC10A82CD-13,1762587891,FCRequestMetrics:/n-matmul-512,108,108,,,3783.85,n-matmul-512,false,4756408993b7,,c-690ef4c8-0cf1abd9-87a481f567c5,1762587887782,Sync,3785.32,1762587887782,21.0.3.8,false,512,36.73,InvokeFunction,,,LATEST,1-690ef4ef-0c0a43-1afd66c24169,OnDemand,,,0.49,
,F07C00865CBCDDD3603F2861EC1005E7-30,1762587891,FCRequestMetrics:/n-matmul-512,123,123,,,3288.84,n-matmul-512,false,23ed8e688827,,c-690ef48f-0cf1abd9-c9d277f8db04,1762587887931,Sync,3291.39,1762587887930,21.0.3.12,false,512,26.82,InvokeFunction,,,LATEST,1-690ef4ef-0c0a43-b85c4c358c1b,OnDemand,,,0.53,
,3BDEEDD6F6C1B51E5137A970AE75BAA4-2D,1762587891,FCRequestMetrics:/n-matmul-512,111,111,,,3179.67,n-matmul-512,false,3b2b33dbd196,,c-690ef492-0cf1abd9-bbdff8eda83c,1762587888804,Sync,3182.18,1762587888803,21.0.3.9,false,512,26.74,InvokeFunction,,,LATEST,1-690ef4f0-0c0a43-d0be45028175,OnDemand,,,0.47,
,A6333F63464BC687DF1965DBFE05F1DB-31,1762587891,FCRequestMetrics:/n-matmul-512,111,111,,,2682.52,n-matmul-512,false,3e88eb377bf5,,c-690ef490-0cf1abd9-507f1daf6985,1762587888807,Sync,2684.09,1762587888807,21.0.3.11,false,512,26.59,InvokeFunction,,,LATEST,1-690ef4f0-0c0a43-0defbc3a1f7c,OnDemand,,,0.50,
,270B9EACE82C5E95387DFC3023475A37-25,1762587891,FCRequestMetrics:/n-matmul-512,121,121,,,3043.30,n-matmul-512,false,fe7ebaee4797,,c-690ef4a4-0cf1abd9-3aa2f2400266,1762587888132,Sync,3045.95,1762587888132,21.0.3.8,false,512,26.96,InvokeFunction,,,LATEST,1-690ef4f0-0c0a43-f3c76363cd76,OnDemand,,,0.50,
,2C250D9B2FF86C019F81DAC520815883-26,1762587891,FCRequestMetrics:/n-matmul-512,111,111,,,2905.04,n-matmul-512,false,52c1693be583,,c-690ef4a4-0cf1abd9-b2b9a6cf3285,1762587888809,Sync,2907.59,1762587888808,21.0.3.10,false,512,36.65,InvokeFunction,,,LATEST,1-690ef4f0-0c49fa-0ba0a0e6fa99,OnDemand,,,0.80,
,E4C186C27FC2E01612D2685505BDC1C8-1F,1762587891,FCRequestMetrics:/n-matmul-512,121,121,,,2987.20,n-matmul-512,false,2f46f223d44b,,c-690ef4b3-0cf1abd9-b7dfa30d9e6b,1762587888117,Sync,2988.86,1762587888116,21.0.3.8,false,512,28.59,InvokeFunction,,,LATEST,1-690ef4f0-0c0a43-206b4bdaf9d8,OnDemand,,,0.51,
,D383B16911701B57D8112BE288DB8A26-20,1762587891,FCRequestMetrics:/n-matmul-512,114,114,,,3184.81,n-matmul-512,false,bb19602af764,,c-690ef4b1-0cf1abd9-7e88298a556b,1762587888456,Sync,3186.48,1762587888455,21.0.3.10,false,512,27.27,InvokeFunction,,,LATEST,1-690ef4f0-0c49fa-07c66586bf76,OnDemand,,,0.90,
,52D7D507918D931708B22C4CE8E63CCC-1F,1762587891,FCRequestMetrics:/n-matmul-512,118,118,,,2806.94,n-matmul-512,false,7e3f21c3452b,,c-690ef4b2-0cf1abd9-448ba4a6e619,1762587888395,Sync,2811.45,1762587888393,21.0.3.9,false,512,26.83,InvokeFunction,,,LATEST,1-690ef4f0-0c49fa-827c6677f865,OnDemand,,,1.27,
,49B64A5B3FBA9FC6678BE15B3FA1CAE0-1D,1762587891,FCRequestMetrics:/n-matmul-512,114,114,,,2684.85,n-matmul-512,false,b69b715c17a5,,c-690ef4b3-0cf1abd9-2077a8676f3b,1762587888465,Sync,2686.64,1762587888464,21.0.3.11,false,512,28.79,InvokeFunction,,,LATEST,1-690ef4f0-0c49fa-cd735093ce85,OnDemand,,,0.92,
,4B2A5B6DBC4B791759CF9FA5FD5DDA4E-D,1762587891,FCRequestMetrics:/n-matmul-512,114,114,,,3944.10,n-matmul-512,false,d9816709289a,,c-690ef4d6-0cf1abd9-2c6970162d0e,1762587887059,Sync,3945.83,1762587887058,21.0.3.9,false,512,34.23,InvokeFunction,,,LATEST,1-690ef4ef-0c0a43-576ccc1b51cd,OnDemand,,,0.51,
,715E1B0E1B21EEA77E59E1CCA6C827A1-1C,1762587891,FCRequestMetrics:/n-matmul-512,111,111,,,2905.21,n-matmul-512,false,227434a33de2,,c-690ef4b3-0cf1abd9-7a1935f5d276,1762587888791,Sync,2907.66,1762587888789,21.0.3.11,false,512,41.80,InvokeFunction,,,LATEST,1-690ef4f0-0c49fa-edb492168fc9,OnDemand,,,1.16,
,85AE7850BCAF6CD3F0510D61A3C3BE5F-C,1762587891,FCRequestMetrics:/n-matmul-512,113,113,,,4244.06,n-matmul-512,false,d876faebd573,,c-690ef4d6-0cf1abd9-67e660b3df1a,1762587886866,Sync,4245.88,1762587886865,21.0.3.8,false,512,36.55,InvokeFunction,,,LATEST,1-690ef4ee-0c0a43-86dfc005e0f2,OnDemand,,,0.58,
,A89833F386C2C0AAB19D937BC0A8D2F3-1C,1762587891,FCRequestMetrics:/n-matmul-512,123,123,,,3102.86,n-matmul-512,false,ea0bccbe44d2,,c-690ef4b4-0cf1abd9-c9ccab6a1a6a,1762587888880,Sync,3105.16,1762587888879,21.0.3.8,false,512,39.66,InvokeFunction,,,LATEST,1-690ef4f0-0c49fa-5f055c9654b6,OnDemand,,,1.09,
,EC65B6B96723558D074A84C970ABFB6D-1D,1762587891,FCRequestMetrics:/n-matmul-512,111,111,,,3036.80,n-matmul-512,false,dc0d493de807,,c-690ef4b3-0cf1abd9-88427ba7f908,1762587888558,Sync,3038.27,1762587888557,21.0.3.12,false,512,39.89,InvokeFunction,,,LATEST,1-690ef4f0-0c0a43-9715b761a39e,OnDemand,,,0.54,
,9E860D881BD9449D0F2C4975F44F7ABC-22,1762587891,FCRequestMetrics:/n-matmul-512,105,105,,,2277.47,n-matmul-512,false,dc22095edf84,,c-690ef4b1-0cf1abd9-834eca231e91,1762587889619,Sync,2280.01,1762587889618,21.0.3.9,false,512,26.58,InvokeFunction,,,LATEST,1-690ef4f1-0c49fa-dcf42442cc01,OnDemand,,,1.14,
,B6CBE8EBA74250AA907E560C90566BB4-28,1762587891,FCRequestMetrics:/n-matmul-512,116,116,,,2914.50,n-matmul-512,false,ab282a8889ea,,c-690ef49c-0cf1abd9-bbfeef60bc24,1762587888219,Sync,2915.82,1762587888219,21.0.3.11,false,512,36.26,InvokeFunction,,,LATEST,1-690ef4f0-0c0a43-817824088b0b,OnDemand,,,0.52,
,9095B2C1B61D208836CC9B1C85A0D40A-1F,1762587891,FCRequestMetrics:/n-matmul-512,111,111,,,3033.81,n-matmul-512,false,ca295ccdb9ef,,c-690ef4b1-0cf1abd9-20d8276cdfb4,1762587888614,Sync,3036.43,1762587888613,21.0.3.8,false,512,36.35,InvokeFunction,,,LATEST,1-690ef4f0-0c0a43-55f25ecc7bfa,OnDemand,,,0.59,
,9ADEFA90B0D30226FA9EC5C9D5AE07C5-27,1762587891,FCRequestMetrics:/n-matmul-512,111,111,,,2394.90,n-matmul-512,false,720d5821fc65,,c-690ef4a1-0cf1abd9-d2a0858351d9,1762587888806,Sync,2397.34,1762587888805,21.0.3.9,false,512,34.68,InvokeFunction,,,LATEST,1-690ef4f0-0c49fa-c6f66949543d,OnDemand,,,1.31,
,3638871BA5BA6CB81D64084B08F55201-35,1762587891,FCRequestMetrics:/n-matmul-512,111,111,,,2971.81,n-matmul-512,false,d9ddc014a95e,,c-690ef48f-0cf1abd9-ec0c220edbce,1762587888805,Sync,2975.74,1762587888802,21.0.3.8,false,512,36.35,InvokeFunction,,,LATEST,1-690ef4f0-0c0a43-56a333ad8e64,OnDemand,,,0.47,
,1F1FFC412871BA58DE9DD242432C9C35-2F,1762587891,FCRequestMetrics:/n-matmul-512,111,111,,,3128.64,n-matmul-512,false,a2dfb552053b,,c-690ef492-0cf1abd9-8c97f365993b,1762587888768,Sync,3130.73,1762587888768,21.0.3.8,false,512,34.27,InvokeFunction,,,LATEST,1-690ef4f0-0c0a43-e2c12bfcc549,OnDemand,,,0.50,
,028699F502CA3D7E230041FC52AB4DE5-1F,1762587891,FCRequestMetrics:/n-matmul-512,116,116,,,3363.11,n-matmul-512,false,c3f0f0de03a0,,c-690ef4b1-0cf1abd9-f906b5304a3d,1762587888250,Sync,3365.67,1762587888249,21.0.3.8,false,512,36.46,InvokeFunction,,,LATEST,1-690ef4f0-0c49fa-e5c8587e62d2,OnDemand,,,1.17,
,8C91CD9281F35024322C2F606CD0B1FE-1A,1762587891,FCRequestMetrics:/n-matmul-512,111,111,,,2754.62,n-matmul-512,false,44c83b518121,,c-690ef4bd-0cf1abd9-e8c2a2bb7f02,1762587888765,Sync,2757.36,1762587888763,21.0.3.9,false,512,36.50,InvokeFunction,,,LATEST,1-690ef4f0-0c49fa-5ada1b914375,OnDemand,,,1.20,
,AF248E24051D33CE2911D9A18C89C2D3-1B,1762587891,FCRequestMetrics:/n-matmul-512,111,111,,,2935.96,n-matmul-512,false,8c4cd304f247,,c-690ef4c1-0cf1abd9-e614043a0e89,1762587888800,Sync,2941.49,1762587888799,21.0.3.10,false,512,39.87,InvokeFunction,,,LATEST,1-690ef4f0-0c49fa-2bad1435c971,OnDemand,,,1.35,
,32D30CAFDEB66ED4BA2C61AB57673DE9-1A,1762587891,FCRequestMetrics:/n-matmul-512,111,111,,,2792.64,n-matmul-512,false,1e73088b591b,,c-690ef4bd-0cf1abd9-2266afd5303d,1762587888793,Sync,2794.73,1762587888793,21.0.3.11,false,512,34.29,InvokeFunction,,,LATEST,1-690ef4f0-0c0a43-73c4201d6d49,OnDemand,,,0.50,
,414BD1893AE2054C5F533C4E4BFB2474-28,1762587891,FCRequestMetrics:/n-matmul-512,111,111,,,3022.66,n-matmul-512,false,e09eb6f846c4,,c-690ef49c-0cf1abd9-96967c00da02,1762587888796,Sync,3024.20,1762587888795,21.0.3.9,false,512,36.25,InvokeFunction,,,LATEST,1-690ef4f0-0c49fa-acec8223ef33,OnDemand,,,0.77,
,5E4A59CDF3E7A5F12FFA6D69EE5EC6FC-F,1762587891,FCRequestMetrics:/n-matmul-512,112,112,,,4476.79,n-matmul-512,false,2e799e3149e9,,c-690ef4d7-0cf1abd9-47d2e00207ec,1762587887442,Sync,4479.73,1762587887441,21.0.3.10,false,512,36.50,InvokeFunction,,,LATEST,1-690ef4ef-0c49fa-19b73852707e,OnDemand,,,0.79,
,CF8B8E5EDA76CE1E15E6DE137B05F0FC-1A,1762587891,FCRequestMetrics:/n-matmul-512,123,123,,,2787.39,n-matmul-512,false,09ed6314a647,,c-690ef4bd-0cf1abd9-4b304ea77a49,1762587888880,Sync,2789.35,1762587888879,21.0.3.12,false,512,36.38,InvokeFunction,,,LATEST,1-690ef4f0-0c49fa-21043ab32bbf,OnDemand,,,0.92,
,454D28B9ADC842A2E21EC3C429AA5038-13,1762587891,FCRequestMetrics:/n-matmul-512,108,108,,,3921.62,n-matmul-512,false,68ffeb726d24,,c-690ef4c8-0cf1abd9-e95db563c2a4,1762587887772,Sync,3923.34,1762587887771,21.0.3.11,false,512,36.34,InvokeFunction,,,LATEST,1-690ef4ef-0c49fa-c25b971c79a0,OnDemand,,,0.85,
,C669C9C152D9C54DF2797A7C10154A81-F,1762587891,FCRequestMetrics:/n-matmul-512,118,118,,,3585.77,n-matmul-512,false,e117dfcc4a03,,c-690ef4d5-0cf1abd9-8087fa0fddfa,1762587888376,Sync,3587.58,1762587888375,21.0.3.10,false,512,48.03,InvokeFunction,,,LATEST,1-690ef4f0-0c0a43-e5735a4f183f,OnDemand,,,0.69,
,32144092075796B61E66CC5CB449FE74-34,1762587891,FCRequestMetrics:/n-matmul-512,102,102,,,0.03,n-matmul-512,true,4e09d5ee1757,,c-690ef48f-0cf1abd9-c9b2724f454d,1762587890214,Sync,888.33,1762587890213,21.0.3.11,false,512,2.18,InvokeFunction,,,LATEST,1-690ef4f2-0c49fa-28a8dedd8982,OnDemand,,,1.33,,"{""errorType"":""FunctionAbnormalExitError""}"
,93FE45F5D80B3384897CEBE39059D2B9-12,1762587891,FCRequestMetrics:/n-matmul-512,108,108,,,3826.49,n-matmul-512,false,ce40ea9a9210,,c-690ef4c8-0cf1abd9-21c972c4a8d9,1762587887779,Sync,3831.73,1762587887775,21.0.3.9,false,512,34.64,InvokeFunction,,,LATEST,1-690ef4ef-0c0a43-a8f70cd54a88,OnDemand,,,0.49,
,5AFAB66E1E7466E5D8B7B9E08DE1641F-11,1762587891,FCRequestMetrics:/n-matmul-512,101,101,,,0.04,n-matmul-512,true,b625bc4b4ab4,,c-690ef4d1-0cf1abd9-cc0167f16a90,1762587890320,Sync,1109.64,1762587890319,21.0.3.6,false,512,2.20,InvokeFunction,,,LATEST,1-690ef4f2-0c0a43-bd9460ce60f9,OnDemand,,,0.64,,"{""errorType"":""FunctionAbnormalExitError""}"
,7E61C224A0C92ACF29245CE740336474-E,1762587891,FCRequestMetrics:/n-matmul-512,116,116,,,2974.02,n-matmul-512,false,54fa523719bf,,c-690ef4d5-0cf1abd9-a1fddea636ac,1762587888332,Sync,2975.37,1762587888331,21.0.3.8,false,512,35.96,InvokeFunction,,,LATEST,1-690ef4f0-0c0a43-1e8a2fe0e77c,OnDemand,,,0.47,
,B50B6C7E4A9EFD8ADCDAE8E71A8A357B-34,1762587891,FCRequestMetrics:/n-matmul-512,102,102,,,0.03,n-matmul-512,true,0c3cf93849f8,,c-690ef48f-0cf1abd9-ad135b628654,1762587890220,Sync,1316.51,1762587890218,21.0.3.8,false,512,2.09,InvokeFunction,,,LATEST,1-690ef4f2-0c49fa-807f0a7df2e8,OnDemand,,,1.14,,"{""errorType"":""FunctionAbnormalExitError""}"
,9DBD82D68A5F344D47B8DE1951A258DF-C,1762587891,FCRequestMetrics:/n-matmul-512,116,116,,,3131.49,n-matmul-512,false,25404d1b02d2,,c-690ef4d6-0cf1abd9-9ab608ee2fc4,1762587888315,Sync,3132.95,1762587888315,21.0.3.12,false,512,36.48,InvokeFunction,,,LATEST,1-690ef4f0-0c0a43-90fbe34ddf38,OnDemand,,,0.64,
,49858DB541AAB1B6611A1511B91F5B3F-F,1762587891,FCRequestMetrics:/n-matmul-512,113,113,,,3055.28,n-matmul-512,false,1cfed078e6f6,,c-690ef4d6-0cf1abd9-296db67e1edb,1762587888642,Sync,3056.82,1762587888641,21.0.3.10,false,512,36.46,InvokeFunction,,,LATEST,1-690ef4f0-0c0a43-e312b0efb058,OnDemand,,,0.53,
,D57BF307AB3C1DBB07F853EA29DFAA8E-34,1762587891,FCRequestMetrics:/n-matmul-512,100,100,,,0.04,n-matmul-512,true,4a02a8b2ccf7,,c-690ef48f-0cf1abd9-3378a67d936f,1762587890279,Sync,1448.32,1762587890278,21.0.3.10,false,512,4.06,InvokeFunction,,,LATEST,1-690ef4f2-0c49fa-b903f5f05c02,OnDemand,,,1.36,,"{""errorType"":""FunctionAbnormalExitError""}"
,19D19504A7F011D98456D47931F40832-21,1762587891,FCRequestMetrics:/n-matmul-512,98,98,,,0.03,n-matmul-512,true,d76a12fc0134,,c-690ef4b1-0cf1abd9-3da89f7b182b,1762587890615,Sync,1022.60,1762587890614,21.0.3.11,false,512,2.07,InvokeFunction,,,LATEST,1-690ef4f2-0c49fa-9ec817f36818,OnDemand,,,1.38,,"{""errorType"":""FunctionAbnormalExitError""}"
,4D57B9EBA87590C7398CF6540746C6BE-32,1762587891,FCRequestMetrics:/n-matmul-512,99,99,,,0.05,n-matmul-512,true,cf9fc6279e9f,,c-690ef490-0cf1abd9-f9b75dacbfca,1762587890865,Sync,1085.27,1762587890864,21.0.3.10,false,512,4.12,InvokeFunction,,,LATEST,1-690ef4f2-0c49fa-fa7852c31358,OnDemand,,,1.30,,"{""errorType"":""FunctionAbnormalExitError""}"
,F0A5925498435F2F6D9BDDB34BF193EA-14,1762587891,FCRequestMetrics:/n-matmul-512,116,116,,,3655.64,n-matmul-512,false,498ae363af0a,,c-690ef4c8-0cf1abd9-33e32577488c,1762587888332,Sync,3657.27,1762587888331,21.0.3.10,false,512,38.69,InvokeFunction,,,LATEST,1-690ef4f0-0c0a43-ddfc6f0720b7,OnDemand,,,0.55,
,A215E42A48869DE9E4DCA54EC0297126-D,1762587892,FCRequestMetrics:/n-matmul-512,111,111,,,3511.35,n-matmul-512,false,ae96b778c52c,,c-690ef4d4-0cf1abd9-80805a6a9659,1762587888602,Sync,3513.14,1762587888601,21.0.3.11,false,512,39.73,InvokeFunction,,,LATEST,1-690ef4f0-0c0a43-e7767ed4fa08,OnDemand,,,0.68,
,03A714A9772EC266AA0C3B3C7C5F7666-18,1762587892,FCRequestMetrics:/n-matmul-512,101,101,,,2646.74,n-matmul-512,false,579930c5ac3a,,c-690ef4bd-0cf1abd9-7053d50dd4cd,1762587889670,Sync,2649.33,1762587889669,21.0.3.10,false,512,36.49,InvokeFunction,,,LATEST,1-690ef4f1-0c49fa-b407b80b7690,OnDemand,,,1.41,
,9DDF92507C03E777F745C0AA5C83C458-2A,1762587892,FCRequestMetrics:/n-matmul-512,100,100,,,2364.90,n-matmul-512,false,ab20715057dd,,c-690ef49e-0cf1abd9-a4d3e4836d71,1762587890237,Sync,2366.44,1762587890236,21.0.3.8,false,512,41.86,InvokeFunction,,,LATEST,1-690ef4f2-0c0a43-3974a14f9fd1,OnDemand,,,0.53,
,76578469F84FCD1CB8F7AE0D7CEF0D58-11,1762587892,FCRequestMetrics:/n-matmul-512,111,111,,,3641.51,n-matmul-512,false,8c2f5578c019,,c-690ef4d1-0cf1abd9-df87844cb3e3,1762587888511,Sync,3643.81,1762587888509,21.0.3.7,false,512,26.70,InvokeFunction,,,LATEST,1-690ef4f0-0c49fa-fa9252ad7d27,OnDemand,,,1.12,
,BF93D493C22D4491C67A697A08986BFB-10,1762587892,FCRequestMetrics:/n-matmul-512,125,125,,,3355.61,n-matmul-512,false,3624fd232b03,,c-690ef4d1-0cf1abd9-fa48bfbc8b06,1762587888661,Sync,3357.50,1762587888660,21.0.3.9,false,512,27.11,InvokeFunction,,,LATEST,1-690ef4f0-0c0a43-1a17abeb5cde,OnDemand,,,0.48,
,5A4B169E4A6A12AF96E6A9F31574ACDB-19,1762587892,FCRequestMetrics:/n-matmul-512,96,96,,,2470.36,n-matmul-512,false,e49c1078154a,,c-690ef4bd-0cf1abd9-52730e96d71d,1762587889977,Sync,2471.84,1762587889976,21.0.3.12,false,512,35.92,InvokeFunction,,,LATEST,1-690ef4f1-0c0a43-2c56752dd022,OnDemand,,,0.51,
,D47609DF0A0B8379D6163E9247FE0B62-1F,1762587892,FCRequestMetrics:/n-matmul-512,96,96,,,2311.42,n-matmul-512,false,94f30db206a9,,c-690ef4b1-0cf1abd9-5ce21036fb60,1762587890031,Sync,2313.35,1762587890029,21.0.3.9,false,512,38.19,InvokeFunction,,,LATEST,1-690ef4f2-0c49fa-f2acb00ca610,OnDemand,,,1.24,
,BF0051A2DC4BF4DDC3679E47B8B32C9C-19,1762587892,FCRequestMetrics:/n-matmul-512,123,123,,,3190.32,n-matmul-512,false,e797c285140c,,c-690ef4c0-0cf1abd9-8278610d83f5,1762587888879,Sync,3191.66,1762587888878,21.0.3.8,false,512,27.14,InvokeFunction,,,LATEST,1-690ef4f0-0c0a43-f588773ea001,OnDemand,,,0.51,
,5D2FE67C0EB5779BF4214AF0D6312E51-29,1762587892,FCRequestMetrics:/n-matmul-512,96,96,,,2735.62,n-matmul-512,false,19252a223023,,c-690ef49c-0cf1abd9-daf5d7835f02,1762587889970,Sync,2737.65,1762587889969,21.0.3.10,false,512,37.89,InvokeFunction,,,LATEST,1-690ef4f1-0c49fa-afe806187fe8,OnDemand,,,0.93,
,60315181B24B66886819325A3EA49E6F-2B,1762587892,FCRequestMetrics:/n-matmul-512,96,96,,,2557.67,n-matmul-512,false,0d1aec41c426,,c-690ef49e-0cf1abd9-079fb8593d22,1762587889977,Sync,2559.67,1762587889976,21.0.3.9,false,512,38.00,InvokeFunction,,,LATEST,1-690ef4f1-0c0a43-f57368cf50c2,OnDemand,,,0.47,
,C5E3D6C1456AB3A159B70500C779D02C-F,1762587892,FCRequestMetrics:/n-matmul-512,101,101,,,2955.84,n-matmul-512,false,03aa7a5e978e,,c-690ef4d1-0cf1abd9-37e40b6fa245,1762587889599,Sync,2957.45,1762587889598,21.0.3.11,false,512,26.93,InvokeFunction,,,LATEST,1-690ef4f1-0c0a43-f174abb422e3,OnDemand,,,0.53,
,7F41C0AC9649E78CE4E6389BA04F93F7-33,1762587892,FCRequestMetrics:/n-matmul-512,101,101,,,3151.84,n-matmul-512,false,2f9a827ac39a,,c-690ef48f-0cf1abd9-d481ef5b70cb,1762587889667,Sync,3153.41,1762587889666,21.0.3.12,false,512,27.33,InvokeFunction,,,LATEST,1-690ef4f1-0c0a43-4e99d4ca7350,OnDemand,,,0.60,
,E336B2A6408E27B02C6CAB82C50088BC-17,1762587892,FCRequestMetrics:/n-matmul-512,96,96,,,2814.91,n-matmul-512,false,b76d94444b2f,,c-690ef4c1-0cf1abd9-48675e1450f8,1762587889976,Sync,2817.26,1762587889975,21.0.3.7,false,512,26.85,InvokeFunction,,,LATEST,1-690ef4f1-0c49fa-0268a063b660,OnDemand,,,1.30,
,A58D23371A460570694E59E83C205D35-32,1762587892,FCRequestMetrics:/n-matmul-512,96,96,,,2803.71,n-matmul-512,false,f5099c18cdf1,,c-690ef48f-0cf1abd9-aa29b9d0aa99,1762587889975,Sync,2805.74,1762587889973,21.0.3.11,false,512,29.15,InvokeFunction,,,LATEST,1-690ef4f1-0c49fa-d90e688c1cc5,OnDemand,,,1.25,
,8009EC769EAF82E94BE4682B8C0E45B5-18,1762587892,FCRequestMetrics:/n-matmul-512,96,96,,,3001.58,n-matmul-512,false,e18d84b3712e,,c-690ef4c1-0cf1abd9-2df610e1f3e8,1762587889974,Sync,3003.57,1762587889973,21.0.3.8,false,512,31.16,InvokeFunction,,,LATEST,1-690ef4f1-0c49fa-f2ffaf45da05,OnDemand,,,0.88,
,22E833C237D88A72ACDEEBC774861945-18,1762587892,FCRequestMetrics:/n-matmul-512,99,99,,,2669.18,n-matmul-512,false,3ad91ce1f715,,c-690ef4c1-0cf1abd9-a9ad8a9b0501,1762587889912,Sync,2672.11,1762587889911,21.0.3.5,false,512,27.22,InvokeFunction,,,LATEST,1-690ef4f1-0c0a43-43b1685c8af3,OnDemand,,,0.52,
,3EC79B1A2832FEBC3A7D2A1336CBC72B-13,1762587892,FCRequestMetrics:/n-matmul-512,99,99,,,2284.37,n-matmul-512,false,1ba7f32a1a20,,c-690ef4c8-0cf1abd9-b1f4c901d515,1762587889883,Sync,2291.18,1762587889882,21.0.3.12,false,512,43.46,InvokeFunction,,,LATEST,1-690ef4f1-0c49fa-58d256fe3ef5,OnDemand,,,1.34,
,F031090DB7497FBE9C5AA393E7E68561-34,1762587892,FCRequestMetrics:/n-matmul-512,101,101,,,3080.14,n-matmul-512,false,ac449c8e7f33,,c-690ef48f-0cf1abd9-a7a4b84ee62d,1762587889720,Sync,3083.39,1762587889718,21.0.3.9,false,512,34.40,InvokeFunction,,,LATEST,1-690ef4f1-0c49fa-df839eab0349,OnDemand,,,1.37,
,B1B3EF35016788C3424F79DCBD83BB05-34,1762587892,FCRequestMetrics:/n-matmul-512,101,101,,,3036.29,n-matmul-512,false,8e7a4967c312,,c-690ef48f-0cf1abd9-e1933dd451ba,1762587889758,Sync,3037.65,1762587889757,21.0.3.10,false,512,34.40,InvokeFunction,,,LATEST,1-690ef4f1-0c0a43-13919acac8a0,OnDemand,,,0.51,
,86C97E3549B8E428464CF6B56B68BFDC-21,1762587892,FCRequestMetrics:/n-matmul-512,107,107,,,2712.88,n-matmul-512,false,5a3240bb4b57,,c-690ef4b1-0cf1abd9-ef240bcd1d76,1762587889490,Sync,2714.45,1762587889489,21.0.3.12,false,512,36.21,InvokeFunction,,,LATEST,1-690ef4f1-0c0a43-93706eb6683a,OnDemand,,,0.58,
,4A1A7379ED68F1567875DE99C92BB621-F,1762587892,FCRequestMetrics:/n-matmul-512,111,111,,,3818.14,n-matmul-512,false,d5bc7449f792,,c-690ef4d8-0cf1abd9-7eb634cbbfaf,1762587888833,Sync,3820.38,1762587888832,21.0.3.12,false,512,36.34,InvokeFunction,,,LATEST,1-690ef4f0-0c49fa-7506f33eb529,OnDemand,,,1.23,
,FE4CB4BB334203537C4452D39CB19CCC-18,1762587892,FCRequestMetrics:/n-matmul-512,99,99,,,0.07,n-matmul-512,true,a7689194af96,,c-690ef4c0-0cf1abd9-beaedf295aad,1762587890863,Sync,1301.25,1762587890862,21.0.3.12,false,512,2.24,InvokeFunction,,,LATEST,1-690ef4f2-0c0a43-4b18230a05dc,OnDemand,,,0.43,,"{""errorType"":""FunctionAbnormalExitError""}"
,6448458DC5EEDA4B01194355EB33D0AF-2F,1762587892,FCRequestMetrics:/n-matmul-512,99,99,,,0.03,n-matmul-512,true,e9af6d91c5a8,,c-690ef492-0cf1abd9-8e96e2aae5ad,1762587890841,Sync,1187.56,1762587890840,21.0.3.11,false,512,2.18,InvokeFunction,,,LATEST,1-690ef4f2-0c0a43-5b11545fbfeb,OnDemand,,,0.45,,"{""errorType"":""FunctionAbnormalExitError""}"
,27BDDCAD80E91AC92FDFCC1C9A1A4216-1E,1762587892,FCRequestMetrics:/n-matmul-512,99,99,,,0.05,n-matmul-512,true,2ff8f58d97fc,,c-690ef4b4-0cf1abd9-3de0c61b5b68,1762587890861,Sync,1186.41,1762587890860,21.0.3.10,false,512,4.03,InvokeFunction,,,LATEST,1-690ef4f2-0c49fa-9237b88815b4,OnDemand,,,1.17,,"{""errorType"":""FunctionAbnormalExitError""}"
,805D0B9C50B0CFD3CF77F88B01A3CC36-31,1762587892,FCRequestMetrics:/n-matmul-512,119,119,,,0.04,n-matmul-512,true,4277c8c89afa,,c-690ef490-0cf1abd9-df579b907295,1762587891175,Sync,1132.78,1762587891175,21.0.3.12,false,512,4.11,InvokeFunction,,,LATEST,1-690ef4f3-0c0a43-0de12d92161d,OnDemand,,,0.48,,"{""errorType"":""FunctionAbnormalExitError""}"
,51921E23C89315F7BBF480D8419B0A1D-F,1762587892,FCRequestMetrics:/n-matmul-512,99,99,,,0.07,n-matmul-512,true,394b6570c5ea,,c-690ef4d5-0cf1abd9-8026978f4fdc,1762587890847,Sync,1438.69,1762587890847,21.0.3.12,false,512,4.08,InvokeFunction,,,LATEST,1-690ef4f2-0c0a43-ae6ee0b82799,OnDemand,,,0.50,,"{""errorType"":""FunctionAbnormalExitError""}"
,61FB77CF084CA2B121CED83B1B2F8CB8-F,1762587892,FCRequestMetrics:/n-matmul-512,116,116,,,0.03,n-matmul-512,true,cbf3b5341b24,,c-690ef4d5-0cf1abd9-896a7d670f7a,1762587891337,Sync,1037.34,1762587891335,21.0.3.7,false,512,2.30,InvokeFunction,,,LATEST,1-690ef4f3-0c49fa-406655469108,OnDemand,,,1.16,,"{""errorType"":""FunctionAbnormalExitError""}"
,30B0C091F501AEB24D6930948CD8CD12-1C,1762587892,FCRequestMetrics:/n-matmul-512,120,120,,,0.04,n-matmul-512,true,f585a3de42a9,,c-690ef4c0-0cf1abd9-2f59d877e38b,1762587891435,Sync,927.76,1762587891433,21.0.3.10,false,512,2.16,InvokeFunction,,,LATEST,1-690ef4f3-0c49fa-affb57e59221,OnDemand,,,1.36,,"{""errorType"":""FunctionAbnormalExitError""}"
,E763FEDED2DD2923A606C1ABC0F0B8DF-F,1762587892,FCRequestMetrics:/n-matmul-512,113,113,,,3583.31,n-matmul-512,false,6d406cad06b1,,c-690ef4d4-0cf1abd9-1184c15b4902,1762587888726,Sync,3584.69,1762587888725,21.0.3.8,false,512,39.85,InvokeFunction,,,LATEST,1-690ef4f0-0c0a43-cb2b5f7ca927,OnDemand,,,0.52,
,6CCFB4E4193C923DA012941FDF8BA7C1-2E,1762587893,FCRequestMetrics:/n-matmul-512,99,99,,,3411.10,n-matmul-512,false,1ea218c34989,,c-690ef48f-0cf1abd9-4c65696b73c9,1762587889852,Sync,3413.83,1762587889851,21.0.3.9,false,512,36.01,InvokeFunction,,,LATEST,1-690ef4f1-0c0a43-88674641464e,OnDemand,,,0.49,
,95881DBD69A5D46DBD0CE5603278C262-10,1762587893,FCRequestMetrics:/n-matmul-512,96,96,,,3061.71,n-matmul-512,false,0cc96397dcc6,,c-690ef4d5-0cf1abd9-bb46dcba3bb4,1762587889981,Sync,3068.23,1762587889976,21.0.3.9,false,512,41.48,InvokeFunction,,,LATEST,1-690ef4f1-0c0a43-6dd534184944,OnDemand,,,0.47,
,C2EB2A92BA9B62B2586CA2C02FC71F03-1B,1762587893,FCRequestMetrics:/n-matmul-512,119,119,,,2284.40,n-matmul-512,false,d33c82b43d3d,,c-690ef4bd-0cf1abd9-a491e17680d2,1762587890976,Sync,2286.88,1762587890974,21.0.3.8,false,512,43.37,InvokeFunction,,,LATEST,1-690ef4f2-0c49fa-19fd9e652e4e,OnDemand,,,1.39,
,A61C5B29A1D7F2390D1E51D697C6283B-1F,1762587893,FCRequestMetrics:/n-matmul-512,102,102,,,3074.56,n-matmul-512,false,14782dc1bc2e,,c-690ef4b4-0cf1abd9-744e5d667f19,1762587890175,Sync,3077.17,1762587890173,21.0.3.12,false,512,40.40,InvokeFunction,,,LATEST,1-690ef4f2-0c49fa-8b366016f5e5,OnDemand,,,1.37,
,395AF19B30E923F04509691974E770B2-1F,1762587893,FCRequestMetrics:/n-matmul-512,99,99,,,2371.14,n-matmul-512,false,16c28b2331e7,,c-690ef4b3-0cf1abd9-03841df006e6,1762587890865,Sync,2372.39,1762587890865,21.0.3.12,false,512,26.81,InvokeFunction,,,LATEST,1-690ef4f2-0c0a43-d9b324291d75,OnDemand,,,0.45,
,F91A17FDEE204113BD7FCEE97E77B19D-32,1762587893,FCRequestMetrics:/n-matmul-512,99,99,,,2705.75,n-matmul-512,false,b4a55f945517,,c-690ef48f-0cf1abd9-f3db6505083a,1762587890861,Sync,2707.82,1762587890860,21.0.3.12,false,512,27.20,InvokeFunction,,,LATEST,1-690ef4f2-0c49fa-1843a1e71cd4,OnDemand,,,1.19,
,86D3C1657BB7CB6F9D6C1B5957027679-20,1762587893,FCRequestMetrics:/n-matmul-512,99,99,,,2584.54,n-matmul-512,false,41e163ab7845,,c-690ef4b1-0cf1abd9-383b8cf3b88f,1762587890866,Sync,2587.16,1762587890864,21.0.3.10,false,512,27.38,InvokeFunction,,,LATEST,1-690ef4f2-0c49fa-5ca1d51d9dbd,OnDemand,,,1.34,
,22262E23B35913584F104007F60CDE44-32,1762587893,FCRequestMetrics:/n-matmul-512,99,99,,,3090.22,n-matmul-512,false,5c984f724ebf,,c-690ef48f-0cf1abd9-4d671f684c9c,1762587890864,Sync,3091.46,1762587890863,21.0.3.9,false,512,29.36,InvokeFunction,,,LATEST,1-690ef4f2-0c0a43-b69a6d148e52,OnDemand,,,0.42,
,0AE60AD6E226644C212775A9AD9DBC3A-1E,1762587893,FCRequestMetrics:/n-matmul-512,99,99,,,2593.19,n-matmul-512,false,e5c3b3dfa4c1,,c-690ef4b3-0cf1abd9-04675e7328d5,1762587890856,Sync,2594.81,1762587890855,21.0.3.10,false,512,26.85,InvokeFunction,,,LATEST,1-690ef4f2-0c0a43-f39672e0a931,OnDemand,,,0.48,
,386DA6364528A35F673B30D821826132-20,1762587893,FCRequestMetrics:/n-matmul-512,99,99,,,2638.71,n-matmul-512,false,2f0b32a49385,,c-690ef4b1-0cf1abd9-06c370eb6fc5,1762587890858,Sync,2639.99,1762587890857,21.0.3.12,false,512,26.84,InvokeFunction,,,LATEST,1-690ef4f2-0c0a43-f379064b4665,OnDemand,,,0.50,
,812F252289DEF5D6E7CEF166CCF20854-1A,1762587893,FCRequestMetrics:/n-matmul-512,99,99,,,3131.13,n-matmul-512,false,7cd4cf254b2b,,c-690ef4c0-0cf1abd9-f295f1869449,1762587890866,Sync,3133.67,1762587890864,21.0.3.11,false,512,38.18,InvokeFunction,,,LATEST,1-690ef4f2-0c49fa-46e9fdfc02fe,OnDemand,,,1.32,
,13AC9179567B6A88BE4E678F8CBCF027-27,1762587893,FCRequestMetrics:/n-matmul-512,119,119,,,2730.78,n-matmul-512,false,c1270f7ffdb8,,c-690ef4a1-0cf1abd9-661404bfd8df,1762587890978,Sync,2733.31,1762587890976,21.0.3.12,false,512,36.78,InvokeFunction,,,LATEST,1-690ef4f2-0c49fa-5001e1d29d6c,OnDemand,,,1.48,
,78CD85FE04C684FD432ABFF362CBF50C-30,1762587893,FCRequestMetrics:/n-matmul-512,101,101,,,3532.75,n-matmul-512,false,6999fff919fb,,c-690ef48f-0cf1abd9-6c6d9044c534,1762587889724,Sync,3534.89,1762587889723,21.0.3.11,false,512,34.67,InvokeFunction,,,LATEST,1-690ef4f1-0c49fa-896f41c90ba5,OnDemand,,,1.17,
,5F3A1644AB2A1C8B074AB8754A10A293-22,1762587893,FCRequestMetrics:/n-matmul-512,102,102,,,2944.83,n-matmul-512,false,69f1f8b4cc9d,,c-690ef4a4-0cf1abd9-06b3493bf27e,1762587890377,Sync,2954.98,1762587890376,21.0.3.12,false,512,36.54,InvokeFunction,,,LATEST,1-690ef4f2-0c0a43-c2866c67d5c6,OnDemand,,,0.47,
,023E1362E98622AC0BA42C246E757652-1F,1762587893,FCRequestMetrics:/n-matmul-512,96,96,,,3084.86,n-matmul-512,false,c2dc25ac0291,,c-690ef4b3-0cf1abd9-482c4f6b212d,1762587889973,Sync,3086.42,1762587889972,21.0.3.9,false,512,29.12,InvokeFunction,,,LATEST,1-690ef4f1-0c0a43-dfcb4ffc43a0,OnDemand,,,0.43,
,537821DDAFE9614566F0064DDB274514-27,1762587893,FCRequestMetrics:/n-matmul-512,103,103,,,3064.64,n-matmul-512,false,e7a61b8cb4fe,,c-690ef4a1-0cf1abd9-564b243bc6a8,1762587890093,Sync,3066.42,1762587890091,21.0.3.8,false,512,36.48,InvokeFunction,,,LATEST,1-690ef4f2-0c49fa-fc10a932d336,OnDemand,,,0.99,
,67EF79BC30A82AE98BE59702C8F66831-1A,1762587893,FCRequestMetrics:/n-matmul-512,99,99,,,2993.94,n-matmul-512,false,9d91d3cbe239,,c-690ef4bd-0cf1abd9-3b4ee6796d7a,1762587890845,Sync,2995.54,1762587890845,21.0.3.11,false,512,36.10,InvokeFunction,,,LATEST,1-690ef4f2-0c49fa-0c4a790328ee,OnDemand,,,0.80,
,E438D6118493E314AD4DA785D820E022-21,1762587893,FCRequestMetrics:/n-matmul-512,99,99,,,2568.45,n-matmul-512,false,b191993e8dc4,,c-690ef4b3-0cf1abd9-0d3f75ed2006,1762587890851,Sync,2570.48,1762587890850,21.0.3.8,false,512,27.10,InvokeFunction,,,LATEST,1-690ef4f2-0c49fa-aa5c482faacd,OnDemand,,,1.12,
,E28B31C1AD09CA2631349F2F5CD41FEA-1F,1762587893,FCRequestMetrics:/n-matmul-512,99,99,,,2621.60,n-matmul-512,false,378303f5ffb1,,c-690ef4b4-0cf1abd9-4d6de11efb71,1762587890864,Sync,2623.23,1762587890864,21.0.3.9,false,512,41.76,InvokeFunction,,,LATEST,1-690ef4f2-0c0a43-8fad2eca6696,OnDemand,,,0.43,
,FFBE1F54232C7105BB9D9D9815146807-1F,1762587893,FCRequestMetrics:/n-matmul-512,116,116,,,2491.21,n-matmul-512,false,4210c93d9e28,,c-690ef4b2-0cf1abd9-734e58adbe38,1762587891040,Sync,2495.44,1762587891039,21.0.3.10,false,512,34.27,InvokeFunction,,,LATEST,1-690ef4f3-0c0a43-b593bd414a28,OnDemand,,,0.46,
,7780C0688E26C68EB0D69712BCDE475F-33,1762587893,FCRequestMetrics:/n-matmul-512,98,98,,,2551.24,n-matmul-512,false,333740b1eaee,,c-690ef490-0cf1abd9-b30a2e13f5eb,1762587890538,Sync,2553.69,1762587890536,21.0.3.12,false,512,26.85,InvokeFunction,,,LATEST,1-690ef4f2-0c49fa-4da9a6b94dc5,OnDemand,,,1.39,
,A07FED3AC0D9C87237C2A7F7FEAC1FF2-1A,1762587893,FCRequestMetrics:/n-matmul-512,99,99,,,2939.66,n-matmul-512,false,5059a3c012ce,,c-690ef4bc-0cf1abd9-aaba1ef8e3d8,1762587890859,Sync,2941.31,1762587890858,21.0.3.8,false,512,36.32,InvokeFunction,,,LATEST,1-690ef4f2-0c0a43-70bb5793cce0,OnDemand,,,0.44,
,F633B574683DE8AA2BF0D3EEBDF4C796-1E,1762587893,FCRequestMetrics:/n-matmul-512,100,100,,,2403.08,n-matmul-512,false,2aab02d9eb5a,,c-690ef4b2-0cf1abd9-a85fa9ced593,1762587890719,Sync,2405.23,1762587890717,21.0.3.8,false,512,27.05,InvokeFunction,,,LATEST,1-690ef4f2-0c49fa-1c7fd5843fe6,OnDemand,,,1.33,
,333D4C666C8B83BB41B1C7D79452A532-1A,1762587893,FCRequestMetrics:/n-matmul-512,99,99,,,3151.57,n-matmul-512,false,e3c6c131f32d,,c-690ef4c0-0cf1abd9-c5743552479f,1762587890842,Sync,3153.38,1762587890841,21.0.3.9,false,512,28.95,InvokeFunction,,,LATEST,1-690ef4f2-0c49fa-19df63ba6839,OnDemand,,,0.85,
,E49E041E26792B5C9FA746FE5A0F2654-D,1762587893,FCRequestMetrics:/n-matmul-512,116,116,,,2376.33,n-matmul-512,false,c7d5890c0209,,c-690ef4d6-0cf1abd9-a844f7d6b61a,1762587891037,Sync,2378.09,1762587891036,21.0.3.9,false,512,40.09,InvokeFunction,,,LATEST,1-690ef4f3-0c49fa-ba003bba2908,OnDemand,,,0.92,
,5E37C0E4F38EC01A59BF0AC51B37D7D9-1E,1762587893,FCRequestMetrics:/n-matmul-512,99,99,,,2635.57,n-matmul-512,false,675e218faad5,,c-690ef4b2-0cf1abd9-5c68fc00ab92,1762587890853,Sync,2638.39,1762587890852,21.0.3.12,false,512,34.62,InvokeFunction,,,LATEST,1-690ef4f2-0c0a43-bda0cc2dc816,OnDemand,,,0.49,
,7C823A060900EA64C601C711AE9A8E7B-32,1762587893,FCRequestMetrics:/n-matmul-512,98,98,,,2759.78,n-matmul-512,false,a9c1f9cad0fa,,c-690ef492-0cf1abd9-41b4dd0accbf,1762587890538,Sync,2762.01,1762587890537,21.0.3.10,false,512,38.48,InvokeFunction,,,LATEST,1-690ef4f2-0c49fa-5b6610a646b6,OnDemand,,,0.88,
,BD1D69C9267D95E53B2A79C6CB35D41D-2F,1762587893,FCRequestMetrics:/n-matmul-512,100,100,,,2609.21,n-matmul-512,false,987841b3d4f5,,c-690ef492-0cf1abd9-b72bb88bbd36,1762587890708,Sync,2614.42,1762587890706,21.0.3.12,false,512,34.42,InvokeFunction,,,LATEST,1-690ef4f2-0c49fa-0734ae7285e1,OnDemand,,,1.37,
,8A4C9F8EC0081A54D335C35B65D1357D-25,1762587893,FCRequestMetrics:/n-matmul-512,100,100,,,3014.71,n-matmul-512,false,1c5ca9e1c7f9,,c-690ef4a4-0cf1abd9-274debaa5e8f,1762587890325,Sync,3016.28,1762587890324,21.0.3.9,false,512,36.50,InvokeFunction,,,LATEST,1-690ef4f2-0c0a43-324c1ddb2e06,OnDemand,,,0.51,
,447511FEAA2C196192B29D0355E78B1D-34,1762587893,FCRequestMetrics:/n-matmul-512,98,98,,,2759.37,n-matmul-512,false,2be5f8bcaa9a,,c-690ef48f-0cf1abd9-405aaa419009,1762587890547,Sync,2760.80,1762587890546,21.0.3.9,false,512,36.47,InvokeFunction,,,LATEST,1-690ef4f2-0c0a43-03936728faf8,OnDemand,,,0.48,
,F898A01EEA6FFC9C575701D6D0948E55-34,1762587893,FCRequestMetrics:/n-matmul-512,102,102,,,3049.67,n-matmul-512,false,7a16d098497d,,c-690ef48f-0cf1abd9-9a6242cc8b28,1762587890374,Sync,3052.44,1762587890373,21.0.3.8,false,512,34.46,InvokeFunction,,,LATEST,1-690ef4f2-0c0a43-7ceac509e534,OnDemand,,,0.50,
,148C1B09986999E20AA0FF04F10942D0-34,1762587893,FCRequestMetrics:/n-matmul-512,100,100,,,2818.79,n-matmul-512,false,aa1e2085073a,,c-690ef48f-0cf1abd9-2b72cdd5c5c2,1762587890238,Sync,2821.68,1762587890236,21.0.3.10,false,512,34.25,InvokeFunction,,,LATEST,1-690ef4f2-0c49fa-b239e0fcbe94,OnDemand,,,1.17,
,C9A28A785F95831BC9FC8EA20129FD05-1A,1762587893,FCRequestMetrics:/n-matmul-512,119,119,,,2637.45,n-matmul-512,false,4856bc7a68f1,,c-690ef4c1-0cf1abd9-aae68ff129ed,1762587890988,Sync,2641.11,1762587890986,21.0.3.6,false,512,34.36,InvokeFunction,,,LATEST,1-690ef4f2-0c49fa-c6c77b61ddf7,OnDemand,,,1.31,
,1C05D5B02F01F46143D999E67440A343-34,1762587893,FCRequestMetrics:/n-matmul-512,100,100,,,2768.46,n-matmul-512,false,ded09bee0b2d,,c-690ef48f-0cf1abd9-2bb86706a2c4,1762587890672,Sync,2771.89,1762587890671,21.0.3.9,false,512,34.35,InvokeFunction,,,LATEST,1-690ef4f2-0c49fa-7c20f80ac2d2,OnDemand,,,1.15,
,01D4E8E7911B88CA9BFEF68BF58454E3-12,1762587893,FCRequestMetrics:/n-matmul-512,116,116,,,2265.11,n-matmul-512,false,af9f8faefca2,,c-690ef4d1-0cf1abd9-2cb97b541620,1762587891270,Sync,2266.64,1762587891269,21.0.3.10,false,512,32.47,InvokeFunction,,,LATEST,1-690ef4f3-0c0a43-757292c78eac,OnDemand,,,0.47,
,5F40BF3643AE590E1A0AFBFC2BB1CC92-21,1762587893,FCRequestMetrics:/n-matmul-512,116,116,,,2521.82,n-matmul-512,false,918ade19bbee,,c-690ef4b1-0cf1abd9-3df7810e23e4,1762587891037,Sync,2523.81,1762587891035,21.0.3.11,false,512,34.63,InvokeFunction,,,LATEST,1-690ef4f3-0c49fa-51d36200d880,OnDemand,,,1.13,
,7FDD645C18A05AFCA1EE540844E336B4-30,1762587893,FCRequestMetrics:/n-matmul-512,102,102,,,3420.90,n-matmul-512,false,005047e6f771,,c-690ef48f-0cf1abd9-a4e85c44b759,1762587890189,Sync,3422.28,1762587890189,21.0.3.10,false,512,38.48,InvokeFunction,,,LATEST,1-690ef4f2-0c0a43-5fee1614cfe8,OnDemand,,,0.48,
,A0E18646E4ED1862BB7852A818D6BD84-33,1762587893,FCRequestMetrics:/n-matmul-512,98,98,,,0.03,n-matmul-512,true,455c2c4df2d2,,c-690ef48f-0cf1abd9-fff0447ff1dc,1762587891954,Sync,1173.35,1762587891954,21.0.3.8,false,512,2.02,InvokeFunction,,,LATEST,1-690ef4f3-0c0a43-9ec70046aa05,OnDemand,,,0.48,,"{""errorType"":""FunctionAbnormalExitError""}"
,604D7A139A336D459A8701B8728ED443-1E,1762587893,FCRequestMetrics:/n-matmul-512,99,99,,,2524.59,n-matmul-512,false,3ccc09a5376a,,c-690ef4b4-0cf1abd9-6384931551e4,1762587890863,Sync,2526.60,1762587890862,21.0.3.11,false,512,39.96,InvokeFunction,,,LATEST,1-690ef4f2-0c0a43-6413af695579,OnDemand,,,0.50,
,E4C186C27FC2E01612D2685505BDC1C8-21,1762587893,FCRequestMetrics:/n-matmul-512,116,116,,,2368.91,n-matmul-512,false,2f46f223d44b,,c-690ef4b3-0cf1abd9-b7dfa30d9e6b,1762587891110,Sync,2371.27,1762587891108,21.0.3.8,false,512,36.34,InvokeFunction,,,LATEST,1-690ef4f3-0c49fa-1f0deb0ceb92,OnDemand,,,1.40,
,9DDF92507C03E777F745C0AA5C83C458-2B,1762587893,FCRequestMetrics:/n-matmul-512,85,85,,,0.04,n-matmul-512,true,ab20715057dd,,c-690ef49e-0cf1abd9-a4d3e4836d71,1762587892627,Sync,819.43,1762587892626,21.0.3.8,false,512,4.19,InvokeFunction,,,LATEST,1-690ef4f4-0c0a43-c54e299db102,OnDemand,,,0.51,,"{""errorType"":""FunctionAbnormalExitError""}"
,47EEBB4524D816241D6164558AEC1FDB-1C,1762587893,FCRequestMetrics:/n-matmul-512,99,99,,,2853.87,n-matmul-512,false,cf2f5a306fef,,c-690ef4bc-0cf1abd9-4bc9539c85b8,1762587890862,Sync,2858.47,1762587890861,21.0.3.9,false,512,36.68,InvokeFunction,,,LATEST,1-690ef4f2-0c49fa-97bc1a13c211,OnDemand,,,1.36,
,49B64A5B3FBA9FC6678BE15B3FA1CAE0-1E,1762587893,FCRequestMetrics:/n-matmul-512,119,119,,,2831.01,n-matmul-512,false,b69b715c17a5,,c-690ef4b3-0cf1abd9-2077a8676f3b,1762587891164,Sync,2832.25,1762587891164,21.0.3.11,false,512,36.40,InvokeFunction,,,LATEST,1-690ef4f3-0c0a43-3fc7644b8cea,OnDemand,,,0.53,
,646B33D459BD0A9244D32F781DAF3418-28,1762587893,FCRequestMetrics:/n-matmul-512,99,99,,,2510.24,n-matmul-512,false,5d92a283eb8a,,c-690ef4a1-0cf1abd9-de1abe369d37,1762587890856,Sync,2512.14,1762587890854,21.0.3.10,false,512,36.76,InvokeFunction,,,LATEST,1-690ef4f2-0c49fa-5ae017e88a7f,OnDemand,,,1.11,
,95881DBD69A5D46DBD0CE5603278C262-F,1762587893,FCRequestMetrics:/n-matmul-512,80,80,,,0.03,n-matmul-512,true,0cc96397dcc6,,c-690ef4d5-0cf1abd9-bb46dcba3bb4,1762587893086,Sync,421.06,1762587893085,21.0.3.9,false,512,4.19,InvokeFunction,,,LATEST,1-690ef4f5-0c0a43-580dde4e8972,OnDemand,,,0.51,,"{""errorType"":""FunctionAbnormalExitError""}"
,C2EB2A92BA9B62B2586CA2C02FC71F03-1A,1762587893,FCRequestMetrics:/n-matmul-512,85,85,,,0.03,n-matmul-512,true,d33c82b43d3d,,c-690ef4bd-0cf1abd9-a491e17680d2,1762587893293,Sync,440.21,1762587893292,21.0.3.8,false,512,4.42,InvokeFunction,,,LATEST,1-690ef4f5-0c49fa-f8f8a9304142,OnDemand,,,1.19,,"{""errorType"":""FunctionAbnormalExitError""}"
,A61C5B29A1D7F2390D1E51D697C6283B-1E,1762587893,FCRequestMetrics:/n-matmul-512,85,85,,,0.05,n-matmul-512,true,14782dc1bc2e,,c-690ef4b4-0cf1abd9-744e5d667f19,1762587893301,Sync,516.55,1762587893300,21.0.3.12,false,512,4.32,InvokeFunction,,,LATEST,1-690ef4f5-0c49fa-3b189006e407,OnDemand,,,1.29,,"{""errorType"":""FunctionAbnormalExitError""}"
,3801AF28D1F06D15DE702CA3D1A78840-33,1762587893,FCRequestMetrics:/n-matmul-512,99,99,,,3124.76,n-matmul-512,false,85f7f63caa28,,c-690ef48f-0cf1abd9-8d9a75cfa22a,1762587890871,Sync,3126.19,1762587890870,21.0.3.8,false,512,28.49,InvokeFunction,,,LATEST,1-690ef4f2-0c0a43-9c381b30e042,OnDemand,,,0.51,
,60315181B24B66886819325A3EA49E6F-2D,1762587893,FCRequestMetrics:/n-matmul-512,82,82,,,0.04,n-matmul-512,true,0d1aec41c426,,c-690ef49e-0cf1abd9-079fb8593d22,1762587893204,Sync,729.81,1762587893202,21.0.3.9,false,512,2.33,InvokeFunction,,,LATEST,1-690ef4f5-0c49fa-28b9ecdf648c,OnDemand,,,1.36,,"{""errorType"":""FunctionAbnormalExitError""}"
,5D2FE67C0EB5779BF4214AF0D6312E51-2B,1762587893,FCRequestMetrics:/n-matmul-512,80,80,,,0.03,n-matmul-512,true,19252a223023,,c-690ef49c-0cf1abd9-daf5d7835f02,1762587893095,Sync,849.63,1762587893094,21.0.3.10,false,512,2.10,InvokeFunction,,,LATEST,1-690ef4f5-0c49fa-19baea4f2d22,OnDemand,,,0.98,,"{""errorType"":""FunctionAbnormalExitError""}"
,B6CBE8EBA74250AA907E560C90566BB4-28,1762587894,FCRequestMetrics:/n-matmul-512,119,119,,,2900.96,n-matmul-512,false,ab282a8889ea,,c-690ef49c-0cf1abd9-bbfeef60bc24,1762587891145,Sync,2902.43,1762587891144,21.0.3.11,false,512,38.31,InvokeFunction,,,LATEST,1-690ef4f3-0c0a43-8e0db9920a58,OnDemand,,,0.50,
,2C250D9B2FF86C019F81DAC520815883-2A,1762587894,FCRequestMetrics:/n-matmul-512,111,111,,,2575.27,n-matmul-512,false,52c1693be583,,c-690ef4a4-0cf1abd9-b2b9a6cf3285,1762587891728,Sync,2577.38,1762587891727,21.0.3.10,false,512,39.55,InvokeFunction,,,LATEST,1-690ef4f3-0c49fa-99b82d6c9fd3,OnDemand,,,0.91,
,9ADEFA90B0D30226FA9EC5C9D5AE07C5-27,1762587894,FCRequestMetrics:/n-matmul-512,118,118,,,2828.20,n-matmul-512,false,720d5821fc65,,c-690ef4a1-0cf1abd9-d2a0858351d9,1762587891261,Sync,2829.61,1762587891260,21.0.3.9,false,512,36.29,InvokeFunction,,,LATEST,1-690ef4f3-0c0a43-d12bddc3bf4f,OnDemand,,,0.47,
,3638871BA5BA6CB81D64084B08F55201-35,1762587894,FCRequestMetrics:/n-matmul-512,104,104,,,2879.81,n-matmul-512,false,d9ddc014a95e,,c-690ef48f-0cf1abd9-ec0c220edbce,1762587891823,Sync,2882.02,1762587891821,21.0.3.8,false,512,38.25,InvokeFunction,,,LATEST,1-690ef4f3-0c49fa-b45720154e5e,OnDemand,,,1.36,
,5A4B169E4A6A12AF96E6A9F31574ACDB-1B,1762587894,FCRequestMetrics:/n-matmul-512,85,85,,,1837.39,n-matmul-512,false,e49c1078154a,,c-690ef4bd-0cf1abd9-52730e96d71d,1762587892490,Sync,1838.96,1762587892489,21.0.3.12,false,512,37.75,InvokeFunction,,,LATEST,1-690ef4f4-0c0a43-09a6eb69bd69,OnDemand,,,0.56,
,5E4A59CDF3E7A5F12FFA6D69EE5EC6FC-F,1762587894,FCRequestMetrics:/n-matmul-512,98,98,,,2659.42,n-matmul-512,false,2e799e3149e9,,c-690ef4d7-0cf1abd9-47d2e00207ec,1762587891961,Sync,2661.61,1762587891959,21.0.3.10,false,512,38.13,InvokeFunction,,,LATEST,1-690ef4f3-0c49fa-e2b5e36a1498,OnDemand,,,1.15,
,CF8B8E5EDA76CE1E15E6DE137B05F0FC-1A,1762587894,FCRequestMetrics:/n-matmul-512,111,111,,,2465.93,n-matmul-512,false,09ed6314a647,,c-690ef4bd-0cf1abd9-4b304ea77a49,1762587891678,Sync,2468.11,1762587891676,21.0.3.12,false,512,38.25,InvokeFunction,,,LATEST,1-690ef4f3-0c49fa-3c8ff20fe029,OnDemand,,,1.36,
,CA067C7B13641001A367D67FE1936091-2F,1762587894,FCRequestMetrics:/n-matmul-512,116,116,,,3077.25,n-matmul-512,false,5046f6076057,,c-690ef490-0cf1abd9-851ce87263d1,1762587891038,Sync,3078.48,1762587891037,21.0.3.11,false,512,28.86,InvokeFunction,,,LATEST,1-690ef4f3-0c0a43-ef343e9e870e,OnDemand,,,0.53,
,32144092075796B61E66CC5CB449FE74-34,1762587894,FCRequestMetrics:/n-matmul-512,116,116,,,2947.85,n-matmul-512,false,4e09d5ee1757,,c-690ef48f-0cf1abd9-c9b2724f454d,1762587891131,Sync,2949.58,1762587891130,21.0.3.11,false,512,29.02,InvokeFunction,,,LATEST,1-690ef4f3-0c49fa-112bbb2b7186,OnDemand,,,0.88,
,7E61C224A0C92ACF29245CE740336474-E,1762587894,FCRequestMetrics:/n-matmul-512,116,116,,,2690.92,n-matmul-512,false,54fa523719bf,,c-690ef4d5-0cf1abd9-a1fddea636ac,1762587891359,Sync,2692.28,1762587891359,21.0.3.8,false,512,39.48,InvokeFunction,,,LATEST,1-690ef4f3-0c0a43-a6d0e48e6a6e,OnDemand,,,0.49,
,B50B6C7E4A9EFD8ADCDAE8E71A8A357B-34,1762587894,FCRequestMetrics:/n-matmul-512,117,117,,,2595.43,n-matmul-512,false,0c3cf93849f8,,c-690ef48f-0cf1abd9-ad135b628654,1762587891538,Sync,2596.92,1762587891537,21.0.3.8,false,512,27.07,InvokeFunction,,,LATEST,1-690ef4f3-0c0a43-117bd48c9ae7,OnDemand,,,0.50,
,86C97E3549B8E428464CF6B56B68BFDC-21,1762587894,FCRequestMetrics:/n-matmul-512,92,92,,,1876.13,n-matmul-512,false,5a3240bb4b57,,c-690ef4b1-0cf1abd9-ef240bcd1d76,1762587892233,Sync,1878.07,1762587892232,21.0.3.12,false,512,38.21,InvokeFunction,,,LATEST,1-690ef4f4-0c49fa-e9b0f0ce1e70,OnDemand,,,0.94,
,BD9BE3600CF3EADC822FC16C6CE56C55-1D,1762587894,FCRequestMetrics:/n-matmul-512,118,118,,,2763.83,n-matmul-512,false,a90b8e21cc4e,,c-690ef4bd-0cf1abd9-4533cb176176,1762587891279,Sync,2765.60,1762587891278,21.0.3.10,false,512,39.59,InvokeFunction,,,LATEST,1-690ef4f3-0c0a43-90d57b7c61ed,OnDemand,,,0.45,
,4D57B9EBA87590C7398CF6540746C6BE-32,1762587894,FCRequestMetrics:/n-matmul-512,98,98,,,2431.15,n-matmul-512,false,cf9fc6279e9f,,c-690ef490-0cf1abd9-f9b75dacbfca,1762587891954,Sync,2432.93,1762587891953,21.0.3.10,false,512,26.73,InvokeFunction,,,LATEST,1-690ef4f3-0c0a43-b99a8b9ca948,OnDemand,,,0.56,
,C1D7342C162E0433E3DCC69A36E49279-2A,1762587894,FCRequestMetrics:/n-matmul-512,116,116,,,2665.60,n-matmul-512,false,c1850f6d6120,,c-690ef49e-0cf1abd9-bea541164f91,1762587891363,Sync,2667.57,1762587891362,21.0.3.11,false,512,37.93,InvokeFunction,,,LATEST,1-690ef4f3-0c49fa-b94d46ee99cd,OnDemand,,,0.98,
,ED99555BBD66FF347A8C8145C62ABE99-28,1762587894,FCRequestMetrics:/n-matmul-512,116,116,,,2735.42,n-matmul-512,false,4bed96722f41,,c-690ef49c-0cf1abd9-8088ae7c339c,1762587891351,Sync,2737.39,1762587891349,21.0.3.8,false,512,38.05,InvokeFunction,,,LATEST,1-690ef4f3-0c49fa-1d0226b390ee,OnDemand,,,1.13,
,FD6981321571EC68F9E27CDAD26BAC19-28,1762587894,FCRequestMetrics:/n-matmul-512,102,102,,,2349.98,n-matmul-512,false,b2349f9a27e7,,c-690ef49c-0cf1abd9-a2407a052b71,1762587891870,Sync,2352.58,1762587891869,21.0.3.12,false,512,41.86,InvokeFunction,,,LATEST,1-690ef4f3-0c49fa-febeeb3c06de,OnDemand,,,1.34,
,61FB77CF084CA2B121CED83B1B2F8CB8-F,1762587894,FCRequestMetrics:/n-matmul-512,86,86,,,1761.96,n-matmul-512,false,cbf3b5341b24,,c-690ef4d5-0cf1abd9-896a7d670f7a,1762587892417,Sync,1763.64,1762587892416,21.0.3.7,false,512,28.78,InvokeFunction,,,LATEST,1-690ef4f4-0c0a43-06feba853d88,OnDemand,,,0.61,
,3D753EA828DEDBBB0DF10FE8437E0EE2-27,1762587894,FCRequestMetrics:/n-matmul-512,118,118,,,2855.20,n-matmul-512,false,13a75e602ffd,,c-690ef49e-0cf1abd9-124626cd631e,1762587891244,Sync,2857.45,1762587891243,21.0.3.12,false,512,38.05,InvokeFunction,,,LATEST,1-690ef4f3-0c49fa-64ccab88680a,OnDemand,,,1.38,
,F07C00865CBCDDD3603F2861EC1005E7-32,1762587894,FCRequestMetrics:/n-matmul-512,118,118,,,3194.78,n-matmul-512,false,23ed8e688827,,c-690ef48f-0cf1abd9-c9d277f8db04,1762587891251,Sync,3197.68,1762587891249,21.0.3.12,false,512,34.06,InvokeFunction,,,LATEST,1-690ef4f3-0c49fa-847c7512cce8,OnDemand,,,1.14,
,EABCDA55D43EA68A09CAEB4C9E234812-F,1762587894,FCRequestMetrics:/n-matmul-512,101,101,,,3780.03,n-matmul-512,false,2ac0bc3d44f6,,c-690ef4d7-0cf1abd9-14d53d3e8f33,1762587890472,Sync,3782.37,1762587890470,21.0.3.11,false,512,35.99,InvokeFunction,,,LATEST,1-690ef4f2-0c49fa-7d06c9947fad,OnDemand,,,1.21,
,270B9EACE82C5E95387DFC3023475A37-27,1762587894,FCRequestMetrics:/n-matmul-512,119,119,,,2963.01,n-matmul-512,false,fe7ebaee4797,,c-690ef4a4-0cf1abd9-3aa2f2400266,1762587891191,Sync,2965.80,1762587891190,21.0.3.8,false,512,34.16,InvokeFunction,,,LATEST,1-690ef4f3-0c49fa-00191f46bb67,OnDemand,,,0.91,
,52D7D507918D931708B22C4CE8E63CCC-21,1762587894,FCRequestMetrics:/n-matmul-512,119,119,,,2788.10,n-matmul-512,false,7e3f21c3452b,,c-690ef4b2-0cf1abd9-448ba4a6e619,1762587891221,Sync,2789.57,1762587891220,21.0.3.9,false,512,34.27,InvokeFunction,,,LATEST,1-690ef4f3-0c0a43-5698e7e6faf5,OnDemand,,,0.50,
,4B2A5B6DBC4B791759CF9FA5FD5DDA4E-E,1762587894,FCRequestMetrics:/n-matmul-512,116,116,,,3525.90,n-matmul-512,false,d9816709289a,,c-690ef4d6-0cf1abd9-2c6970162d0e,1762587891037,Sync,3528.14,1762587891036,21.0.3.9,false,512,36.11,InvokeFunction,,,LATEST,1-690ef4f3-0c0a43-bdb70a7b83fe,OnDemand,,,0.55,
,BF0051A2DC4BF4DDC3679E47B8B32C9C-1A,1762587894,FCRequestMetrics:/n-matmul-512,95,95,,,2891.02,n-matmul-512,false,e797c285140c,,c-690ef4c0-0cf1abd9-8278610d83f5,1762587892092,Sync,2893.13,1762587892091,21.0.3.8,false,512,34.27,InvokeFunction,,,LATEST,1-690ef4f4-0c0a43-8410a06033a2,OnDemand,,,0.57,
,85AE7850BCAF6CD3F0510D61A3C3BE5F-E,1762587894,FCRequestMetrics:/n-matmul-512,116,116,,,3308.10,n-matmul-512,false,d876faebd573,,c-690ef4d6-0cf1abd9-67e660b3df1a,1762587891123,Sync,3312.86,1762587891121,21.0.3.8,false,512,39.69,InvokeFunction,,,LATEST,1-690ef4f3-0c49fa-3391c6b8794c,OnDemand,,,1.36,
,5A4B169E4A6A12AF96E6A9F31574ACDB-1A,1762587894,FCRequestMetrics:/n-matmul-512,41,41,,,0.04,n-matmul-512,true,e49c1078154a,,c-690ef4bd-0cf1abd9-52730e96d71d,1762587894378,Sync,419.86,1762587894376,21.0.3.12,false,512,2.18,InvokeFunction,,,LATEST,1-690ef4f6-0c49fa-1e1a9a93b5a4,OnDemand,,,1.42,,"{""errorType"":""FunctionAbnormalExitError""}"
,023E1362E98622AC0BA42C246E757652-21,1762587894,FCRequestMetrics:/n-matmul-512,80,80,,,1875.11,n-matmul-512,false,c2dc25ac0291,,c-690ef4b3-0cf1abd9-482c4f6b212d,1762587893083,Sync,1877.00,1762587893082,21.0.3.9,false,512,36.09,InvokeFunction,,,LATEST,1-690ef4f5-0c49fa-a0af5ae5e416,OnDemand,,,0.85,
,2C250D9B2FF86C019F81DAC520815883-29,1762587894,FCRequestMetrics:/n-matmul-512,43,43,,,0.03,n-matmul-512,true,52c1693be583,,c-690ef4a4-0cf1abd9-b2b9a6cf3285,1762587894325,Sync,588.75,1762587894324,21.0.3.10,false,512,2.21,InvokeFunction,,,LATEST,1-690ef4f6-0c0a43-8777e5320e44,OnDemand,,,0.55,,"{""errorType"":""FunctionAbnormalExitError""}"
,F633B574683DE8AA2BF0D3EEBDF4C796-1E,1762587895,FCRequestMetrics:/n-matmul-512,82,82,,,1870.27,n-matmul-512,false,2aab02d9eb5a,,c-690ef4b2-0cf1abd9-a85fa9ced593,1762587893149,Sync,1872.66,1762587893148,21.0.3.8,false,512,34.21,InvokeFunction,,,LATEST,1-690ef4f5-0c0a43-4432bee27cf0,OnDemand,,,0.47,
,F031090DB7497FBE9C5AA393E7E68561-34,1762587895,FCRequestMetrics:/n-matmul-512,78,78,,,2692.56,n-matmul-512,false,ac449c8e7f33,,c-690ef48f-0cf1abd9-a7a4b84ee62d,1762587892889,Sync,2694.62,1762587892888,21.0.3.9,false,512,36.66,InvokeFunction,,,LATEST,1-690ef4f4-0c49fa-18baa33ec918,OnDemand,,,1.19,
,B1B3EF35016788C3424F79DCBD83BB05-34,1762587895,FCRequestMetrics:/n-matmul-512,79,79,,,2645.55,n-matmul-512,false,8e7a4967c312,,c-690ef48f-0cf1abd9-e1933dd451ba,1762587893017,Sync,2648.31,1762587893016,21.0.3.10,false,512,36.29,InvokeFunction,,,LATEST,1-690ef4f5-0c49fa-953dd094e9ab,OnDemand,,,1.45,
,4A1A7379ED68F1567875DE99C92BB621-F,1762587895,FCRequestMetrics:/n-matmul-512,80,80,,,2465.54,n-matmul-512,false,d5bc7449f792,,c-690ef4d8-0cf1abd9-7eb634cbbfaf,1762587893098,Sync,2467.46,1762587893096,21.0.3.12,false,512,38.02,InvokeFunction,,,LATEST,1-690ef4f5-0c49fa-34d1f63b3aaf,OnDemand,,,0.84,
,148C1B09986999E20AA0FF04F10942D0-34,1762587895,FCRequestMetrics:/n-matmul-512,80,80,,,1973.62,n-matmul-512,false,aa1e2085073a,,c-690ef48f-0cf1abd9-2b72cdd5c5c2,1762587893083,Sync,1975.03,1762587893082,21.0.3.10,false,512,36.14,InvokeFunction,,,LATEST,1-690ef4f5-0c0a43-09732d074112,OnDemand,,,0.51,
,30B0C091F501AEB24D6930948CD8CD12-1C,1762587895,FCRequestMetrics:/n-matmul-512,86,86,,,2600.63,n-matmul-512,false,f585a3de42a9,,c-690ef4c0-0cf1abd9-2f59d877e38b,1762587892426,Sync,2602.45,1762587892425,21.0.3.10,false,512,26.91,InvokeFunction,,,LATEST,1-690ef4f4-0c0a43-918468e31535,OnDemand,,,0.54,
,76578469F84FCD1CB8F7AE0D7CEF0D58-12,1762587895,FCRequestMetrics:/n-matmul-512,92,92,,,2908.83,n-matmul-512,false,8c2f5578c019,,c-690ef4d1-0cf1abd9-df87844cb3e3,1762587892163,Sync,2910.13,1762587892162,21.0.3.7,false,512,34.48,InvokeFunction,,,LATEST,1-690ef4f4-0c0a43-2e262da5af83,OnDemand,,,0.55,
,9DDF92507C03E777F745C0AA5C83C458-2B,1762587895,FCRequestMetrics:/n-matmul-512,80,80,,,1672.56,n-matmul-512,false,ab20715057dd,,c-690ef49e-0cf1abd9-a4d3e4836d71,1762587893451,Sync,1674.33,1762587893451,21.0.3.8,false,512,27.08,InvokeFunction,,,LATEST,1-690ef4f5-0c0a43-667bc7c962e5,OnDemand,,,0.42,
,646B33D459BD0A9244D32F781DAF3418-28,1762587895,FCRequestMetrics:/n-matmul-512,82,82,,,2564.53,n-matmul-512,false,5d92a283eb8a,,c-690ef4a1-0cf1abd9-de1abe369d37,1762587893376,Sync,2565.75,1762587893375,21.0.3.10,false,512,39.88,InvokeFunction,,,LATEST,1-690ef4f5-0c0a43-862be4a0bab4,OnDemand,,,0.57,
,C5E3D6C1456AB3A159B70500C779D02C-12,1762587895,FCRequestMetrics:/n-matmul-512,85,85,,,2729.44,n-matmul-512,false,03aa7a5e978e,,c-690ef4d1-0cf1abd9-37e40b6fa245,1762587892577,Sync,2731.09,1762587892576,21.0.3.11,false,512,34.24,InvokeFunction,,,LATEST,1-690ef4f4-0c0a43-5c5802c8aec0,OnDemand,,,0.53,
,7F41C0AC9649E78CE4E6389BA04F93F7-34,1762587895,FCRequestMetrics:/n-matmul-512,82,82,,,2744.67,n-matmul-512,false,2f9a827ac39a,,c-690ef48f-0cf1abd9-d481ef5b70cb,1762587892830,Sync,2746.67,1762587892828,21.0.3.12,false,512,34.58,InvokeFunction,,,LATEST,1-690ef4f4-0c49fa-18e722a88fce,OnDemand,,,1.21,
,E336B2A6408E27B02C6CAB82C50088BC-19,1762587895,FCRequestMetrics:/n-matmul-512,80,80,,,2493.26,n-matmul-512,false,b76d94444b2f,,c-690ef4c1-0cf1abd9-48675e1450f8,1762587893092,Sync,2495.49,1762587893090,21.0.3.7,false,512,34.50,InvokeFunction,,,LATEST,1-690ef4f5-0c49fa-51a40e66bc70,OnDemand,,,1.11,
,A58D23371A460570694E59E83C205D35-34,1762587895,FCRequestMetrics:/n-matmul-512,80,80,,,2219.83,n-matmul-512,false,f5099c18cdf1,,c-690ef48f-0cf1abd9-aa29b9d0aa99,1762587893094,Sync,2222.32,1762587893093,21.0.3.11,false,512,36.12,InvokeFunction,,,LATEST,1-690ef4f5-0c0a43-f6cdbfd220a6,OnDemand,,,0.45,
,8009EC769EAF82E94BE4682B8C0E45B5-1A,1762587895,FCRequestMetrics:/n-matmul-512,79,79,,,2587.57,n-matmul-512,false,e18d84b3712e,,c-690ef4c1-0cf1abd9-2df610e1f3e8,1762587892997,Sync,2589.29,1762587892996,21.0.3.8,false,512,38.49,InvokeFunction,,,LATEST,1-690ef4f4-0c0a43-1fd01c268426,OnDemand,,,0.62,
,22E833C237D88A72ACDEEBC774861945-1A,1762587895,FCRequestMetrics:/n-matmul-512,85,85,,,2929.95,n-matmul-512,false,3ad91ce1f715,,c-690ef4c1-0cf1abd9-a9ad8a9b0501,1762587892596,Sync,2932.88,1762587892595,21.0.3.5,false,512,34.26,InvokeFunction,,,LATEST,1-690ef4f4-0c0a43-199dbcb1289f,OnDemand,,,0.52,
,537821DDAFE9614566F0064DDB274514-2A,1762587895,FCRequestMetrics:/n-matmul-512,82,82,,,2077.19,n-matmul-512,false,e7a61b8cb4fe,,c-690ef4a1-0cf1abd9-564b243bc6a8,1762587893181,Sync,2079.51,1762587893180,21.0.3.8,false,512,38.24,InvokeFunction,,,LATEST,1-690ef4f5-0c49fa-febaa5100195,OnDemand,,,1.37,
,7780C0688E26C68EB0D69712BCDE475F-35,1762587895,FCRequestMetrics:/n-matmul-512,80,80,,,2318.62,n-matmul-512,false,333740b1eaee,,c-690ef490-0cf1abd9-b30a2e13f5eb,1762587893094,Sync,2320.47,1762587893093,21.0.3.12,false,512,34.33,InvokeFunction,,,LATEST,1-690ef4f5-0c49fa-92d1745636df,OnDemand,,,0.93,
,5E4A59CDF3E7A5F12FFA6D69EE5EC6FC-11,1762587895,FCRequestMetrics:/n-matmul-512,39,39,,,0.04,n-matmul-512,true,2e799e3149e9,,c-690ef4d7-0cf1abd9-47d2e00207ec,1762587894655,Sync,934.45,1762587894654,21.0.3.10,false,512,2.10,InvokeFunction,,,LATEST,1-690ef4f6-0c0a43-ad00ae4a0df4,OnDemand,,,0.58,,"{""errorType"":""FunctionAbnormalExitError""}"
,7C823A060900EA64C601C711AE9A8E7B-32,1762587896,FCRequestMetrics:/n-matmul-512,85,85,,,2987.88,n-matmul-512,false,a9c1f9cad0fa,,c-690ef492-0cf1abd9-41b4dd0accbf,1762587893306,Sync,2989.37,1762587893305,21.0.3.10,false,512,40.40,InvokeFunction,,,LATEST,1-690ef4f5-0c0a43-d3530e87b788,OnDemand,,,0.49,
,BD1D69C9267D95E53B2A79C6CB35D41D-2F,1762587896,FCRequestMetrics:/n-matmul-512,82,82,,,2962.84,n-matmul-512,false,987841b3d4f5,,c-690ef492-0cf1abd9-b72bb88bbd36,1762587893339,Sync,2965.02,1762587893338,21.0.3.12,false,512,36.63,InvokeFunction,,,LATEST,1-690ef4f5-0c49fa-e1306e93f8df,OnDemand,,,1.17,
,8A4C9F8EC0081A54D335C35B65D1357D-25,1762587896,FCRequestMetrics:/n-matmul-512,82,82,,,2741.49,n-matmul-512,false,1c5ca9e1c7f9,,c-690ef4a4-0cf1abd9-274debaa5e8f,1762587893347,Sync,2742.88,1762587893346,21.0.3.9,false,512,38.35,InvokeFunction,,,LATEST,1-690ef4f5-0c0a43-a3269d303bbb,OnDemand,,,0.48,
,447511FEAA2C196192B29D0355E78B1D-34,1762587896,FCRequestMetrics:/n-matmul-512,82,82,,,2651.80,n-matmul-512,false,2be5f8bcaa9a,,c-690ef48f-0cf1abd9-405aaa419009,1762587893380,Sync,2653.09,1762587893379,21.0.3.9,false,512,38.72,InvokeFunction,,,LATEST,1-690ef4f5-0c0a43-092b8a80c528,OnDemand,,,0.47,
,C9A28A785F95831BC9FC8EA20129FD05-1A,1762587896,FCRequestMetrics:/n-matmul-512,70,70,,,2390.35,n-matmul-512,false,4856bc7a68f1,,c-690ef4c1-0cf1abd9-aae68ff129ed,1762587893678,Sync,2392.63,1762587893677,21.0.3.6,false,512,36.20,InvokeFunction,,,LATEST,1-690ef4f5-0c49fa-2b3aa4def2bc,OnDemand,,,1.24,
,01D4E8E7911B88CA9BFEF68BF58454E3-12,1762587896,FCRequestMetrics:/n-matmul-512,73,73,,,2727.02,n-matmul-512,false,af9f8faefca2,,c-690ef4d1-0cf1abd9-2cb97b541620,1762587893601,Sync,2729.63,1762587893599,21.0.3.10,false,512,34.72,InvokeFunction,,,LATEST,1-690ef4f5-0c49fa-684ce27e6240,OnDemand,,,1.35,
,5F40BF3643AE590E1A0AFBFC2BB1CC92-21,1762587896,FCRequestMetrics:/n-matmul-512,73,73,,,2740.61,n-matmul-512,false,918ade19bbee,,c-690ef4b1-0cf1abd9-3df7810e23e4,1762587893588,Sync,2741.93,1762587893587,21.0.3.11,false,512,36.81,InvokeFunction,,,LATEST,1-690ef4f5-0c0a43-ad0f79cbdf6a,OnDemand,,,0.51,
,A0E18646E4ED1862BB7852A818D6BD84-33,1762587896,FCRequestMetrics:/n-matmul-512,82,82,,,2987.53,n-matmul-512,false,455c2c4df2d2,,c-690ef48f-0cf1abd9-fff0447ff1dc,1762587893146,Sync,2990.60,1762587893145,21.0.3.8,false,512,26.59,InvokeFunction,,,LATEST,1-690ef4f5-0c0a43-65faf86b7639,OnDemand,,,0.54,
,EABCDA55D43EA68A09CAEB4C9E234812-F,1762587896,FCRequestMetrics:/n-matmul-512,41,41,,,1810.47,n-matmul-512,false,2ac0bc3d44f6,,c-690ef4d7-0cf1abd9-14d53d3e8f33,1762587894385,Sync,1817.65,1762587894379,21.0.3.11,false,512,38.21,InvokeFunction,,,LATEST,1-690ef4f6-0c49fa-eefe2c585139,OnDemand,,,1.14,
,5F3A1644AB2A1C8B074AB8754A10A293-25,1762587896,FCRequestMetrics:/n-matmul-512,82,82,,,2704.97,n-matmul-512,false,69f1f8b4cc9d,,c-690ef4a4-0cf1abd9-06b3493bf27e,1762587893364,Sync,2707.66,1762587893362,21.0.3.12,false,512,39.96,InvokeFunction,,,LATEST,1-690ef4f5-0c49fa-afde5e492345,OnDemand,,,1.32,
,6CCFB4E4193C923DA012941FDF8BA7C1-30,1762587896,FCRequestMetrics:/n-matmul-512,85,85,,,2744.23,n-matmul-512,false,1ea218c34989,,c-690ef48f-0cf1abd9-4c65696b73c9,1762587893278,Sync,2745.97,1762587893278,21.0.3.9,false,512,37.60,InvokeFunction,,,LATEST,1-690ef4f5-0c0a43-cbf62e05352c,OnDemand,,,0.51,
,F91A17FDEE204113BD7FCEE97E77B19D-34,1762587896,FCRequestMetrics:/n-matmul-512,73,73,,,2661.26,n-matmul-512,false,b4a55f945517,,c-690ef48f-0cf1abd9-f3db6505083a,1762587893576,Sync,2662.92,1762587893575,21.0.3.12,false,512,34.77,InvokeFunction,,,LATEST,1-690ef4f5-0c49fa-f455eb39a42f,OnDemand,,,0.90,
,86D3C1657BB7CB6F9D6C1B5957027679-22,1762587896,FCRequestMetrics:/n-matmul-512,80,80,,,2807.37,n-matmul-512,false,41e163ab7845,,c-690ef4b1-0cf1abd9-383b8cf3b88f,1762587893472,Sync,2809.80,1762587893470,21.0.3.10,false,512,34.65,InvokeFunction,,,LATEST,1-690ef4f5-0c49fa-9493c6aafbf5,OnDemand,,,1.19,
,78CD85FE04C684FD432ABFF362CBF50C-32,1762587896,FCRequestMetrics:/n-matmul-512,85,85,,,2899.74,n-matmul-512,false,6999fff919fb,,c-690ef48f-0cf1abd9-6c6d9044c534,1762587893300,Sync,2901.52,1762587893299,21.0.3.11,false,512,36.54,InvokeFunction,,,LATEST,1-690ef4f5-0c49fa-929d6d1b90c0,OnDemand,,,0.89,
,32144092075796B61E66CC5CB449FE74-36,1762587896,FCRequestMetrics:/n-matmul-512,56,56,,,2111.24,n-matmul-512,false,4e09d5ee1757,,c-690ef48f-0cf1abd9-c9b2724f454d,1762587894085,Sync,2113.22,1762587894084,21.0.3.11,false,512,36.17,InvokeFunction,,,LATEST,1-690ef4f6-0c49fa-529dda87dfe7,OnDemand,,,0.92,
,F07C00865CBCDDD3603F2861EC1005E7-32,1762587897,FCRequestMetrics:/n-matmul-512,42,42,,,2619.40,n-matmul-512,false,23ed8e688827,,c-690ef48f-0cf1abd9-c9d277f8db04,1762587894502,Sync,2621.85,1762587894500,21.0.3.12,false,512,36.50,InvokeFunction,,,LATEST,1-690ef4f6-0c49fa-53daa2100358,OnDemand,,,1.40,
,EABCDA55D43EA68A09CAEB4C9E234812-E,1762587897,FCRequestMetrics:/n-matmul-512,12,12,,,0.04,n-matmul-512,true,2ac0bc3d44f6,,c-690ef4d7-0cf1abd9-14d53d3e8f33,1762587897349,Sync,439.87,1762587897348,21.0.3.11,false,512,2.05,InvokeFunction,,,LATEST,1-690ef4f9-0c49fa-50bb341a1773,OnDemand,,,1.31,,"{""errorType"":""FunctionAbnormalExitError""}"
,F91A17FDEE204113BD7FCEE97E77B19D-34,1762587898,FCRequestMetrics:/n-matmul-512,9,9,,,1336.58,n-matmul-512,false,b4a55f945517,,c-690ef48f-0cf1abd9-f3db6505083a,1762587897051,Sync,1338.74,1762587897049,21.0.3.12,false,512,36.55,InvokeFunction,,,LATEST,1-690ef4f9-0c49fa-a8c7bae1a132,OnDemand,,,1.24,
,C5E3D6C1456AB3A159B70500C779D02C-12,1762587898,FCRequestMetrics:/n-matmul-512,27,27,,,2929.69,n-matmul-512,false,03aa7a5e978e,,c-690ef4d1-0cf1abd9-37e40b6fa245,1762587895408,Sync,2931.14,1762587895407,21.0.3.11,false,512,36.32,InvokeFunction,,,LATEST,1-690ef4f7-0c0a43-804c1000c48b,OnDemand,,,0.59,
,78CD85FE04C684FD432ABFF362CBF50C-32,1762587898,FCRequestMetrics:/n-matmul-512,14,14,,,2516.12,n-matmul-512,false,6999fff919fb,,c-690ef48f-0cf1abd9-6c6d9044c534,1762587896214,Sync,2518.59,1762587896212,21.0.3.11,false,512,38.36,InvokeFunction,,,LATEST,1-690ef4f8-0c49fa-dbc196d0c4d9,OnDemand,,,1.24,
,A58D23371A460570694E59E83C205D35-34,1762587898,FCRequestMetrics:/n-matmul-512,27,27,,,2712.49,n-matmul-512,false,f5099c18cdf1,,c-690ef48f-0cf1abd9-aa29b9d0aa99,1762587895343,Sync,2714.70,1762587895342,21.0.3.11,false,512,38.14,InvokeFunction,,,LATEST,1-690ef4f7-0c49fa-a4381d724038,OnDemand,,,1.33,
,32144092075796B61E66CC5CB449FE74-36,1762587898,FCRequestMetrics:/n-matmul-512,9,9,,,1179.41,n-matmul-512,false,4e09d5ee1757,,c-690ef48f-0cf1abd9-c9b2724f454d,1762587897051,Sync,1180.71,1762587897050,21.0.3.11,false,512,38.07,InvokeFunction,,,LATEST,1-690ef4f9-0c0a43-80a7b52edd19,OnDemand,,,0.53,
,447511FEAA2C196192B29D0355E78B1D-36,1762587898,FCRequestMetrics:/n-matmul-512,17,17,,,635.80,n-matmul-512,false,2be5f8bcaa9a,,c-690ef48f-0cf1abd9-405aaa419009,1762587897687,Sync,637.31,1762587897686,21.0.3.9,false,512,41.81,InvokeFunction,,,LATEST,1-690ef4f9-0c0a43-0fac6f2fd6cd,OnDemand,,,0.73,
,C9A28A785F95831BC9FC8EA20129FD05-1B,1762587898,FCRequestMetrics:/n-matmul-512,13,13,,,718.58,n-matmul-512,false,4856bc7a68f1,,c-690ef4c1-0cf1abd9-aae68ff129ed,1762587897496,Sync,719.88,1762587897495,21.0.3.6,false,512,39.57,InvokeFunction,,,LATEST,1-690ef4f9-0c0a43-84324c0f292b,OnDemand,,,0.53,
,5F3A1644AB2A1C8B074AB8754A10A293-25,1762587898,FCRequestMetrics:/n-matmul-512,13,13,,,0.04,n-matmul-512,true,69f1f8b4cc9d,,c-690ef4a4-0cf1abd9-06b3493bf27e,1762587897474,Sync,603.22,1762587897473,21.0.3.12,false,512,2.13,InvokeFunction,,,LATEST,1-690ef4f9-0c0a43-5b4fa6fe1645,OnDemand,,,0.57,,"{""errorType"":""FunctionAbnormalExitError""}"
,6CCFB4E4193C923DA012941FDF8BA7C1-33,1762587898,FCRequestMetrics:/n-matmul-512,17,17,,,0.04,n-matmul-512,true,1ea218c34989,,c-690ef48f-0cf1abd9-4c65696b73c9,1762587897692,Sync,864.80,1762587897691,21.0.3.9,false,512,2.08,InvokeFunction,,,LATEST,1-690ef4f9-0c49fa-abe98676341a,OnDemand,,,1.25,,"{""errorType"":""FunctionAbnormalExitError""}"
,8A4C9F8EC0081A54D335C35B65D1357D-27,1762587899,FCRequestMetrics:/n-matmul-512,13,13,,,1549.92,n-matmul-512,false,1c5ca9e1c7f9,,c-690ef4a4-0cf1abd9-274debaa5e8f,1762587897472,Sync,1551.80,1762587897471,21.0.3.9,false,512,40.07,InvokeFunction,,,LATEST,1-690ef4f9-0c49fa-a7070fe2843c,OnDemand,,,1.09,
,BD1D69C9267D95E53B2A79C6CB35D41D-32,1762587899,FCRequestMetrics:/n-matmul-512,6,6,,,2772.97,n-matmul-512,false,987841b3d4f5,,c-690ef492-0cf1abd9-b72bb88bbd36,1762587896400,Sync,2774.38,1762587896399,21.0.3.12,false,512,38.16,InvokeFunction,,,LATEST,1-690ef4f8-0c0a43-4fc01fc0434b,OnDemand,,,0.58,
,5F40BF3643AE590E1A0AFBFC2BB1CC92-23,1762587899,FCRequestMetrics:/n-matmul-512,6,6,,,2780.02,n-matmul-512,false,918ade19bbee,,c-690ef4b1-0cf1abd9-3df7810e23e4,1762587896370,Sync,2781.46,1762587896369,21.0.3.11,false,512,38.31,InvokeFunction,,,LATEST,1-690ef4f8-0c0a43-24452e39b606,OnDemand,,,0.60,
,01D4E8E7911B88CA9BFEF68BF58454E3-14,1762587899,FCRequestMetrics:/n-matmul-512,6,6,,,2893.25,n-matmul-512,false,af9f8faefca2,,c-690ef4d1-0cf1abd9-2cb97b541620,1762587896348,Sync,2895.67,1762587896346,21.0.3.10,false,512,36.07,InvokeFunction,,,LATEST,1-690ef4f8-0c49fa-affa2a19c2d9,OnDemand,,,1.45,
,7C823A060900EA64C601C711AE9A8E7B-34,1762587899,FCRequestMetrics:/n-matmul-512,8,8,,,2620.22,n-matmul-512,false,a9c1f9cad0fa,,c-690ef492-0cf1abd9-41b4dd0accbf,1762587896522,Sync,2621.77,1762587896521,21.0.3.10,false,512,41.93,InvokeFunction,,,LATEST,1-690ef4f8-0c0a43-0b34d4a8b09c,OnDemand,,,0.66,
,A0E18646E4ED1862BB7852A818D6BD84-34,1762587899,FCRequestMetrics:/n-matmul-512,13,13,,,1866.40,n-matmul-512,false,455c2c4df2d2,,c-690ef48f-0cf1abd9-fff0447ff1dc,1762587897445,Sync,1870.16,1762587897444,21.0.3.8,false,512,34.25,InvokeFunction,,,LATEST,1-690ef4f9-0c49fa-e11f5cd56571,OnDemand,,,0.92,
,86D3C1657BB7CB6F9D6C1B5957027679-23,1762587899,FCRequestMetrics:/n-matmul-512,9,9,,,2236.11,n-matmul-512,false,41e163ab7845,,c-690ef4b1-0cf1abd9-383b8cf3b88f,1762587897049,Sync,2237.70,1762587897048,21.0.3.10,false,512,37.01,InvokeFunction,,,LATEST,1-690ef4f9-0c0a43-5b45a5a0ac70,OnDemand,,,0.65,
,8A4C9F8EC0081A54D335C35B65D1357D-26,1762587899,FCRequestMetrics:/n-matmul-512,11,11,,,0.03,n-matmul-512,true,1c5ca9e1c7f9,,c-690ef4a4-0cf1abd9-274debaa5e8f,1762587899064,Sync,426.56,1762587899062,21.0.3.9,false,512,4.17,InvokeFunction,,,LATEST,1-690ef4fb-0c49fa-a53134bce6f5,OnDemand,,,1.28,,"{""errorType"":""FunctionAbnormalExitError""}"
,78CD85FE04C684FD432ABFF362CBF50C-34,1762587899,FCRequestMetrics:/n-matmul-512,11,11,,,0.03,n-matmul-512,true,6999fff919fb,,c-690ef48f-0cf1abd9-6c6d9044c534,1762587898803,Sync,853.52,1762587898802,21.0.3.11,false,512,2.23,InvokeFunction,,,LATEST,1-690ef4fa-0c49fa-a4176ca9f082,OnDemand,,,1.33,,"{""errorType"":""FunctionAbnormalExitError""}"
,5F40BF3643AE590E1A0AFBFC2BB1CC92-22,1762587899,FCRequestMetrics:/n-matmul-512,12,12,,,0.05,n-matmul-512,true,918ade19bbee,,c-690ef4b1-0cf1abd9-3df7810e23e4,1762587899190,Sync,453.53,1762587899190,21.0.3.11,false,512,2.22,InvokeFunction,,,LATEST,1-690ef4fb-0c0a43-dbea816d09d6,OnDemand,,,0.57,,"{""errorType"":""FunctionAbnormalExitError""}"
,BD1D69C9267D95E53B2A79C6CB35D41D-31,1762587899,FCRequestMetrics:/n-matmul-512,12,12,,,0.03,n-matmul-512,true,987841b3d4f5,,c-690ef492-0cf1abd9-b72bb88bbd36,1762587899183,Sync,622.09,1762587899182,21.0.3.12,false,512,2.23,InvokeFunction,,,LATEST,1-690ef4fb-0c0a43-336d4fcc4239,OnDemand,,,0.56,,"{""errorType"":""FunctionAbnormalExitError""}"
,01D4E8E7911B88CA9BFEF68BF58454E3-13,1762587899,FCRequestMetrics:/n-matmul-512,11,11,,,0.02,n-matmul-512,true,af9f8faefca2,,c-690ef4d1-0cf1abd9-2cb97b541620,1762587899284,Sync,541.10,1762587899283,21.0.3.10,false,512,2.11,InvokeFunction,,,LATEST,1-690ef4fb-0c0a43-a3dabc6455e5,OnDemand,,,0.61,,"{""errorType"":""FunctionAbnormalExitError""}"
,7C823A060900EA64C601C711AE9A8E7B-36,1762587899,FCRequestMetrics:/n-matmul-512,11,11,,,0.03,n-matmul-512,true,a9c1f9cad0fa,,c-690ef492-0cf1abd9-41b4dd0accbf,1762587899286,Sync,630.35,1762587899285,21.0.3.10,false,512,6.16,InvokeFunction,,,LATEST,1-690ef4fb-0c49fa-00d0b2d893bb,OnDemand,,,1.20,,"{""errorType"":""FunctionAbnormalExitError""}"
,F91A17FDEE204113BD7FCEE97E77B19D-36,1762587900,FCRequestMetrics:/n-matmul-512,11,11,,,1708.67,n-matmul-512,false,b4a55f945517,,c-690ef48f-0cf1abd9-f3db6505083a,1762587898552,Sync,1710.22,1762587898551,21.0.3.12,false,512,39.97,InvokeFunction,,,LATEST,1-690ef4fa-0c0a43-63280ac366b2,OnDemand,,,0.66,
,F07C00865CBCDDD3603F2861EC1005E7-35,1762587900,FCRequestMetrics:/n-matmul-512,11,11,,,2985.00,n-matmul-512,false,23ed8e688827,,c-690ef48f-0cf1abd9-c9d277f8db04,1762587897165,Sync,2986.67,1762587897164,21.0.3.12,false,512,39.52,InvokeFunction,,,LATEST,1-690ef4f9-0c0a43-9091134b1062,OnDemand,,,0.60,
,6CCFB4E4193C923DA012941FDF8BA7C1-33,1762587901,FCRequestMetrics:/n-matmul-512,11,11,,,2403.45,n-matmul-512,false,1ea218c34989,,c-690ef48f-0cf1abd9-4c65696b73c9,1762587898954,Sync,2405.26,1762587898953,21.0.3.9,false,512,29.22,InvokeFunction,,,LATEST,1-690ef4fa-0c49fa-fbd0f58a6eef,OnDemand,,,0.93,
,7C823A060900EA64C601C711AE9A8E7B-36,1762587901,FCRequestMetrics:/n-matmul-512,5,5,,,1188.57,n-matmul-512,false,a9c1f9cad0fa,,c-690ef492-0cf1abd9-41b4dd0accbf,1762587900087,Sync,1190.93,1762587900085,21.0.3.10,false,512,26.66,InvokeFunction,,,LATEST,1-690ef4fc-0c49fa-ddbb76d3b926,OnDemand,,,1.47,
,F91A17FDEE204113BD7FCEE97E77B19D-35,1762587901,FCRequestMetrics:/n-matmul-512,4,4,,,0.06,n-matmul-512,true,b4a55f945517,,c-690ef48f-0cf1abd9-f3db6505083a,1762587900596,Sync,427.01,1762587900594,21.0.3.12,false,512,2.35,InvokeFunction,,,LATEST,1-690ef4fc-0c49fa-c231a7eb9a74,OnDemand,,,1.57,,"{""errorType"":""FunctionAbnormalExitError""}"
,A0E18646E4ED1862BB7852A818D6BD84-34,1762587902,FCRequestMetrics:/n-matmul-512,11,11,,,2730.23,n-matmul-512,false,455c2c4df2d2,,c-690ef48f-0cf1abd9-fff0447ff1dc,1762587899326,Sync,2731.84,1762587899325,21.0.3.8,false,512,36.10,InvokeFunction,,,LATEST,1-690ef4fb-0c0a43-b49716015bce,OnDemand,,,0.55,
,01D4E8E7911B88CA9BFEF68BF58454E3-13,1762587903,FCRequestMetrics:/n-matmul-512,4,4,,,730.79,n-matmul-512,false,af9f8faefca2,,c-690ef4d1-0cf1abd9-2cb97b541620,1762587902538,Sync,732.30,1762587902537,21.0.3.10,false,512,26.81,InvokeFunction,,,LATEST,1-690ef4fe-0c0a43-7c6038e746b1,OnDemand,,,0.58,
,7C823A060900EA64C601C711AE9A8E7B-36,1762587903,FCRequestMetrics:/n-matmul-512,2,2,,,1669.61,n-matmul-512,false,a9c1f9cad0fa,,c-690ef492-0cf1abd9-41b4dd0accbf,1762587901615,Sync,1671.13,1762587901614,21.0.3.10,false,512,34.17,InvokeFunction,,,LATEST,1-690ef4fd-0c0a43-58dbaec2898e,OnDemand,,,0.71,
,F91A17FDEE204113BD7FCEE97E77B19D-35,1762587903,FCRequestMetrics:/n-matmul-512,4,4,,,758.35,n-matmul-512,false,b4a55f945517,,c-690ef48f-0cf1abd9-f3db6505083a,1762587902536,Sync,760.10,1762587902535,21.0.3.12,false,512,28.68,InvokeFunction,,,LATEST,1-690ef4fe-0c0a43-e52fedb04694,OnDemand,,,0.67,
,F07C00865CBCDDD3603F2861EC1005E7-36,1762587903,FCRequestMetrics:/n-matmul-512,4,4,,,0.04,n-matmul-512,true,23ed8e688827,,c-690ef48f-0cf1abd9-c9d277f8db04,1762587902537,Sync,586.32,1762587902536,21.0.3.12,false,512,2.09,InvokeFunction,,,LATEST,1-690ef4fe-0c49fa-cc3f0372ed84,OnDemand,,,1.41,,"{""errorType"":""FunctionAbnormalExitError""}"
,BD1D69C9267D95E53B2A79C6CB35D41D-31,1762587904,FCRequestMetrics:/n-matmul-512,7,7,,,1397.69,n-matmul-512,false,987841b3d4f5,,c-690ef492-0cf1abd9-b72bb88bbd36,1762587902938,Sync,1399.20,1762587902937,21.0.3.12,false,512,27.12,InvokeFunction,,,LATEST,1-690ef4fe-0c0a43-8c424ff059a5,OnDemand,,,0.68,
,A0E18646E4ED1862BB7852A818D6BD84-37,1762587904,FCRequestMetrics:/n-matmul-512,4,4,,,2178.19,n-matmul-512,false,455c2c4df2d2,,c-690ef48f-0cf1abd9-fff0447ff1dc,1762587902098,Sync,2180.06,1762587902096,21.0.3.8,false,512,37.80,InvokeFunction,,,LATEST,1-690ef4fe-0c0a43-25698ca10e58,OnDemand,,,0.70,
,6CCFB4E4193C923DA012941FDF8BA7C1-35,1762587904,FCRequestMetrics:/n-matmul-512,2,2,,,2708.10,n-matmul-512,false,1ea218c34989,,c-690ef48f-0cf1abd9-4c65696b73c9,1762587901546,Sync,2710.30,1762587901545,21.0.3.9,false,512,36.80,InvokeFunction,,,LATEST,1-690ef4fd-0c49fa-60c691ba23ae,OnDemand,,,1.26,
,447511FEAA2C196192B29D0355E78B1D-38,1762587905,FCRequestMetrics:/n-matmul-512,3,3,,,0.04,n-matmul-512,true,2be5f8bcaa9a,,c-690ef48f-0cf1abd9-405aaa419009,1762587905131,Sync,424.35,1762587905130,21.0.3.9,false,512,4.07,InvokeFunction,,,LATEST,1-690ef501-0c49fa-138935fb1272,OnDemand,,,0.90,,"{""errorType"":""FunctionAbnormalExitError""}"
,C9A28A785F95831BC9FC8EA20129FD05-1E,1762587905,FCRequestMetrics:/n-matmul-512,15,15,,,0.04,n-matmul-512,true,4856bc7a68f1,,c-690ef4c1-0cf1abd9-aae68ff129ed,1762587905220,Sync,426.44,1762587905219,21.0.3.6,false,512,2.21,InvokeFunction,,,LATEST,1-690ef501-0c0a43-08856eb44bc4,OnDemand,,,0.67,,"{""errorType"":""FunctionAbnormalExitError""}"
,A0E18646E4ED1862BB7852A818D6BD84-39,1762587906,FCRequestMetrics:/n-matmul-512,1,1,,,0.03,n-matmul-512,true,455c2c4df2d2,,c-690ef48f-0cf1abd9-fff0447ff1dc,1762587905012,Sync,1071.12,1762587905011,21.0.3.8,false,512,2.08,InvokeFunction,,,LATEST,1-690ef501-0c0a43-98f1b63adaef,OnDemand,,,0.55,,"{""errorType"":""FunctionAbnormalExitError""}"
,32144092075796B61E66CC5CB449FE74-39,1762587906,FCRequestMetrics:/n-matmul-512,3,3,,,1078.08,n-matmul-512,false,4e09d5ee1757,,c-690ef48f-0cf1abd9-c9b2724f454d,1762587905132,Sync,1079.96,1762587905131,21.0.3.11,false,512,38.19,InvokeFunction,,,LATEST,1-690ef501-0c49fa-9cfec711977f,OnDemand,,,1.13,
,F91A17FDEE204113BD7FCEE97E77B19D-37,1762587906,FCRequestMetrics:/n-matmul-512,3,3,,,1168.29,n-matmul-512,false,b4a55f945517,,c-690ef48f-0cf1abd9-f3db6505083a,1762587905106,Sync,1172.05,1762587905105,21.0.3.12,false,512,36.53,InvokeFunction,,,LATEST,1-690ef501-0c49fa-c3f9c948a462,OnDemand,,,0.91,
,5F3A1644AB2A1C8B074AB8754A10A293-26,1762587907,FCRequestMetrics:/n-matmul-512,16,16,,,2041.48,n-matmul-512,false,69f1f8b4cc9d,,c-690ef4a4-0cf1abd9-06b3493bf27e,1762587905246,Sync,2043.42,1762587905245,21.0.3.12,false,512,27.23,InvokeFunction,,,LATEST,1-690ef501-0c0a43-c77ec86dc36e,OnDemand,,,0.59,
,86D3C1657BB7CB6F9D6C1B5957027679-26,1762587907,FCRequestMetrics:/n-matmul-512,3,3,,,2173.05,n-matmul-512,false,41e163ab7845,,c-690ef4b1-0cf1abd9-383b8cf3b88f,1762587905129,Sync,2175.28,1762587905128,21.0.3.10,false,512,39.95,InvokeFunction,,,LATEST,1-690ef501-0c49fa-4da86b33b412,OnDemand,,,1.34,
,C5E3D6C1456AB3A159B70500C779D02C-14,1762587907,FCRequestMetrics:/n-matmul-512,3,3,,,2112.72,n-matmul-512,false,03aa7a5e978e,,c-690ef4d1-0cf1abd9-37e40b6fa245,1762587905130,Sync,2114.51,1762587905129,21.0.3.11,false,512,36.31,InvokeFunction,,,LATEST,1-690ef501-0c0a43-cdc8ec801629,OnDemand,,,0.51,
,8A4C9F8EC0081A54D335C35B65D1357D-27,1762587907,FCRequestMetrics:/n-matmul-512,3,3,,,2238.11,n-matmul-512,false,1c5ca9e1c7f9,,c-690ef4a4-0cf1abd9-274debaa5e8f,1762587905114,Sync,2239.35,1762587905113,21.0.3.9,false,512,26.59,InvokeFunction,,,LATEST,1-690ef501-0c0a43-3a7346c93058,OnDemand,,,0.47,
,5F40BF3643AE590E1A0AFBFC2BB1CC92-23,1762587907,FCRequestMetrics:/n-matmul-512,3,3,,,2227.71,n-matmul-512,false,918ade19bbee,,c-690ef4b1-0cf1abd9-3df7810e23e4,1762587905113,Sync,2229.03,1762587905113,21.0.3.11,false,512,28.90,InvokeFunction,,,LATEST,1-690ef501-0c0a43-095624b337e9,OnDemand,,,0.47,
,BD1D69C9267D95E53B2A79C6CB35D41D-33,1762587907,FCRequestMetrics:/n-matmul-512,1,1,,,2238.53,n-matmul-512,false,987841b3d4f5,,c-690ef492-0cf1abd9-b72bb88bbd36,1762587905009,Sync,2239.92,1762587905008,21.0.3.12,false,512,34.56,InvokeFunction,,,LATEST,1-690ef501-0c0a43-b6328fb2229e,OnDemand,,,0.68,
,01D4E8E7911B88CA9BFEF68BF58454E3-15,1762587907,FCRequestMetrics:/n-matmul-512,3,3,,,2169.55,n-matmul-512,false,af9f8faefca2,,c-690ef4d1-0cf1abd9-2cb97b541620,1762587905113,Sync,2174.14,1762587905109,21.0.3.10,false,512,34.61,InvokeFunction,,,LATEST,1-690ef501-0c0a43-9ee526f84121,OnDemand,,,0.52,
,7C823A060900EA64C601C711AE9A8E7B-37,1762587907,FCRequestMetrics:/n-matmul-512,3,3,,,2113.49,n-matmul-512,false,a9c1f9cad0fa,,c-690ef492-0cf1abd9-41b4dd0accbf,1762587905108,Sync,2115.51,1762587905107,21.0.3.10,false,512,35.95,InvokeFunction,,,LATEST,1-690ef501-0c49fa-d12337627931,OnDemand,,,1.04,
,6CCFB4E4193C923DA012941FDF8BA7C1-35,1762587908,FCRequestMetrics:/n-matmul-512,3,3,,,2962.85,n-matmul-512,false,1ea218c34989,,c-690ef48f-0cf1abd9-4c65696b73c9,1762587905105,Sync,2965.17,1762587905103,21.0.3.9,false,512,38.88,InvokeFunction,,,LATEST,1-690ef501-0c49fa-840f4c1f4374,OnDemand,,,1.48,
,78CD85FE04C684FD432ABFF362CBF50C-35,1762587908,FCRequestMetrics:/n-matmul-512,3,3,,,2946.38,n-matmul-512,false,6999fff919fb,,c-690ef48f-0cf1abd9-6c6d9044c534,1762587905115,Sync,2951.11,1762587905111,21.0.3.11,false,512,27.00,InvokeFunction,,,LATEST,1-690ef501-0c49fa-3b37ff0ea4f9,OnDemand,,,1.20,
,F07C00865CBCDDD3603F2861EC1005E7-38,1762587908,FCRequestMetrics:/n-matmul-512,3,3,,,2898.56,n-matmul-512,false,23ed8e688827,,c-690ef48f-0cf1abd9-c9d277f8db04,1762587905123,Sync,2907.75,1762587905115,21.0.3.12,false,512,28.96,InvokeFunction,,,LATEST,1-690ef501-0c0a43-ec7bcaa34251,OnDemand,,,0.52,
,8A4C9F8EC0081A54D335C35B65D1357D-27,1762587909,FCRequestMetrics:/n-matmul-512,4,4,,,1654.33,n-matmul-512,false,1c5ca9e1c7f9,,c-690ef4a4-0cf1abd9-274debaa5e8f,1762587907537,Sync,1656.24,1762587907536,21.0.3.9,false,512,34.53,InvokeFunction,,,LATEST,1-690ef503-0c49fa-4bf94b5948a9,OnDemand,,,1.03,
,5F40BF3643AE590E1A0AFBFC2BB1CC92-23,1762587909,FCRequestMetrics:/n-matmul-512,5,5,,,1304.85,n-matmul-512,false,918ade19bbee,,c-690ef4b1-0cf1abd9-3df7810e23e4,1762587907890,Sync,1307.11,1762587907888,21.0.3.11,false,512,36.25,InvokeFunction,,,LATEST,1-690ef503-0c49fa-42b8d7603e50,OnDemand,,,1.52,
,F07C00865CBCDDD3603F2861EC1005E7-38,1762587909,FCRequestMetrics:/n-matmul-512,5,5,,,1237.76,n-matmul-512,false,23ed8e688827,,c-690ef48f-0cf1abd9-c9d277f8db04,1762587908064,Sync,1241.58,1762587908063,21.0.3.12,false,512,36.33,InvokeFunction,,,LATEST,1-690ef504-0c0a43-ce05697198dd,OnDemand,,,0.63,
,F07C00865CBCDDD3603F2861EC1005E7-38,1762587911,FCRequestMetrics:/n-matmul-512,1,1,,,1652.39,n-matmul-512,false,23ed8e688827,,c-690ef48f-0cf1abd9-c9d277f8db04,1762587909486,Sync,1654.46,1762587909484,21.0.3.12,false,512,38.30,InvokeFunction,,,LATEST,1-690ef505-0c49fa-914a630928b5,OnDemand,,,1.34,
,86D3C1657BB7CB6F9D6C1B5957027679-28,1762587912,FCRequestMetrics:/n-matmul-512,5,5,,,0.09,n-matmul-512,true,41e163ab7845,,c-690ef4b1-0cf1abd9-383b8cf3b88f,1762587912303,Sync,442.04,1762587912302,21.0.3.10,false,512,2.30,InvokeFunction,,,LATEST,1-690ef508-0c0a43-d4764da13dba,OnDemand,,,0.62,,"{""errorType"":""FunctionAbnormalExitError""}"
,F07C00865CBCDDD3603F2861EC1005E7-3A,1762587913,FCRequestMetrics:/n-matmul-512,1,1,,,1720.54,n-matmul-512,false,23ed8e688827,,c-690ef48f-0cf1abd9-c9d277f8db04,1762587911727,Sync,1722.74,1762587911726,21.0.3.12,false,512,43.46,InvokeFunction,,,LATEST,1-690ef507-0c49fa-24d1c30a1668,OnDemand,,,1.34,
,8A4C9F8EC0081A54D335C35B65D1357D-2A,1762587913,FCRequestMetrics:/n-matmul-512,3,3,,,1232.50,n-matmul-512,false,1c5ca9e1c7f9,,c-690ef4a4-0cf1abd9-274debaa5e8f,1762587911948,Sync,1234.03,1762587911947,21.0.3.9,false,512,36.32,InvokeFunction,,,LATEST,1-690ef507-0c0a43-85b2f62044e3,OnDemand,,,0.65,
,5F40BF3643AE590E1A0AFBFC2BB1CC92-25,1762587913,FCRequestMetrics:/n-matmul-512,2,2,,,1291.11,n-matmul-512,false,918ade19bbee,,c-690ef4b1-0cf1abd9-3df7810e23e4,1762587911745,Sync,1293.26,1762587911744,21.0.3.11,false,512,38.22,InvokeFunction,,,LATEST,1-690ef507-0c49fa-83ff394fe6c4,OnDemand,,,1.26,
,78CD85FE04C684FD432ABFF362CBF50C-38,1762587914,FCRequestMetrics:/n-matmul-512,5,5,,,1900.09,n-matmul-512,false,6999fff919fb,,c-690ef48f-0cf1abd9-6c6d9044c534,1762587912241,Sync,1902.54,1762587912240,21.0.3.11,false,512,26.92,InvokeFunction,,,LATEST,1-690ef508-0c0a43-db1a4bb6bf69,OnDemand,,,0.63,
,6CCFB4E4193C923DA012941FDF8BA7C1-38,1762587914,FCRequestMetrics:/n-matmul-512,3,3,,,2355.12,n-matmul-512,false,1ea218c34989,,c-690ef48f-0cf1abd9-4c65696b73c9,1762587911967,Sync,2359.27,1762587911964,21.0.3.9,false,512,41.93,InvokeFunction,,,LATEST,1-690ef507-0c49fa-e0c3c6145cf6,OnDemand,,,2.29,
,F07C00865CBCDDD3603F2861EC1005E7-3C,1762587914,FCRequestMetrics:/n-matmul-512,3,3,,,0.03,n-matmul-512,true,23ed8e688827,,c-690ef48f-0cf1abd9-c9d277f8db04,1762587913828,Sync,619.39,1762587913828,21.0.3.12,false,512,4.21,InvokeFunction,,,LATEST,1-690ef509-0c0a43-592e8f786679,OnDemand,,,0.59,,"{""errorType"":""FunctionAbnormalExitError""}"
,8A4C9F8EC0081A54D335C35B65D1357D-2D,1762587915,FCRequestMetrics:/n-matmul-512,4,4,,,1149.86,n-matmul-512,false,1c5ca9e1c7f9,,c-690ef4a4-0cf1abd9-274debaa5e8f,1762587914117,Sync,1151.88,1762587914116,21.0.3.9,false,512,39.59,InvokeFunction,,,LATEST,1-690ef50a-0c49fa-a7598c5aee7f,OnDemand,,,1.29,
,F07C00865CBCDDD3603F2861EC1005E7-3C,1762587915,FCRequestMetrics:/n-matmul-512,2,2,,,1363.57,n-matmul-512,false,23ed8e688827,,c-690ef48f-0cf1abd9-c9d277f8db04,1762587914595,Sync,1366.17,1762587914593,21.0.3.12,false,512,28.60,InvokeFunction,,,LATEST,1-690ef50a-0c49fa-cfcba72e2b5b,OnDemand,,,1.59,
,8A4C9F8EC0081A54D335C35B65D1357D-2C,1762587916,FCRequestMetrics:/n-matmul-512,2,2,,,0.06,n-matmul-512,true,1c5ca9e1c7f9,,c-690ef4a4-0cf1abd9-274debaa5e8f,1762587915695,Sync,431.10,1762587915694,21.0.3.9,false,512,2.07,InvokeFunction,,,LATEST,1-690ef50b-0c49fa-fdd007bb997d,OnDemand,,,1.50,,"{""errorType"":""FunctionAbnormalExitError""}"
,F07C00865CBCDDD3603F2861EC1005E7-3C,1762587917,FCRequestMetrics:/n-matmul-512,2,2,,,657.62,n-matmul-512,false,23ed8e688827,,c-690ef48f-0cf1abd9-c9d277f8db04,1762587916598,Sync,659.04,1762587916597,21.0.3.12,false,512,36.47,InvokeFunction,,,LATEST,1-690ef50c-0c0a43-edd219ec8961,OnDemand,,,0.62,
,8A4C9F8EC0081A54D335C35B65D1357D-2C,1762587917,FCRequestMetrics:/n-matmul-512,1,1,,,1475.45,n-matmul-512,false,1c5ca9e1c7f9,,c-690ef4a4-0cf1abd9-274debaa5e8f,1762587916515,Sync,1477.80,1762587916513,21.0.3.9,false,512,26.61,InvokeFunction,,,LATEST,1-690ef50c-0c49fa-8b8cc9eafe63,OnDemand,,,1.43,
,F07C00865CBCDDD3603F2861EC1005E7-3F,1762587928,FCRequestMetrics:/n-matmul-512,2,2,,,634.23,n-matmul-512,false,23ed8e688827,,c-690ef48f-0cf1abd9-c9d277f8db04,1762587927636,Sync,635.62,1762587927636,21.0.3.12,false,512,36.73,InvokeFunction,,,LATEST,1-690ef517-0c0a43-d927fb833a5d,OnDemand,,,0.56,
,8A4C9F8EC0081A54D335C35B65D1357D-2D,1762587928,FCRequestMetrics:/n-matmul-512,1,1,,,1253.78,n-matmul-512,false,1c5ca9e1c7f9,,c-690ef4a4-0cf1abd9-274debaa5e8f,1762587926839,Sync,1255.56,1762587926838,21.0.3.9,false,512,26.54,InvokeFunction,,,LATEST,1-690ef516-0c49fa-27a4535ab491,OnDemand,,,1.00,
,F07C00865CBCDDD3603F2861EC1005E7-41,1762587933,FCRequestMetrics:/n-matmul-512,1,1,,,1229.84,n-matmul-512,false,23ed8e688827,,c-690ef48f-0cf1abd9-c9d277f8db04,1762587931864,Sync,1231.33,1762587931863,21.0.3.12,false,512,28.09,InvokeFunction,,,LATEST,1-690ef51b-0c0a43-071139e998f4,OnDemand,,,0.65,
,8A4C9F8EC0081A54D335C35B65D1357D-2F,1762587933,FCRequestMetrics:/n-matmul-512,2,2,,,1316.83,n-matmul-512,false,1c5ca9e1c7f9,,c-690ef4a4-0cf1abd9-274debaa5e8f,1762587931956,Sync,1318.84,1762587931954,21.0.3.9,false,512,35.44,InvokeFunction,,,LATEST,1-690ef51b-0c49fa-fa917eece1bc,OnDemand,,,1.16,
,F07C00865CBCDDD3603F2861EC1005E7-40,1762587933,FCRequestMetrics:/n-matmul-512,2,2,,,0.04,n-matmul-512,true,23ed8e688827,,c-690ef48f-0cf1abd9-c9d277f8db04,1762587933136,Sync,446.27,1762587933135,21.0.3.12,false,512,4.11,InvokeFunction,,,LATEST,1-690ef51d-0c0a43-5dd06f778af1,OnDemand,,,0.61,,"{""errorType"":""FunctionAbnormalExitError""}"
,F07C00865CBCDDD3603F2861EC1005E7-40,1762587938,FCRequestMetrics:/n-matmul-512,1,1,,,703.26,n-matmul-512,false,23ed8e688827,,c-690ef48f-0cf1abd9-c9d277f8db04,1762587937603,Sync,708.98,1762587937601,21.0.3.12,false,512,28.63,InvokeFunction,,,LATEST,1-690ef521-0c49fa-cf245c6e43e3,OnDemand,,,1.40,
,8A4C9F8EC0081A54D335C35B65D1357D-31,1762587938,FCRequestMetrics:/n-matmul-512,2,2,,,653.24,n-matmul-512,false,1c5ca9e1c7f9,,c-690ef4a4-0cf1abd9-274debaa5e8f,1762587937687,Sync,656.87,1762587937684,21.0.3.9,false,512,35.27,InvokeFunction,,,LATEST,1-690ef521-0c0a43-801ea958a48f,OnDemand,,,0.63,
,6CCFB4E4193C923DA012941FDF8BA7C1-3A,1762587938,FCRequestMetrics:/n-matmul-512,3,3,,,0.06,n-matmul-512,true,1ea218c34989,,c-690ef48f-0cf1abd9-4c65696b73c9,1762587938217,Sync,459.16,1762587938215,21.0.3.9,false,512,4.31,InvokeFunction,,,LATEST,1-690ef522-0c49fa-983c39ff9275,OnDemand,,,1.23,,"{""errorType"":""FunctionAbnormalExitError""}"
,8A4C9F8EC0081A54D335C35B65D1357D-34,1762587942,FCRequestMetrics:/n-matmul-512,1,1,,,0.04,n-matmul-512,true,1c5ca9e1c7f9,,c-690ef4a4-0cf1abd9-274debaa5e8f,1762587942385,Sync,590.33,1762587942384,21.0.3.9,false,512,2.19,InvokeFunction,,,LATEST,1-690ef526-0c49fa-f675ce0ba7db,OnDemand,,,0.93,,"{""errorType"":""FunctionAbnormalExitError""}"
,447511FEAA2C196192B29D0355E78B1D-3A,1762587943,FCRequestMetrics:/n-matmul-512,14,14,,,719.40,n-matmul-512,false,2be5f8bcaa9a,,c-690ef48f-0cf1abd9-405aaa419009,1762587942585,Sync,720.66,1762587942584,21.0.3.9,false,512,30.67,InvokeFunction,,,LATEST,1-690ef526-0c0a43-2d3f19e32aef,OnDemand,,,0.50,
,646B33D459BD0A9244D32F781DAF3418-2C,1762587943,FCRequestMetrics:/n-matmul-512,14,14,,,0.05,n-matmul-512,true,5d92a283eb8a,,c-690ef4a1-0cf1abd9-de1abe369d37,1762587942608,Sync,427.60,1762587942607,21.0.3.10,false,512,2.06,InvokeFunction,,,LATEST,1-690ef526-0c49fa-4789608c800a,OnDemand,,,1.05,,"{""errorType"":""FunctionAbnormalExitError""}"
,C5E3D6C1456AB3A159B70500C779D02C-18,1762587943,FCRequestMetrics:/n-matmul-512,3,3,,,0.05,n-matmul-512,true,03aa7a5e978e,,c-690ef4d1-0cf1abd9-37e40b6fa245,1762587942529,Sync,599.40,1762587942528,21.0.3.11,false,512,2.21,InvokeFunction,,,LATEST,1-690ef526-0c49fa-a052b3e2ec6e,OnDemand,,,1.19,,"{""errorType"":""FunctionAbnormalExitError""}"
,32144092075796B61E66CC5CB449FE74-3D,1762587943,FCRequestMetrics:/n-matmul-512,3,3,,,0.04,n-matmul-512,true,4e09d5ee1757,,c-690ef48f-0cf1abd9-c9b2724f454d,1762587942527,Sync,890.63,1762587942526,21.0.3.11,false,512,4.08,InvokeFunction,,,LATEST,1-690ef526-0c0a43-17cc7711555b,OnDemand,,,0.50,,"{""errorType"":""FunctionAbnormalExitError""}"
,4A1A7379ED68F1567875DE99C92BB621-13,1762587943,FCRequestMetrics:/n-matmul-512,25,25,,,0.05,n-matmul-512,true,d5bc7449f792,,c-690ef4d8-0cf1abd9-7eb634cbbfaf,1762587942774,Sync,841.81,1762587942773,21.0.3.12,false,512,2.18,InvokeFunction,,,LATEST,1-690ef526-0c49fa-f6c9b1588317,OnDemand,,,0.82,,"{""errorType"":""FunctionAbnormalExitError""}"
,5F40BF3643AE590E1A0AFBFC2BB1CC92-29,1762587944,FCRequestMetrics:/n-matmul-512,3,3,,,1890.44,n-matmul-512,false,918ade19bbee,,c-690ef4b1-0cf1abd9-3df7810e23e4,1762587942499,Sync,1891.84,1762587942498,21.0.3.11,false,512,37.90,InvokeFunction,,,LATEST,1-690ef526-0c0a43-995031e3a593,OnDemand,,,0.57,
,A58D23371A460570694E59E83C205D35-36,1762587944,FCRequestMetrics:/n-matmul-512,14,14,,,1736.25,n-matmul-512,false,f5099c18cdf1,,c-690ef48f-0cf1abd9-aa29b9d0aa99,1762587942587,Sync,1738.11,1762587942586,21.0.3.11,false,512,38.09,InvokeFunction,,,LATEST,1-690ef526-0c49fa-06384f2806f3,OnDemand,,,0.93,
,BD1D69C9267D95E53B2A79C6CB35D41D-36,1762587944,FCRequestMetrics:/n-matmul-512,3,3,,,1855.16,n-matmul-512,false,987841b3d4f5,,c-690ef492-0cf1abd9-b72bb88bbd36,1762587942521,Sync,1856.61,1762587942521,21.0.3.12,false,512,34.64,InvokeFunction,,,LATEST,1-690ef526-0c0a43-5263d149d2b6,OnDemand,,,0.60,
,01D4E8E7911B88CA9BFEF68BF58454E3-17,1762587944,FCRequestMetrics:/n-matmul-512,3,3,,,1582.60,n-matmul-512,false,af9f8faefca2,,c-690ef4d1-0cf1abd9-2cb97b541620,1762587942522,Sync,1584.58,1762587942520,21.0.3.10,false,512,34.77,InvokeFunction,,,LATEST,1-690ef526-0c49fa-9e72f9b191e2,OnDemand,,,1.22,
,7C823A060900EA64C601C711AE9A8E7B-3A,1762587944,FCRequestMetrics:/n-matmul-512,3,3,,,1799.45,n-matmul-512,false,a9c1f9cad0fa,,c-690ef492-0cf1abd9-41b4dd0accbf,1762587942527,Sync,1802.51,1762587942525,21.0.3.10,false,512,35.88,InvokeFunction,,,LATEST,1-690ef526-0c49fa-5e3cebe942b7,OnDemand,,,1.22,
,F91A17FDEE204113BD7FCEE97E77B19D-3A,1762587944,FCRequestMetrics:/n-matmul-512,3,3,,,1775.84,n-matmul-512,false,b4a55f945517,,c-690ef48f-0cf1abd9-f3db6505083a,1762587942526,Sync,1777.89,1762587942525,21.0.3.12,false,512,36.73,InvokeFunction,,,LATEST,1-690ef526-0c49fa-71af7625dcab,OnDemand,,,1.11,
,86D3C1657BB7CB6F9D6C1B5957027679-2B,1762587944,FCRequestMetrics:/n-matmul-512,3,3,,,1847.25,n-matmul-512,false,41e163ab7845,,c-690ef4b1-0cf1abd9-383b8cf3b88f,1762587942506,Sync,1850.41,1762587942504,21.0.3.10,false,512,27.10,InvokeFunction,,,LATEST,1-690ef526-0c49fa-edfc7bda5ef8,OnDemand,,,1.13,
,5F3A1644AB2A1C8B074AB8754A10A293-2A,1762587944,FCRequestMetrics:/n-matmul-512,3,3,,,1509.26,n-matmul-512,false,69f1f8b4cc9d,,c-690ef4a4-0cf1abd9-06b3493bf27e,1762587942519,Sync,1510.66,1762587942518,21.0.3.12,false,512,26.75,InvokeFunction,,,LATEST,1-690ef526-0c0a43-672d18767f72,OnDemand,,,0.54,
,5F40BF3643AE590E1A0AFBFC2BB1CC92-2B,1762587944,FCRequestMetrics:/n-matmul-512,30,30,,,0.03,n-matmul-512,true,918ade19bbee,,c-690ef4b1-0cf1abd9-3df7810e23e4,1762587944544,Sync,424.87,1762587944543,21.0.3.11,false,512,4.05,InvokeFunction,,,LATEST,1-690ef528-0c0a43-c45c5a99cd8a,OnDemand,,,0.64,,"{""errorType"":""FunctionAbnormalExitError""}"
,5E4A59CDF3E7A5F12FFA6D69EE5EC6FC-13,1762587945,FCRequestMetrics:/n-matmul-512,20,20,,,2586.51,n-matmul-512,false,2e799e3149e9,,c-690ef4d7-0cf1abd9-47d2e00207ec,1762587942643,Sync,2588.15,1762587942642,21.0.3.10,false,512,27.04,InvokeFunction,,,LATEST,1-690ef526-0c0a43-de8ed4d7e6b6,OnDemand,,,0.38,
,447511FEAA2C196192B29D0355E78B1D-3A,1762587945,FCRequestMetrics:/n-matmul-512,23,23,,,1612.00,n-matmul-512,false,2be5f8bcaa9a,,c-690ef48f-0cf1abd9-405aaa419009,1762587943803,Sync,1613.36,1762587943802,21.0.3.9,false,512,38.40,InvokeFunction,,,LATEST,1-690ef527-0c0a43-9dacf6e2ee96,OnDemand,,,0.59,
,C9A28A785F95831BC9FC8EA20129FD05-20,1762587945,FCRequestMetrics:/n-matmul-512,14,14,,,2539.68,n-matmul-512,false,4856bc7a68f1,,c-690ef4c1-0cf1abd9-aae68ff129ed,1762587942584,Sync,2541.31,1762587942584,21.0.3.6,false,512,27.63,InvokeFunction,,,LATEST,1-690ef526-0c0a43-7088eb30f6eb,OnDemand,,,0.52,
,A0E18646E4ED1862BB7852A818D6BD84-3B,1762587945,FCRequestMetrics:/n-matmul-512,14,14,,,2817.33,n-matmul-512,false,455c2c4df2d2,,c-690ef48f-0cf1abd9-fff0447ff1dc,1762587942568,Sync,2819.08,1762587942567,21.0.3.8,false,512,27.19,InvokeFunction,,,LATEST,1-690ef526-0c0a43-6e69903ecd45,OnDemand,,,0.51,
,F031090DB7497FBE9C5AA393E7E68561-37,1762587945,FCRequestMetrics:/n-matmul-512,20,20,,,2810.34,n-matmul-512,false,ac449c8e7f33,,c-690ef48f-0cf1abd9-a7a4b84ee62d,1762587942710,Sync,2811.83,1762587942710,21.0.3.9,false,512,36.86,InvokeFunction,,,LATEST,1-690ef526-0c0a43-d4906aa0bb60,OnDemand,,,0.49,
,B1B3EF35016788C3424F79DCBD83BB05-37,1762587945,FCRequestMetrics:/n-matmul-512,20,20,,,2754.50,n-matmul-512,false,8e7a4967c312,,c-690ef48f-0cf1abd9-e1933dd451ba,1762587942643,Sync,2756.62,1762587942642,21.0.3.10,false,512,36.25,InvokeFunction,,,LATEST,1-690ef526-0c49fa-6c17bf830b86,OnDemand,,,1.03,
,148C1B09986999E20AA0FF04F10942D0-37,1762587945,FCRequestMetrics:/n-matmul-512,29,29,,,940.00,n-matmul-512,false,aa1e2085073a,,c-690ef48f-0cf1abd9-2b72cdd5c5c2,1762587944287,Sync,941.70,1762587944286,21.0.3.10,false,512,36.39,InvokeFunction,,,LATEST,1-690ef528-0c49fa-3534080a8115,OnDemand,,,0.91,
,30B0C091F501AEB24D6930948CD8CD12-1F,1762587945,FCRequestMetrics:/n-matmul-512,29,29,,,992.65,n-matmul-512,false,f585a3de42a9,,c-690ef4c0-0cf1abd9-2f59d877e38b,1762587944287,Sync,993.92,1762587944286,21.0.3.10,false,512,26.79,InvokeFunction,,,LATEST,1-690ef528-0c0a43-6ea4bd729304,OnDemand,,,0.52,
,EABCDA55D43EA68A09CAEB4C9E234812-11,1762587945,FCRequestMetrics:/n-matmul-512,14,14,,,2540.13,n-matmul-512,false,2ac0bc3d44f6,,c-690ef4d7-0cf1abd9-14d53d3e8f33,1762587942587,Sync,2541.49,1762587942587,21.0.3.11,false,512,28.84,InvokeFunction,,,LATEST,1-690ef526-0c0a43-27acf90a5e08,OnDemand,,,0.49,
,78CD85FE04C684FD432ABFF362CBF50C-3D,1762587945,FCRequestMetrics:/n-matmul-512,3,3,,,2783.59,n-matmul-512,false,6999fff919fb,,c-690ef48f-0cf1abd9-6c6d9044c534,1762587942501,Sync,2785.25,1762587942500,21.0.3.11,false,512,25.00,InvokeFunction,,,LATEST,1-690ef526-0c0a43-6b410b580301,OnDemand,,,0.59,
,646B33D459BD0A9244D32F781DAF3418-2C,1762587945,FCRequestMetrics:/n-matmul-512,25,25,,,2089.40,n-matmul-512,false,5d92a283eb8a,,c-690ef4a1-0cf1abd9-de1abe369d37,1762587943893,Sync,2091.01,1762587943892,21.0.3.10,false,512,26.69,InvokeFunction,,,LATEST,1-690ef527-0c0a43-e2339ffdee8a,OnDemand,,,0.49,
,9DDF92507C03E777F745C0AA5C83C458-2D,1762587945,FCRequestMetrics:/n-matmul-512,29,29,,,1006.06,n-matmul-512,false,ab20715057dd,,c-690ef49e-0cf1abd9-a4d3e4836d71,1762587944269,Sync,1011.13,1762587944265,21.0.3.8,false,512,26.94,InvokeFunction,,,LATEST,1-690ef528-0c49fa-52d4d8e52338,OnDemand,,,0.96,
,4A1A7379ED68F1567875DE99C92BB621-13,1762587945,FCRequestMetrics:/n-matmul-512,22,22,,,1621.74,n-matmul-512,false,d5bc7449f792,,c-690ef4d8-0cf1abd9-7eb634cbbfaf,1762587943682,Sync,1623.22,1762587943681,21.0.3.12,false,512,26.73,InvokeFunction,,,LATEST,1-690ef527-0c0a43-f6927220e8b0,OnDemand,,,0.65,
,F07C00865CBCDDD3603F2861EC1005E7-43,1762587945,FCRequestMetrics:/n-matmul-512,3,3,,,2741.18,n-matmul-512,false,23ed8e688827,,c-690ef48f-0cf1abd9-c9d277f8db04,1762587942495,Sync,2743.65,1762587942494,21.0.3.12,false,512,36.51,InvokeFunction,,,LATEST,1-690ef526-0c49fa-e56ef4a034f0,OnDemand,,,1.06,
,6CCFB4E4193C923DA012941FDF8BA7C1-3C,1762587945,FCRequestMetrics:/n-matmul-512,1,1,,,2645.92,n-matmul-512,false,1ea218c34989,,c-690ef48f-0cf1abd9-4c65696b73c9,1762587942380,Sync,2647.54,1762587942379,21.0.3.9,false,512,26.74,InvokeFunction,,,LATEST,1-690ef526-0c0a43-93344b67b23c,OnDemand,,,0.77,
,7F41C0AC9649E78CE4E6389BA04F93F7-39,1762587945,FCRequestMetrics:/n-matmul-512,25,25,,,2742.45,n-matmul-512,false,2f9a827ac39a,,c-690ef48f-0cf1abd9-d481ef5b70cb,1762587942753,Sync,2744.51,1762587942752,21.0.3.12,false,512,34.27,InvokeFunction,,,LATEST,1-690ef526-0c49fa-f45a3d262852,OnDemand,,,0.91,
,E336B2A6408E27B02C6CAB82C50088BC-1D,1762587945,FCRequestMetrics:/n-matmul-512,20,20,,,2523.68,n-matmul-512,false,b76d94444b2f,,c-690ef4c1-0cf1abd9-48675e1450f8,1762587942711,Sync,2526.24,1762587942709,21.0.3.7,false,512,34.15,InvokeFunction,,,LATEST,1-690ef526-0c49fa-f1d056ef239d,OnDemand,,,1.12,
,8009EC769EAF82E94BE4682B8C0E45B5-1E,1762587945,FCRequestMetrics:/n-matmul-512,20,20,,,2650.52,n-matmul-512,false,e18d84b3712e,,c-690ef4c1-0cf1abd9-2df610e1f3e8,1762587942712,Sync,2655.04,1762587942709,21.0.3.8,false,512,38.56,InvokeFunction,,,LATEST,1-690ef526-0c0a43-609dc8400994,OnDemand,,,0.48,
,22E833C237D88A72ACDEEBC774861945-1D,1762587945,FCRequestMetrics:/n-matmul-512,25,25,,,2594.30,n-matmul-512,false,3ad91ce1f715,,c-690ef4c1-0cf1abd9-a9ad8a9b0501,1762587942775,Sync,2596.22,1762587942774,21.0.3.5,false,512,34.46,InvokeFunction,,,LATEST,1-690ef526-0c0a43-1fcd300781db,OnDemand,,,0.50,
,90D8D68606671C7D3CC9428DB5D1A5ED-2C,1762587945,FCRequestMetrics:/n-matmul-512,125,125,,,60000.00,n-matmul-512,true,43290576c1e6,,c-690ef4a1-0cf1abd9-784f475cf818,1762587884122,Sync,61481.80,1762587883786,21.0.3.11,false,512,4.32,InvokeFunction,,,LATEST,1-690ef4eb-0c49fa-6c3c001ee313,OnDemand,,,335.30,,"{""errorType"":""FunctionTimeoutError""}"
,537821DDAFE9614566F0064DDB274514-2E,1762587945,FCRequestMetrics:/n-matmul-512,29,29,,,0.05,n-matmul-512,true,e7a61b8cb4fe,,c-690ef4a1-0cf1abd9-564b243bc6a8,1762587944241,Sync,986.00,1762587944241,21.0.3.8,false,512,2.33,InvokeFunction,,,LATEST,1-690ef528-0c0a43-8349e26d85bc,OnDemand,,,0.54,,"{""errorType"":""FunctionAbnormalExitError""}"
,86D3C1657BB7CB6F9D6C1B5957027679-2B,1762587946,FCRequestMetrics:/n-matmul-512,32,32,,,1843.59,n-matmul-512,false,41e163ab7845,,c-690ef4b1-0cf1abd9-383b8cf3b88f,1762587944365,Sync,1845.84,1762587944363,21.0.3.10,false,512,34.12,InvokeFunction,,,LATEST,1-690ef528-0c49fa-96b5e6a7a2c8,OnDemand,,,1.17,
,76578469F84FCD1CB8F7AE0D7CEF0D58-15,1762587946,FCRequestMetrics:/n-matmul-512,29,29,,,1922.85,n-matmul-512,false,8c2f5578c019,,c-690ef4d1-0cf1abd9-df87844cb3e3,1762587944266,Sync,1924.57,1762587944266,21.0.3.7,false,512,34.67,InvokeFunction,,,LATEST,1-690ef528-0c0a43-348171b71113,OnDemand,,,0.52,
,01D4E8E7911B88CA9BFEF68BF58454E3-19,1762587946,FCRequestMetrics:/n-matmul-512,27,27,,,2838.24,n-matmul-512,false,af9f8faefca2,,c-690ef4d1-0cf1abd9-2cb97b541620,1762587944146,Sync,2840.68,1762587944144,21.0.3.10,false,512,33.86,InvokeFunction,,,LATEST,1-690ef528-0c49fa-90b5ce990a67,OnDemand,,,1.45,
,8A4C9F8EC0081A54D335C35B65D1357D-34,1762587946,FCRequestMetrics:/n-matmul-512,26,26,,,2205.58,n-matmul-512,false,1c5ca9e1c7f9,,c-690ef4a4-0cf1abd9-274debaa5e8f,1762587944069,Sync,2207.39,1762587944069,21.0.3.9,false,512,27.17,InvokeFunction,,,LATEST,1-690ef528-0c0a43-5e23a57a58b3,OnDemand,,,0.60,
,7780C0688E26C68EB0D69712BCDE475F-39,1762587946,FCRequestMetrics:/n-matmul-512,27,27,,,1851.12,n-matmul-512,false,333740b1eaee,,c-690ef490-0cf1abd9-b30a2e13f5eb,1762587944234,Sync,1853.13,1762587944233,21.0.3.12,false,512,34.61,InvokeFunction,,,LATEST,1-690ef528-0c49fa-8152a15d1f1e,OnDemand,,,0.96,
,5F3A1644AB2A1C8B074AB8754A10A293-2A,1762587946,FCRequestMetrics:/n-matmul-512,26,26,,,2303.48,n-matmul-512,false,69f1f8b4cc9d,,c-690ef4a4-0cf1abd9-06b3493bf27e,1762587944038,Sync,2305.65,1762587944036,21.0.3.12,false,512,34.47,InvokeFunction,,,LATEST,1-690ef528-0c49fa-0a02a045d273,OnDemand,,,1.40,
,C5E3D6C1456AB3A159B70500C779D02C-18,1762587946,FCRequestMetrics:/n-matmul-512,25,25,,,2460.04,n-matmul-512,false,03aa7a5e978e,,c-690ef4d1-0cf1abd9-37e40b6fa245,1762587943893,Sync,2461.90,1762587943892,21.0.3.11,false,512,26.65,InvokeFunction,,,LATEST,1-690ef527-0c49fa-48d53387b149,OnDemand,,,0.97,
,32144092075796B61E66CC5CB449FE74-3D,1762587946,FCRequestMetrics:/n-matmul-512,23,23,,,2217.98,n-matmul-512,false,4e09d5ee1757,,c-690ef48f-0cf1abd9-c9b2724f454d,1762587943803,Sync,2220.64,1762587943801,21.0.3.11,false,512,26.54,InvokeFunction,,,LATEST,1-690ef527-0c49fa-9751509fc3c9,OnDemand,,,1.35,
,F91A17FDEE204113BD7FCEE97E77B19D-3C,1762587946,FCRequestMetrics:/n-matmul-512,29,29,,,1838.99,n-matmul-512,false,b4a55f945517,,c-690ef48f-0cf1abd9-f3db6505083a,1762587944314,Sync,1841.44,1762587944313,21.0.3.12,false,512,35.97,InvokeFunction,,,LATEST,1-690ef528-0c49fa-badcfc1022f0,OnDemand,,,1.38,
,F031090DB7497FBE9C5AA393E7E68561-3B,1762587946,FCRequestMetrics:/n-matmul-512,11,11,,,0.04,n-matmul-512,true,ac449c8e7f33,,c-690ef48f-0cf1abd9-a7a4b84ee62d,1762587945920,Sync,587.06,1762587945918,21.0.3.9,false,512,2.17,InvokeFunction,,,LATEST,1-690ef529-0c49fa-e576e89b93c5,OnDemand,,,1.30,,"{""errorType"":""FunctionAbnormalExitError""}"
,78CD85FE04C684FD432ABFF362CBF50C-3D,1762587947,FCRequestMetrics:/n-matmul-512,24,24,,,1819.38,n-matmul-512,false,6999fff919fb,,c-690ef48f-0cf1abd9-6c6d9044c534,1762587945291,Sync,1822.10,1762587945289,21.0.3.11,false,512,33.45,InvokeFunction,,,LATEST,1-690ef529-0c49fa-64b5f075cdca,OnDemand,,,1.37,
,7780C0688E26C68EB0D69712BCDE475F-39,1762587947,FCRequestMetrics:/n-matmul-512,11,11,,,1242.03,n-matmul-512,false,333740b1eaee,,c-690ef490-0cf1abd9-b30a2e13f5eb,1762587946118,Sync,1243.92,1762587946116,21.0.3.12,false,512,33.61,InvokeFunction,,,LATEST,1-690ef52a-0c49fa-e27094116c84,OnDemand,,,1.22,
,78CD85FE04C684FD432ABFF362CBF50C-3D,1762587947,FCRequestMetrics:/n-matmul-512,3,3,,,0.05,n-matmul-512,true,6999fff919fb,,c-690ef48f-0cf1abd9-6c6d9044c534,1762587947270,Sync,417.84,1762587947268,21.0.3.11,false,512,2.18,InvokeFunction,,,LATEST,1-690ef52b-0c49fa-e6c064cf5206,OnDemand,,,1.46,,"{""errorType"":""FunctionAbnormalExitError""}"
,01D4E8E7911B88CA9BFEF68BF58454E3-18,1762587947,FCRequestMetrics:/n-matmul-512,3,3,,,0.03,n-matmul-512,true,af9f8faefca2,,c-690ef4d1-0cf1abd9-2cb97b541620,1762587947280,Sync,442.12,1762587947279,21.0.3.10,false,512,2.18,InvokeFunction,,,LATEST,1-690ef52b-0c0a43-b65421c1cd76,OnDemand,,,0.68,,"{""errorType"":""FunctionAbnormalExitError""}"
,7780C0688E26C68EB0D69712BCDE475F-38,1762587947,FCRequestMetrics:/n-matmul-512,5,5,,,0.02,n-matmul-512,true,333740b1eaee,,c-690ef490-0cf1abd9-b30a2e13f5eb,1762587947381,Sync,429.95,1762587947380,21.0.3.12,false,512,2.23,InvokeFunction,,,LATEST,1-690ef52b-0c0a43-92defb90b685,OnDemand,,,0.58,,"{""errorType"":""FunctionAbnormalExitError""}"
,7F41C0AC9649E78CE4E6389BA04F93F7-39,1762587948,FCRequestMetrics:/n-matmul-512,12,12,,,2073.48,n-matmul-512,false,2f9a827ac39a,,c-690ef48f-0cf1abd9-d481ef5b70cb,1762587945961,Sync,2075.11,1762587945960,21.0.3.12,false,512,33.99,InvokeFunction,,,LATEST,1-690ef529-0c49fa-7b97b5715b79,OnDemand,,,0.82,
,F031090DB7497FBE9C5AA393E7E68561-3B,1762587948,FCRequestMetrics:/n-matmul-512,5,5,,,938.60,n-matmul-512,false,ac449c8e7f33,,c-690ef48f-0cf1abd9-a7a4b84ee62d,1762587947399,Sync,940.27,1762587947398,21.0.3.9,false,512,26.83,InvokeFunction,,,LATEST,1-690ef52b-0c49fa-cb3387fed8fb,OnDemand,,,0.95,
,C5E3D6C1456AB3A159B70500C779D02C-19,1762587948,FCRequestMetrics:/n-matmul-512,5,5,,,1667.18,n-matmul-512,false,03aa7a5e978e,,c-690ef4d1-0cf1abd9-37e40b6fa245,1762587946489,Sync,1669.01,1762587946487,21.0.3.11,false,512,34.75,InvokeFunction,,,LATEST,1-690ef52a-0c49fa-ccad45a71b03,OnDemand,,,1.12,
,7F41C0AC9649E78CE4E6389BA04F93F7-39,1762587949,FCRequestMetrics:/n-matmul-512,1,1,,,0.04,n-matmul-512,true,2f9a827ac39a,,c-690ef48f-0cf1abd9-d481ef5b70cb,1762587948532,Sync,906.89,1762587948530,21.0.3.12,false,512,2.21,InvokeFunction,,,LATEST,1-690ef52c-0c49fa-6014c142d687,OnDemand,,,1.42,,"{""errorType"":""FunctionAbnormalExitError""}"
,148C1B09986999E20AA0FF04F10942D0-38,1762587949,FCRequestMetrics:/n-matmul-512,24,24,,,0.04,n-matmul-512,true,aa1e2085073a,,c-690ef48f-0cf1abd9-2b72cdd5c5c2,1762587948836,Sync,417.84,1762587948835,21.0.3.10,false,512,2.17,InvokeFunction,,,LATEST,1-690ef52c-0c0a43-8d6de8258b31,OnDemand,,,0.54,,"{""errorType"":""FunctionAbnormalExitError""}"
,F91A17FDEE204113BD7FCEE97E77B19D-3B,1762587949,FCRequestMetrics:/n-matmul-512,8,8,,,0.03,n-matmul-512,true,b4a55f945517,,c-690ef48f-0cf1abd9-f3db6505083a,1762587948787,Sync,551.67,1762587948786,21.0.3.12,false,512,4.06,InvokeFunction,,,LATEST,1-690ef52c-0c0a43-26e60017488f,OnDemand,,,0.50,,"{""errorType"":""FunctionAbnormalExitError""}"
,A58D23371A460570694E59E83C205D35-37,1762587949,FCRequestMetrics:/n-matmul-512,27,27,,,0.05,n-matmul-512,true,f5099c18cdf1,,c-690ef48f-0cf1abd9-aa29b9d0aa99,1762587949016,Sync,527.59,1762587949014,21.0.3.11,false,512,4.15,InvokeFunction,,,LATEST,1-690ef52d-0c49fa-9dc729023bac,OnDemand,,,1.11,,"{""errorType"":""FunctionAbnormalExitError""}"
,7C823A060900EA64C601C711AE9A8E7B-3C,1762587949,FCRequestMetrics:/n-matmul-512,27,27,,,0.04,n-matmul-512,true,a9c1f9cad0fa,,c-690ef492-0cf1abd9-41b4dd0accbf,1762587949015,Sync,570.13,1762587949014,21.0.3.10,false,512,2.19,InvokeFunction,,,LATEST,1-690ef52d-0c49fa-53407b731f30,OnDemand,,,1.13,,"{""errorType"":""FunctionAbnormalExitError""}"
,B1B3EF35016788C3424F79DCBD83BB05-39,1762587949,FCRequestMetrics:/n-matmul-512,8,8,,,0.05,n-matmul-512,true,8e7a4967c312,,c-690ef48f-0cf1abd9-e1933dd451ba,1762587948793,Sync,956.64,1762587948792,21.0.3.10,false,512,2.05,InvokeFunction,,,LATEST,1-690ef52c-0c0a43-703e1f55e7ce,OnDemand,,,0.53,,"{""errorType"":""FunctionAbnormalExitError""}"
,30B0C091F501AEB24D6930948CD8CD12-21,1762587950,FCRequestMetrics:/n-matmul-512,8,8,,,1266.93,n-matmul-512,false,f585a3de42a9,,c-690ef4c0-0cf1abd9-2f59d877e38b,1762587948806,Sync,1269.07,1762587948804,21.0.3.10,false,512,34.42,InvokeFunction,,,LATEST,1-690ef52c-0c49fa-41aa68b8da4f,OnDemand,,,1.24,
,86D3C1657BB7CB6F9D6C1B5957027679-2E,1762587950,FCRequestMetrics:/n-matmul-512,8,8,,,1548.41,n-matmul-512,false,41e163ab7845,,c-690ef4b1-0cf1abd9-383b8cf3b88f,1762587948737,Sync,1550.31,1762587948736,21.0.3.10,false,512,36.07,InvokeFunction,,,LATEST,1-690ef52c-0c49fa-cde7cddfa718,OnDemand,,,1.15,
,7780C0688E26C68EB0D69712BCDE475F-38,1762587950,FCRequestMetrics:/n-matmul-512,3,3,,,1700.18,n-matmul-512,false,333740b1eaee,,c-690ef490-0cf1abd9-b30a2e13f5eb,1762587948660,Sync,1702.14,1762587948659,21.0.3.12,false,512,26.62,InvokeFunction,,,LATEST,1-690ef52c-0c49fa-e890e3332b89,OnDemand,,,1.11,
,C5E3D6C1456AB3A159B70500C779D02C-19,1762587950,FCRequestMetrics:/n-matmul-512,2,2,,,2387.71,n-matmul-512,false,03aa7a5e978e,,c-690ef4d1-0cf1abd9-37e40b6fa245,1762587948165,Sync,2389.89,1762587948163,21.0.3.11,false,512,38.22,InvokeFunction,,,LATEST,1-690ef52c-0c49fa-9ab183554243,OnDemand,,,1.30,
,9DDF92507C03E777F745C0AA5C83C458-2E,1762587950,FCRequestMetrics:/n-matmul-512,8,8,,,1277.87,n-matmul-512,false,ab20715057dd,,c-690ef49e-0cf1abd9-a4d3e4836d71,1762587948807,Sync,1279.48,1762587948806,21.0.3.8,false,512,34.03,InvokeFunction,,,LATEST,1-690ef52c-0c49fa-495b635ff23a,OnDemand,,,0.78,
,78CD85FE04C684FD432ABFF362CBF50C-3D,1762587951,FCRequestMetrics:/n-matmul-512,3,3,,,2612.19,n-matmul-512,false,6999fff919fb,,c-690ef48f-0cf1abd9-6c6d9044c534,1762587948703,Sync,2614.00,1762587948701,21.0.3.11,false,512,26.84,InvokeFunction,,,LATEST,1-690ef52c-0c49fa-b2e591d1c8ca,OnDemand,,,0.94,
,01D4E8E7911B88CA9BFEF68BF58454E3-18,1762587951,FCRequestMetrics:/n-matmul-512,3,3,,,2320.54,n-matmul-512,false,af9f8faefca2,,c-690ef4d1-0cf1abd9-2cb97b541620,1762587948684,Sync,2322.36,1762587948683,21.0.3.10,false,512,30.61,InvokeFunction,,,LATEST,1-690ef52c-0c49fa-bcf527b5f31f,OnDemand,,,1.11,
,76578469F84FCD1CB8F7AE0D7CEF0D58-17,1762587951,FCRequestMetrics:/n-matmul-512,8,8,,,2298.09,n-matmul-512,false,8c2f5578c019,,c-690ef4d1-0cf1abd9-df87844cb3e3,1762587948762,Sync,2299.84,1762587948761,21.0.3.7,false,512,26.23,InvokeFunction,,,LATEST,1-690ef52c-0c49fa-31bf4eef3fab,OnDemand,,,0.94,
,EABCDA55D43EA68A09CAEB4C9E234812-13,1762587951,FCRequestMetrics:/n-matmul-512,27,27,,,2374.46,n-matmul-512,false,2ac0bc3d44f6,,c-690ef4d7-0cf1abd9-14d53d3e8f33,1762587948945,Sync,2376.59,1762587948944,21.0.3.11,false,512,36.57,InvokeFunction,,,LATEST,1-690ef52c-0c49fa-a090490e8ee5,OnDemand,,,0.91,
,8A4C9F8EC0081A54D335C35B65D1357D-35,1762587951,FCRequestMetrics:/n-matmul-512,3,3,,,2343.45,n-matmul-512,false,1c5ca9e1c7f9,,c-690ef4a4-0cf1abd9-274debaa5e8f,1762587948721,Sync,2344.75,1762587948720,21.0.3.9,false,512,34.15,InvokeFunction,,,LATEST,1-690ef52c-0c0a43-5a28c4410754,OnDemand,,,0.51,
,646B33D459BD0A9244D32F781DAF3418-2D,1762587951,FCRequestMetrics:/n-matmul-512,8,8,,,2408.57,n-matmul-512,false,5d92a283eb8a,,c-690ef4a1-0cf1abd9-de1abe369d37,1762587948792,Sync,2411.45,1762587948789,21.0.3.10,false,512,34.47,InvokeFunction,,,LATEST,1-690ef52c-0c49fa-c304be8a75ca,OnDemand,,,1.34,
,5F3A1644AB2A1C8B074AB8754A10A293-2E,1762587951,FCRequestMetrics:/n-matmul-512,3,3,,,2347.45,n-matmul-512,false,69f1f8b4cc9d,,c-690ef4a4-0cf1abd9-06b3493bf27e,1762587948703,Sync,2348.91,1762587948702,21.0.3.12,false,512,34.58,InvokeFunction,,,LATEST,1-690ef52c-0c0a43-f214725e1fa2,OnDemand,,,0.56,
,32144092075796B61E66CC5CB449FE74-3F,1762587951,FCRequestMetrics:/n-matmul-512,8,8,,,2627.90,n-matmul-512,false,4e09d5ee1757,,c-690ef48f-0cf1abd9-c9b2724f454d,1762587948791,Sync,2629.92,1762587948789,21.0.3.11,false,512,34.56,InvokeFunction,,,LATEST,1-690ef52c-0c49fa-4a1be9eb6d13,OnDemand,,,1.17,
,4A1A7379ED68F1567875DE99C92BB621-14,1762587951,FCRequestMetrics:/n-matmul-512,8,8,,,2492.77,n-matmul-512,false,d5bc7449f792,,c-690ef4d8-0cf1abd9-7eb634cbbfaf,1762587948799,Sync,2496.37,1762587948796,21.0.3.12,false,512,34.39,InvokeFunction,,,LATEST,1-690ef52c-0c0a43-692db14217b1,OnDemand,,,0.50,
,F07C00865CBCDDD3603F2861EC1005E7-46,1762587951,FCRequestMetrics:/n-matmul-512,8,8,,,2684.25,n-matmul-512,false,23ed8e688827,,c-690ef48f-0cf1abd9-c9d277f8db04,1762587948808,Sync,2685.56,1762587948807,21.0.3.12,false,512,38.34,InvokeFunction,,,LATEST,1-690ef52c-0c0a43-c8038f7536eb,OnDemand,,,0.50,
,6CCFB4E4193C923DA012941FDF8BA7C1-3E,1762587951,FCRequestMetrics:/n-matmul-512,27,27,,,2486.84,n-matmul-512,false,1ea218c34989,,c-690ef48f-0cf1abd9-4c65696b73c9,1762587948979,Sync,2491.85,1762587948978,21.0.3.9,false,512,26.93,InvokeFunction,,,LATEST,1-690ef52c-0c49fa-40bc40a6852f,OnDemand,,,1.18,
,148C1B09986999E20AA0FF04F10942D0-38,1762587951,FCRequestMetrics:/n-matmul-512,33,33,,,1292.56,n-matmul-512,false,aa1e2085073a,,c-690ef48f-0cf1abd9-2b72cdd5c5c2,1762587949748,Sync,1293.79,1762587949747,21.0.3.10,false,512,28.39,InvokeFunction,,,LATEST,1-690ef52d-0c0a43-196da3e597ed,OnDemand,,,0.55,
,7C823A060900EA64C601C711AE9A8E7B-3C,1762587951,FCRequestMetrics:/n-matmul-512,29,29,,,1660.55,n-matmul-512,false,a9c1f9cad0fa,,c-690ef492-0cf1abd9-41b4dd0accbf,1762587949682,Sync,1662.34,1762587949681,21.0.3.10,false,512,28.76,InvokeFunction,,,LATEST,1-690ef52d-0c49fa-4d98b1c78695,OnDemand,,,0.93,
,E336B2A6408E27B02C6CAB82C50088BC-21,1762587951,FCRequestMetrics:/n-matmul-512,8,8,,,2635.85,n-matmul-512,false,b76d94444b2f,,c-690ef4c1-0cf1abd9-48675e1450f8,1762587948809,Sync,2637.07,1762587948808,21.0.3.7,false,512,26.38,InvokeFunction,,,LATEST,1-690ef52c-0c0a43-7c33e05953e3,OnDemand,,,0.46,
,BD1D69C9267D95E53B2A79C6CB35D41D-3B,1762587951,FCRequestMetrics:/n-matmul-512,27,27,,,2352.55,n-matmul-512,false,987841b3d4f5,,c-690ef492-0cf1abd9-b72bb88bbd36,1762587949012,Sync,2353.83,1762587949012,21.0.3.12,false,512,27.04,InvokeFunction,,,LATEST,1-690ef52d-0c0a43-5bf31debc06b,OnDemand,,,0.50,
,8009EC769EAF82E94BE4682B8C0E45B5-1F,1762587951,FCRequestMetrics:/n-matmul-512,8,8,,,2591.10,n-matmul-512,false,e18d84b3712e,,c-690ef4c1-0cf1abd9-2df610e1f3e8,1762587948796,Sync,2592.74,1762587948795,21.0.3.8,false,512,30.33,InvokeFunction,,,LATEST,1-690ef52c-0c49fa-edc805ca5c91,OnDemand,,,0.75,
,22E833C237D88A72ACDEEBC774861945-1F,1762587951,FCRequestMetrics:/n-matmul-512,8,8,,,2617.63,n-matmul-512,false,3ad91ce1f715,,c-690ef4c1-0cf1abd9-a9ad8a9b0501,1762587948796,Sync,2619.76,1762587948794,21.0.3.5,false,512,26.00,InvokeFunction,,,LATEST,1-690ef52c-0c49fa-ac6033fb7878,OnDemand,,,1.17,
,5F40BF3643AE590E1A0AFBFC2BB1CC92-2E,1762587951,FCRequestMetrics:/n-matmul-512,27,27,,,2160.10,n-matmul-512,false,918ade19bbee,,c-690ef4b1-0cf1abd9-3df7810e23e4,1762587948980,Sync,2161.69,1762587948979,21.0.3.11,false,512,29.25,InvokeFunction,,,LATEST,1-690ef52c-0c0a43-4b558e17165d,OnDemand,,,0.52,
,90D8D68606671C7D3CC9428DB5D1A5ED-2D,1762587951,FCRequestMetrics:/n-matmul-512,8,8,,,2489.61,n-matmul-512,false,43290576c1e6,,c-690ef4a1-0cf1abd9-784f475cf818,1762587948808,Sync,2492.23,1762587948807,21.0.3.11,false,512,26.77,InvokeFunction,,,LATEST,1-690ef52c-0c49fa-b0ae19c863c6,OnDemand,,,1.32,
,537821DDAFE9614566F0064DDB274514-2F,1762587951,FCRequestMetrics:/n-matmul-512,24,24,,,2497.03,n-matmul-512,false,e7a61b8cb4fe,,c-690ef4a1-0cf1abd9-564b243bc6a8,1762587948849,Sync,2499.23,1762587948847,21.0.3.8,false,512,26.80,InvokeFunction,,,LATEST,1-690ef52c-0c49fa-f0ec154bc220,OnDemand,,,1.15,
,5E4A59CDF3E7A5F12FFA6D69EE5EC6FC-16,1762587951,FCRequestMetrics:/n-matmul-512,24,24,,,2427.68,n-matmul-512,false,2e799e3149e9,,c-690ef4d7-0cf1abd9-47d2e00207ec,1762587948835,Sync,2429.21,1762587948834,21.0.3.10,false,512,34.58,InvokeFunction,,,LATEST,1-690ef52c-0c0a43-d6f1f7418fed,OnDemand,,,0.69,
,447511FEAA2C196192B29D0355E78B1D-3D,1762587951,FCRequestMetrics:/n-matmul-512,8,8,,,2247.94,n-matmul-512,false,2be5f8bcaa9a,,c-690ef48f-0cf1abd9-405aaa419009,1762587948792,Sync,2249.52,1762587948791,21.0.3.9,false,512,40.35,InvokeFunction,,,LATEST,1-690ef52c-0c0a43-815e0d36cb93,OnDemand,,,0.51,
,C9A28A785F95831BC9FC8EA20129FD05-24,1762587951,FCRequestMetrics:/n-matmul-512,27,27,,,2533.15,n-matmul-512,false,4856bc7a68f1,,c-690ef4c1-0cf1abd9-aae68ff129ed,1762587948959,Sync,2534.37,1762587948959,21.0.3.6,false,512,34.26,InvokeFunction,,,LATEST,1-690ef52c-0c0a43-5215db1756b0,OnDemand,,,0.52,
,A0E18646E4ED1862BB7852A818D6BD84-3E,1762587951,FCRequestMetrics:/n-matmul-512,8,8,,,2705.42,n-matmul-512,false,455c2c4df2d2,,c-690ef48f-0cf1abd9-fff0447ff1dc,1762587948795,Sync,2707.94,1762587948793,21.0.3.8,false,512,34.21,InvokeFunction,,,LATEST,1-690ef52c-0c0a43-9d002ef7f1c3,OnDemand,,,0.52,
,F031090DB7497FBE9C5AA393E7E68561-3C,1762587951,FCRequestMetrics:/n-matmul-512,1,1,,,3069.74,n-matmul-512,false,ac449c8e7f33,,c-690ef48f-0cf1abd9-a7a4b84ee62d,1762587948505,Sync,3071.63,1762587948503,21.0.3.9,false,512,34.68,InvokeFunction,,,LATEST,1-690ef52c-0c49fa-8d92223d376a,OnDemand,,,1.02,
,7F41C0AC9649E78CE4E6389BA04F93F7-39,1762587952,FCRequestMetrics:/n-matmul-512,29,29,,,2367.69,n-matmul-512,false,2f9a827ac39a,,c-690ef48f-0cf1abd9-d481ef5b70cb,1762587949685,Sync,2369.77,1762587949684,21.0.3.12,false,512,29.18,InvokeFunction,,,LATEST,1-690ef52d-0c0a43-f399a2779648,OnDemand,,,0.54,
,F91A17FDEE204113BD7FCEE97E77B19D-3B,1762587952,FCRequestMetrics:/n-matmul-512,29,29,,,2491.22,n-matmul-512,false,b4a55f945517,,c-690ef48f-0cf1abd9-f3db6505083a,1762587949686,Sync,2492.46,1762587949685,21.0.3.12,false,512,26.43,InvokeFunction,,,LATEST,1-690ef52d-0c0a43-cdfc14b44f7e,OnDemand,,,0.59,
,A58D23371A460570694E59E83C205D35-37,1762587952,FCRequestMetrics:/n-matmul-512,29,29,,,2469.08,n-matmul-512,false,f5099c18cdf1,,c-690ef48f-0cf1abd9-aa29b9d0aa99,1762587949685,Sync,2470.86,1762587949684,21.0.3.11,false,512,27.34,InvokeFunction,,,LATEST,1-690ef52d-0c0a43-e68c0b19f533,OnDemand,,,0.65,
,B1B3EF35016788C3424F79DCBD83BB05-39,1762587952,FCRequestMetrics:/n-matmul-512,33,33,,,2301.41,n-matmul-512,false,8e7a4967c312,,c-690ef48f-0cf1abd9-e1933dd451ba,1762587949790,Sync,2303.20,1762587949789,21.0.3.10,false,512,29.16,InvokeFunction,,,LATEST,1-690ef52d-0c49fa-b201a91d086a,OnDemand,,,0.80,
,7F41C0AC9649E78CE4E6389BA04F93F7-3B,1762587955,FCRequestMetrics:/n-matmul-512,3,3,,,1927.73,n-matmul-512,false,2f9a827ac39a,,c-690ef48f-0cf1abd9-d481ef5b70cb,1762587953438,Sync,1930.45,1762587953438,21.0.3.12,false,512,36.15,InvokeFunction,,,LATEST,1-690ef531-0c0a43-5b8a3e26629e,OnDemand,,,0.66,
,F91A17FDEE204113BD7FCEE97E77B19D-3C,1762587955,FCRequestMetrics:/n-matmul-512,0,0,,,2243.83,n-matmul-512,false,b4a55f945517,,c-690ef48f-0cf1abd9-f3db6505083a,1762587953035,Sync,2246.08,1762587953034,21.0.3.12,false,512,33.97,InvokeFunction,,,LATEST,1-690ef531-0c49fa-148f758bf960,OnDemand,,,1.48,
,A58D23371A460570694E59E83C205D35-38,1762587955,FCRequestMetrics:/n-matmul-512,1,1,,,2124.00,n-matmul-512,false,f5099c18cdf1,,c-690ef48f-0cf1abd9-aa29b9d0aa99,1762587953139,Sync,2127.78,1762587953137,21.0.3.11,false,512,34.59,InvokeFunction,,,LATEST,1-690ef531-0c49fa-ebd4ef0ad0d0,OnDemand,,,1.25,
,B1B3EF35016788C3424F79DCBD83BB05-3B,1762587955,FCRequestMetrics:/n-matmul-512,2,2,,,2039.11,n-matmul-512,false,8e7a4967c312,,c-690ef48f-0cf1abd9-e1933dd451ba,1762587953316,Sync,2041.18,1762587953314,21.0.3.10,false,512,36.30,InvokeFunction,,,LATEST,1-690ef531-0c49fa-e47f9bb5b2ae,OnDemand,,,1.31,
,F031090DB7497FBE9C5AA393E7E68561-3C,1762587956,FCRequestMetrics:/n-matmul-512,4,4,,,1511.77,n-matmul-512,false,ac449c8e7f33,,c-690ef48f-0cf1abd9-a7a4b84ee62d,1762587954847,Sync,1514.01,1762587954845,21.0.3.9,false,512,36.64,InvokeFunction,,,LATEST,1-690ef532-0c49fa-4e21bf335160,OnDemand,,,1.49,
,A0E18646E4ED1862BB7852A818D6BD84-40,1762587956,FCRequestMetrics:/n-matmul-512,5,5,,,1162.27,n-matmul-512,false,455c2c4df2d2,,c-690ef48f-0cf1abd9-fff0447ff1dc,1762587955030,Sync,1163.75,1762587955029,21.0.3.8,false,512,36.01,InvokeFunction,,,LATEST,1-690ef533-0c0a43-5574d6d48a77,OnDemand,,,0.65,
,7F41C0AC9649E78CE4E6389BA04F93F7-3B,1762587957,FCRequestMetrics:/n-matmul-512,2,2,,,1489.29,n-matmul-512,false,2f9a827ac39a,,c-690ef48f-0cf1abd9-d481ef5b70cb,1762587955769,Sync,1491.53,1762587955768,21.0.3.12,false,512,38.45,InvokeFunction,,,LATEST,1-690ef533-0c49fa-2ad3f094ca50,OnDemand,,,1.54,
,7F41C0AC9649E78CE4E6389BA04F93F7-3D,1762587959,FCRequestMetrics:/n-matmul-512,0,0,,,1247.02,n-matmul-512,false,2f9a827ac39a,,c-690ef48f-0cf1abd9-d481ef5b70cb,1762587957856,Sync,1248.46,1762587957855,21.0.3.12,false,512,41.55,InvokeFunction,,,LATEST,1-690ef535-0c0a43-c8c14d36803c,OnDemand,,,0.67,
,7F41C0AC9649E78CE4E6389BA04F93F7-3C,1762587964,FCRequestMetrics:/n-matmul-512,0,0,,,0.04,n-matmul-512,true,2f9a827ac39a,,c-690ef48f-0cf1abd9-d481ef5b70cb,1762587963529,Sync,595.21,1762587963528,21.0.3.12,false,512,4.01,InvokeFunction,,,LATEST,1-690ef53b-0c0a43-9686e05fb245,OnDemand,,,0.71,,"{""errorType"":""FunctionAbnormalExitError""}"
,A0E18646E4ED1862BB7852A818D6BD84-42,1762587965,FCRequestMetrics:/n-matmul-512,2,2,,,1245.25,n-matmul-512,false,455c2c4df2d2,,c-690ef48f-0cf1abd9-fff0447ff1dc,1762587963949,Sync,1247.16,1762587963948,21.0.3.8,false,512,36.06,InvokeFunction,,,LATEST,1-690ef53b-0c49fa-3a13b7f14315,OnDemand,,,1.08,
,F031090DB7497FBE9C5AA393E7E68561-3F,1762587965,FCRequestMetrics:/n-matmul-512,1,1,,,1415.08,n-matmul-512,false,ac449c8e7f33,,c-690ef48f-0cf1abd9-a7a4b84ee62d,1762587963686,Sync,1417.14,1762587963684,21.0.3.9,false,512,38.22,InvokeFunction,,,LATEST,1-690ef53b-0c49fa-ceb987a0144e,OnDemand,,,1.12,
,A0E18646E4ED1862BB7852A818D6BD84-43,1762587967,FCRequestMetrics:/n-matmul-512,0,0,,,0.06,n-matmul-512,true,455c2c4df2d2,,c-690ef48f-0cf1abd9-fff0447ff1dc,1762587967162,Sync,451.89,1762587967161,21.0.3.8,false,512,2.09,InvokeFunction,,,LATEST,1-690ef53f-0c49fa-06df16ebf306,OnDemand,,,1.23,,"{""errorType"":""FunctionAbnormalExitError""}"
,A0E18646E4ED1862BB7852A818D6BD84-47,1762587978,FCRequestMetrics:/n-matmul-512,0,0,,,1294.35,n-matmul-512,false,455c2c4df2d2,,c-690ef48f-0cf1abd9-fff0447ff1dc,1762587976787,Sync,1296.25,1762587976786,21.0.3.8,false,512,28.66,InvokeFunction,,,LATEST,1-690ef548-0c49fa-df6c794baca7,OnDemand,,,1.01,
,A0E18646E4ED1862BB7852A818D6BD84-49,1762587998,FCRequestMetrics:/n-matmul-512,0,0,,,701.92,n-matmul-512,false,455c2c4df2d2,,c-690ef48f-0cf1abd9-fff0447ff1dc,1762587997623,Sync,703.80,1762587997622,21.0.3.8,false,512,28.34,InvokeFunction,,,LATEST,1-690ef55d-0c49fa-f918efbbfc45,OnDemand,,,1.02,
,A0E18646E4ED1862BB7852A818D6BD84-4B,1762588003,FCRequestMetrics:/n-matmul-512,0,0,,,1261.35,n-matmul-512,false,455c2c4df2d2,,c-690ef48f-0cf1abd9-fff0447ff1dc,1762588002716,Sync,1263.49,1762588002715,21.0.3.8,false,512,36.61,InvokeFunction,,,LATEST,1-690ef562-0c49fa-7534196a4bd0,OnDemand,,,1.25,
